# Train Val
2.022940297921498765e+00 1.247174263000488281e+00
-4.389570752779642926e-01 -2.268151442209879409e+00
-3.818996846675872803e+00 -5.509675502777099609e+00
-5.920423090457916260e+00 -6.584064483642578125e+00
-7.074257930119832061e+00 -7.472666263580322266e+00
-7.630191485087077119e+00 -7.434672355651855469e+00
-7.796989083290100098e+00 -7.587394555409749053e+00
-7.810690283775329590e+00 -7.674378871917724609e+00
-7.838666598002116181e+00 -7.841958204905192353e+00
-7.820304115613301299e+00 -7.673307259877522490e+00
-7.814809719721476533e+00 -7.686472892761230469e+00
-7.835593779881794951e+00 -7.737948735555012725e+00
-7.828226566314697266e+00 -7.986337343851725556e+00
-7.853400468826293945e+00 -8.054693063100179629e+00
-7.817788004875183105e+00 -7.935895601908366181e+00
-7.847977240880330108e+00 -7.691610336303710938e+00
-7.846539855003356934e+00 -7.691482067108154297e+00
-7.856488505999247529e+00 -7.674952665964762666e+00
-7.861402273178100586e+00 -7.736685593922932647e+00
-7.858434597651164033e+00 -7.569324334462483428e+00
-7.854411323865254424e+00 -7.850569725036621094e+00
-7.868749618530273438e+00 -8.175098101298013731e+00
-7.832863092422485352e+00 -7.858871142069498994e+00
-7.872267444928486846e+00 -7.689395586649577119e+00
-7.883504072825114228e+00 -7.628683249155680635e+00
-7.864636222521464326e+00 -8.168014685312906309e+00
-7.902650078137715361e+00 -7.928511142730712891e+00
-7.874362468719482422e+00 -7.851676623026530244e+00
-7.901664892832438447e+00 -7.978566805521647431e+00
-7.908931175867716767e+00 -7.745550791422526338e+00
-7.873070518175761201e+00 -7.748789946238200166e+00
-7.874524990717570283e+00 -7.774847348531086944e+00
-7.898644407590230010e+00 -7.992963155110676787e+00
-7.919506510098774932e+00 -7.748472054799397490e+00
-7.933149337768554688e+00 -7.960658550262451172e+00
-7.944329142570495605e+00 -7.770047664642333984e+00
-7.918689568837483428e+00 -7.835324128468831084e+00
-7.917824149131774902e+00 -7.887089093526204131e+00
-7.917537848154704072e+00 -7.990896066029866240e+00
-7.954202055931091309e+00 -7.810491402943928740e+00
-7.975843429565429688e+00 -8.041731675465902285e+00
-7.970346530278523467e+00 -8.201723734537759825e+00
-7.991504589716593721e+00 -8.037210782368978457e+00
-7.965618888537089326e+00 -7.901427268981933594e+00
-7.977966626485188506e+00 -7.654090881347656250e+00
-7.983668367067973115e+00 -7.924393018086751006e+00
-7.986515005429585479e+00 -8.083570639292398496e+00
-7.985679308573405244e+00 -7.715887864430745147e+00
-7.973488529523213408e+00 -7.775292873382568359e+00
-8.014784375826517149e+00 -8.067744572957357363e+00
-8.025479157765706972e+00 -8.100700378417968750e+00
-8.030124862988790468e+00 -8.008985996246337891e+00
-7.978339751561482451e+00 -8.082417488098144531e+00
-8.011491775512695312e+00 -8.291253248850503965e+00
-8.014462550481161074e+00 -8.192785422007242246e+00
-8.026487032572427793e+00 -7.824786345163981416e+00
-8.017784794171651797e+00 -8.062695344289144472e+00
-8.047067602475484804e+00 -7.991200764973958037e+00
-8.014822800954183535e+00 -7.802149454752604463e+00
-8.001513163248697325e+00 -7.929733594258626006e+00
-8.032626072565713926e+00 -7.903836091359456084e+00
-8.004066228866577148e+00 -8.206910769144693418e+00
-8.018705964088439941e+00 -8.423907597859701113e+00
-7.938760717709858916e+00 -7.938691616058349609e+00
-7.990825732549031279e+00 -8.066335201263427734e+00
-7.998201449712117217e+00 -8.072124799092611269e+00
-8.050243616104125977e+00 -8.097875118255615234e+00
-8.048307895660400391e+00 -7.962515354156494141e+00
-8.065961758295694395e+00 -8.090359052022298769e+00
-8.072226762771606445e+00 -8.079699357350667910e+00
-8.046923518180847168e+00 -7.853866577148437500e+00
-8.069820086161294981e+00 -7.989783763885498047e+00
-8.057800213495889707e+00 -8.222214221954345703e+00
-8.112442731857299805e+00 -8.233526865641275450e+00
-8.091459830602010683e+00 -8.000368913014730410e+00
-8.100885311762491270e+00 -8.092679341634115175e+00
-8.041950066884359316e+00 -7.913558801015217803e+00
-8.063313762346902891e+00 -8.214574972788492246e+00
-8.083872516949972109e+00 -8.039783477783203125e+00
-8.093404094378152891e+00 -7.926501592000325225e+00
-8.134508490562438965e+00 -8.152691523234048887e+00
-8.082607507705688477e+00 -8.238049189249673887e+00
-8.007718404134115175e+00 -7.997040112813313506e+00
-8.033368428548177675e+00 -7.875699520111083984e+00
-8.055487275123596191e+00 -8.210086822509765625e+00
-8.088081836700439453e+00 -8.032427628835042910e+00
-8.103089809417724609e+00 -8.265791098276773496e+00
-8.064982652664184570e+00 -8.001513640085855528e+00
-8.101885755856832461e+00 -8.006543159484863281e+00
-8.060180266698202090e+00 -7.989370981852213838e+00
-8.141146818796793028e+00 -7.898309866587321260e+00
-8.098017970720926328e+00 -7.918824831644694306e+00
-8.131389220555623965e+00 -8.260460376739501953e+00
-8.131545503934225039e+00 -7.796082655588786103e+00
-8.037338058153787657e+00 -8.089524586995443300e+00
-8.075057705243429140e+00 -8.080103715260824160e+00
-8.095609545707702637e+00 -7.982230504353840850e+00
-8.151408314704895020e+00 -8.033396085103353457e+00
-8.196101705233255430e+00 -8.018730958302816347e+00
-8.150250673294067383e+00 -7.982238610585530303e+00
-8.106696208318075136e+00 -7.660478274027506806e+00
-8.064509908358255430e+00 -7.998048305511474609e+00
-8.099123756090799375e+00 -7.962713718414306641e+00
-8.192451000213623047e+00 -8.196995099385580019e+00
-8.179028948148092226e+00 -8.362884680430093809e+00
-8.202985246976217226e+00 -7.979548454284667969e+00
-8.161387364069620176e+00 -8.035617351531982422e+00
-8.194862723350524902e+00 -8.196170965830484434e+00
-8.168663144111633301e+00 -7.950161139170329072e+00
-8.166193564732870058e+00 -7.918276151021321319e+00
-8.182608485221862793e+00 -8.063021659851074219e+00
-8.212959289550781250e+00 -8.222235043843587832e+00
-8.242114067077636719e+00 -7.991395632425944306e+00
-8.250584920247396425e+00 -7.974776268005371094e+00
-8.200158238410949707e+00 -8.129164536794027285e+00
-8.222459634145101504e+00 -8.037998199462890625e+00
-8.290712436040243105e+00 -8.010130087534585996e+00
-8.244159380594888731e+00 -8.158750851949056582e+00
-8.303012410799661680e+00 -8.123384316762289004e+00
-8.302229603131612734e+00 -7.946050802866618135e+00
-8.163844307263692812e+00 -8.039625644683837891e+00
-8.215560396512350039e+00 -7.954908212025959990e+00
-8.329117695490518614e+00 -8.225451946258544922e+00
-8.333590030670166016e+00 -8.184869448343912168e+00
-8.259926358858743711e+00 -8.049810091654459043e+00
-8.213636080423990293e+00 -8.283532142639160156e+00
-8.076604088147481875e+00 -7.983918666839599609e+00
-8.180790861447652773e+00 -7.933071772257487275e+00
-8.207995374997457461e+00 -8.040199120839437441e+00
-8.439554810523986816e+00 -8.204938570658365293e+00
-8.418677409489950136e+00 -8.357636133829752012e+00
-8.481946110725402832e+00 -8.219410737355550722e+00
-8.473555644353231386e+00 -8.561903317769369082e+00
-8.442616939544677734e+00 -8.236818313598632812e+00
-8.427259922027587891e+00 -8.155006726582845644e+00
-8.517978509267171816e+00 -7.816660881042480469e+00
-8.487249890963235899e+00 -8.340515454610189394e+00
-8.553048054377237364e+00 -8.390243530273437500e+00
-8.510172049204507871e+00 -8.098862965901693300e+00
-8.568183978398641543e+00 -8.265015284220377012e+00
-8.685788393020629883e+00 -8.190705776214599609e+00
-8.312985102335611387e+00 -8.676436742146810488e+00
-8.347229123115539551e+00 -7.753764311472575166e+00
-8.286066929499307676e+00 -8.052960713704427675e+00
-8.547747611999511719e+00 -8.472094535827636719e+00
-8.591896971066793398e+00 -8.304896354675292969e+00
-8.656198819478353457e+00 -8.226122220357259707e+00
-8.618389685948690371e+00 -8.426891803741455078e+00
-8.517897288004556700e+00 -8.498759587605794863e+00
-8.736331860224405332e+00 -8.787582079569498106e+00
-8.735791246096292539e+00 -8.597314198811849550e+00
-8.910220066706338926e+00 -8.500542640686035156e+00
-8.852256973584493593e+00 -8.432106335957845644e+00
-8.890003085136413574e+00 -8.629206657409667969e+00
-8.784477074940999941e+00 -8.125121911366781191e+00
-8.540166616439819336e+00 -7.949034214019775391e+00
-8.671482443809509277e+00 -8.587037563323974609e+00
-8.896562337875366211e+00 -8.380529085795084043e+00
-8.991295019785562559e+00 -8.397450923919677734e+00
-8.918719967206319765e+00 -8.332893053690591856e+00
-8.623483300209045410e+00 -7.335800170898437500e+00
-8.790757020314535097e+00 -8.868309656778970762e+00
-9.141819397608438535e+00 -8.115538597106933594e+00
-8.975928386052450136e+00 -8.416683991750081972e+00
-9.135090827941894531e+00 -8.428047498067220644e+00
-9.212544679641723633e+00 -8.164897759755453066e+00
-8.857883294423421816e+00 -8.248923937479654356e+00
-9.064166585604349180e+00 -8.348281701405843691e+00
-8.965912818908691406e+00 -8.320921579996744200e+00
-9.154510100682577090e+00 -7.947022755940754912e+00
-9.241780996322631836e+00 -8.759921550750732422e+00
-9.090171734491983457e+00 -8.320165634155273438e+00
-9.179474115371704102e+00 -7.979150136311848662e+00
-8.983326911926269531e+00 -8.293903668721517519e+00
-8.663698593775430723e+00 -8.247539520263671875e+00
-9.097984790802001953e+00 -7.585491339365641572e+00
-9.314170440038045840e+00 -8.090408960978189512e+00
-9.446644147237142519e+00 -8.115369160970052675e+00
-9.335646390914916992e+00 -7.759514808654785156e+00
-9.397222359975179629e+00 -7.683387597401936553e+00
-9.137288173039754824e+00 -8.313078562418619200e+00
-9.370641708374023438e+00 -8.087396939595540957e+00
-9.545196374257406191e+00 -7.406541983286540010e+00
-9.564693609873453184e+00 -8.614279905954996153e+00
-9.625287532806396484e+00 -7.976631959279377959e+00
-9.524912834167480469e+00 -8.234946250915527344e+00
-8.843132654825845762e+00 -8.160627683003744082e+00
-8.630237857500711485e+00 -7.775976339975993135e+00
-9.189127127329507871e+00 -7.942402044932047822e+00
-9.430450757344564394e+00 -8.671645323435464903e+00
-9.607139110565185547e+00 -8.053814252217611269e+00
-9.571076830228170351e+00 -8.241167068481445312e+00
-9.222832322120666504e+00 -7.694436391194661162e+00
-9.286925713221231504e+00 -7.883039156595866181e+00
-9.449988524119058653e+00 -8.221848805745443300e+00
-9.538637399673461914e+00 -7.591333071390788056e+00
-9.373021205266317324e+00 -8.426024754842122988e+00
-9.590836962064107851e+00 -8.626930872599283262e+00
-9.684908787409463926e+00 -7.875998179117838838e+00
-9.829353411992391543e+00 -8.276005427042642637e+00
-9.797153949737548828e+00 -7.778359254201252959e+00
-9.827104091644287109e+00 -8.181668917338052793e+00
-9.800708452860513731e+00 -7.744102160135905244e+00
-9.639670610427856445e+00 -7.401846567789713838e+00
-9.348693688710531191e+00 -8.337263107299804688e+00
-9.851346572240194277e+00 -8.203984737396240234e+00
-9.890784104665121035e+00 -7.735607782999674775e+00
-9.312099417050680117e+00 -7.797739346822102569e+00
-9.429972092310586973e+00 -8.294957002003988222e+00
-9.865217685699462891e+00 -8.589389165242513613e+00
-1.012127836545308490e+01 -8.424862066904703184e+00
-1.016914423306783100e+01 -8.312842369079589844e+00
-1.017099539438883404e+01 -8.653813044230142637e+00
-1.032674717903137207e+01 -7.592533588409423828e+00
-9.605260848999023438e+00 -8.162895679473876953e+00
-9.844906965891519590e+00 -8.659108161926269531e+00
-1.008717266718546490e+01 -8.046993096669515566e+00
-1.004597791035970111e+01 -7.121381759643554688e+00
-9.679559230804443359e+00 -7.697177728017170928e+00
-1.001772419611612897e+01 -8.550369262695312500e+00
-1.021739069620768170e+01 -8.336668332417806582e+00
-1.008153494199117084e+01 -8.305249373118082090e+00
-1.001421093940734863e+01 -8.657333532969156309e+00
-1.030522179603576660e+01 -8.474177678426107363e+00
-1.027439483006795307e+01 -8.540206750233968691e+00
-1.040952905019124408e+01 -7.839377721150715850e+00
-1.043443799018859863e+01 -7.397069931030273438e+00
-1.017994896570841412e+01 -8.056439240773519472e+00
-9.887143373489379883e+00 -7.590967973073323272e+00
-1.008310317993164062e+01 -7.805727640787760713e+00
-9.863150437672933535e+00 -7.238014856974284150e+00
-9.639919042587280273e+00 -8.413241227467855410e+00
-1.010525782903035541e+01 -8.102375825246175722e+00
-9.878043413162231445e+00 -7.913492520650227569e+00
-1.024671045939127545e+01 -7.968348026275634766e+00
-1.016119996706644635e+01 -7.918446858723958037e+00
-1.049013988176981549e+01 -7.762018362681071260e+00
-1.042493192354837994e+01 -8.483359654744466738e+00
-1.058351286252339740e+01 -8.167376518249511719e+00
-1.055695128440856934e+01 -8.372875531514486269e+00
-1.049409699440002441e+01 -7.718587875366210938e+00
-1.037974651654561420e+01 -8.020229180653890566e+00
-1.048545503616333008e+01 -8.155029614766439394e+00
-1.056695334116617779e+01 -8.481762568155923887e+00
-1.056456414858500104e+01 -8.204798539479574160e+00
-1.046852596600850482e+01 -8.156021753946939512e+00
-1.059644126892089844e+01 -7.461220900217692353e+00
-1.048449802398681641e+01 -8.139213244120279356e+00
-1.048457535107930561e+01 -8.149525483449300722e+00
-1.040892712275187115e+01 -6.586765289306640625e+00
-1.019088149070739746e+01 -8.433452129364013672e+00
-1.072698966662088971e+01 -8.250043074289957090e+00
-1.068381039301554303e+01 -7.731543858846028350e+00
-1.052460463841756244e+01 -8.666874249776205019e+00
-1.029982598622640033e+01 -8.637756665547689394e+00
-1.033250308036804199e+01 -8.702665011088052793e+00
-1.050968130429585834e+01 -8.609238465627035097e+00
-1.068350553512573242e+01 -8.360410372416177793e+00
-1.081378634770711322e+01 -8.527490456899007754e+00
-1.051833081245422363e+01 -8.405712604522705078e+00
-1.071230212847391705e+01 -8.561366081237792969e+00
-1.070049722989400287e+01 -7.889444510142008760e+00
-1.070052488644917865e+01 -7.472046534220377900e+00
-1.056143077214558978e+01 -7.669799804687500000e+00
-1.045936878522237201e+01 -8.246767044067382812e+00
-1.099118638038635254e+01 -7.766220569610595703e+00
-1.088509194056192975e+01 -8.616458733876546816e+00
-1.111879952748616596e+01 -8.356208006540933653e+00
-1.087680466969808002e+01 -8.335847854614257812e+00
-1.113573511441548725e+01 -8.252689202626546816e+00
-1.112516498565673828e+01 -8.463068962097167969e+00
-1.104551736513773541e+01 -7.943231423695881865e+00
-1.109985192616780658e+01 -8.065315723419189453e+00
-1.117943247159322162e+01 -8.120075861612955137e+00
-1.116951743761698346e+01 -8.478864034016927675e+00
-1.115016245841979980e+01 -7.850218931833903291e+00
-1.065730913480122943e+01 -7.930583477020263672e+00
-1.038651251792907715e+01 -9.271479924519857363e+00
-1.056528663635253906e+01 -8.727756500244140625e+00
-1.116062482198079486e+01 -8.624780972798665957e+00
-1.110117983818054199e+01 -8.254672527313232422e+00
-1.117484831809997559e+01 -9.092995961507162050e+00
-1.095392616589864154e+01 -8.339249610900878906e+00
-1.123896320660909076e+01 -8.120317935943603516e+00
-1.121021803220113178e+01 -8.892913818359375000e+00
-1.144884530703226666e+01 -8.520067532857259707e+00
-1.152089508374532123e+01 -8.165554046630859375e+00
-1.143312708536783795e+01 -7.442257881164550781e+00
-1.111147872606913189e+01 -8.670188585917154356e+00
-1.144661100705464740e+01 -9.018261591593423887e+00
-1.147744544347127338e+01 -8.900587717692056700e+00
-1.162285939852396588e+01 -7.318278948465983369e+00
-1.144251139958699603e+01 -8.077498912811279297e+00
-1.123319848378499408e+01 -9.369898001352945371e+00
-1.085230779647827148e+01 -7.398816426595051787e+00
-1.014066521326700787e+01 -8.519388198852539062e+00
-1.091760079065958600e+01 -7.821371396382649444e+00
-1.117689665158589740e+01 -9.101914246877035097e+00
-1.096049706141153912e+01 -7.697335084279377959e+00
-1.123396595319112201e+01 -8.361175060272216797e+00
-1.137207333246866803e+01 -8.319152514139810606e+00
-1.145354485511779785e+01 -8.121578216552734375e+00
-1.164430554707845111e+01 -9.162926197052001953e+00
-1.175126743316650391e+01 -8.124557813008626894e+00
-1.177830052375793457e+01 -6.905752023061116240e+00
-1.123447712262471576e+01 -7.923141956329345703e+00
-1.101183819770812988e+01 -8.471551259358724550e+00
-1.163473518689473529e+01 -7.804442405700683594e+00
-1.190397055943807025e+01 -8.574844678243001894e+00
-1.182879741986592670e+01 -8.675034046173095703e+00
-1.181949996948242188e+01 -7.798437595367431641e+00
-1.180209620793660541e+01 -7.441389560699462891e+00
-1.139870476722717285e+01 -8.184384663899740175e+00
-1.182494926452636719e+01 -9.100549062093099550e+00
-1.174113702774047852e+01 -8.463448524475097656e+00
-1.179744076728820801e+01 -7.923999150594075225e+00
-1.209957186381022076e+01 -8.070592562357584043e+00
-1.202420171101888080e+01 -7.314455986022949219e+00
-1.183515612284342389e+01 -7.949146270751953125e+00
-1.202132081985473633e+01 -7.677727540334065459e+00
-1.170007443428039551e+01 -8.769581794738769531e+00
-1.199037305514017682e+01 -8.010511239369710879e+00
-1.166996812820434570e+01 -8.405532201131185488e+00
-1.224478459358215332e+01 -8.729246616363525391e+00
-1.186320074399312396e+01 -7.710207621256510713e+00
-1.161021049817403217e+01 -8.010637283325195312e+00
-1.086763914426167865e+01 -7.990086873372395537e+00
-1.162783233324686627e+01 -8.528146107991537050e+00
-1.230954710642496686e+01 -7.770487944285075166e+00
-1.231665110588073730e+01 -8.362609068552652403e+00
-1.224354688326517682e+01 -8.437186876932779356e+00
-1.222941398620605469e+01 -8.353298505147298769e+00
-1.209480977058410645e+01 -8.135447184244791075e+00
-1.186588517824808697e+01 -8.354099432627359434e+00
-1.211246379216512103e+01 -7.655128796895344756e+00
-1.222806453704833984e+01 -8.697123209635416075e+00
-1.215140891075134277e+01 -7.997122128804524444e+00
-1.178689575195312500e+01 -8.250192483266195254e+00
-1.198432644208272357e+01 -8.215828418731689453e+00
-1.239993421236673932e+01 -8.480581283569335938e+00
-1.219228434562683105e+01 -8.579895337422689394e+00
-1.194497982660929303e+01 -7.847950458526611328e+00
-1.200803947448730469e+01 -7.893092950185139678e+00
-1.206863204638163189e+01 -8.186882019042968750e+00
-1.230136704444885254e+01 -8.385675907135009766e+00
-1.260446739196777344e+01 -8.265575567881265684e+00
-1.236666623751322369e+01 -7.819928169250488281e+00
-1.265113019943237305e+01 -7.673020203908284209e+00
-1.258864267667134662e+01 -8.735112984975179629e+00
-1.255858461062113385e+01 -8.545489152272542910e+00
-1.243928782145182232e+01 -8.211967945098876953e+00
-1.218211714426676373e+01 -8.473590850830078125e+00
-1.237389008204142193e+01 -8.657140096028646425e+00
-1.256941739718119244e+01 -7.533738772074381806e+00
-1.202294119199117084e+01 -7.679096221923828125e+00
-1.284921503067016602e+01 -7.416501045227050781e+00
-1.292045871416727643e+01 -8.412118275960287050e+00
-1.261640580495198627e+01 -7.678387800852457978e+00
-1.243084128697713275e+01 -9.551710605621337891e+00
-1.183067067464192768e+01 -8.382143974304199219e+00
-1.197051342328389545e+01 -7.255627791086832978e+00
-1.222460945447286029e+01 -8.032788117726644472e+00
-1.265101504325866699e+01 -8.634724458058675722e+00
-1.262873172760009766e+01 -9.250148614247640566e+00
-1.243464803695678711e+01 -7.379197120666503906e+00
-1.280768831570943256e+01 -7.725255648295084931e+00
-1.274792257944742779e+01 -7.752145131429036162e+00
-1.268322650591532330e+01 -7.827540715535481475e+00
-1.295011727015177350e+01 -8.498145580291748047e+00
-1.240843907992045025e+01 -7.255148251851399444e+00
-1.245934995015462299e+01 -8.436512788136800722e+00
-1.282531833648681641e+01 -7.009547551472981475e+00
-1.299686201413472553e+01 -8.296234289805093809e+00
-1.288110756874084473e+01 -9.042774995168050722e+00
-1.304664595921834369e+01 -7.641006628672282197e+00
-1.334716033935546875e+01 -7.966728210449218750e+00
-1.316196831067403217e+01 -8.171143213907877012e+00
-1.299264001846313477e+01 -7.708249886830647490e+00
-1.287850522994995117e+01 -7.434140682220458984e+00
-1.354985173543294330e+01 -8.152054150899251894e+00
-1.315788308779398541e+01 -7.709731101989746094e+00
-1.216428502400716205e+01 -8.687308311462402344e+00
-1.312002031008402447e+01 -8.404476960500081972e+00
-1.339269034067789654e+01 -7.801832358042399385e+00
-1.275552392005920410e+01 -7.811035633087158203e+00
-1.274855073293050189e+01 -7.893261432647705078e+00
-1.295898079872131348e+01 -8.480237642923990293e+00
-1.361939414342244525e+01 -8.067210356394449278e+00
-1.363328711191813092e+01 -7.525694847106933594e+00
-1.313778614997863770e+01 -5.730082511901855469e+00
-1.196353928248087506e+01 -8.407305081685384707e+00
-1.306419920921325684e+01 -6.909460226694743135e+00
-1.281200671195983887e+01 -8.327818234761556582e+00
-1.327073939641316791e+01 -7.900441328684489228e+00
-1.342509357134501080e+01 -8.275341987609863281e+00
-1.359235564867655377e+01 -8.703157107035318418e+00
-1.344181569417317768e+01 -8.722197532653808594e+00
-1.352203011512756348e+01 -8.434476057688394590e+00
-1.370427918434143066e+01 -8.395279566446939512e+00
-1.378762380282084088e+01 -7.837897459665934541e+00
-1.377659598986307721e+01 -7.684058507283528350e+00
-1.330526804924011230e+01 -7.456472396850585938e+00
-1.269043064117431641e+01 -8.527364412943521543e+00
-1.331780020395914654e+01 -8.417225201924642519e+00
-1.304326073328653912e+01 -8.166150093078613281e+00
-1.258758648236592670e+01 -8.214957714080810547e+00
-1.306836756070454975e+01 -8.415220578511556582e+00
-1.368220655123392682e+01 -8.133520126342773438e+00
-1.381921664873758893e+01 -6.986525694529215791e+00
-1.366291515032450299e+01 -7.721427281697590850e+00
-1.354088568687438965e+01 -7.918634732564290069e+00
-1.333569868405660053e+01 -6.953989028930664062e+00
-1.306700468063354492e+01 -8.389584223429361387e+00
-1.362200570106506348e+01 -8.580325603485107422e+00
-1.394754163424173932e+01 -7.818757851918538115e+00
-1.402616779009501080e+01 -7.912509759267170928e+00
-1.328792524337768555e+01 -8.491884708404541016e+00
-1.361159348487854004e+01 -8.392118453979492188e+00
-1.397270576159159283e+01 -8.743953227996826172e+00
-1.299173784255981445e+01 -8.312620798746744200e+00
-1.347075939178466797e+01 -8.530500570933023496e+00
-1.349866882960001568e+01 -7.097387790679931641e+00
-1.326105833053588867e+01 -7.053330262502034209e+00
-1.363551918665567975e+01 -6.643378575642903350e+00
-1.372320834795633893e+01 -8.549271265665689512e+00
-1.320094513893127441e+01 -8.065378824869791075e+00
-1.303810938199361225e+01 -7.173971335093180635e+00
-1.390562899907430072e+01 -7.602195580800374053e+00
-1.339181129137674908e+01 -8.077656904856363340e+00
-1.348594649632771869e+01 -7.572895208994547822e+00
-1.420349931716918945e+01 -7.992683410644531250e+00
-1.413742677370707135e+01 -6.925872643788655303e+00
-1.364932799339294434e+01 -8.028043111165365175e+00
-1.428194371859232525e+01 -8.183083375295003847e+00
-1.363050357500712018e+01 -7.695639451344807647e+00
-1.448373897870381732e+01 -8.619150797526041075e+00
-1.449696834882100482e+01 -8.305084069569906191e+00
-1.437540348370870014e+01 -7.724109013875325225e+00
-1.363768092791239361e+01 -7.998499711354573272e+00
-1.440165074666341205e+01 -7.910687764485676787e+00
-1.388176393508911133e+01 -8.300156752268472715e+00
-1.408959897359212299e+01 -7.616071383158366181e+00
-1.387046066919962506e+01 -7.828101158142089844e+00
-1.313239510854085346e+01 -7.483003298441569306e+00
-1.392675248781839947e+01 -7.723699569702148438e+00
-1.436658016840616803e+01 -7.146497726440429688e+00
-1.432323916753133197e+01 -7.524963378906250000e+00
-1.454784957567850689e+01 -8.888524373372396425e+00
-1.432324393590291400e+01 -8.524719874064127012e+00
-1.380456113815307617e+01 -7.399744987487792969e+00
-1.410594495137532611e+01 -7.586418946584065459e+00
-1.464623745282491107e+01 -8.384501775105794863e+00
-1.423571976025899311e+01 -7.678324222564697266e+00
-1.301540915171305279e+01 -7.799635251363118194e+00
-1.368058800697326660e+01 -8.615227858225503965e+00
-1.402282587687174420e+01 -7.647936820983886719e+00
-1.395792873700459857e+01 -7.942176024119059541e+00
-1.400319377581278424e+01 -7.167469978332519531e+00
-1.324598248799641986e+01 -7.600921312967936494e+00
-1.367089923222859760e+01 -8.400514761606851621e+00
-1.398996408780415912e+01 -8.058668136596679688e+00
-1.378430843353271484e+01 -7.382120450337727569e+00
-1.470595304171244244e+01 -7.698824405670166016e+00
-1.404177967707316022e+01 -8.297400315602621035e+00
-1.461669659614562988e+01 -7.798524856567382812e+00
-1.482046453158060650e+01 -8.331504662831624941e+00
-1.416540575027465820e+01 -8.712118784586587950e+00
-1.454247943560282330e+01 -7.209303220113118194e+00
-1.334023261070251465e+01 -7.883619308471679688e+00
-1.336480800310770611e+01 -8.406358400980630918e+00
-1.453152982393900494e+01 -8.383885065714517637e+00
-1.487208970387776752e+01 -8.165050188700357481e+00
-1.498331395785013775e+01 -7.058278401692708037e+00
-1.464394561449686627e+01 -8.136594613393148379e+00
-1.432221627235412598e+01 -7.927371501922607422e+00
-1.504926180839538574e+01 -8.824242750803628965e+00
-1.488270934422810932e+01 -8.477430661519369082e+00
-1.417662763595581055e+01 -7.617937723795573213e+00
-1.398265123367309570e+01 -7.677561124165852569e+00
-1.444640461603800397e+01 -8.192337671915689512e+00
-1.480192748705546002e+01 -8.322560310363769531e+00
-1.429022812843322754e+01 -6.982528686523437500e+00
-1.382959175109863281e+01 -7.200335343678792022e+00
-1.451219797134399414e+01 -7.808194160461425781e+00
-1.477698016166687012e+01 -6.910735607147216797e+00
-1.385241754849751850e+01 -8.432579835255941347e+00
-1.438781619071960449e+01 -8.471664905548095703e+00
-1.437911963462829590e+01 -8.316659609476724668e+00
-1.473235829671224018e+01 -7.934434890747070312e+00
-1.441731882095336914e+01 -7.484346230824788115e+00
-1.411373209953308105e+01 -8.107178688049316406e+00
-1.447973259290059467e+01 -6.961228688557942412e+00
-1.483016220728556256e+01 -7.919781684875488281e+00
-1.475812443097432514e+01 -7.663874308268229463e+00
-1.543301200866699219e+01 -7.503087043762207031e+00
-1.561517842610677143e+01 -8.841315269470214844e+00
-1.449872056643168072e+01 -8.278660615285238222e+00
-1.428845556577046771e+01 -8.058427333831787109e+00
-1.476630473136901855e+01 -8.062212944030761719e+00
-1.492362030347188373e+01 -8.015793482462564512e+00
-1.492666363716125488e+01 -7.043971856435139678e+00
-1.432083090146382709e+01 -8.024120966593423887e+00
-1.355244306723276715e+01 -7.907765388488769531e+00
-1.169123299916585346e+01 -7.573528130849202178e+00
-9.712856133778890566e+00 -7.299225012461344697e+00
-1.193530734380086322e+01 -7.887946923573811553e+00
-1.303018530209859271e+01 -8.150888125101724668e+00
-1.410186711947123150e+01 -7.666726430257161162e+00
-1.465534249941507916e+01 -7.563674608866373994e+00
-1.427399412790934186e+01 -7.821703116099040010e+00
-1.516592439015706439e+01 -7.712481339772542022e+00
-1.549569121996561627e+01 -7.755832831064860322e+00
-1.541376018524169922e+01 -7.873933792114257812e+00
-1.559347621599833111e+01 -8.162768046061197325e+00
-1.527512884140014648e+01 -8.529465993245443300e+00
-1.559270358085632324e+01 -7.745487213134765625e+00
-1.529448715845743756e+01 -7.554771900177001953e+00
-1.519890546798706055e+01 -7.638353188832600615e+00
-1.519536026318868061e+01 -6.941285769144694306e+00
-1.535554552078247070e+01 -7.957996368408203125e+00
-1.541951020558675189e+01 -7.315146764119465850e+00
-1.503538481394449811e+01 -8.122527122497558594e+00
-1.487954163551330566e+01 -7.631699403127034209e+00
-1.504985419909159283e+01 -7.535455385843913056e+00
-1.475459329287211041e+01 -7.458438555399577119e+00
-1.527987313270568848e+01 -7.698013305664062500e+00
-1.436457967758178711e+01 -7.109391689300537109e+00
-1.407050442695617676e+01 -8.775483131408691406e+00
-1.486716270446777344e+01 -7.645026842753092744e+00
-1.550198547045389752e+01 -7.486400127410888672e+00
-1.559265232086181641e+01 -7.673808733622233369e+00
-1.514166100819905658e+01 -6.869091510772705078e+00
-1.487171149253845215e+01 -7.244502862294514678e+00
-1.547082161903381348e+01 -7.806778589884440400e+00
-1.484632492065429688e+01 -7.826781908671061494e+00
-1.486341603597005268e+01 -7.099134286244709990e+00
-1.472258098920186420e+01 -7.552183628082275391e+00
-1.525233244895935059e+01 -7.858540376027424834e+00
-1.593009273211161236e+01 -7.763771533966064453e+00
-1.580510059992472272e+01 -8.648860454559326172e+00
-1.585937436421712299e+01 -7.368628660837809541e+00
-1.557375462849934955e+01 -8.699460029602050781e+00
-1.582533407211303711e+01 -7.148050626118977569e+00
-1.568642052014668842e+01 -7.586327075958251953e+00
-1.554258871078491211e+01 -8.047437032063802675e+00
-1.493414131800333600e+01 -8.731891632080078125e+00
-1.537286448478698730e+01 -8.366110642751058535e+00
-1.527049311002095600e+01 -8.467061519622802734e+00
-1.573286660512288471e+01 -7.550922393798828125e+00
-1.552700622876485248e+01 -8.315454641977945371e+00
-1.492545978228251080e+01 -7.768933296203613281e+00
-1.493011315663655658e+01 -7.802422523498535156e+00
-1.564991513888041119e+01 -7.864802678426106475e+00
-1.535361107190450092e+01 -8.015246709187826113e+00
-1.509504397710164447e+01 -8.492606480916341738e+00
-1.550316039721171002e+01 -7.845141092936198213e+00
-1.568934472401936908e+01 -7.494635899861653350e+00
-1.576883697509765625e+01 -7.873542467753092744e+00
-1.539186167716979980e+01 -8.247095425923665957e+00
-1.556086484591166119e+01 -8.417232831319173769e+00
-1.611222863197326660e+01 -8.347208658854166075e+00
-1.563119745254516602e+01 -7.354486147562663056e+00
-1.548183091481526752e+01 -7.522853533426920869e+00
-1.575951488812764545e+01 -7.449782212575276397e+00
-1.555886356035868268e+01 -8.445319016774496035e+00
-1.593243169784545898e+01 -6.868783473968505859e+00
-1.607592320442199707e+01 -7.083258310953776338e+00
-1.617904766400654992e+01 -7.478180249532063506e+00
-1.539684653282165527e+01 -7.843541622161865234e+00
-1.608138235410054406e+01 -8.256177902221679688e+00
-1.618096677462260047e+01 -7.366440296173095703e+00
-1.595284263292948346e+01 -9.135362625122070312e+00
-1.630908926328023156e+01 -7.716266949971516631e+00
-1.601266598701477051e+01 -7.268590450286865234e+00
-1.589579765001932721e+01 -7.867639541625976562e+00
-1.575869830449422260e+01 -8.007676124572753906e+00
-1.523632955551147461e+01 -7.075065930684407256e+00
-1.520410919189453125e+01 -8.063791910807291075e+00
-1.573149291674296002e+01 -8.169054667154947325e+00
-1.508869139353434186e+01 -8.385495662689208984e+00
-1.562662529945373535e+01 -7.729614416758219697e+00
-1.556921855608622174e+01 -8.075884819030761719e+00
-1.578368878364562988e+01 -8.636233329772949219e+00
-1.574374715487162213e+01 -7.515050252278645537e+00
-1.631866590181986609e+01 -7.815447171529133819e+00
-1.602728160222371301e+01 -8.355942567189535097e+00
-1.623359290758768836e+01 -7.619257609049479463e+00
-1.586694558461507221e+01 -8.895385583241781191e+00
-1.474427612622578998e+01 -7.964264869689941406e+00
-1.553420042991638184e+01 -8.693120956420898438e+00
-1.619494565327962121e+01 -7.473220666249592803e+00
-1.629947280883789062e+01 -7.062453111012776397e+00
-1.482931470870971680e+01 -7.462349255879719756e+00
-1.548333923021952252e+01 -7.391518751780192353e+00
-1.629448612531026086e+01 -7.997345606486002900e+00
-1.606326691309611121e+01 -7.648485183715820312e+00
-1.573023653030395508e+01 -7.217879454294840791e+00
-1.551215362548828125e+01 -8.220818678538003965e+00
-1.588976907730102539e+01 -7.732620398203532197e+00
-1.592615811030069928e+01 -8.296862284342447325e+00
-1.647807963689168176e+01 -8.279894669850667910e+00
-1.576809326807657818e+01 -8.349773724873861269e+00
-1.618192410469055176e+01 -6.871961752573649385e+00
-1.671257050832112512e+01 -8.999346733093261719e+00
-1.668339180946350098e+01 -7.478305498758952119e+00
-1.675820660591125488e+01 -8.438618501027425722e+00
-1.687976900736491004e+01 -6.761371453603108428e+00
-1.473560746510823627e+01 -8.096244653065999941e+00
-1.489967854817708393e+01 -7.272220452626545928e+00
-1.596603838602701764e+01 -7.854014396667480469e+00
-1.631329266230265418e+01 -7.531795183817545869e+00
-1.565118781725565533e+01 -7.483585357666015625e+00
-1.623681807518005371e+01 -6.948858261108398438e+00
-1.652931873003641883e+01 -7.920683542887370088e+00
-1.684508395195007324e+01 -7.720104376475016572e+00
-1.684739160537719727e+01 -7.785204092661540010e+00
-1.624543380737304688e+01 -9.160710016886392637e+00
-1.517966079711914062e+01 -7.780487060546875000e+00
-1.607967631022135535e+01 -8.486470222473144531e+00
-1.641258176167805871e+01 -7.698044141133626006e+00
-1.361975717544555664e+01 -7.102537631988525391e+00
-1.424772572517395020e+01 -8.456206321716308594e+00
-1.582405734062194824e+01 -8.358921368916830019e+00
-1.630223258336384973e+01 -8.601897239685058594e+00
-1.651107343037923059e+01 -7.731578191121418975e+00
-1.565203682581583600e+01 -8.563768545786539121e+00
-1.654792793591817102e+01 -7.045440355936686494e+00
-1.573844202359517475e+01 -7.869455496470133760e+00
-1.558357596397399902e+01 -8.206928253173828125e+00
-1.612029361724853516e+01 -8.043934822082519531e+00
-1.638817421595255652e+01 -7.406465371449788115e+00
-1.626826024055480957e+01 -7.524412631988525391e+00
-1.704398234685261926e+01 -7.231048266092936494e+00
-1.716497611999511719e+01 -8.501503467559814453e+00
-1.657388265927632531e+01 -8.141644318898519472e+00
-1.587946192423502545e+01 -7.874803066253662109e+00
-1.604909388224283973e+01 -7.528524875640869141e+00
-1.657347846031188965e+01 -7.375431060791015625e+00
-1.665525245666503906e+01 -8.211009979248046875e+00
-1.695605262120564660e+01 -8.107781251271566347e+00
-1.744628477096557617e+01 -8.036397457122802734e+00
-1.684240802129109582e+01 -7.437105337778727510e+00
-1.734843397140502930e+01 -8.238738854726156191e+00
-1.644368974367777625e+01 -7.851779937744140625e+00
-1.703539450963338098e+01 -7.924182256062825225e+00
-1.689095195134480676e+01 -7.730501651763916016e+00
-1.721763245264689246e+01 -7.880094687143961885e+00
-1.697044865290324012e+01 -7.152924219767252900e+00
-1.724521652857462684e+01 -6.690864404042561553e+00
-1.571667830149332623e+01 -7.012800534566243194e+00
-1.447185707092285156e+01 -7.567015171051025391e+00
-1.483661405245462994e+01 -8.129149436950683594e+00
-1.687446514765421668e+01 -7.364100456237792969e+00
-1.728184461593627930e+01 -7.925076802571614287e+00
-1.658453257878621301e+01 -6.816582838694254853e+00
-1.528262408574422260e+01 -7.968616008758544922e+00
-1.565480518341064453e+01 -7.919872124989827178e+00
-1.704492179552714148e+01 -8.389758745829263731e+00
-1.690799864133198938e+01 -7.494908968607584931e+00
-1.647192390759785852e+01 -7.213686784108479522e+00
-1.731029041608174524e+01 -8.549112637837728457e+00
-1.745229546229044715e+01 -8.205472310384115175e+00
-1.731474637985229492e+01 -7.338802178700764678e+00
-1.625537172953287879e+01 -6.883463382720947266e+00
-1.531623681386311908e+01 -8.418491363525390625e+00
-1.700513052940368652e+01 -7.119597752888997100e+00
-1.685623860359191895e+01 -8.017363707224527403e+00
-1.715068936347961426e+01 -7.445916493733723662e+00
-1.652385894457499305e+01 -6.727451960245768525e+00
-1.633727041880289832e+01 -6.726256052652995088e+00
-1.649944821993510047e+01 -7.309081554412841797e+00
-1.637263210614522180e+01 -6.582385222117106416e+00
-1.586231581370035748e+01 -7.608907540639241240e+00
-1.667704232533772668e+01 -8.525603612263997988e+00
-1.594131549199422260e+01 -7.687926292419433594e+00
-1.665204747517903527e+01 -7.443408966064453125e+00
-1.744594669342041016e+01 -7.698653697967529297e+00
-1.767493454615275184e+01 -7.188149134318034150e+00
-1.727298140525817871e+01 -7.641497611999511719e+00
-1.717009075482686242e+01 -6.980806032816569306e+00
-1.593840440114339252e+01 -6.799889564514160156e+00
-1.572532494862874408e+01 -6.845750013987223603e+00
-1.695417547225952148e+01 -6.860294977823893525e+00
-1.745862785975138465e+01 -7.624906380971272490e+00
-1.682944671312968055e+01 -7.122424443562825225e+00
-1.665329146385192871e+01 -7.425235907236735322e+00
-1.719706924756367883e+01 -7.480092207590739228e+00
-1.599744606018066406e+01 -7.986590862274169922e+00
-1.513329521814982037e+01 -7.352254072825114228e+00
-1.624161712328593055e+01 -7.971236546834309600e+00
-1.617589855194091797e+01 -8.166949431101480528e+00
-1.701128419240315637e+01 -7.020882447560627959e+00
-1.720988210042317590e+01 -7.383028348286946319e+00
-1.721663888295491418e+01 -8.307652473449707031e+00
-1.663968086242675781e+01 -8.227428754170736269e+00
-1.712846406300862512e+01 -7.248374938964843750e+00
-1.744079796473185340e+01 -7.553885936737060547e+00
-1.740527947743733606e+01 -7.660072485605875947e+00
-1.741453870137532434e+01 -7.813359896341959931e+00
-1.662771137555440149e+01 -8.420415083567300840e+00
-1.712577716509501258e+01 -7.323300043741862275e+00
-1.598298565546671490e+01 -7.205163319905598662e+00
-1.683074601491292199e+01 -7.300512313842773438e+00
-1.746478923161824426e+01 -7.534393946329752900e+00
-1.714391628901163855e+01 -7.957802454630534150e+00
-1.732658632596333703e+01 -6.925736427307128906e+00
-1.615766731897990027e+01 -7.315524419148762725e+00
-1.628501709302266320e+01 -7.887155214945475556e+00
-1.759768501917521277e+01 -7.492450555165608428e+00
-1.730899389584859094e+01 -7.819936911265055635e+00
-1.727518749237060547e+01 -8.389723618825277285e+00
-1.793670113881428918e+01 -7.715922991434733369e+00
-1.800938018163045129e+01 -6.697011788686116240e+00
-1.748407260576884070e+01 -7.485700448354084990e+00
-1.663301253318786621e+01 -8.183545748392740293e+00
-1.766762129465739051e+01 -6.932133356730143525e+00
-1.761600828170776367e+01 -7.187716643015543916e+00
-1.722731860478718957e+01 -7.338517189025878906e+00
-1.807125298182169715e+01 -6.463979403177897431e+00
-1.625634479522705078e+01 -7.705973466237385772e+00
-1.763952716191609582e+01 -7.581209341684977510e+00
-1.760494486490885535e+01 -8.042191346486410097e+00
-1.788293615976969519e+01 -7.404432455698649385e+00
-1.805727958679199219e+01 -7.383162339528401397e+00
-1.830960289637247840e+01 -7.740568161010742188e+00
-1.766728401184082031e+01 -7.502411365509033203e+00
-1.769095230102539062e+01 -7.370584328969319365e+00
-1.847581148147583008e+01 -7.226888338724772431e+00
-1.811631345748901367e+01 -7.111420313517252900e+00
-1.628343526522318641e+01 -6.775502363840739228e+00
-1.625671648979187012e+01 -7.393339474995930694e+00
-1.760068106651306152e+01 -7.180874506632487275e+00
-1.737732569376627723e+01 -7.971152782440185547e+00
-1.764838075637817383e+01 -8.114311854044595762e+00
-1.761217339833577356e+01 -7.433945020039876006e+00
-1.765193525950114051e+01 -7.530800978342692353e+00
-1.768578338623046875e+01 -6.707999229431152344e+00
-1.619327871004740516e+01 -7.406336625417073272e+00
-1.596835422515869141e+01 -6.228397528330485322e+00
-1.693711233139038086e+01 -7.752296129862467744e+00
-1.746334457397460938e+01 -7.293898423512776397e+00
-1.830134137471516809e+01 -7.725676218668620088e+00
-1.779320637385050574e+01 -7.353572050730387666e+00
-1.800929784774780273e+01 -8.040034453074136778e+00
-1.784699265162150184e+01 -7.101868947347004912e+00
-1.667358922958374023e+01 -7.160285313924153350e+00
-1.650103108088175574e+01 -7.727650324503581025e+00
-1.719524025917053223e+01 -7.203099886576334931e+00
-1.822696479161580285e+01 -7.422048409779866240e+00
-1.781418069203694543e+01 -7.794582049051920869e+00
-1.827025524775187293e+01 -7.154251734415690400e+00
-1.769191567103068152e+01 -7.012921015421549775e+00
-1.727980200449625769e+01 -7.169889291127522490e+00
-1.766291411717732629e+01 -7.661196072896321319e+00
-1.718656229972839355e+01 -6.752045154571533203e+00
-1.672297732035319129e+01 -6.813889503479003906e+00
-1.758603366216023645e+01 -7.888771057128906250e+00
-1.806990989049275598e+01 -8.446102460225423769e+00
-1.790212059020996094e+01 -7.960304260253906250e+00
-1.745019340515136719e+01 -7.073094050089518525e+00
-1.758041620254516602e+01 -6.186031659444172881e+00
-1.732636658350626746e+01 -7.798700332641601562e+00
-1.846135107676188269e+01 -7.936607678731282256e+00
-1.869807243347167969e+01 -6.901064872741699219e+00
-1.777743148803710938e+01 -6.283460458119709990e+00
-1.830256986618041992e+01 -7.436880429585774444e+00
-1.763761488596598426e+01 -8.481403668721517519e+00
-1.804364871978759766e+01 -6.876847902933756806e+00
-1.810705788930257043e+01 -6.909625053405761719e+00
-1.806840610504150391e+01 -7.251156171162922881e+00
-1.783789062500000000e+01 -7.453047116597493194e+00
-1.807102012634277344e+01 -7.293987751007080078e+00
-1.826768287022908410e+01 -7.113363424936930635e+00
-1.797769085566202918e+01 -9.115467707316080137e+00
-1.765879948933919152e+01 -8.259944597880044981e+00
-1.673859667778015137e+01 -7.543886820475260713e+00
-1.734509412447611609e+01 -6.846007029215495088e+00
-1.774089415868123254e+01 -7.504385312398274444e+00
-1.787580744425455848e+01 -7.430316766103108428e+00
-1.662006457646687707e+01 -8.120421727498372988e+00
-1.730340099334716797e+01 -7.293236732482910156e+00
-1.842480262120564660e+01 -8.180206298828125000e+00
-1.868447319666544715e+01 -7.390173117319743135e+00
-1.864628505706787109e+01 -7.471574624379475615e+00
-1.836254549026489258e+01 -7.803325653076171875e+00
-1.715314690272013465e+01 -7.286309242248535156e+00
-1.755870389938354492e+01 -7.112557888031005859e+00
-1.825037384033203125e+01 -6.995036284128825166e+00
-1.809522581100463867e+01 -6.787088871002197266e+00
-1.773638979593912879e+01 -6.914096037546793916e+00
-1.791614603996276855e+01 -7.149851163228352569e+00
-1.764034175872802734e+01 -6.151569048563639619e+00
-1.641579421361287316e+01 -7.964643001556396484e+00
-1.861008914311726770e+01 -7.554207483927409150e+00
-1.748754755655924598e+01 -6.678141117095947266e+00
-1.802488168080647668e+01 -7.546343962351481416e+00
-1.902511024475097656e+01 -8.064709822336832090e+00
-1.865289433797200402e+01 -6.854821364084879853e+00
-1.780748359362284461e+01 -6.340442816416422822e+00
-1.728015287717183313e+01 -7.039234797159831025e+00
-1.790037997563679895e+01 -7.547109444936116240e+00
-1.864577054977416992e+01 -7.406519730885823272e+00
-1.804571866989135742e+01 -7.498028119405110381e+00
-1.706476346651713172e+01 -7.316861152648925781e+00
-1.822227398554484168e+01 -7.887379010518391631e+00
-1.833367474873860559e+01 -8.631953080495199160e+00
-1.817705392837524414e+01 -7.252088864644368194e+00
-1.631420008341471473e+01 -5.841617584228515625e+00
-1.787101856867472449e+01 -7.272083123524983428e+00
-1.817075697580973426e+01 -6.385787169138590791e+00
-1.687973197301228723e+01 -6.980553627014160156e+00
-1.770648034413655481e+01 -7.256429195404052734e+00
-1.843070077896118164e+01 -6.446662584940592744e+00
-1.868355989456176758e+01 -6.996652444203694365e+00
-1.871418650945027551e+01 -6.880397796630859375e+00
-1.862883838017781457e+01 -6.736488183339436553e+00
-1.827903175354003906e+01 -6.923870086669921875e+00
-1.889468860626220703e+01 -8.108154614766439394e+00
-1.913167015711466590e+01 -7.063346544901530244e+00
-1.871863015492757043e+01 -7.043482303619384766e+00
-1.775736021995544434e+01 -7.635341485341389678e+00
-1.703569062550862512e+01 -7.716351191202799775e+00
-1.787527386347452918e+01 -7.030610879262288115e+00
-1.745048967997233191e+01 -7.529860814412434600e+00
-1.761934487024943152e+01 -7.248142560323079131e+00
-1.874743890762329102e+01 -7.313739458719889619e+00
-1.903747367858886719e+01 -7.606212933858235381e+00
-1.878958797454833984e+01 -8.528803507486978575e+00
-1.849637540181477746e+01 -7.236547470092773438e+00
-1.677194325129191199e+01 -7.895226796468098662e+00
-1.788692426681518555e+01 -7.073100090026855469e+00
-1.853259801864624023e+01 -7.156564076741536162e+00
-1.843765640258789062e+01 -6.006267229715983369e+00
-1.733303181330363074e+01 -6.324245770772297881e+00
-1.787985587120056152e+01 -6.115773042043049834e+00
-1.773919630050659180e+01 -7.022612412770588897e+00
-1.789399115244547644e+01 -6.626056989034016631e+00
-1.777161502838134766e+01 -6.950835227966308594e+00
-1.782860962549845496e+01 -6.907545248667399385e+00
-1.698665809631347656e+01 -7.962705294291178681e+00
-1.840555270512898645e+01 -7.769352753957112334e+00
-1.907570695877075195e+01 -7.495194117228190400e+00
-1.934531227747599402e+01 -7.386194070180256865e+00
-1.837500810623168945e+01 -8.723698774973550840e+00
-1.758231679598490516e+01 -7.941083908081054688e+00
-1.856049791971842566e+01 -7.636340141296386719e+00
-1.684928290049235144e+01 -8.959630648295084043e+00
-1.829637853304545203e+01 -7.061303138732910156e+00
-1.763301245371500769e+01 -7.912055651346842744e+00
-1.787352021535237512e+01 -7.727605978647868135e+00
-1.782777953147888184e+01 -8.205151875813802675e+00
-1.794465303421020508e+01 -7.339222749074299834e+00
-1.873897298177083215e+01 -6.302114009857177734e+00
-1.831307586034138879e+01 -7.176950613657633760e+00
-1.806420795122782508e+01 -6.749957243601481416e+00
-1.880251232782999793e+01 -7.519715627034504912e+00
-1.865803209940592566e+01 -7.719513575236002900e+00
-1.768516516685485840e+01 -8.007351398468017578e+00
-1.893761126200358191e+01 -7.321200688680012725e+00
-1.923915704091389856e+01 -7.236013571421305635e+00
