# Train Val
-6.295541402647050866e+00 -8.289861460526784853e+00
-8.285906064308296237e+00 -8.300301571687063173e+00
-8.354826393774001048e+00 -8.293859124183654785e+00
-8.392888517703040563e+00 -8.309632817904153868e+00
-8.405848725367400576e+00 -8.287133971850076719e+00
-8.395023640939744070e+00 -8.164964040120443300e+00
-8.402660087003546607e+00 -8.397788723309835390e+00
-8.464824195635520354e+00 -8.405548572540283203e+00
-8.495824676449016621e+00 -8.373914420604705811e+00
-8.584354226872072502e+00 -8.099674999713897705e+00
-8.487510984226808830e+00 -8.601165990034738584e+00
-8.658926887027288188e+00 -8.713609298070272402e+00
-8.734896041579165882e+00 -8.586510062217712402e+00
-8.832420409735986411e+00 -8.857366164525350527e+00
-8.914076716212903762e+00 -8.679246266682943300e+00
-8.966555866144471310e+00 -8.839053630828857422e+00
-9.114557625883715986e+00 -8.626387576262155577e+00
-9.141017841080488537e+00 -9.148065527280172304e+00
-9.170517093044216139e+00 -8.726913829644521670e+00
-9.192277108208607217e+00 -9.340850631395975157e+00
-9.405764361559334930e+00 -9.483205874760946230e+00
-9.455116417448399702e+00 -9.217898130416870117e+00
-9.594091350749387459e+00 -9.470131317774454160e+00
-9.668460619651664700e+00 -9.718603968620300293e+00
-9.688199988866257328e+00 -9.752743879954019590e+00
-9.841792672367418504e+00 -9.647695263226827578e+00
-9.887722168938587686e+00 -9.775636434555053711e+00
-9.908419023125858871e+00 -9.928067525227865175e+00
-1.010879616009986925e+01 -9.957156658172607422e+00
-1.001891182640851596e+01 -9.509742657343545957e+00
-1.023368347297280501e+01 -9.671647985776266054e+00
-1.014833892806101723e+01 -9.774656871954599424e+00
-1.034555862717709296e+01 -9.081668198108673096e+00
-1.039301654443902478e+01 -1.051190209388732910e+01
-1.036538664365218843e+01 -1.047772498925526996e+01
-1.057108053110413692e+01 -1.055139505863189697e+01
-1.028029498811495479e+01 -1.036061235268910785e+01
-1.046705549046144590e+01 -1.055417275428771973e+01
-1.071569164324614931e+01 -1.015681862831115723e+01
-1.063658587407257627e+01 -1.077922709782918353e+01
-1.065784363019264269e+01 -1.074754464626312256e+01
-1.070483988422458488e+01 -9.825551668802896543e+00
-1.092872869362265398e+01 -1.062426543235778809e+01
-1.081828780901634168e+01 -1.093697341283162494e+01
-1.101579631385156688e+01 -1.046743150552113910e+01
-1.115266645560830305e+01 -1.098832650979360004e+01
-1.109831350132570371e+01 -1.101980245113372803e+01
-1.116551207687895264e+01 -1.119609471162160297e+01
-1.122113605272972059e+01 -1.128728373845418353e+01
-1.125075682138992583e+01 -1.057564516862233539e+01
-1.125655792527279608e+01 -1.122074520587921143e+01
-1.132958786366349635e+01 -1.043339717388153076e+01
-1.125309828580436111e+01 -1.138859355449676514e+01
-1.105549712908470106e+01 -1.131219748655954938e+01
-1.145013826176271543e+01 -1.141870180765787701e+01
-1.147499671224820439e+01 -1.167632246017456055e+01
-1.138375662949125733e+01 -1.053877302010854144e+01
-1.150912187867245429e+01 -1.133699055512746234e+01
-1.163322677450664955e+01 -1.170630908012390137e+01
-1.174095405158350047e+01 -1.137442636489868164e+01
-1.171383056802264733e+01 -1.166908868153890033e+01
-1.186547101554224071e+01 -1.150273811817169189e+01
-1.173339442075309158e+01 -1.155583862463633160e+01
-1.142153206518140962e+01 -1.150916759173075299e+01
-1.177922888933601975e+01 -1.166860592365264893e+01
-1.216350226483102581e+01 -1.197979207833608051e+01
-1.189338021359201214e+01 -1.167644802729288678e+01
-1.212238161442643580e+01 -1.182597776254018207e+01
-1.217805371850223928e+01 -1.107088371117909809e+01
-1.219636209940506255e+01 -1.118628819783528705e+01
-1.202485813528804393e+01 -1.179440955320994000e+01
-1.225897849616357860e+01 -1.100423002243041992e+01
-1.198627513950154011e+01 -1.176441558202107807e+01
-1.215271759841401611e+01 -1.168024230003356934e+01
-1.219538193233942636e+01 -1.158927547931671143e+01
-1.238860423686140599e+01 -1.135237979888916016e+01
-1.251481512037374166e+01 -1.220594394207000732e+01
-1.241073477470268571e+01 -1.182388834158579449e+01
-1.214415361921665948e+01 -1.177847464879353900e+01
-1.265894733849218312e+01 -1.223333982626597027e+01
-1.238018888538166706e+01 -1.208840874830881695e+01
-1.262261191869186128e+01 -1.243333220481872559e+01
-1.259053704698207099e+01 -1.163059782981872559e+01
-1.242458326533689394e+01 -1.195945278803507428e+01
-1.244231764744904112e+01 -1.177188396453857422e+01
-1.259732960846464600e+01 -1.218684033552805523e+01
-1.250140776068477244e+01 -1.247999914487203021e+01
-1.256394166461491935e+01 -1.142087996006011963e+01
-1.279011416839341031e+01 -1.174212757746378522e+01
-1.260889663534649330e+01 -1.080468956629435162e+01
-1.260778126474154170e+01 -1.159734419981638531e+01
-1.268395200018155400e+01 -1.168207267920176129e+01
-1.253951496997122028e+01 -1.246233598391214947e+01
-1.294669207880052397e+01 -1.205532296498616596e+01
-1.306922308065123417e+01 -1.252018555005391498e+01
-1.287047654491359872e+01 -1.204580922921498676e+01
-1.292111087249497281e+01 -1.150639367103576660e+01
-1.310510873794555664e+01 -1.227450227737426758e+01
-1.292255930981393597e+01 -1.071641737222671509e+01
-1.292513756832834027e+01 -1.166282590230306049e+01
-1.272712160369097134e+01 -1.283780531088511090e+01
-1.297220126653121675e+01 -1.204400626818338971e+01
-1.314338713177179940e+01 -1.231620331605275531e+01
-1.298165592096619747e+01 -1.234924467404683490e+01
-1.331755971100370850e+01 -1.294301239649454693e+01
-1.282558007967674207e+01 -1.276541113853454590e+01
-1.317769478943388428e+01 -1.118129849433898926e+01
-1.317608839778576879e+01 -1.129873224099477191e+01
-1.313046580654079598e+01 -1.230812080701192279e+01
-1.319588312860262569e+01 -1.077301184336344342e+01
-1.304387461128881398e+01 -1.169847238063812256e+01
-1.313619070538019784e+01 -1.287661210695902447e+01
-1.319791229700638091e+01 -1.284200298786163330e+01
-1.336251873081013386e+01 -1.289989960193634033e+01
-1.328635636022535493e+01 -1.154062159856160541e+01
-1.339055156707763672e+01 -1.247366706530253033e+01
-1.335354051751605553e+01 -1.088660103082656860e+01
-1.327515634439759395e+01 -1.290044232209523578e+01
-1.354096418316081341e+01 -1.279793167114257812e+01
-1.343402583720320287e+01 -1.211916534105936627e+01
-1.348620410692893934e+01 -1.182717188199361225e+01
-1.336671998137134665e+01 -1.303293184439341168e+01
-1.335339980206247112e+01 -1.257856297492980957e+01
-1.343559668427806741e+01 -1.237352947394053082e+01
-1.342945022098088614e+01 -1.254136216640472412e+01
-1.359337519791166748e+01 -1.193584311008453369e+01
-1.339658421176975089e+01 -1.195211203893025775e+01
-1.383712864730317627e+01 -1.278806980450948139e+01
-1.326138354155976806e+01 -1.239738384882608990e+01
-1.373401194911892098e+01 -1.214454706509908100e+01
-1.343242975816888318e+01 -1.263309593995412250e+01
-1.378664449109869494e+01 -1.103735792636871338e+01
-1.378017783569077359e+01 -1.253985834121704102e+01
-1.386362649626651056e+01 -1.216936294237772564e+01
-1.365361002744254471e+01 -1.109700715541839600e+01
-1.355849755012382829e+01 -1.265930032730102539e+01
-1.401938549138731815e+01 -1.230770158767700195e+01
-1.373207801883503620e+01 -1.223363864421844482e+01
-1.379366221670377080e+01 -1.167462277412414551e+01
-1.384369226229392957e+01 -1.065285738309224506e+01
-1.332533650479074261e+01 -1.275882975260416607e+01
-1.411192379159442467e+01 -1.200428601106007953e+01
-1.395236388707565034e+01 -1.301685253779093365e+01
-1.380214281405432786e+01 -1.297008526325225830e+01
-1.409704045926110183e+01 -1.235681621233622174e+01
-1.379910944275936835e+01 -1.270636459191640277e+01
-1.414286821171388731e+01 -1.126642405986785889e+01
-1.417010719493284121e+01 -1.216790032386779785e+01
-1.378310644020468523e+01 -1.214249897003173828e+01
-1.367511459932488904e+01 -1.251586747169494629e+01
-1.388820107508513857e+01 -1.286368199189504047e+01
-1.385557748503604181e+01 -1.301140546798706055e+01
-1.402552108441368972e+01 -1.353977262973785400e+01
-1.376065663968102371e+01 -1.218399544556935687e+01
-1.405636153786869436e+01 -1.282497298717498779e+01
-1.422477911286434882e+01 -1.325772281487782855e+01
-1.383615813821049123e+01 -1.235968546072641949e+01
-1.420829722840907294e+01 -1.300171315670013428e+01
-1.388712668822983609e+01 -1.230430555343627930e+01
-1.419993260755377307e+01 -1.133541496594746967e+01
-1.312278140601465282e+01 -1.242844998836517334e+01
-1.422799993773638150e+01 -1.303127209345499615e+01
-1.393968834311275096e+01 -1.230806203683217426e+01
-1.395960435220750639e+01 -1.152319121360778809e+01
-1.400651477555097202e+01 -1.319190367062886615e+01
-1.433509266578544938e+01 -1.293364365895589252e+01
-1.434283372103157639e+01 -1.316528654098510742e+01
-1.453383693856708092e+01 -1.230226254463195801e+01
-1.433247567839541681e+01 -1.246040038267771344e+01
-1.421730277497889716e+01 -1.312600564956665039e+01
-1.448411400843474794e+01 -1.174878664811452289e+01
-1.442383583521438872e+01 -1.276112600167592426e+01
-1.431742582482806725e+01 -1.355800823370615582e+01
-1.420862601167064554e+01 -1.246431593100229840e+01
-1.451882363173921142e+01 -1.184942317008972168e+01
-1.456228121256424224e+01 -1.268948662281036377e+01
-1.410927749084214078e+01 -1.264268008867899518e+01
-1.431911150075621464e+01 -1.257926571369171143e+01
-1.451679460881120143e+01 -1.257994079589843750e+01
-1.397305864398762409e+01 -1.102931227286656757e+01
-1.432970405837236783e+01 -1.297384242216745953e+01
-1.430628467010239468e+01 -1.252817642688751221e+01
-1.410994827949394548e+01 -1.261178990205129047e+01
-1.372791858446800184e+01 -1.189063600699106793e+01
-1.414631012738761306e+01 -1.258791995048522949e+01
-1.460690997818769077e+01 -1.279566315809885602e+01
-1.463322363061420006e+01 -1.226464939117431641e+01
-1.457664543087199505e+01 -1.307500608762105365e+01
-1.435248325638851874e+01 -1.301778745651245117e+01
-1.444386652768668533e+01 -1.276853227615356445e+01
-1.425958340854968043e+01 -1.231127599875132184e+01
-1.458683076147305790e+01 -1.306596366564432721e+01
-1.452093085596116850e+01 -1.193564931551615338e+01
-1.453597592499296631e+01 -1.272190137704213519e+01
-1.461657553204035409e+01 -1.245561989148457904e+01
-1.474889743934243391e+01 -1.241220704714457135e+01
-1.476508490513947081e+01 -1.321938490867614746e+01
-1.440565826125064142e+01 -1.249291523297627826e+01
-1.448728032839500379e+01 -1.298105061054229736e+01
-1.450604114694110436e+01 -1.169133400917053223e+01
-1.436377996509358113e+01 -1.264935751756032367e+01
-1.478107285903672086e+01 -1.301107120513916016e+01
-1.425188442812127576e+01 -1.206566659609476666e+01
-1.443400146193423517e+01 -1.156972555319468121e+01
-1.444780764337313350e+01 -1.276094214121500592e+01
-1.457333690029079598e+01 -1.110604075590769391e+01
-1.465876250347848675e+01 -1.224792945384979248e+01
-1.461363020589796236e+01 -1.304987200101216693e+01
-1.436190200256089078e+01 -1.319938540458679199e+01
-1.458848440849174821e+01 -1.319210628668467145e+01
-1.463861888950154011e+01 -1.249665987491607666e+01
-1.460641239457211249e+01 -1.303783524036407471e+01
-1.485024557275287194e+01 -1.273974970976511578e+01
-1.486180703922853574e+01 -1.181025016307830811e+01
-1.491093785884016576e+01 -1.316592073440551758e+01
-1.487444905103263260e+01 -1.217491408189137836e+01
-1.474988346584772714e+01 -1.299752310911814313e+01
-1.487959920753866960e+01 -1.298646918932596783e+01
-1.493158641912169315e+01 -1.285395765304565430e+01
-1.444302288152403690e+01 -1.158655925591786762e+01
-1.491773867203017367e+01 -1.356696287790934186e+01
-1.485149360107163297e+01 -1.280450149377187152e+01
-1.481252146575410400e+01 -1.224379789829254150e+01
-1.479367449324009698e+01 -1.294553132851918598e+01
-1.501106104608309444e+01 -1.318545448780059814e+01
-1.486228938830100965e+01 -1.230852723121643066e+01
-1.491880685192043465e+01 -1.285633460680643658e+01
-1.484248765040252138e+01 -1.336879885196685791e+01
-1.522421960507409011e+01 -1.294862699508666992e+01
-1.510725524061817282e+01 -1.292145554224650006e+01
-1.503688650616144784e+01 -1.287934617201487164e+01
-1.474820337457171959e+01 -1.131326687335968018e+01
-1.464106843431117255e+01 -1.273065837224324603e+01
-1.446566858129986244e+01 -1.299876423676808734e+01
-1.516281811665680479e+01 -1.308180058002471924e+01
-1.511012040962607195e+01 -1.259658586978912354e+01
-1.524327844684406941e+01 -1.265770618120829205e+01
-1.503878989462125126e+01 -1.267197688420613666e+01
-1.520085782519841544e+01 -1.234677875041961670e+01
-1.527812739550057053e+01 -1.243322340647379498e+01
-1.474752256425760599e+01 -1.301837956905364990e+01
-1.508695716372990958e+01 -1.314388473828633686e+01
-1.479689091342990714e+01 -1.305469898382822613e+01
-1.541723114757214574e+01 -1.335665118694305420e+01
-1.511272062689570994e+01 -1.249375975131988525e+01
-1.534093153678764665e+01 -1.209251880645751953e+01
-1.486006065142356825e+01 -1.346798646450042725e+01
-1.500714298830193982e+01 -1.304096957047780414e+01
-1.497184400235192214e+01 -1.063067503770192523e+01
-1.502513124983189385e+01 -1.289526410897572894e+01
-1.504128437527155526e+01 -1.268608005841573139e+01
-1.515411651740639876e+01 -1.307929881413777728e+01
-1.477285726999832427e+01 -1.259097234408060650e+01
-1.498949603711144363e+01 -1.259342380364735980e+01
-1.532164427385491834e+01 -1.317468047142028809e+01
-1.523000637151427128e+01 -1.212635163466135602e+01
-1.522964502593218228e+01 -1.269241074721018414e+01
-1.498611948045633646e+01 -1.208789749940236469e+01
-1.512285718271287749e+01 -1.296706418196360211e+01
-1.536009448261584254e+01 -1.277681501706441303e+01
-1.505722749839394758e+01 -1.275623246033986469e+01
-1.534077881150326483e+01 -1.311075679461161236e+01
-1.529453617031291301e+01 -1.223051603635152240e+01
-1.501986098693589078e+01 -1.208508268992106061e+01
-1.539044938653202443e+01 -1.177254803975423236e+01
-1.487043249000937273e+01 -1.064012781778971295e+01
-1.498416359949920107e+01 -1.229850840568542480e+01
-1.538874802346956905e+01 -1.268129396438598633e+01
-1.540521424503649683e+01 -1.239051858584086041e+01
-1.552587349940154482e+01 -1.218132929007212262e+01
-1.506812370429604719e+01 -1.148355646928151508e+01
-1.528945929317151098e+01 -1.176367759704589844e+01
-1.496385283389333942e+01 -1.317484243710835834e+01
-1.529801226470429931e+01 -1.114397946993509869e+01
-1.514003373000581298e+01 -1.347107966740926166e+01
-1.525601065360893571e+01 -1.316478478908538818e+01
-1.500914585792412126e+01 -1.327794492244720459e+01
-1.567104728343123021e+01 -1.272861699263254742e+01
-1.511612353082430538e+01 -1.271405065059661865e+01
-1.474812211828716713e+01 -1.278276979923248291e+01
-1.526893530053607506e+01 -1.206476751963297467e+01
-1.537805374598099029e+01 -1.190059792995452881e+01
-1.542907119201401578e+01 -1.332549067338307758e+01
-1.536841512938677212e+01 -1.236789532502492328e+01
-1.545242636890734644e+01 -1.313749078909556012e+01
-1.535280070062411006e+01 -1.350636549790700336e+01
-1.546182505559113096e+01 -1.225319766998291016e+01
-1.560744309021254672e+01 -1.272147413094838519e+01
-1.544511053117655131e+01 -1.294004372755686383e+01
-1.534563241570682912e+01 -1.148284808794657330e+01
-1.511977274135007754e+01 -1.220854894320170025e+01
-1.532004059775401039e+01 -1.314607203006744385e+01
-1.537027889187053020e+01 -1.189819482962290387e+01
-1.556126977629580743e+01 -1.250526817639668842e+01
-1.565685026524430690e+01 -1.144165575504302979e+01
-1.568364943488169594e+01 -1.181620041529337506e+01
-1.501564256215499604e+01 -1.175408470630645752e+01
-1.554580289226467293e+01 -1.347307777404785156e+01
-1.543444253630557306e+01 -1.337475275993347168e+01
-1.534060130685062795e+01 -1.271216324965159039e+01
-1.560133238970223069e+01 -1.249749183654785156e+01
-1.565901576866537859e+01 -1.261899014314015766e+01
-1.561764384932437189e+01 -1.186420369148254395e+01
-1.520157388913429308e+01 -1.279699699083963971e+01
-1.539864409980127391e+01 -1.228023914496103863e+01
-1.552822694940082116e+01 -1.274534336725870709e+01
-1.554494501372515103e+01 -1.288735775152842145e+01
-1.551738497362298475e+01 -1.343884086608886719e+01
-1.574354042441157908e+01 -1.303299113114674945e+01
-1.566142195362155753e+01 -1.258054137229919434e+01
-1.545316153865749520e+01 -1.298472233613332172e+01
-1.577528513084023665e+01 -1.135226086775461773e+01
-1.542892843990002660e+01 -1.310364488760630231e+01
-1.584824210506374520e+01 -1.310462466875712018e+01
-1.501050395480656974e+01 -1.303653335571289062e+01
-1.513676747629197905e+01 -1.241241939862569232e+01
-1.523536033953650559e+01 -1.273546957969665527e+01
-1.574660504874536571e+01 -1.299384899934132953e+01
-1.604294414035344474e+01 -1.282673744360605816e+01
-1.552044261512109813e+01 -1.352759230136871338e+01
-1.587612296767153985e+01 -1.307544235388437848e+01
-1.596564923302601890e+01 -1.329319302241007428e+01
-1.558018959174721907e+01 -1.263069729010264020e+01
-1.587460621332718169e+01 -1.292045855522155762e+01
-1.616851555290868703e+01 -1.253063535690307617e+01
-1.532950166928566027e+01 -1.315555075804392438e+01
-1.552763828180604122e+01 -1.293384877840677838e+01
-1.583400194523698268e+01 -1.268429780006408691e+01
-1.533479448092185926e+01 -1.259542731444040875e+01
-1.571604047387333303e+01 -1.263810702164967914e+01
-1.550355311571541428e+01 -1.272747337818145752e+01
-1.555026174803911587e+01 -1.284478656450907330e+01
-1.570757268647016147e+01 -1.167718839645385742e+01
-1.587070511155209296e+01 -1.310984949270884137e+01
-1.575061878915560420e+01 -1.304999637603759766e+01
-1.589100095781229349e+01 -1.287867148717244525e+01
-1.592385883654578294e+01 -1.302545579274495502e+01
-1.587574569249557221e+01 -1.311589352289835553e+01
-1.615495301101167414e+01 -1.282432301839192768e+01
-1.593054471581669240e+01 -1.351416401068369488e+01
-1.586645089973837663e+01 -1.249566324551900287e+01
-1.587725989293243956e+01 -1.317704351743062396e+01
-1.577540312783192711e+01 -1.309094554185867310e+01
-1.560395610938637923e+01 -1.288563338915506939e+01
-1.580558088270284323e+01 -1.286934169133504291e+01
-1.601570390442670444e+01 -1.317076822121938129e+01
-1.604482388092299772e+01 -1.352438966433207135e+01
-1.593545455447697989e+01 -1.325601887702941895e+01
-1.620093044992220754e+01 -1.310427367687225342e+01
-1.563287002757444277e+01 -1.323927235603332520e+01
-1.606908668906001836e+01 -1.280737761656443219e+01
-1.566856026245375766e+01 -1.210485124588012695e+01
-1.553738322500455205e+01 -1.281776543458302875e+01
-1.590202426102201905e+01 -1.272429883480072021e+01
-1.598356558912891501e+01 -1.223370758692423443e+01
-1.603776142152689133e+01 -1.280314552783966064e+01
-1.634989401445550428e+01 -1.321257857481638531e+01
-1.625861192153671908e+01 -1.327074996630350689e+01
-1.606016374038437533e+01 -1.354906988143920898e+01
-1.578481401831416697e+01 -1.281586114565531354e+01
-1.594455223568415292e+01 -1.307024566332499127e+01
-1.616472383272849811e+01 -1.236810704072316547e+01
-1.614832983986806170e+01 -1.309756028652191162e+01
-1.574377209453259496e+01 -1.285217042764027973e+01
-1.598403502318818603e+01 -1.313599356015523334e+01
-1.590753957780741068e+01 -1.346514685948689838e+01
-1.546515167365639876e+01 -1.319882758458455463e+01
-1.645415133136813779e+01 -1.287553628285725971e+01
-1.608182150630627660e+01 -1.212195261319478412e+01
-1.577829958220659634e+01 -1.122099371751149555e+01
-1.558622948598053526e+01 -1.305513187249501605e+01
-1.620645854432704169e+01 -1.267499669392903705e+01
-1.589082398657071415e+01 -1.297629404067993164e+01
-1.592021047462851335e+01 -1.268323862552642822e+01
-1.643001473960229930e+01 -1.275851261615753174e+01
-1.575270660852981841e+01 -1.335000209013620953e+01
-1.579493588108127433e+01 -1.280750203132629395e+01
-1.591910460035679620e+01 -1.289608558019002338e+01
-1.623137247764458024e+01 -1.298254378636678119e+01
-1.635075436608266131e+01 -1.238039986292521100e+01
-1.623575119244850384e+01 -1.289035475254058838e+01
-1.644832480964014110e+01 -1.253477875391642193e+01
-1.589311605388835247e+01 -1.329856590429941754e+01
-1.627989431963128553e+01 -1.333469804128011127e+01
-1.612278278803421117e+01 -1.267181535561879535e+01
-1.620320609464483752e+01 -1.225947610537211041e+01
-1.606342908083382426e+01 -1.242480174700419049e+01
-1.599790178719213429e+01 -1.208773748079935650e+01
-1.640371021173768185e+01 -1.108778015772501568e+01
-1.577120654057648252e+01 -1.297435883680979352e+01
-1.598745061583438165e+01 -1.244725739955902100e+01
-1.637688608492835129e+01 -1.241862042744954486e+01
-1.573771539785094120e+01 -1.299216620127359967e+01
-1.621487841363680715e+01 -1.229910333951314350e+01
-1.659095431990542480e+01 -1.301356979211171527e+01
-1.609942217196448411e+01 -1.206264702479044537e+01
-1.639914549811411604e+01 -1.299497218926747699e+01
-1.666682774333630590e+01 -1.270006636778513531e+01
-1.620081229129080214e+01 -1.266014015674591064e+01
-1.622439848366430226e+01 -1.223538339138031006e+01
-1.617480037980160645e+01 -1.226425878206888775e+01
-1.598709953437417219e+01 -1.280620531241098981e+01
-1.664020177873514328e+01 -1.292170218626658063e+01
-1.621828248137134665e+01 -1.263568421204884906e+01
-1.635639272301883906e+01 -1.320205473899841309e+01
-1.645999038017402327e+01 -1.288643821080525775e+01
-1.670230151030976984e+01 -1.294062089920043945e+01
-1.580629622734199202e+01 -1.144099267323811908e+01
-1.573736362133995925e+01 -1.259270397822062115e+01
-1.629835777767634042e+01 -1.208069777488708496e+01
-1.622853089187104914e+01 -1.269091467062632184e+01
-1.606220689062344675e+01 -1.223974883556365967e+01
-1.608632464328054823e+01 -1.319892847537994385e+01
-1.661670015626034669e+01 -1.292602821191151996e+01
-1.626279649087938139e+01 -1.309829668203989606e+01
-1.638275292768316760e+01 -1.287364598115285297e+01
-1.663977086341987288e+01 -1.281259173154830933e+01
-1.650721086890010625e+01 -1.082433617115020752e+01
-1.644249343872070312e+01 -1.300327956676483154e+01
-1.625838291847099626e+01 -1.280545397599538227e+01
-1.629298390372324690e+01 -1.286687811215718646e+01
-1.649327718605429283e+01 -1.321317064762115479e+01
-1.653426592228776215e+01 -1.294433077176412006e+01
-1.621026934607554182e+01 -1.256039988994598389e+01
-1.632703726978625269e+01 -1.290275919437408447e+01
-1.649279491780167817e+01 -1.286013054847717285e+01
-1.626506236448126330e+01 -1.305431870619455914e+01
-1.650877377138299451e+01 -1.256195469697316547e+01
-1.624366552546872811e+01 -1.098190120855967145e+01
-1.616916123891281032e+01 -1.190974187850952148e+01
-1.619841867382243450e+01 -1.321727705001831055e+01
-1.642110143273563594e+01 -1.199583582083384137e+01
-1.649359829142942147e+01 -1.302432541052500348e+01
-1.678556808374695919e+01 -1.278782077630360980e+01
-1.653760576248168945e+01 -1.235242160161336322e+01
-1.595268043421082638e+01 -1.310248160362243652e+01
-1.673658612623053088e+01 -1.238265709082285504e+01
-1.630560886253744712e+01 -1.361913931369781494e+01
-1.657134865098080567e+01 -1.247725343704223633e+01
-1.660917672464402983e+01 -1.251765318711598773e+01
-1.625706981400312046e+01 -1.292275981108347516e+01
-1.636697726330514513e+01 -1.279804639021555523e+01
-1.670933759010444319e+01 -1.301532574494679828e+01
-1.648211689318640794e+01 -1.112996975580851178e+01
-1.665918148170083413e+01 -1.241942942142486572e+01
-1.624208544876615790e+01 -1.222952083746592145e+01
-1.659028433945219305e+01 -1.273344918092091937e+01
-1.680567051192461392e+01 -1.183910044034322162e+01
-1.622550359822935917e+01 -1.277375801404317279e+01
-1.660522487608053055e+01 -1.287959349155426025e+01
-1.650555300308486295e+01 -1.250012509028116803e+01
-1.680279553946802196e+01 -1.299265925089518170e+01
-1.719898247314711881e+01 -1.291439334551493268e+01
-1.645843277139178795e+01 -1.236517715454101562e+01
-1.665662644273143655e+01 -1.229847896099090576e+01
-1.671566108929908978e+01 -1.231245414415995221e+01
-1.649787232027215467e+01 -1.272739585240682025e+01
-1.679445541511147866e+01 -1.300115362803141217e+01
-1.664991922701819504e+01 -1.264846932888031006e+01
-1.653246636309866346e+01 -1.182052342096964459e+01
-1.665483861050363146e+01 -1.289205451806386371e+01
-1.641475460893016702e+01 -1.263533731301625629e+01
-1.657057151147874663e+01 -1.296040463447570801e+01
-1.694324141033625253e+01 -1.228989481925964355e+01
-1.649158513343940413e+01 -1.221826473871866803e+01
-1.660684384329844221e+01 -1.191155302524566650e+01
-1.680292955495543339e+01 -1.229550353686014752e+01
-1.706515001038373569e+01 -1.262102242310841937e+01
-1.660415652646856799e+01 -1.239580122629801373e+01
-1.696898053056102640e+01 -1.244535772005716900e+01
-1.682366874662496414e+01 -1.182144467035929303e+01
-1.654790808790821188e+01 -1.211849419275919537e+01
-1.651740323891073814e+01 -1.238470868269602398e+01
-1.694889728093551540e+01 -1.246986794471740723e+01
-1.701743620533054013e+01 -1.289654374122619629e+01
-1.645796824309785578e+01 -1.251429700851440430e+01
-1.643667571019318174e+01 -1.240591410795847516e+01
-1.702129557173130792e+01 -1.285997049013773541e+01
-1.711250353667695734e+01 -1.252752971649169922e+01
-1.675846138647047212e+01 -1.242316504319508930e+01
-1.641864089642540847e+01 -1.204051884015401264e+01
-1.673267762135651182e+01 -1.285943400859832764e+01
-1.684728214296243820e+01 -1.321992703278859516e+01
-1.669667780601372087e+01 -1.222994518280029297e+01
-1.684096529524205010e+01 -1.300548728307088275e+01
-1.701867888337474710e+01 -1.264159476757049561e+01
-1.684222445245516653e+01 -1.231882075468699078e+01
-1.659582156650090567e+01 -1.245751460393269916e+01
-1.696654972787630911e+01 -1.273358150323232074e+01
-1.699125841108419266e+01 -1.229077812035878559e+01
-1.682751373517311322e+01 -1.249829459190368652e+01
-1.677443442102206106e+01 -1.190466070175170898e+01
-1.677889920897402831e+01 -1.213012727101643939e+01
-1.669740389969389227e+01 -1.257692710558573346e+01
-1.664023764658782412e+01 -1.261721678574880023e+01
-1.715508502216662379e+01 -1.276379601160685162e+01
-1.692572427200058627e+01 -1.064825069904327393e+01
-1.684378368571653084e+01 -1.220305871963500977e+01
-1.653015933602543086e+01 -1.231046545505523682e+01
-1.691309452056884766e+01 -1.283878691991170307e+01
-1.660500601590689840e+01 -1.212119535605112652e+01
-1.682285884275274768e+01 -1.251710557937622070e+01
-1.706453853542521770e+01 -1.217462209860483746e+01
-1.690208608821286873e+01 -1.294205943743387799e+01
-1.692868160797377897e+01 -1.221552646160125732e+01
-1.694530008606991700e+01 -1.191907127698262592e+01
-1.596879812014305067e+01 -1.234998969237009625e+01
-1.721787662021184317e+01 -1.206974716981252094e+01
-1.725004713414078950e+01 -1.226293563842773438e+01
-1.715908080440456729e+01 -1.239004031817118268e+01
-1.721105717804472235e+01 -1.291907767454783063e+01
-1.721122039374658641e+01 -1.212978025277455707e+01
-1.676344225770336038e+01 -1.222382521629333496e+01
-1.687724469879926303e+01 -1.240563436349233051e+01
-1.701331421480340467e+01 -1.166756014029184918e+01
-1.677040236683215113e+01 -1.231180095672607422e+01
-1.683304944280850535e+01 -1.228291682402292828e+01
-1.734667277740219760e+01 -1.252214101950327496e+01
-1.673753049009937399e+01 -1.178806289037068744e+01
-1.673033548613726040e+01 -1.236627376079559326e+01
-1.676079046928276384e+01 -1.171935272216796875e+01
-1.716958260132094694e+01 -1.258475291728973389e+01
-1.672301384554070935e+01 -1.292151057720184326e+01
-1.729888995219085146e+01 -1.237854703267415424e+01
-1.702683911081087942e+01 -1.236377934614817242e+01
-1.693114355863150777e+01 -1.244387416044870953e+01
-1.634595341601614393e+01 -1.248118360837300678e+01
-1.678630175832974558e+01 -1.254801404476165771e+01
-1.671638074971861698e+01 -1.260476328929265399e+01
-1.680150225202915948e+01 -1.246953205267588238e+01
-1.729954265335858921e+01 -1.249303758144378662e+01
-1.714582375348624410e+01 -1.208115526040395160e+01
-1.687205018835552650e+01 -1.268037545680999756e+01
-1.740451314085620993e+01 -1.234200819333394428e+01
-1.719359070567761449e+01 -1.204930563767751117e+01
-1.704135687068357186e+01 -1.227813335259755512e+01
-1.708504743091130607e+01 -1.259484457969665527e+01
-1.720481777191162109e+01 -1.224646898110707660e+01
-1.732660178814904128e+01 -1.253723692893981934e+01
-1.746209027403492087e+01 -1.268791162967681885e+01
-1.693583203978457519e+01 -1.196754209200541119e+01
-1.717514670097221696e+01 -1.234136637051900287e+01
-1.713258869365110115e+01 -1.252399563789367676e+01
-1.700324040752346377e+01 -1.224429396788279156e+01
-1.699310529029975569e+01 -1.136680956681569477e+01
-1.717030969716734745e+01 -1.204978565375010113e+01
-1.719279362791675680e+01 -1.214450502395629883e+01
-1.760131439920199270e+01 -1.139202447732289691e+01
-1.726545351642673154e+01 -1.225652627150217633e+01
-1.734374904632568359e+01 -1.227630229791005512e+01
-1.711340396687135978e+01 -1.272895824909210205e+01
-1.759068089016413339e+01 -1.240714065233866314e+01
-1.735642709570415931e+01 -1.200395695368448834e+01
-1.676500520867816491e+01 -1.245717986424764057e+01
-1.716413577128264834e+01 -1.227068781852722168e+01
-1.737216105703580027e+01 -1.265163636207580566e+01
-1.673860491736460432e+01 -1.237400348981221576e+01
-1.729765861317262932e+01 -1.180769709746042828e+01
-1.703561130620665409e+01 -1.274501363436380963e+01
-1.743760369995893100e+01 -1.283669845263163189e+01
-1.706471999216887880e+01 -1.302856222788492779e+01
-1.723217893050888705e+01 -1.244843904177347760e+01
-1.738182716046349441e+01 -1.219951266050338745e+01
-1.763501221446667699e+01 -1.220263048013051410e+01
-1.728251068470841645e+01 -1.234019406636556049e+01
-1.724054178949129934e+01 -1.159869233767191510e+01
-1.718631633661561153e+01 -1.206388060251871686e+01
-1.735100505311610419e+01 -1.283336249987284283e+01
-1.759563800844095383e+01 -1.198789020379384418e+01
-1.724048304153701139e+01 -1.221380285422007184e+01
-1.629684156482502644e+01 -1.224923515319824219e+01
-1.767288414906647276e+01 -1.143844064076741596e+01
-1.719896103163896939e+01 -1.259182564417521100e+01
-1.695920918351512796e+01 -1.245394480228424072e+01
-1.717739370313741532e+01 -1.154641707738240619e+01
-1.743631837327601630e+01 -1.260877267519632916e+01
-1.767032113317715769e+01 -1.206742771466573139e+01
-1.730842435966103920e+01 -1.218971053759256939e+01
-1.718543574769618232e+01 -1.238195860385894775e+01
-1.726690968012405492e+01 -1.250596598784128766e+01
-1.703641206935300545e+01 -1.297317246596018414e+01
-1.612663156703366951e+01 -1.221817362308502197e+01
-1.722420712648812113e+01 -1.273865664005279541e+01
-1.743115045256533691e+01 -1.244632287820180316e+01
-1.757889631239034500e+01 -1.280436174074808697e+01
-1.743292903900146484e+01 -1.226771871248880963e+01
-1.757651588472269211e+01 -1.187146095434824566e+01
-1.758297909720469221e+01 -1.260266089439392090e+01
-1.759894129381341443e+01 -1.237421250343322754e+01
-1.770565723160565952e+01 -1.151647015412648578e+01
-1.744143723633329657e+01 -1.251381369431813617e+01
-1.769052227472854710e+01 -1.309222086270650287e+01
-1.776287992930008031e+01 -1.238697612285614014e+01
-1.749457510447097874e+01 -1.212450508276621441e+01
-1.713395886502023302e+01 -1.218898979822794537e+01
-1.760971350589041151e+01 -1.186001777648925781e+01
-1.769640781919834893e+01 -1.255677964289983173e+01
-1.788926979646844373e+01 -1.251231602827707867e+01
-1.748988356832730418e+01 -1.245934236049652100e+01
-1.736487624604823310e+01 -1.227250858147939105e+01
-1.736192099522736143e+01 -1.192051180203755756e+01
-1.752313056234585886e+01 -1.102343408266703229e+01
-1.713850204823380707e+01 -1.231272542476654053e+01
-1.727657450659800276e+01 -1.240166886647542377e+01
-1.716752593800173088e+01 -1.210974065462748150e+01
-1.735020321506564756e+01 -1.101484860976537128e+01
-1.733989357544204069e+01 -1.157280492782592773e+01
-1.693982486401574050e+01 -1.269777095317840576e+01
-1.736141775422177247e+01 -1.219473437468210797e+01
-1.724381134065530929e+01 -1.198429266611734967e+01
-1.679740865351790191e+01 -1.244392325480779071e+01
-1.751584468453617305e+01 -1.203414144118626972e+01
-1.768433057655722251e+01 -1.255278106530507465e+01
-1.769319321745533102e+01 -1.190511886278788189e+01
-1.797258672067674468e+01 -1.143373938401540180e+01
-1.776186724840584574e+01 -1.196028451124827008e+01
-1.707252065205978298e+01 -1.226350283622741699e+01
-1.771711799653909836e+01 -1.221001680692037006e+01
-1.726269963636236682e+01 -1.220544314384460449e+01
-1.744862117605694252e+01 -1.255715755621592145e+01
-1.732027402166592722e+01 -1.261936704317728619e+01
-1.758149361206313444e+01 -1.229240445295969586e+01
-1.738998501987780543e+01 -1.179602773984273334e+01
-1.776250743865966797e+01 -1.236263501644134521e+01
-1.750381582066164299e+01 -1.142151288191477398e+01
-1.750296208818080146e+01 -1.187312066555023193e+01
-1.772850161083674081e+01 -1.174133845170339008e+01
-1.677641521874120656e+01 -1.211980867385864258e+01
-1.776336732961363651e+01 -1.216255366802215576e+01
-1.772796992124137105e+01 -1.227440643310546875e+01
-1.748290314108638555e+01 -1.289559809366861920e+01
-1.766830165507429840e+01 -1.259716109434763531e+01
-1.707549084647227033e+01 -1.269470584392547607e+01
-1.747502966250403489e+01 -1.286706952253977398e+01
-1.763222140780949942e+01 -1.228726104895273785e+01
-1.726767759808039315e+01 -1.260225490729014020e+01
-1.752919273861384042e+01 -1.254629766941070557e+01
-1.733983592663781081e+01 -1.198498976230621338e+01
-1.771406258566904768e+01 -1.200359133879343609e+01
-1.767728426496861260e+01 -1.231588947772979736e+01
-1.772938940888744241e+01 -1.191251301765441895e+01
-1.770894940424773623e+01 -1.221015151341756244e+01
-1.739457844879667547e+01 -1.042288748423258404e+01
-1.748100889335244545e+01 -1.178962393601735492e+01
-1.726574460530685329e+01 -1.134329513708750348e+01
-1.763200454388634597e+01 -1.247212370236714740e+01
-1.798709849179801168e+01 -1.251013509432474713e+01
-1.786409658496662800e+01 -1.214992849032084088e+01
-1.795469911219710113e+01 -1.253630228837331195e+01
-1.768473170167308695e+01 -1.239319113890329938e+01
-1.778644283747268773e+01 -1.115539149443308453e+01
-1.760873448646674788e+01 -1.191758692264556885e+01
-1.832855711144916100e+01 -1.217713133494059186e+01
-1.762080314603902664e+01 -1.262019824981689453e+01
-1.781475147958529348e+01 -1.214865994453430176e+01
-1.764104613611253569e+01 -1.235331900914510150e+01
-1.769141935898085904e+01 -1.230889225006103516e+01
-1.794540442450571760e+01 -1.164671321709950824e+01
-1.750174330048642091e+01 -1.174700009822845459e+01
-1.757393976793450818e+01 -1.206619648138681988e+01
-1.772820029016268606e+01 -1.211236349741617779e+01
-1.793239935373855687e+01 -1.226546565691629986e+01
-1.757135087352688174e+01 -1.216149950027465820e+01
-1.752322860491477741e+01 -1.132131596406300922e+01
-1.752182624299647529e+01 -1.166542820135752301e+01
-1.800440435894465097e+01 -1.248132967948913574e+01
-1.767452325659283119e+01 -1.196597282091776471e+01
-1.750841531915179772e+01 -1.224232564369837384e+01
-1.749318916514768318e+01 -1.277292354901631732e+01
-1.800699555671821273e+01 -1.225840957959493061e+01
-1.781755613876601529e+01 -1.184000957012176514e+01
-1.784784252360715584e+01 -1.271818443139394184e+01
-1.828182831457105806e+01 -1.183897078037261963e+01
-1.756981664592936809e+01 -1.118248705069223981e+01
-1.755830119828046421e+01 -1.201530083020528217e+01
-1.796460577593011365e+01 -1.131685793399810791e+01
-1.802173746238320717e+01 -1.204470094045003314e+01
-1.789486001709760288e+01 -1.149876153469085693e+01
-1.794642496109008789e+01 -1.216145265102386475e+01
-1.814071561522402831e+01 -1.177526442209879498e+01
-1.800658984103445448e+01 -1.201650853951772113e+01
-1.808166842541452013e+01 -1.189135706424713135e+01
-1.735264142084929873e+01 -1.200535547733306885e+01
-1.812081117953284348e+01 -1.222366237640380859e+01
-1.795250493389065127e+01 -1.232079203923543353e+01
-1.824734523740865555e+01 -1.202030237515767475e+01
-1.734341009592605687e+01 -1.221909173329671283e+01
-1.821740687095512712e+01 -1.191574780146280865e+01
-1.766816081030894026e+01 -1.149682780106862445e+01
-1.754700778702558139e+01 -1.246240599950154682e+01
-1.774901988142627829e+01 -1.213121485710144043e+01
-1.812638425018827704e+01 -1.226755893230438232e+01
-1.784610250440694657e+01 -1.076253028710683246e+01
-1.778709802789203209e+01 -1.287644346555074115e+01
-1.790755309088755354e+01 -1.176861572265625000e+01
-1.797950050386331711e+01 -1.062849976619084735e+01
-1.785759360911482574e+01 -1.211177221934000592e+01
-1.783177767769765154e+01 -1.238139160474141498e+01
-1.739234832181768908e+01 -1.224993459383646588e+01
-1.796083346059766939e+01 -1.198216346899668316e+01
-1.811899334697400121e+01 -1.123108907540639301e+01
-1.786061602123713143e+01 -1.226192597548166852e+01
-1.828169668326943764e+01 -1.239479843775431256e+01
-1.844150528665316457e+01 -1.229116861025492291e+01
-1.825256818836018269e+01 -1.193415882190068622e+01
-1.788773417068740201e+01 -1.223825383186340332e+01
-1.798711948879694589e+01 -1.211601241429646869e+01
-1.748442135018817467e+01 -1.191618704795837402e+01
-1.835464804051285981e+01 -1.198021431763966937e+01
-1.776931774010092369e+01 -1.216536072889963727e+01
-1.712134914883112558e+01 -1.192135628064473529e+01
-1.781587683144262257e+01 -1.235659778118133545e+01
-1.808536182015629024e+01 -1.243499143918355365e+01
-1.764562539731041824e+01 -1.106589655081431012e+01
-1.805192491563699875e+01 -1.210698465506235699e+01
-1.804079442105050646e+01 -1.138642811775207520e+01
-1.814172555632510253e+01 -1.232234346866607666e+01
-1.840536561254727488e+01 -1.215777285893758197e+01
-1.808939746274786486e+01 -1.115535787741343121e+01
-1.791116798530190835e+01 -1.244938993453979492e+01
-1.798900478977267881e+01 -1.231864539782206158e+01
-1.829211894536422633e+01 -1.214589818318684955e+01
-1.835180606680401283e+01 -1.215819007158279419e+01
-1.833409496081077350e+01 -1.160607298215230365e+01
-1.821594684406862541e+01 -1.195877762635548969e+01
-1.778461290618120572e+01 -1.240279344717661481e+01
-1.699999795525760860e+01 -1.175123902161916156e+01
-1.806646323608139681e+01 -1.200969378153483014e+01
-1.774082098168841881e+01 -1.159218557675679584e+01
-1.756269033076399566e+01 -1.212752433617909809e+01
-1.828142131385156688e+01 -1.126033850510915180e+01
-1.834653796988018470e+01 -1.159785862763722797e+01
-1.771135189573643487e+01 -1.160886510213216205e+01
-1.820203600091449303e+01 -1.204239678382873535e+01
-1.773132799439511231e+01 -1.213595501581827740e+01
-1.815726870197360654e+01 -1.097890150547027588e+01
-1.782792076822054739e+01 -1.152489169438680072e+01
-1.822232223769365689e+01 -1.197914075851440430e+01
-1.842759484759831778e+01 -1.195607602596282959e+01
-1.819237938573805025e+01 -1.122658058007558246e+01
-1.736631589824870403e+01 -1.217764655749003033e+01
-1.790873157371908775e+01 -1.192847534020741840e+01
-1.827689091633942198e+01 -1.224616984526316266e+01
-1.796012359554484661e+01 -1.167136804262796979e+01
-1.770655828411296184e+01 -1.100715859731038471e+01
-1.786389889151363164e+01 -1.200554978847503662e+01
-1.844999815245806118e+01 -1.157696314652760883e+01
-1.826491618560532260e+01 -1.170399868488311768e+01
-1.827653383804580045e+01 -1.181396436691284180e+01
-1.781677360857947434e+01 -1.078930036226908307e+01
-1.780422693996106176e+01 -1.237992672125498395e+01
-1.760030828088016719e+01 -1.199968560536702533e+01
-1.825383080466318830e+01 -1.171697123845418353e+01
-1.787874889373779297e+01 -1.183272846539815326e+01
-1.808913219581216225e+01 -1.141319580872853656e+01
-1.801048054937588816e+01 -1.178690687815348248e+01
-1.807312162043684722e+01 -1.081462281942367554e+01
-1.789080962488206694e+01 -1.180689879258473773e+01
-1.809426573575553121e+01 -1.249396550655364990e+01
-1.819954109191894531e+01 -1.243592043717702289e+01
-1.834926846875982775e+01 -1.204236257076263428e+01
-1.824273520000910409e+01 -1.229804897308349609e+01
-1.831957323268308357e+01 -1.166510005791982074e+01
-1.832078183707544383e+01 -1.159323501586914062e+01
-1.848679219262074724e+01 -1.182064465681711773e+01
-1.839475534730038575e+01 -1.152728939056396484e+01
-1.822623469465870016e+01 -1.188855826854705811e+01
-1.805841678684040730e+01 -1.143466051419576068e+01
-1.860344700894113146e+01 -1.221199186642964740e+01
-1.789874591665752845e+01 -1.150340449810028076e+01
-1.850189750477419182e+01 -1.194923186302185059e+01
-1.838518510430546016e+01 -1.181829814116160016e+01
-1.805902003433744696e+01 -1.208667393525441547e+01
-1.840817658375885557e+01 -1.105549597740173340e+01
-1.815611030287661620e+01 -1.173047455151875873e+01
-1.851485809229188106e+01 -1.186599302291870117e+01
-1.800106155266195884e+01 -1.220676227410634418e+01
-1.855909799317182163e+01 -1.145648956298828125e+01
-1.823924931833299468e+01 -1.181919892628987689e+01
-1.855186034057100031e+01 -1.205139716466267963e+01
-1.833216954085786554e+01 -1.205054521560668945e+01
-1.832569212024494831e+01 -1.162048033873240094e+01
-1.855970714051844794e+01 -1.185597952206929584e+01
-1.823532427771616682e+01 -1.183999121189117432e+01
-1.779838359962075600e+01 -1.061894945303598981e+01
-1.797582471168647444e+01 -1.201920135815938373e+01
-1.807417279582912784e+01 -1.215072643756866455e+01
-1.816025828506986883e+01 -1.149911101659139057e+01
-1.784707103341312617e+01 -1.241209880510965924e+01
-1.865273682545807432e+01 -1.143394958972930908e+01
-1.831780057034249865e+01 -1.221625856558481793e+01
-1.881040747691008974e+01 -1.192874256769816022e+01
-1.865962125487246581e+01 -1.180909804503122906e+01
-1.775293085938793070e+01 -1.246882832050323486e+01
-1.834897666058297716e+01 -1.242263698577880859e+01
-1.739837215714535645e+01 -1.229478077093760113e+01
-1.860135379888243534e+01 -1.183918058872222900e+01
-1.851827530133522259e+01 -1.177413519223531146e+01
-1.832327369916237103e+01 -1.175826799869537354e+01
-1.840470728631747122e+01 -1.194384912649790387e+01
-1.837994460736290847e+01 -1.083615992466608624e+01
-1.800132617303880522e+01 -1.245850129922231098e+01
-1.887101490214719490e+01 -1.199758883317311664e+01
-1.869404562449050999e+01 -1.182063857714335064e+01
-1.845696239956354745e+01 -1.207943681875864606e+01
-1.812002592571711190e+01 -1.149621327718099018e+01
-1.865119665760104795e+01 -1.205834174156188965e+01
-1.844370455661062635e+01 -1.192973872025807758e+01
-1.858478599483683880e+01 -1.238267421722412109e+01
-1.827148290407859577e+01 -1.187377379337946515e+01
-1.839488736653732204e+01 -1.218739128112792969e+01
-1.821541359465000909e+01 -1.184039604663848877e+01
-1.802091297860873098e+01 -1.206296034653981586e+01
-1.847521106267379665e+01 -1.201898280779520611e+01
-1.841213900355969457e+01 -1.212576731046040912e+01
-1.745633169756097303e+01 -1.228762781620025635e+01
-1.847234368728378939e+01 -1.166248802344004254e+01
-1.787449045504553879e+01 -1.194421927134195904e+01
-1.846955150668904011e+01 -1.198463443915049176e+01
-1.833049353098465062e+01 -1.149244745572408100e+01
-1.841383662466275339e+01 -1.145613102118174176e+01
-1.899521902052022782e+01 -1.192996050914128681e+01
-1.853134300749180596e+01 -1.228665626049041748e+01
-1.832842594082072551e+01 -1.095998811721801758e+01
-1.866126253645298760e+01 -1.186710806687672992e+01
-1.838433955887616733e+01 -1.180741751194000244e+01
-1.754733107453685648e+01 -1.118923250834147076e+01
-1.869948644153142325e+01 -1.214867786566416363e+01
-1.865719147859993754e+01 -1.152580463886260986e+01
-1.824954699661772040e+01 -1.187977353731791119e+01
-1.856311814259674620e+01 -1.200757380326589008e+01
-1.894849809549622677e+01 -1.144724603494008441e+01
-1.815707159850557062e+01 -1.108900193373362164e+01
-1.829057365352824505e+01 -1.209294021129608154e+01
-1.862494273104910292e+01 -1.182552897930145264e+01
-1.848336361222348145e+01 -1.186709284782409668e+01
-1.890397246409270693e+01 -1.220805533727010150e+01
-1.858709763672392157e+01 -1.178647474447886090e+01
-1.821084736161312989e+01 -1.225731432437896729e+01
-1.853944468094130826e+01 -1.191511074701944928e+01
-1.907834707680395070e+01 -1.201347430547078510e+01
-1.860034462557000623e+01 -1.179867744445800781e+01
-1.866721994593991951e+01 -1.167345873514811139e+01
-1.866153097960908624e+01 -1.196568357944488525e+01
-1.868408215247978532e+01 -1.145222910245259662e+01
-1.849815513319888183e+01 -1.194310998916625977e+01
-1.836276965222116075e+01 -1.204847276210784912e+01
-1.882432073657795613e+01 -1.182364583015441895e+01
-1.845845157009060244e+01 -1.100000647703806500e+01
-1.888934558124865504e+01 -1.177429457505544086e+01
-1.876897304340944572e+01 -1.104959241549173932e+01
-1.850083841711787969e+01 -1.145981069405873676e+01
-1.857168438475010674e+01 -1.226896119117736816e+01
-1.834895774065438090e+01 -1.237456170717875104e+01
-1.821503061359211628e+01 -1.248538394769032855e+01
-1.869898381475674753e+01 -1.208734011650085449e+01
-1.833074885707790713e+01 -1.199727308750152588e+01
-1.825156993381047599e+01 -1.186838718255360980e+01
-1.876611402479268875e+01 -1.170402518908182721e+01
-1.884153210914741194e+01 -1.082148961226145367e+01
-1.855306698104082486e+01 -1.055172757307688336e+01
-1.849259111436746750e+01 -1.124977815151214600e+01
-1.894315035868499209e+01 -1.213284607728322406e+01
-1.831614966311697401e+01 -1.184382784366607666e+01
-1.922464278592901721e+01 -1.163860845565795898e+01
-1.850314373081013386e+01 -1.224022018909454346e+01
-1.848979997634887695e+01 -1.183858974774678607e+01
-1.908296470318810378e+01 -1.186541827519734760e+01
-1.871684459104376330e+01 -1.171789169311523438e+01
-1.879127299583564437e+01 -1.158582778771718402e+01
-1.839082605555906014e+01 -1.113475191593170166e+01
-1.869347060736963329e+01 -1.187274475892384906e+01
-1.813391457573842303e+01 -1.203205982844034772e+01
-1.874049901962280273e+01 -1.179957628250122070e+01
-1.860131039053706914e+01 -1.192233586311340332e+01
-1.861325752128988853e+01 -1.145826752980550189e+01
-1.817965861498299418e+01 -1.139829727013905902e+01
-1.829420699911602455e+01 -1.130877963701883893e+01
-1.925583650298037597e+01 -1.157037289937337299e+01
-1.883756016876737860e+01 -1.168501520156860352e+01
-1.887368966765322753e+01 -1.214490032196044922e+01
-1.859943731760574437e+01 -1.206403191884358783e+01
-1.823497888597391281e+01 -1.134949282805124859e+01
-1.836513214596247323e+01 -1.179080919424692731e+01
-1.880619999513787732e+01 -1.175820346673329730e+01
-1.855302132590342268e+01 -1.193177072207132916e+01
-1.921019734366465315e+01 -1.198161005973815918e+01
-1.857941005189540107e+01 -1.203248258431752582e+01
-1.895091331611245522e+01 -1.212262499332427979e+01
-1.921066558967202553e+01 -1.157202967007954975e+01
-1.896335852348198259e+01 -1.201824724674224854e+01
-1.864613316422801859e+01 -1.147726098696390729e+01
-1.870893320794833059e+01 -1.195823975404103656e+01
-1.908006394919702586e+01 -1.216996673742930035e+01
-1.910387720495967656e+01 -1.195239400863647461e+01
-1.888802066091763621e+01 -1.178322529792785645e+01
-1.891708406351380489e+01 -1.199460721015930176e+01
-1.913411202673184519e+01 -1.186623597145080566e+01
-1.915532131518347825e+01 -1.161175870895385742e+01
-1.862863266670097673e+01 -1.177989971637725830e+01
-1.818951045052479998e+01 -1.160946547985076904e+01
-1.875775810823602185e+01 -1.143749356269836426e+01
-1.884827016571820835e+01 -1.206813224156697650e+01
-1.865080892433554283e+01 -1.095750470956166644e+01
-1.785370215723069975e+01 -1.170112645626068115e+01
-1.835233285871602860e+01 -1.183200260003407855e+01
-1.870102112172013520e+01 -1.176568675041198730e+01
-1.890682113776772866e+01 -1.201939109961191754e+01
-1.904908566555734240e+01 -1.161619313557942768e+01
-1.843888106588589793e+01 -1.225268824895223041e+01
-1.916904348438069050e+01 -1.154012950261433978e+01
-1.889961351782588750e+01 -1.203678985436757465e+01
-1.906720189724938308e+01 -1.184228344758351703e+01
-1.935708125162932802e+01 -1.186593918005625348e+01
-1.880739355895478937e+01 -1.176731697718302350e+01
-1.844311253499176573e+01 -1.179239435990651508e+01
-1.907004657034146433e+01 -1.188781634966532330e+01
-1.915228588298215584e+01 -1.193475647767384906e+01
-1.883267971620721326e+01 -1.190191547075907330e+01
-1.895075777021505203e+01 -1.145837950706481934e+01
-1.900963647486799957e+01 -1.150818757216135602e+01
-1.890760615720587268e+01 -1.192590097586313824e+01
-1.887800190004251633e+01 -1.164211177825927734e+01
-1.864413348699020290e+01 -1.210936017831166644e+01
-1.927270599947137342e+01 -1.157493603229522705e+01
-1.894133079658120522e+01 -1.186819283167521100e+01
-1.796686564461659685e+01 -1.216949999332427979e+01
-1.903059476108874293e+01 -1.137950038909912109e+01
-1.831107093520083495e+01 -1.248398800690968891e+01
-1.905459349842394801e+01 -1.193655455112457275e+01
-1.854042915570533978e+01 -1.083909793694814105e+01
-1.759721925703145828e+01 -1.176022525628407855e+01
-1.887795726323532008e+01 -1.175169543425242047e+01
-1.895747064331830600e+01 -1.209922997156778912e+01
-1.923145265094304435e+01 -1.126494133472442627e+01
-1.872919990248599120e+01 -1.189800024032592773e+01
-1.867505949634616513e+01 -1.133597775300343891e+01
-1.925808436183606176e+01 -1.177854168415069580e+01
-1.919903480400473228e+01 -1.179157261053721051e+01
