# Train Val
-5.793428322016182186e+00 -9.826893369356790586e+00
-9.979333732087733111e+00 -1.003601245085398297e+01
-1.013096986382694631e+01 -1.012608945369720459e+01
-1.012192343857328858e+01 -1.023002604643503766e+01
-1.019257534964610024e+01 -1.015992760658264160e+01
-1.021002963437872424e+01 -1.022387282053629498e+01
-1.021243413019988466e+01 -1.019625850518544574e+01
-1.025552365739466865e+01 -1.026602109273274799e+01
-1.028588574619616480e+01 -1.015999615192413330e+01
-1.035047752574338809e+01 -1.035820488135019879e+01
-1.035473419448076626e+01 -1.034814679622650146e+01
-1.043498497494196542e+01 -1.039059611161549945e+01
-1.060984187206979534e+01 -1.023874159653981586e+01
-1.082267079919071584e+01 -1.044446027278900146e+01
-1.098476182000111656e+01 -1.094086321194966693e+01
-1.127001970097169981e+01 -1.124444580078125000e+01
-1.130797382936639295e+01 -1.165611286958058734e+01
-1.155861716351266644e+01 -1.093861377239227295e+01
-1.177564510248475216e+01 -1.174498669306437115e+01
-1.187380405199729871e+01 -1.222972861925760846e+01
-1.223435818138769093e+01 -1.226933670043945312e+01
-1.229771307767447830e+01 -1.189668571949005127e+01
-1.235295144582198823e+01 -1.210523752371470074e+01
-1.255212228581056699e+01 -1.273140903313954730e+01
-1.243811402886600881e+01 -1.263324781258901019e+01
-1.286594930745787480e+01 -1.239716029167175293e+01
-1.276476194898960870e+01 -1.249120326836903949e+01
-1.307720467195672498e+01 -1.225028304258982281e+01
-1.303513237581414685e+01 -1.264359362920125385e+01
-1.301989911774457553e+01 -1.313670245806376080e+01
-1.331540043071164980e+01 -1.241185502211252789e+01
-1.339593630321955331e+01 -1.124993908405303955e+01
-1.325690333317902159e+01 -1.323612884680430035e+01
-1.344126999580253923e+01 -1.317969946066538434e+01
-1.340573356111170966e+01 -1.347855126857757568e+01
-1.366110467910766602e+01 -1.324350078900655170e+01
-1.377184198670468085e+01 -1.092931115627288818e+01
-1.376440474946620185e+01 -1.381524018446604352e+01
-1.401001425112708176e+01 -1.346204058329264264e+01
-1.403916752540459001e+01 -1.169756114482879639e+01
-1.390840654049889480e+01 -1.386991477012634277e+01
-1.418855245234602513e+01 -1.124288821220397949e+01
-1.374157146680152941e+01 -1.132524859905242920e+01
-1.379488701739553669e+01 -1.371184921264648438e+01
-1.435085925409349272e+01 -1.330547257264455219e+01
-1.417841107966536107e+01 -1.401878420511881451e+01
-1.397244435649807137e+01 -1.128834549585978131e+01
-1.382572562815779271e+01 -1.398875510692596436e+01
-1.394166993286650147e+01 -1.376684633890787701e+01
-1.392859344159142410e+01 -1.368516941865285297e+01
-1.421610445895437458e+01 -1.405969039599100689e+01
-1.455615985999673079e+01 -1.388725002606709857e+01
-1.446606958518593977e+01 -1.303071697552998920e+01
-1.433063380192902159e+01 -1.286424104372660260e+01
-1.454961338689771821e+01 -1.408145578702290912e+01
-1.425530309192204825e+01 -1.354537665843963623e+01
-1.466741033327781629e+01 -1.436792910099029541e+01
-1.483665844545526014e+01 -1.415929492314656635e+01
-1.474147696414236286e+01 -1.186480756600697894e+01
-1.472537435111352977e+01 -1.390120557943979840e+01
-1.450533444194470434e+01 -1.151269884904225727e+01
-1.493565791340197535e+01 -1.241971242427825928e+01
-1.472448011172019910e+01 -1.447474757830301861e+01
-1.487383803674730132e+01 -1.426827474435170551e+01
-1.482494462546655711e+01 -1.453993288675943951e+01
-1.481529509010961476e+01 -1.455165870984395404e+01
-1.491849976879055184e+01 -1.450174697240193744e+01
-1.485909180721994183e+01 -1.333059167861938477e+01
-1.482136009507260077e+01 -1.471504954497019391e+01
-1.473545528670488736e+01 -1.476212124029795270e+01
-1.514626883652250733e+01 -1.478366533915201764e+01
-1.518235369860115647e+01 -1.409996124108632465e+01
-1.483365916397612061e+01 -1.469395542144775391e+01
-1.524174254627551051e+01 -1.272714225451151471e+01
-1.504611433158486555e+01 -1.457498784859975238e+01
-1.486342422840959010e+01 -1.331682165463765521e+01
-1.473121320595175554e+01 -1.437621327241261859e+01
-1.491439930867340635e+01 -1.442528768380483051e+01
-1.513698695877851108e+01 -1.376842490832010846e+01
-1.529675849817567013e+01 -1.448106892903645893e+01
-1.532400686458005801e+01 -1.401594622929891010e+01
-1.529573865664207410e+01 -1.380754137039184570e+01
-1.481343884387258747e+01 -1.397128558158874512e+01
-1.543119984966213387e+01 -1.430869841575622559e+01
-1.518281349893343624e+01 -1.442099905014038086e+01
-1.531389364145569942e+01 -1.472506876786549945e+01
-1.580840365361359190e+01 -1.423338023821512799e+01
-1.557998637829796706e+01 -1.454469048976898193e+01
-1.534020047268625042e+01 -1.313243559996286969e+01
-1.496788391016297481e+01 -1.437179728349049945e+01
-1.566216842198775971e+01 -1.342176747322082520e+01
-1.512126537904901014e+01 -1.161641828219095807e+01
-1.555490918078664997e+01 -1.471214175224304199e+01
-1.549063615475670730e+01 -1.413047452767690082e+01
-1.527507067534883056e+01 -1.429013268152872662e+01
-1.534113239837905063e+01 -1.319207696119944195e+01
-1.559391586659318385e+01 -1.523696176211039166e+01
-1.529043297040260363e+01 -1.225561606884002686e+01
-1.525313960091542320e+01 -1.431407817204793353e+01
-1.549400929273185135e+01 -1.297625529766082764e+01
-1.555143455731666613e+01 -1.417996648947397809e+01
-1.566696091021521653e+01 -1.354730645815531354e+01
-1.567884771702653346e+01 -1.282100395361582379e+01
-1.554839682174941196e+01 -1.459356172879537006e+01
-1.562937719539060488e+01 -1.435953132311503033e+01
-1.596401887020822308e+01 -1.511168809731801410e+01
-1.542032826957056102e+01 -1.372256871064504047e+01
-1.558241966215230612e+01 -1.470829494794209857e+01
-1.582536736181226900e+01 -1.316199290752410889e+01
-1.555835763478683198e+01 -1.461437610785166363e+01
-1.577665146326614654e+01 -1.545937685171763043e+01
-1.538030433654785156e+01 -1.544848597049713135e+01
-1.593120388257301379e+01 -1.491554888089497943e+01
-1.552299793695999419e+01 -1.526058367888132672e+01
-1.588053798675537109e+01 -1.512737170855204205e+01
-1.587403840533757560e+01 -1.508401834964752197e+01
-1.562347599611443982e+01 -1.321550707022348981e+01
-1.554775756092394801e+01 -1.507332785924275775e+01
-1.595822769100383098e+01 -1.550893676280975342e+01
-1.592213472269349239e+01 -1.565578711032867432e+01
-1.572824426424705457e+01 -1.513133641084035297e+01
-1.614779726933624815e+01 -1.469805602232615094e+01
-1.600220081361673508e+01 -1.514649252096811871e+01
-1.573298895561088884e+01 -1.453215205669403076e+01
-1.615680967751195851e+01 -1.495690488815307617e+01
-1.614868633625870942e+01 -1.472016815344492535e+01
-1.577524263575925723e+01 -1.497372714678446393e+01
-1.574644265740604787e+01 -1.482419494787851910e+01
-1.630963459661451509e+01 -1.553510602315266986e+01
-1.581100019357972286e+01 -1.491167700290679932e+01
-1.575804707155389295e+01 -1.554743353525797467e+01
-1.603286747205055462e+01 -1.316691366831461529e+01
-1.594659518387358155e+01 -1.344714558124542236e+01
-1.628435056492433830e+01 -1.466457271575927734e+01
-1.609641319210246380e+01 -1.476301948229471783e+01
-1.609317853087085837e+01 -1.511064008871714215e+01
-1.598043714943578664e+01 -1.421981632709503174e+01
-1.618601654343686036e+01 -1.557696143786112408e+01
-1.649924890873795746e+01 -1.475302060445149799e+01
-1.632541355844271536e+01 -1.508364383379618268e+01
-1.630737747580318242e+01 -1.563083787759145160e+01
-1.551979847277625169e+01 -1.563438483079274555e+01
-1.640902214535212167e+01 -1.510720996061960797e+01
-1.605639985456305041e+01 -1.586597005526224713e+01
-1.624870952509217403e+01 -1.482906973361968994e+01
-1.640575029082217284e+01 -1.200177129109700580e+01
-1.593910297296815060e+01 -1.413522708415985107e+01
-1.653381169044365251e+01 -1.584613970915476422e+01
-1.655948831267275878e+01 -1.488854893048604389e+01
-1.658649472867028152e+01 -1.397545568148295025e+01
-1.595979802891359434e+01 -1.372811615467071533e+01
-1.637464205693390440e+01 -1.574809002876281738e+01
-1.658198454420445245e+01 -1.556513738632202148e+01
-1.660483685994552516e+01 -1.489584855238596539e+01
-1.672967144594354139e+01 -1.499047402540842633e+01
-1.626022645982645187e+01 -1.415213640530904193e+01
-1.656034870470984544e+01 -1.483813166618347168e+01
-1.662351118508031789e+01 -1.274100939432779889e+01
-1.641079405606803121e+01 -1.427737828095754047e+01
-1.629770538362405929e+01 -1.490892636775970459e+01
-1.621811337390188612e+01 -1.612040448188781738e+01
-1.682685981362552852e+01 -1.576763145128885846e+01
-1.673107902882462739e+01 -1.511077606678009033e+01
-1.652120292792886147e+01 -1.406781415144602398e+01
-1.628134425211760927e+01 -1.494578651587168316e+01
-1.587310560679031646e+01 -1.519940360387166400e+01
-1.665210428884473970e+01 -1.509797620773315430e+01
-1.672696544356265136e+01 -1.550161071618398090e+01
-1.698871940677448933e+01 -1.446985606352488141e+01
-1.699097530720597504e+01 -1.546526817480723004e+01
-1.647606734098014059e+01 -1.562367169062296490e+01
-1.668819815425549535e+01 -1.463709298769632916e+01
-1.695762340093063258e+01 -1.345401457945505719e+01
-1.664461560976707233e+01 -1.389189604918161969e+01
-1.643116743281736092e+01 -1.590191833178202252e+01
-1.676986722622887527e+01 -1.326121044158935547e+01
-1.678112288652840434e+01 -1.527267066637674908e+01
-1.674852849669375487e+01 -1.460904622077941895e+01
-1.724856510000713783e+01 -1.360986876487731934e+01
-1.690128829923726883e+01 -1.320804397265116314e+01
-1.714136095370276536e+01 -1.466861553986867328e+01
-1.706558249360423929e+01 -1.343436829249064068e+01
-1.624883170855247272e+01 -1.494935802618662457e+01
-1.673913981550830954e+01 -1.587679032484690289e+01
-1.582612412662829371e+01 -1.358684670925140381e+01
-1.708580785686686809e+01 -1.611654917399088660e+01
-1.673370453462762342e+01 -1.561163886388142963e+01
-1.732012594352334389e+01 -1.630210518836975098e+01
-1.656756803544901047e+01 -1.619804275035858154e+01
-1.714627785601858534e+01 -1.529964669545491596e+01
-1.672464489532729459e+01 -1.429445644219716449e+01
-1.660341310501098633e+01 -1.564714745680491070e+01
-1.706775700035741750e+01 -1.614727640151977539e+01
-1.710093343864053139e+01 -1.545883798599243164e+01
-1.696966579404928055e+01 -1.583333917458852191e+01
-1.719510472022880876e+01 -1.442308672269185443e+01
-1.670672109571554032e+01 -1.597420211633046527e+01
-1.719515580646062247e+01 -1.618860403696696082e+01
-1.718850637694536587e+01 -1.613166725635528564e+01
-1.683360049684169013e+01 -1.614030623435974121e+01
-1.689995719618716308e+01 -1.623991926511128625e+01
-1.699051443196959355e+01 -1.513479912281036377e+01
-1.651889407432685530e+01 -1.518581787745157818e+01
-1.708196038714909903e+01 -1.245361328125000000e+01
-1.705751335014731040e+01 -1.371248622735341449e+01
-1.698538131228947989e+01 -1.290026311079660992e+01
-1.687428568177304200e+01 -1.510225383440653424e+01
-1.716514737727278472e+01 -1.637753935654957971e+01
-1.692832882121457772e+01 -1.349624256292978863e+01
-1.750810555280265035e+01 -1.537550004323323627e+01
-1.668784598172721090e+01 -1.476743463675181012e+01
-1.740854689226312146e+01 -1.608460164070129395e+01
-1.708884181814678627e+01 -1.632449738184611121e+01
-1.671747602850703984e+01 -1.648569885889689246e+01
-1.690834460824222774e+01 -1.549084480603536029e+01
-1.750789477461475485e+01 -1.636095460255940637e+01
-1.738998308020122963e+01 -1.470817267894744873e+01
-1.712590946585445195e+01 -1.320104078451792340e+01
-1.721797336158105907e+01 -1.522147560119628906e+01
-1.715566302154023859e+01 -1.484586242834726910e+01
-1.691177857932397899e+01 -1.259179997444152832e+01
-1.680756564059500135e+01 -1.429310584068298340e+01
-1.712768091589717656e+01 -1.619072453180949012e+01
-1.761151561090501616e+01 -1.433360703786214252e+01
-1.751484042507107119e+01 -1.608086736996968469e+01
-1.714314191624269768e+01 -1.517148872216542621e+01
-1.745871673196048945e+01 -1.551155849297841449e+01
-1.764199412879297313e+01 -1.323534687360127826e+01
-1.778740246821257998e+01 -1.383248392740885357e+01
-1.747354227001384075e+01 -1.603969637552897254e+01
-1.772888227236472858e+01 -1.569374350706736188e+01
-1.731198676966004513e+01 -1.511784732341766357e+01
-1.721709682173647948e+01 -1.550964434941609760e+01
-1.754144448749089591e+01 -1.301854217052459717e+01
-1.720450175010551774e+01 -1.647755289077758789e+01
-1.727412324032540880e+01 -1.435219212373097797e+01
-1.726485729217529297e+01 -1.300494535764058490e+01
-1.754864372641353398e+01 -1.537306392192840576e+01
-1.761535065052872895e+01 -1.612400742371876916e+01
-1.762378602108712755e+01 -1.465711045265197754e+01
-1.745202019255039971e+01 -1.613017880916595459e+01
-1.756991979631326828e+01 -1.624701162179310998e+01
-1.754353179770000892e+01 -1.508517154057820697e+01
-1.797978718806121279e+01 -1.524789102872212787e+01
-1.696696718668533421e+01 -1.645480461915333947e+01
-1.757165973469362541e+01 -1.357737739880879779e+01
-1.745105968895605031e+01 -1.369366959730784039e+01
-1.703943101430343532e+01 -1.499405618508656879e+01
-1.774241728701834120e+01 -1.614531588554382324e+01
-1.778586403798248838e+01 -1.593910920619964600e+01
-1.809328396037473397e+01 -1.633282001813252649e+01
-1.770554899765273404e+01 -1.572057020664215088e+01
-1.727266866877927498e+01 -1.640347464879353723e+01
-1.815030092304035847e+01 -1.299532079696655273e+01
-1.775300783222004597e+01 -1.523968485991160016e+01
-1.732995687096805781e+01 -1.642679985364278039e+01
-1.762833925020896686e+01 -1.560447108745574951e+01
-1.790079731860403456e+01 -1.604257750511169434e+01
-1.796581073534690631e+01 -1.589454058806101422e+01
-1.805223996760481597e+01 -1.649979364871978760e+01
-1.765523703623626162e+01 -1.525080728530883789e+01
-1.767863736718387813e+01 -1.569980498154958148e+01
-1.786896589246847000e+01 -1.576560823122660260e+01
-1.789219913644305748e+01 -1.569631636142730713e+01
-1.786427686982235841e+01 -1.254365348815917969e+01
-1.771369297221555428e+01 -1.457736575603485107e+01
-1.796365832474272040e+01 -1.505935668945312500e+01
-1.804479427660925950e+01 -1.615008370081583777e+01
-1.731241349850670730e+01 -1.657724364598592004e+01
-1.775959877240455853e+01 -1.587981688976287842e+01
-1.830536798703468548e+01 -1.552247901757558246e+01
-1.747277204060958766e+01 -1.634603635470072547e+01
-1.762284424345372003e+01 -1.556157124042510986e+01
-1.766259126339928542e+01 -1.550463060537973981e+01
-1.809602259781400946e+01 -1.454696909586588482e+01
-1.736541206553830818e+01 -1.458404604593912701e+01
-1.801342310339717656e+01 -1.668390146891276160e+01
-1.815438659312361480e+01 -1.672052069505055627e+01
-1.842796779891191861e+01 -1.676183398564656457e+01
-1.838811984304654246e+01 -1.530909856160481830e+01
-1.784607378102965214e+01 -1.473221838474273682e+01
-1.764926688145783018e+01 -1.527198489507039447e+01
-1.823855480097108028e+01 -1.589269479115804096e+01
-1.800305863558235941e+01 -1.651901149749755859e+01
-1.851627909935126937e+01 -1.575987505912780762e+01
-1.796402927172385944e+01 -1.398781458536783795e+01
-1.818383052793599930e+01 -1.100543435414632221e+01
-1.710653440022872829e+01 -1.550219706694285016e+01
-1.824865822064674603e+01 -1.603100641568501672e+01
-1.817453742431381869e+01 -1.548292005062103271e+01
-1.798387226007752560e+01 -1.449600307146708111e+01
-1.828847940089339019e+01 -1.348437436421712299e+01
-1.804733156753798795e+01 -1.287922354539235492e+01
-1.844007362753658086e+01 -1.506651361783345600e+01
-1.789887232699636854e+01 -1.395261450608571430e+01
-1.792680387981867440e+01 -1.428981220722198486e+01
-1.827374642582262965e+01 -1.541028813521067242e+01
-1.801461031477330010e+01 -1.385451201597849469e+01
-1.835231132830603684e+01 -1.585010540485382080e+01
-1.812463842812231007e+01 -1.622197910149892053e+01
-1.834412247447644262e+01 -1.587761743863423725e+01
-1.842694752095109223e+01 -1.664929370085398475e+01
-1.797405352834927683e+01 -1.685144996643066406e+01
-1.833122588820376464e+01 -1.560722295443216900e+01
-1.754387208162728129e+01 -1.452581282456715961e+01
-1.824249047748113028e+01 -1.581315962473551373e+01
-1.791086284184860133e+01 -1.609011495113372803e+01
-1.791862592050584624e+01 -1.588390684127807617e+01
-1.855910141185178475e+01 -1.566898612181345563e+01
-1.858530350862923441e+01 -1.562347829341888428e+01
-1.749368768627360637e+01 -1.372907233238220215e+01
-1.838858658580456762e+01 -1.600940358638763428e+01
-1.762160264839560142e+01 -1.616588652133941650e+01
-1.860483332003577317e+01 -1.629384501775105676e+01
-1.823220992492417025e+01 -1.482578261693318744e+01
-1.847359785791170950e+01 -1.546653449535369873e+01
-1.816457511610903808e+01 -1.524017059803009033e+01
-1.866583877498820598e+01 -1.602818067868550500e+01
-1.829906607482392999e+01 -1.633230785528818885e+01
-1.818915464918492120e+01 -1.522387035687764545e+01
-1.846216722262107623e+01 -1.526250378290812115e+01
-1.852190066192109796e+01 -1.602529287338256836e+01
-1.864585240412566591e+01 -1.598635117212931256e+01
-1.861965745990559284e+01 -1.686467365423838416e+01
-1.796014765561637105e+01 -1.680613609155019006e+01
-1.854830375768370487e+01 -1.540698973337809186e+01
-1.822458611504506365e+01 -1.664531250794728479e+01
-1.857174524210267208e+01 -1.664322924613952637e+01
-1.860459773823366447e+01 -1.631580011049906531e+01
-1.844869232985933039e+01 -1.494806313514709473e+01
-1.799633599944033691e+01 -1.687189960479736328e+01
-1.800600755820840249e+01 -1.407505484422047992e+01
-1.829995177964032749e+01 -1.601862112681071082e+01
-1.862656598980143841e+01 -1.551827534039815326e+01
-1.850419775106139042e+01 -1.623004436492919922e+01
-1.848960259809332385e+01 -1.643701728185017785e+01
-1.874670808598146721e+01 -1.658988316853841027e+01
-1.863039799059851731e+01 -1.653516733646392822e+01
-1.830681105791512309e+01 -1.565463014443715473e+01
-1.898233551898245253e+01 -1.638455390930175781e+01
-1.822480330224764700e+01 -1.584126822153727154e+01
-1.871883975853354087e+01 -1.663607347011566162e+01
-1.902461790634414029e+01 -1.423636845747629742e+01
-1.853665241952669973e+01 -1.171402605374654193e+01
-1.787491211648714895e+01 -1.566263862450917621e+01
-1.904251319271023135e+01 -1.589533690611521344e+01
-1.862317437640691153e+01 -1.684591440359751502e+01
-1.863309081934266231e+01 -1.650105138619740686e+01
-1.867438919261350350e+01 -1.634395384788513184e+01
-1.867000632366891466e+01 -1.667868514855702600e+01
-1.852271708795579741e+01 -1.512936886151631732e+01
-1.855699332285735537e+01 -1.507996884981791119e+01
-1.873776753474090029e+01 -1.458093627293904682e+01
-1.907984457985829607e+01 -1.618567172686259070e+01
-1.877963613251508335e+01 -1.456666386127471924e+01
-1.892860141851134159e+01 -1.479649742444356342e+01
-1.878828039007671791e+01 -1.631262115637461463e+01
-1.876599226159564537e+01 -1.643272713820139685e+01
-1.888238607826879445e+01 -1.589193777243296246e+01
-1.837989263211266433e+01 -1.493554584185282330e+01
-1.905703829102597169e+01 -1.600449732939402381e+01
-1.853982295828350502e+01 -1.560122243563334088e+01
-1.887573571124319471e+01 -1.595872604846954346e+01
-1.880543903577125775e+01 -1.471658631165822406e+01
-1.881416440414169955e+01 -1.679514622688293457e+01
-1.887370704392255405e+01 -1.462177173296610455e+01
-1.858676753609867305e+01 -1.637027327219645301e+01
-1.884308865110752862e+01 -1.673843383789062500e+01
-1.896794050830905576e+01 -1.664127143224080285e+01
-1.859921579845881112e+01 -1.677320086956024170e+01
-1.883305568210149161e+01 -1.698463082313537598e+01
-1.872347700797905290e+01 -1.620623155434926232e+01
-1.900526376497947467e+01 -1.520061687628428082e+01
-1.889581199419700397e+01 -1.227017617225646973e+01
-1.893164631471795545e+01 -1.669194948673248291e+01
-1.856302140930951694e+01 -1.602230409781138221e+01
-1.899787149590961022e+01 -1.571801690260569195e+01
-1.943436688083713193e+01 -1.390040711561838727e+01
-1.872559993549928947e+01 -1.364629042148590088e+01
-1.870034399679151704e+01 -1.664917620023091516e+01
-1.886800735279665275e+01 -1.610572866598765174e+01
-1.894060812966298357e+01 -1.559371757507324219e+01
-1.922628603951405779e+01 -1.638160383701324463e+01
-1.851747659101324572e+01 -1.515925053755442242e+01
-1.933803970530881600e+01 -1.589849873383839984e+01
-1.924226326861624159e+01 -1.670035370190938195e+01
-1.914105887332205214e+01 -1.661153670152028283e+01
-1.896851622048070851e+01 -1.566022864977518658e+01
-1.880420129582033439e+01 -1.543919412295023541e+01
-1.874250925193398842e+01 -1.500997658570607562e+01
-1.848001817121344104e+01 -1.638988355795542518e+01
-1.905892933829355940e+01 -1.689865668614705285e+01
-1.900881076263168978e+01 -1.638915002346038818e+01
-1.937655154729293727e+01 -1.513876183827718158e+01
-1.893997000839750555e+01 -1.666188029448191443e+01
-1.909351956642280257e+01 -1.525365269184112549e+01
-1.845598974066265541e+01 -1.706964059670766076e+01
-1.910265652608063291e+01 -1.621971380710601807e+01
-1.901964195704055882e+01 -1.588738763332366943e+01
-1.911872224484459792e+01 -1.442883563041687012e+01
-1.906547678931284651e+01 -1.648304979006449500e+01
-1.930075577558097066e+01 -1.559536409378051758e+01
-1.867721977072246986e+01 -1.579351592063903809e+01
-1.915089602389578260e+01 -1.616628138224283973e+01
-1.944943486229848162e+01 -1.637180046240488807e+01
-1.904750290563551118e+01 -1.501465884844462018e+01
-1.912420237266411149e+01 -1.526419822374979596e+01
-1.898711281307673104e+01 -1.658899044990539551e+01
-1.921432121729446507e+01 -1.405149376392364502e+01
-1.940272509849677718e+01 -1.670928704738616943e+01
-1.926786071971311287e+01 -1.212036808331807514e+01
-1.905270633050950835e+01 -1.587837231159210205e+01
-1.951967458401696121e+01 -1.602625779310862342e+01
-1.923075776989177044e+01 -1.398851164182027240e+01
-1.855479459439293777e+01 -1.483809626102447510e+01
-1.917649880910324001e+01 -1.542025657494862934e+01
-1.877133583618422819e+01 -1.443167169888814350e+01
-1.896057091729115740e+01 -1.579742169380187988e+01
-1.955488567029015456e+01 -1.637376634279887000e+01
-1.957003493228201307e+01 -1.573537643750508686e+01
-1.947675434209532597e+01 -1.489511819680531879e+01
-1.871397412025322282e+01 -1.581088364124298096e+01
-1.967349252862445397e+01 -1.637228425343831262e+01
-1.910358083046088851e+01 -1.634487597147623816e+01
-1.880570019705820783e+01 -1.499100828170776367e+01
-1.978119795201188325e+01 -1.444007464249928852e+01
-1.962682180081383621e+01 -1.357012351353963275e+01
-1.863690492662332687e+01 -1.625157451629638672e+01
-1.971685091115660526e+01 -1.605094202359517297e+01
-1.912641560829291976e+01 -1.545834767818450928e+01
-1.956431366225420376e+01 -1.517144934336344342e+01
-1.973288080247781906e+01 -1.603859758377075195e+01
-1.917739392943301269e+01 -1.655177394549052039e+01
-1.977967641313197333e+01 -1.629734357198079309e+01
-1.993929588188559165e+01 -1.603393046061198035e+01
-1.916710829330703092e+01 -1.601447478930155555e+01
-1.901206516815444303e+01 -1.329451167583465576e+01
-1.948709678649902344e+01 -1.513099797566731830e+01
-1.894755211523023775e+01 -1.569541752338409424e+01
-1.886005320791470652e+01 -1.458740703264872174e+01
-1.916381587012339338e+01 -1.625442520777384559e+01
-1.933571446143974626e+01 -1.622057040532429895e+01
-1.936047589576850569e+01 -1.584830609957377057e+01
-1.960945737968057045e+01 -1.513446064790089984e+01
-1.931893745519347050e+01 -1.559999267260233502e+01
-1.879787171089042985e+01 -1.630151780446370324e+01
-1.965041711774923172e+01 -1.342609564463297467e+01
-1.975829053329209017e+01 -1.650710948308308801e+01
-1.949246442924111733e+01 -1.469367520014444928e+01
-1.970080758757510253e+01 -1.647417902946472168e+01
-1.997787745524260927e+01 -1.685448729991912842e+01
-1.996216793383582200e+01 -1.644399933020273963e+01
-1.979477753881680613e+01 -1.544652307033538818e+01
-1.928918880527302449e+01 -1.537420078118642230e+01
-1.939157136011931826e+01 -1.599603156248728375e+01
-1.876272958011950465e+01 -1.653351620833079139e+01
-1.964627302299111733e+01 -1.603571136792500695e+01
-1.978524357585583715e+01 -1.600736264387766639e+01
-1.935335935980586797e+01 -1.635523005326588830e+01
-1.868922005669545428e+01 -1.387986755371093750e+01
-1.938181169962478734e+01 -1.612699449062347412e+01
-1.956536137047460500e+01 -1.570496495564778705e+01
-1.968147725574040763e+01 -1.627958138783772668e+01
-1.989377713607529330e+01 -1.597167587280273438e+01
-1.999074248944298660e+01 -1.502570152282714844e+01
-1.961704175755129143e+01 -1.525425581137339215e+01
-2.000551640785346663e+01 -1.626372996966044226e+01
-1.964354981406260237e+01 -1.471969540913899799e+01
-1.964860828852249242e+01 -1.616776069005330285e+01
-1.925897606348587132e+01 -1.663787547747294226e+01
-1.903596417378571104e+01 -1.597929477691650391e+01
-1.980445111808130321e+01 -1.480362145105997662e+01
-1.922489611577179502e+01 -1.634758631388346473e+01
-2.019246581449347033e+01 -1.676502482096354285e+01
-1.979090806185189066e+01 -1.586807326475779156e+01
-1.972614464517367239e+01 -1.574992875258127789e+01
-1.963798817941697905e+01 -1.633036490281422815e+01
-1.988686429039906756e+01 -1.632923396428425988e+01
-1.940634067179793121e+01 -1.452489769458770752e+01
-1.942049577680684891e+01 -1.638039807478586951e+01
-1.961583328247070312e+01 -1.603075246016184607e+01
-1.974011422011811945e+01 -1.605911080042521277e+01
-1.952604139457314858e+01 -1.599861586093902588e+01
-1.946875463905981007e+01 -1.562901504834493061e+01
-1.924276903928336324e+01 -1.616567778587341309e+01
-1.990671026908745134e+01 -1.633905502160390100e+01
-1.973927332991260641e+01 -1.656309755643208703e+01
-1.979245035527116059e+01 -1.553485472997029682e+01
-1.938479846210803004e+01 -1.562620878219604492e+01
-1.994963933653750487e+01 -1.459913289546966553e+01
-1.957770148778365993e+01 -1.380183915297190289e+01
-1.986440721608824589e+01 -1.627474939823150635e+01
-2.035701759790969945e+01 -1.449312222003936768e+01
-1.891804459943609729e+01 -1.602544617652893066e+01
-2.008505952156196273e+01 -1.487055063247680664e+01
-1.990332139548608836e+01 -1.541423380374908447e+01
-1.931804518780465685e+01 -1.615343566735585412e+01
-1.961277126861831022e+01 -1.626541753609975061e+01
-1.979290377891669905e+01 -1.670639344056447229e+01
-2.001236084760245504e+01 -1.501035710175832172e+01
-1.982899635120973869e+01 -1.641677029927571496e+01
-1.983896892353639885e+01 -1.623881963888804236e+01
-2.034043727486820430e+01 -1.674214959144592285e+01
-2.021207650233123232e+01 -1.569072469075520893e+01
-1.925054556636487035e+01 -1.449216727415720563e+01
-1.974077914933026889e+01 -1.580508848031361957e+01
-1.932020203541901182e+01 -1.566298147042592426e+01
-1.962393118971485251e+01 -1.609615226586659631e+01
-2.048872010182526182e+01 -1.619813732306162635e+01
-2.020356661586438207e+01 -1.497417302926381488e+01
-2.018169980129952990e+01 -1.593920528888702393e+01
-2.011431351354566743e+01 -1.601673599084218225e+01
-1.982458441136246918e+01 -1.513803887367248535e+01
-1.976527203543711408e+01 -1.598439482847849469e+01
-1.986920481213068612e+01 -1.587024855613708496e+01
-2.014837544651354762e+01 -1.544384471575419049e+01
-2.032662162134202788e+01 -1.604399538040161133e+01
-2.006173021510495857e+01 -1.483662525812784772e+01
-1.998073804176459944e+01 -1.627257370948791504e+01
-2.037646804421634883e+01 -1.663857960700988770e+01
-1.961577847044346612e+01 -1.538850188255310059e+01
-1.972038553528866700e+01 -1.548881129423777203e+01
-1.979538327556545596e+01 -1.648994982242584229e+01
-2.025727152420302701e+01 -1.549588255087534527e+01
-2.059124026864261836e+01 -1.424769147237141986e+01
-2.023218886326935362e+01 -1.303544640541076660e+01
-1.978688729011406267e+01 -1.592828758557637592e+01
-1.987935243218631953e+01 -1.649668983618418494e+01
-1.978567141193454404e+01 -1.611047792434692383e+01
-2.034274734885005742e+01 -1.565254080295562744e+01
-2.038653160353838345e+01 -1.624308661619822303e+01
-2.034348565441067080e+01 -1.605250390370686731e+01
-1.947586012694795343e+01 -1.620759558677673340e+01
-2.001714346772533304e+01 -1.552582597732543945e+01
-1.974370490898520103e+01 -1.567912932236989398e+01
-2.026116553807662868e+01 -1.248380108674367328e+01
-1.984956780126539400e+01 -1.585293916861216168e+01
-1.958098350945165578e+01 -1.298161045710245709e+01
-1.940267850584902831e+01 -1.631992244720458984e+01
-2.020635836003190278e+01 -1.581777902444203754e+01
-2.050222340276685884e+01 -1.496223640441894531e+01
-2.007667274798377122e+01 -1.668520673116048059e+01
-2.001081157134751010e+01 -1.629928962389628211e+01
-2.040361378556590921e+01 -1.462465659777323346e+01
-2.031349178896111951e+01 -1.595820657412211041e+01
-2.023268324641858129e+01 -1.572300291061401367e+01
-2.028748163934481497e+01 -1.573768190542856793e+01
-2.073089505858340331e+01 -1.481309533119201660e+01
-2.035297767994767426e+01 -1.494079915682474713e+01
-2.043319430593716746e+01 -1.603015049298604211e+01
-1.942759219670699977e+01 -1.657029215494791785e+01
-2.056062617544400339e+01 -1.523948073387145996e+01
-2.044277212175272140e+01 -1.551329819361368756e+01
-1.996863339310985452e+01 -1.604069578647613525e+01
-2.028142882201631281e+01 -1.600531828403472900e+01
-2.043249094688286149e+01 -1.554448167483011822e+01
-2.039320177951101698e+01 -1.632740616798400879e+01
-2.049689541832875506e+01 -1.580915447076161762e+01
-1.946506836454747003e+01 -1.637566979726155481e+01
-2.013012633889408320e+01 -1.548543934027353863e+01
-1.984635079917261180e+01 -1.489518316586812396e+01
-2.060051728911318847e+01 -1.536386581261952777e+01
-2.078104012699450465e+01 -1.612731651465098182e+01
-2.060822098133927582e+01 -1.612429078420003137e+01
-1.995855898776297010e+01 -1.602895593643188477e+01
-1.983818547200348448e+01 -1.468496839205423932e+01
-2.066799806336225132e+01 -1.604440991083781043e+01
-2.070197587094064318e+01 -1.563677299022674561e+01
-2.050993368181131515e+01 -1.626783076922098914e+01
-2.074448023004046959e+01 -1.625275278091430664e+01
-2.063169948125289821e+01 -1.345192078749338727e+01
-2.037878539198536032e+01 -1.597323652108510394e+01
-2.053381228042861295e+01 -1.587523869673410992e+01
-2.007263696799844155e+01 -1.667985141277313232e+01
-2.096346103538900962e+01 -1.544376202424367328e+01
-2.072518717232397023e+01 -1.546950876712799072e+01
-2.040112959328344289e+01 -1.453798937797546387e+01
-1.970550325361348953e+01 -1.526755793889363666e+01
-2.077816239858077907e+01 -1.606246777375539025e+01
-2.059447208501524784e+01 -1.573105959097544293e+01
-2.095854937828193343e+01 -1.518920079867045025e+01
-2.020298966714891264e+01 -1.633835848172505578e+01
-2.070319743075613417e+01 -1.613421467940012732e+01
-2.016091057405633435e+01 -1.548650201161702533e+01
-2.075477195998369595e+01 -1.514181168874104877e+01
-2.009138121847378855e+01 -1.655029996236165246e+01
-2.038273851750260590e+01 -1.677743629614512244e+01
-2.049152421143095282e+01 -1.477769486109415631e+01
-1.987791741904565868e+01 -1.657084226608276367e+01
-2.070602371733067315e+01 -1.631458810965220252e+01
-2.076656538753186254e+01 -1.652781558036804199e+01
-2.069077743918208867e+01 -1.595370884736379047e+01
-2.025068405927237691e+01 -1.540243895848592182e+01
-2.066972524028713565e+01 -1.606669076283772668e+01
-2.011271450075052414e+01 -1.593066179752349854e+01
-2.043946382554910812e+01 -1.366368242104848285e+01
-2.045754715547723279e+01 -1.637008015314738074e+01
-2.062122627840203748e+01 -1.477111661434173584e+01
-2.069923965001510524e+01 -1.655857082207997522e+01
-1.985182598081685867e+01 -1.502179308732350727e+01
-2.033633911003500572e+01 -1.626964533329010010e+01
-2.028276678667230115e+01 -1.616114858786265174e+01
-2.041857275720370168e+01 -1.565081199010213275e+01
-2.077488802247128419e+01 -1.610411111513773719e+01
-2.017269011675301371e+01 -1.593468411763509174e+01
-2.063890651120977893e+01 -1.601007958253224572e+01
-2.074900071095612120e+01 -1.630923438072204590e+01
-2.116454800104690648e+01 -1.537506739298502545e+01
-2.082171487000028876e+01 -1.510988434155782123e+01
-2.021206714339175292e+01 -1.591993637879689594e+01
-2.103710549564684840e+01 -1.414592838287353516e+01
-2.094705849986965518e+01 -1.610994052886962891e+01
-2.073641219381558543e+01 -1.592459162076314350e+01
-2.019592972125037278e+01 -1.361277508735656738e+01
-2.028149254039182381e+01 -1.541049317518869977e+01
-2.068814397262314486e+01 -1.598192922274271588e+01
-2.039512721562789821e+01 -1.480838843186696430e+01
-2.075510802511441355e+01 -1.552226483821868896e+01
-2.054942282983812163e+01 -1.574252661069234271e+01
-2.052992339053396620e+01 -1.463682174682617188e+01
-2.046208398625002189e+01 -1.570100684960683246e+01
-2.114867913520942366e+01 -1.561129895846048932e+01
-2.031253137426861244e+01 -1.553020997842152973e+01
-2.048957845720194015e+01 -1.558265133698781391e+01
-2.022926915702173289e+01 -1.646959026654561242e+01
-2.059106039596816373e+01 -1.666154905160268029e+01
-2.068838224572650475e+01 -1.542338077227274518e+01
-2.051219633070089188e+01 -1.525757054487864117e+01
-2.068515038894394564e+01 -1.659134165445963660e+01
-2.110611341767392091e+01 -1.575397515296936035e+01
-2.111613651857537732e+01 -1.494532684485117535e+01
-2.086575514583264379e+01 -1.489415542284647564e+01
-2.023540694026623754e+01 -1.547799352804819684e+01
-1.992835418248580837e+01 -1.497849440574645996e+01
-2.031503522194038069e+01 -1.607996392250061035e+01
-2.079101093744827367e+01 -1.656923357645670691e+01
-2.106017594418283068e+01 -1.565845803419748883e+01
-2.016113370151843043e+01 -1.660740665594736853e+01
-2.114964423745365352e+01 -1.657274007797241211e+01
-2.092683229608050866e+01 -1.642806116739908973e+01
-2.030819344924668002e+01 -1.615252463022867957e+01
-2.113713523088875590e+01 -1.635708963871002197e+01
-2.016080979169425191e+01 -1.542121167977651019e+01
-2.010867172984753637e+01 -1.482610853513081928e+01
-2.049501034364861951e+01 -1.533887612819671631e+01
-2.028413897045588143e+01 -1.513005117575327496e+01
-2.061656353837352640e+01 -1.625793468952178955e+01
-2.072818337456654803e+01 -1.675750553607940674e+01
-2.051999489735748838e+01 -1.600349537531534949e+01
-2.119797189356917144e+01 -1.527720467249552350e+01
-2.111317565077442282e+01 -1.655937385559082031e+01
-2.124252704038458361e+01 -1.576442023118337055e+01
-2.041188543933932920e+01 -1.593194540341695209e+01
-2.072891587726140372e+01 -1.535631302992502789e+01
-2.095156084480932179e+01 -1.605688440799713135e+01
-2.046217944258350485e+01 -1.582713301976521869e+01
-2.104771083896443074e+01 -1.630564423402150354e+01
-2.114565852536993518e+01 -1.527882122993469238e+01
-2.081797562615346209e+01 -1.589908552169799805e+01
-2.093551453089309788e+01 -1.575231659412384033e+01
-2.088973990941451930e+01 -1.530163474877675434e+01
-2.070391349469201003e+01 -1.607969570159912109e+01
-2.102731599646099525e+01 -1.494399456183115582e+01
-2.061915033146486564e+01 -1.539745974540710449e+01
-2.105715265112408119e+01 -1.481961456934610943e+01
-2.112813155933962150e+01 -1.566436251004537006e+01
-2.069913469734838429e+01 -1.429706486066182514e+01
-2.088142584137997559e+01 -1.519969515005747418e+01
-2.140978509288723330e+01 -1.551025307178497314e+01
-2.101497433549266702e+01 -1.620767207940419397e+01
-2.095165310875844256e+01 -1.581336295604705811e+01
-2.109672593262235907e+01 -1.632290474573771277e+01
-2.111309887190996548e+01 -1.619243232409159461e+01
-2.031752348754365656e+01 -1.496700302759806256e+01
-2.058763091847048088e+01 -1.687724526723225793e+01
-2.068215847823579523e+01 -1.584316015243530273e+01
-2.119230716511354728e+01 -1.626046192646026611e+01
-2.156523916276834640e+01 -1.598166561126708984e+01
-2.141680846780033320e+01 -1.429481216271718402e+01
-2.016586248753434418e+01 -1.619292922814686975e+01
-2.094368325249623553e+01 -1.572925690809885602e+01
-2.116916058427196390e+01 -1.558899835745493512e+01
-2.098202873488603970e+01 -1.625738481680552283e+01
-2.076237405356714305e+01 -1.617078618208567420e+01
-2.136769469309661318e+01 -1.418327645460764508e+01
-2.076761824397717504e+01 -1.560857764879862408e+01
-2.016951239311088884e+01 -1.609460711479187012e+01
-2.111603925995907716e+01 -1.539427133401235004e+01
-2.095855729054596495e+01 -1.576680715878804584e+01
-1.995125511945304098e+01 -1.650525883833567420e+01
-2.059259202924825516e+01 -1.625251285235087195e+01
-2.113745647365763958e+01 -1.579871614774068256e+01
-2.085374681828385590e+01 -1.350542314847310443e+01
-2.099794048373982136e+01 -1.597900883356730084e+01
-2.133086739556264178e+01 -1.568354316552480121e+01
-2.092029540821657463e+01 -1.532343498865763287e+01
-2.102914907972691339e+01 -1.366184628009796143e+01
-2.047992848541776922e+01 -1.534192379315694232e+01
-2.126972654310323563e+01 -1.601163717110951623e+01
-2.064986644356937617e+01 -1.605485749244689941e+01
-2.107979430182505354e+01 -1.624925533930460730e+01
-2.111597274521649936e+01 -1.563135520617167096e+01
-2.156991501177771653e+01 -1.453233242034912109e+01
-2.112380983061709472e+01 -1.605872897307078162e+01
-2.112896951578431270e+01 -1.615170717239379883e+01
-2.102883988719875674e+01 -1.553731163342793842e+01
-2.092648465754622222e+01 -1.526527241865793805e+01
-2.148434572704767831e+01 -1.511747709910074811e+01
-2.097181001760191776e+01 -1.557638593514760394e+01
-2.130027670779470839e+01 -1.523580984274546246e+01
-2.158077088048902681e+01 -1.601108181476593018e+01
-2.108400330301058645e+01 -1.643094869454701623e+01
-2.169594171491720047e+01 -1.576346174875895123e+01
-2.133968607045836308e+01 -1.662377500534057617e+01
-2.116411045850333394e+01 -1.648421418666839600e+01
-2.072896418329012747e+01 -1.545044287045796771e+01
-2.058652459160756365e+01 -1.577318616708119769e+01
-2.055852176375308105e+01 -1.632024633884429932e+01
-2.151470759763556018e+01 -1.406528472900390625e+01
-2.085659329365875791e+01 -1.400001923243204693e+01
-2.071378604436324977e+01 -1.631375881036122522e+01
-2.092163160291768875e+01 -1.622338457902272424e+01
-2.074906200473591511e+01 -1.641205811500549316e+01
-2.100381545697228347e+01 -1.614580460389455041e+01
-2.059298486224675528e+01 -1.613662838935852051e+01
-2.086653734465776822e+01 -1.581383780638376813e+01
-2.051302851660776838e+01 -1.669507972399393836e+01
-2.164508515697414737e+01 -1.653870491186777869e+01
-2.115819851826813291e+01 -1.419155327479044537e+01
-2.033954859588105890e+01 -1.623095889886220178e+01
-2.115816656209654667e+01 -1.470903929074605365e+01
-2.093839045702400981e+01 -1.481876595815022846e+01
-2.077711397914563207e+01 -1.625423304239908973e+01
-2.097889101707329118e+01 -1.560136155287424664e+01
-2.092651450431953108e+01 -1.644751620292663574e+01
-2.079460955474336359e+01 -1.648288110891978064e+01
-2.089775518643654095e+01 -1.522264182567596436e+01
-2.111317587707002374e+01 -1.555263535181681256e+01
-2.103725125425953024e+01 -1.474642189343770404e+01
-2.126972487821417346e+01 -1.400080978870391846e+01
-1.978273820877075195e+01 -1.659922762711842736e+01
-2.146964063482769447e+01 -1.563636195659637451e+01
-2.123397437596725368e+01 -1.429228413105010986e+01
-2.128532221357701104e+01 -1.542428855101267438e+01
-2.109539856344966680e+01 -1.597184463342030902e+01
-2.154027035276768487e+01 -1.646395587921142578e+01
-2.098425585536633520e+01 -1.526389515399932861e+01
-2.110568546036542514e+01 -1.619229189554850379e+01
-2.144896431292517747e+01 -1.646506961186726770e+01
-2.078559223272032597e+01 -1.596550258000691791e+01
-2.131653585272320228e+01 -1.519222839673360248e+01
-2.065247606827040983e+01 -1.622598107655842981e+01
-2.133609977819151737e+01 -1.608338856697082520e+01
-2.154940288349733635e+01 -1.650033013025919715e+01
-2.162868645231602471e+01 -1.427764610449473004e+01
-2.102558706574520997e+01 -1.622621905803680420e+01
-2.123263111761060884e+01 -1.583379447460174561e+01
-2.158502824427717925e+01 -1.568229925632476807e+01
-2.130188997721267796e+01 -1.550370673338572125e+01
-2.093707351361290847e+01 -1.470757047335306744e+01
-2.053548108925253501e+01 -1.562889754772186279e+01
-2.108395967645160241e+01 -1.577936617533365826e+01
-2.155988067691609089e+01 -1.549667024612426758e+01
-2.093764544341523859e+01 -1.633483866850535193e+01
-2.170416128837456071e+01 -1.618275026480356971e+01
-2.095446618936829708e+01 -1.518699228763580322e+01
-2.098015492649401637e+01 -1.647853461901346961e+01
-2.146002397698871178e+01 -1.644751584529876709e+01
-2.113004147804389632e+01 -1.584630517164866070e+01
-2.127921539241984661e+01 -1.400335041681925397e+01
-2.148404688754324354e+01 -1.569179137547810932e+01
-2.123115246982897730e+01 -1.617311938603718957e+01
-2.141386300426418643e+01 -1.561155446370442768e+01
-2.054508752337956778e+01 -1.620428880055745324e+01
-2.176222823838056186e+01 -1.615520672003428260e+01
-2.114224475925251667e+01 -1.600969616572062293e+01
-2.162328750804319100e+01 -1.539822677771250348e+01
-2.190187604548567535e+01 -1.600789372126261512e+01
-2.137268806716143033e+01 -1.602073053518931189e+01
-2.144144926232806725e+01 -1.650141505400339881e+01
-2.104435426097805362e+01 -1.589539770285288434e+01
-2.118781794531870588e+01 -1.635007433096567908e+01
-2.110957648390430563e+01 -1.622349166870117188e+01
-2.216136280964996885e+01 -1.614663394292195520e+01
-2.208934447724940497e+01 -1.675506023565928260e+01
-2.151447868347167969e+01 -1.508372724056243896e+01
-2.141922787488516988e+01 -1.523445363839467426e+01
-2.144128891573113904e+01 -1.564422110716501813e+01
-2.165366551027459607e+01 -1.516781445344289203e+01
-2.151792598982988736e+01 -1.602759830156962195e+01
-2.164857355214781620e+01 -1.612867605686187744e+01
-2.152638351311117759e+01 -1.550097370147705078e+01
-2.103889546151888723e+01 -1.518277176221211811e+01
-2.156911591352042379e+01 -1.507668960094451904e+01
-2.085201850179898386e+01 -1.644449293613433838e+01
-2.183511331525899735e+01 -1.492872035503387451e+01
-2.142853783752958563e+01 -1.626870711644490441e+01
-2.193496590953762393e+01 -1.634833145141601562e+01
-2.137555083581956694e+01 -1.563191191355387311e+01
-2.191829870514950684e+01 -1.592655575275421143e+01
-2.174729866092487995e+01 -1.620962401231129846e+01
-2.199334947941666840e+01 -1.510595691204071045e+01
-2.110685964358054889e+01 -1.426914707819620709e+01
-2.077917166887703715e+01 -1.570709872245788574e+01
-2.151909803940078092e+01 -1.532612295945485492e+01
-2.194174865140753283e+01 -1.528917336463928223e+01
-2.205837488982637140e+01 -1.415845354398091693e+01
-2.052866841170747492e+01 -1.472258329391479492e+01
-2.147771180686304149e+01 -1.634606345494588098e+01
-2.184571576522568392e+01 -1.639207684993743896e+01
-2.169588611085536201e+01 -1.592464737097422223e+01
-2.088450610435615218e+01 -1.525034073988596539e+01
-2.208645990339376297e+01 -1.407877341906229596e+01
-2.176843032190355132e+01 -1.368197429180145264e+01
-2.121620304301633553e+01 -1.634606623649597168e+01
-2.168074965072890592e+01 -1.552168897787729840e+01
-2.173557228153034870e+01 -1.607899423440297326e+01
-2.202180983656543845e+01 -1.561891591548919678e+01
-2.104113182779085989e+01 -1.464373203118642230e+01
-2.203954032316046252e+01 -1.608558352788289270e+01
-2.207181930541992188e+01 -1.485348792870839496e+01
-2.169829370207705566e+01 -1.624888257185618201e+01
-2.208101991879738080e+01 -1.566695809364318848e+01
-2.096736948368912934e+01 -1.636381232738494873e+01
-2.183741934824798037e+01 -1.603431391716003418e+01
-2.121017488382630489e+01 -1.607626032829284668e+01
-2.127646048594329287e+01 -1.629216249783833703e+01
-2.144894468986381852e+01 -1.646637972195943078e+01
-2.189551879591860839e+01 -1.557713552316029926e+01
-2.133759307053129461e+01 -1.627241496245066443e+01
-2.119730497618852993e+01 -1.301962514718373676e+01
-2.176227160631600199e+01 -1.602877414226531982e+01
-2.179169751830020019e+01 -1.588155007362365723e+01
-2.174005897974563695e+01 -1.521401151021321674e+01
-2.145929309069100199e+01 -1.594990376631418805e+01
-2.218377855268575516e+01 -1.604880265394846717e+01
-2.210021507133871665e+01 -1.619847083091735840e+01
-2.131919316114005269e+01 -1.649555798371632775e+01
-2.143613563149662227e+01 -1.595254476865132709e+01
-2.199769344976392915e+01 -1.604845213890075684e+01
-2.135609305106987321e+01 -1.359281754493713379e+01
-2.096877106165481663e+01 -1.568369070688883404e+01
-2.181452807733568022e+01 -1.569022576014200787e+01
-2.226402132389909028e+01 -1.624740425745646277e+01
-2.183118658550715097e+01 -1.574195603529612164e+01
-2.158546942371432920e+01 -1.572146121660868268e+01
-2.205553623781365857e+01 -1.628436720371246338e+01
-2.172724921016369848e+01 -1.650424325466156006e+01
-2.181210810451184301e+01 -1.494062626361846924e+01
-2.209976912352998468e+01 -1.590903294086456299e+01
-2.145877511622542144e+01 -1.602610035737355432e+01
-2.217659145290568645e+01 -1.599460836251576801e+01
-2.165375291695028892e+01 -1.610445312658945838e+01
-2.241859533018984862e+01 -1.462863608201344867e+01
-2.160890139563608869e+01 -1.633172420660654822e+01
-2.174416018340547296e+01 -1.627223002910614014e+01
-2.181139892642780964e+01 -1.519538223743438721e+01
-2.161770920026100384e+01 -1.460894163449605365e+01
-2.078588044441352523e+01 -1.544041232268015484e+01
-2.184473299576064420e+01 -1.601020244757334510e+01
-2.193972909248481429e+01 -1.598411730925242047e+01
-2.138008914559574336e+01 -1.645552372932434082e+01
-2.228328019481594424e+01 -1.660326222578684607e+01
-2.209172219745183341e+01 -1.595785586039225201e+01
-2.152372030484474408e+01 -1.565136122703552246e+01
-2.140740693625757274e+01 -1.598251358668009381e+01
-2.146898177518682971e+01 -1.592427639166514020e+01
-2.147030421434822856e+01 -1.597228968143463135e+01
-2.188269333920236193e+01 -1.452692218621571918e+01
-2.199323751158633300e+01 -1.542384354273478131e+01
-2.220826756752143538e+01 -1.552421462535858154e+01
-2.173645394535387965e+01 -1.617249178886413574e+01
-2.221147344880185059e+01 -1.642555975914001465e+01
-2.178712799589512628e+01 -1.414476609230041504e+01
-2.144968432087009091e+01 -1.613859705130259314e+01
-2.174783887701519447e+01 -1.578648324807485004e+01
-2.230714101306462638e+01 -1.640851326783498010e+01
-2.196284161583852068e+01 -1.535691694418589215e+01
-2.198280606027377004e+01 -1.563022025426228900e+01
-2.187059218196545629e+01 -1.571526507536570172e+01
-2.217534613205214811e+01 -1.584614765644073486e+01
-2.192018093497066289e+01 -1.515942092736562152e+01
-2.194276663408441053e+01 -1.544497668743133545e+01
-2.165853485010438106e+01 -1.581487305959065814e+01
-2.206490408363988820e+01 -1.622616271177927771e+01
-2.219221532950967202e+01 -1.623572329680125037e+01
-2.149775514764300866e+01 -1.611463816960652551e+01
-2.170496510651151922e+01 -1.604720850785573205e+01
-2.158496098599191271e+01 -1.474180142084757428e+01
-2.174655288760945027e+01 -1.497140057881673236e+01
-2.235167584176791067e+01 -1.620275000731150428e+01
-2.119703124741376499e+01 -1.588743821779886822e+01
-2.180300032082250539e+01 -1.615085923671722412e+01
-2.103886623705847825e+01 -1.607346268494923791e+01
-2.164256306017859544e+01 -1.589196018377939801e+01
-2.232465414273536908e+01 -1.634600627422332764e+01
-2.185387452982239864e+01 -1.543390369415283203e+01
-2.242170744427179940e+01 -1.528374679883321186e+01
