# Train Val
-5.557002606491248109e+00 -8.307762670516968484e+00
-8.241236661871274904e+00 -8.220236086845398304e+00
-8.296342720588048891e+00 -8.301630544662476296e+00
-8.325797647237777710e+00 -8.322536253929138539e+00
-8.394939815004667238e+00 -8.442590260505676625e+00
-8.390292127927144961e+00 -8.335206151008605957e+00
-8.394038389126459165e+00 -8.398919248580932972e+00
-8.389308313528696104e+00 -8.369699001312255859e+00
-8.412064184745153383e+00 -8.446281123161316629e+00
-8.436025569836298033e+00 -8.378178811073302867e+00
-8.395063733061155276e+00 -8.496999621391296387e+00
-8.430195882916450500e+00 -8.413269257545470836e+00
-8.450873290499052004e+00 -8.441805982589722035e+00
-8.455979257822036743e+00 -8.549589157104492188e+00
-8.497768734892209963e+00 -8.498650717735291238e+00
-8.526480257511138916e+00 -8.685155105590819602e+00
-8.572512323657671018e+00 -8.572865295410156961e+00
-8.598660041888555483e+00 -8.459449243545531516e+00
-8.736275906364122434e+00 -8.714384508132933860e+00
-8.816689272721609072e+00 -8.965995740890502219e+00
-8.988359580437341734e+00 -9.287041664123535156e+00
-8.975730031728744507e+00 -8.961300134658813477e+00
-9.213774502277374268e+00 -9.417885065078735352e+00
-9.258262534936269716e+00 -9.607168292999267223e+00
-9.533295959234237671e+00 -9.409739112854003551e+00
-9.612234115600585938e+00 -9.751324176788330078e+00
-9.699439754088720278e+00 -9.716004467010497692e+00
-9.742568934957185789e+00 -9.313732385635375977e+00
-9.955095519622167544e+00 -1.018441605567932129e+01
-1.002108072737852673e+01 -1.016646957397460938e+01
-1.003963897128899951e+01 -9.686126089096068981e+00
-1.003147730231285095e+01 -9.513006043434142356e+00
-1.002779753009478192e+01 -1.014675271511077881e+01
-1.025192188223203082e+01 -1.042557635307312047e+01
-1.030232899387677570e+01 -1.047762765884399450e+01
-1.013545905550321002e+01 -9.780522251129150746e+00
-1.015396766861279865e+01 -1.009708790779113841e+01
-1.048437880476315875e+01 -1.035689718723297048e+01
-1.039439180493354797e+01 -1.030267324447631871e+01
-1.040992725888887982e+01 -1.061680779457092250e+01
-1.046589388449986835e+01 -9.609463548660277965e+00
-1.043815021216869354e+01 -1.045341024398803675e+01
-1.065777866045633893e+01 -1.038176722526550222e+01
-1.066823696096738239e+01 -1.077260832786560130e+01
-1.064943803350130658e+01 -1.058137779235839915e+01
-1.088834366202354431e+01 -1.082138805389404368e+01
-1.095238393545150757e+01 -1.077631573677063059e+01
-1.099234429498513599e+01 -1.072366034984588623e+01
-1.064491554598013501e+01 -1.032490315437316930e+01
-1.092189778884251972e+01 -1.092122035026550364e+01
-1.095952709515889545e+01 -1.047154521942138672e+01
-1.100138669212659259e+01 -1.086439890861511159e+01
-1.110379307468732257e+01 -1.027292270660400320e+01
-1.118926638364791870e+01 -1.085893149375915456e+01
-1.106821816166242023e+01 -1.084185447692871129e+01
-1.121860154469808002e+01 -1.061892266273498464e+01
-1.126340588927268982e+01 -1.113274025917053223e+01
-1.127740879853566547e+01 -1.050242948532104492e+01
-1.133376516898473163e+01 -1.076434445381164551e+01
-1.155104722579320331e+01 -1.096599531173706055e+01
-1.124143351117769818e+01 -1.084018540382385254e+01
-1.127049672603607178e+01 -1.137455396652221751e+01
-1.146892936031023602e+01 -1.052964930534362864e+01
-1.146204498410224915e+01 -1.060184690952300990e+01
-1.134093923370043377e+01 -1.125896196365356516e+01
-1.136155777176221271e+01 -1.125325360298156774e+01
-1.134515094260374646e+01 -1.124368038177490270e+01
-1.160400973757108112e+01 -1.055394473075866735e+01
-1.131990665197372437e+01 -1.154850926399230993e+01
-1.164660638570785522e+01 -1.113858957290649343e+01
-1.126881026724974255e+01 -1.173700046539306641e+01
-1.179446033636728863e+01 -1.090645332336425710e+01
-1.180806222558021545e+01 -1.156463513374328578e+01
-1.148969070116678814e+01 -1.074196891784668040e+01
-1.193411699930826764e+01 -1.141625633239746129e+01
-1.201125338673591614e+01 -1.177930178642272985e+01
-1.196101000905036926e+01 -1.105840749740600515e+01
-1.194997347394625287e+01 -1.105462360382080078e+01
-1.191929219166437726e+01 -1.112070889472961355e+01
-1.151135268807411194e+01 -1.079881038665771520e+01
-1.202096155285835266e+01 -1.113157372474670481e+01
-1.182086091240247150e+01 -1.168484625816345179e+01
-1.205359899004300495e+01 -1.201343331336975062e+01
-1.202402674158414264e+01 -1.193020191192626989e+01
-1.216378424564997296e+01 -1.167485427856445312e+01
-1.201796306173006634e+01 -1.215119872093200648e+01
-1.219702174266179462e+01 -1.109176659584045410e+01
-1.208038761218388935e+01 -1.135392179489135778e+01
-1.229920906821886639e+01 -1.109684062004089355e+01
-1.205892620484034161e+01 -1.144026675224304235e+01
-1.208744085828463177e+01 -1.215536141395568848e+01
-1.236477587620417218e+01 -1.160949292182922399e+01
-1.239861783385276794e+01 -1.192110357284545863e+01
-1.241767893234888653e+01 -1.218117513656616246e+01
-1.247054041425387005e+01 -1.227268238067626882e+01
-1.260745925704638104e+01 -1.214064612388610875e+01
-1.252360054850578308e+01 -1.208122906684875453e+01
-1.204322579503059387e+01 -1.215596599578857351e+01
-1.237830236554145813e+01 -1.046664481163024973e+01
-1.235283340017000775e+01 -1.207800269126892090e+01
-1.262795171141624451e+01 -1.210314850807190012e+01
-1.259681394696235657e+01 -1.254977531433105398e+01
-1.260028842091560364e+01 -1.172962908744812083e+01
-1.289417418837547302e+01 -1.178886141777038610e+01
-1.264732444286346436e+01 -1.209918789863586497e+01
-1.253653925657272339e+01 -1.188327288627624512e+01
-1.266154614090919495e+01 -1.268851194381713832e+01
-1.262801864743232727e+01 -1.247279601097107005e+01
-1.294133057196935077e+01 -1.183206677436828613e+01
-1.281369182467460632e+01 -1.246030402183532715e+01
-1.302667167782783508e+01 -1.253697290420532262e+01
-1.286868101358413696e+01 -1.231582856178283691e+01
-1.295129746198654175e+01 -1.153418135643005371e+01
-1.305409935116767883e+01 -1.245526361465454102e+01
-1.240807854135831256e+01 -1.001248497962951589e+01
-1.268433363238970379e+01 -1.257290172576904297e+01
-1.300166699290275574e+01 -1.261077122688293528e+01
-1.317109784483909607e+01 -1.281418590545654368e+01
-1.297396205862363239e+01 -1.218993444442748952e+01
-1.311892759799957275e+01 -1.258327569961547887e+01
-1.288066475590070148e+01 -1.277818384170532262e+01
-1.310596286257108112e+01 -1.293608675003051722e+01
-1.305130672454833984e+01 -1.271183423995971751e+01
-1.299465072154998779e+01 -1.215167112350463796e+01
-1.307637665669123272e+01 -1.231303062438964879e+01
-1.317260542511940002e+01 -1.279479255676269567e+01
-1.288125294446945190e+01 -1.243809409141540456e+01
-1.284248304367065430e+01 -1.259866323471069371e+01
-1.303882282972335815e+01 -1.207039370536804235e+01
-1.314166625340779682e+01 -1.273298473358154226e+01
-1.322436200579007526e+01 -8.296420550346374156e+00
-1.299454935391744037e+01 -1.197846641540527379e+01
-1.342623174190521240e+01 -1.295125164985656774e+01
-1.326283209522565265e+01 -1.240390810966491664e+01
-1.331453280647595783e+01 -1.293045163154602051e+01
-1.338872539003690143e+01 -1.288222641944885183e+01
-1.342786002159118652e+01 -1.339818706512451207e+01
-1.351235197981198688e+01 -1.309756565093994141e+01
-1.352133790651957135e+01 -1.271798000335693324e+01
-1.327158228556315045e+01 -1.210107817649841344e+01
-1.332174004117647748e+01 -1.268226056098938059e+01
-1.364839973052342792e+01 -1.298284201622009348e+01
-1.321991222103436847e+01 -1.269246678352356028e+01
-1.364377181728680988e+01 -1.178049829006195104e+01
-1.359108909964561462e+01 -1.326392908096313406e+01
-1.368121764063835144e+01 -1.175699658393859792e+01
-1.352174548308054547e+01 -1.296749219894409144e+01
-1.339215743541717529e+01 -1.283999304771423411e+01
-1.356305510799090008e+01 -1.319777064323425364e+01
-1.361002955834070782e+01 -1.196379885673522914e+01
-1.327371031045913696e+01 -1.053576016426086426e+01
-1.358284114797910114e+01 -1.293109407424926793e+01
-1.367128510276476483e+01 -1.178596000671386790e+01
-1.369802098472913165e+01 -1.242654333114623988e+01
-1.388879770040512085e+01 -1.305672259330749441e+01
-1.368855166435241699e+01 -1.279837465286254883e+01
-1.366390103101730347e+01 -1.351443247795105052e+01
-1.380553542574246784e+01 -1.199194965362548793e+01
-1.355568520228067975e+01 -1.296031126976013148e+01
-1.351199232538541217e+01 -1.332214007377624476e+01
-1.396894618868827820e+01 -1.279934277534484899e+01
-1.350661617517471313e+01 -1.309250874519348073e+01
-1.401031780242919922e+01 -1.264671692848205531e+01
-1.359654704729715924e+01 -1.175065040588378906e+01
-1.354930413762728314e+01 -1.302520532608032156e+01
-1.381108927726745605e+01 -1.293925504684448313e+01
-1.394924064477284809e+01 -1.299166021347045863e+01
-1.329032098253568073e+01 -1.320603046417236293e+01
-1.385511596004168133e+01 -1.383755950927734446e+01
-1.377474205692609210e+01 -1.261955227851867711e+01
-1.393778218825658222e+01 -1.288304572105407786e+01
-1.388902239998181720e+01 -1.166709403991699290e+01
-1.395617365837097168e+01 -1.301745681762695384e+01
-1.399128813544909100e+01 -1.389864435195922887e+01
-1.422362727920214276e+01 -1.366098599433898997e+01
-1.406213492155075073e+01 -1.347798080444335866e+01
-1.359138006965319256e+01 -1.307353882789611887e+01
-1.402438566088676453e+01 -1.333023543357849050e+01
-1.380114814639091492e+01 -1.256816229820251429e+01
-1.406546392043431659e+01 -1.270128664970397914e+01
-1.412368915478388409e+01 -1.301832327842712367e+01
-1.405110388994216919e+01 -1.187436308860778844e+01
-1.360362606247266193e+01 -1.348245024681091309e+01
-1.408281450470288654e+01 -1.308694863319396973e+01
-1.410474410653114319e+01 -1.276891937255859411e+01
-1.411172810196876526e+01 -1.207435622215271032e+01
-1.396323484182357788e+01 -1.330936913490295481e+01
-1.417421444257100482e+01 -1.220948266983032227e+01
-1.414804853002230267e+01 -1.385571928024291921e+01
-1.415434474746386151e+01 -1.339293851852417028e+01
-1.412869018316268921e+01 -1.294614253044128382e+01
-1.412321802973747253e+01 -1.318278784751892019e+01
-1.437004348635673523e+01 -1.387719769477844167e+01
-1.431062242388725281e+01 -1.367374434471130407e+01
-1.446520577867825885e+01 -1.217652807235717738e+01
-1.429589381814002991e+01 -1.344771032333374094e+01
-1.447582386930783649e+01 -1.225499520301818812e+01
-1.395872554183006287e+01 -1.220351848602294886e+01
-1.412632808089256287e+01 -1.295233936309814382e+01
-1.425026988983154297e+01 -1.345552277565002441e+01
-1.465384132663408856e+01 -1.352782521247863734e+01
-1.474818432331085205e+01 -1.350342497825622523e+01
-1.448803665240605731e+01 -1.399540777206420827e+01
-1.408865387241045575e+01 -1.354163484573364329e+01
-1.409285462896029095e+01 -1.228003358840942383e+01
-1.439754182100296021e+01 -1.317571749687194860e+01
-1.401764133572578430e+01 -1.327685284614562988e+01
-1.385191155473391156e+01 -1.214213628768920827e+01
-1.433250227570533752e+01 -1.346880345344543528e+01
-1.428925484418869019e+01 -1.327981781959533691e+01
-1.424549570679664612e+01 -1.354209828376770020e+01
-1.431859302520751953e+01 -1.355440354347229004e+01
-1.446466589967409710e+01 -1.367963848114013636e+01
-1.462348484992980957e+01 -1.121528954505920339e+01
-1.436496286590894123e+01 -1.382059783935546804e+01
-1.460878923535346985e+01 -1.377972216606140066e+01
-1.431553612152735333e+01 -1.361628503799438406e+01
-1.419569212198257446e+01 -1.260007429122924805e+01
-1.451888269186019897e+01 -1.394696087837219167e+01
-1.466212692856788635e+01 -1.381175088882446289e+01
-1.469917873541514020e+01 -1.399324045181274379e+01
-1.476203083992004395e+01 -1.415859456062316823e+01
-1.447025786836942096e+01 -1.330828366279602015e+01
-1.454857285817464252e+01 -1.285474882125854457e+01
-1.436596353848775287e+01 -1.377029972076416087e+01
-1.448971541722615619e+01 -1.400333776473999059e+01
-1.449326566855112652e+01 -1.374450016021728516e+01
-1.469790559013684650e+01 -1.285621800422668493e+01
-1.487610207994779010e+01 -1.372045965194702077e+01
-1.436355817317962646e+01 -1.294289381504058767e+01
-1.431718240181604962e+01 -1.276481776237487864e+01
-1.451578720410664936e+01 -1.233834547996520925e+01
-1.444094726443290710e+01 -1.419088773727417063e+01
-1.494635210434595685e+01 -1.404809784889221191e+01
-1.461989502112070660e+01 -1.399247879981994558e+01
-1.501711873213450055e+01 -1.420002365112304688e+01
-1.493670120835304260e+01 -1.366909108161926234e+01
-1.472999569773674011e+01 -1.361643939018249583e+01
-1.503306665023167987e+01 -1.267190546989440847e+01
-1.471897316972414593e+01 -1.448704624176025391e+01
-1.504260275761286358e+01 -1.303666548728942942e+01
-1.440669922033945660e+01 -1.326287879943847692e+01
-1.503607241312662701e+01 -1.333583931922912669e+01
-1.458890589078267475e+01 -1.326108722686767649e+01
-1.472989966471990009e+01 -1.405086202621459890e+01
-1.445356391867001911e+01 -1.347380552291870082e+01
-1.514434835314750671e+01 -1.373989806175231898e+01
-1.488394372661908527e+01 -1.281974740028381277e+01
-1.466466288765271564e+01 -1.401521229743957520e+01
-1.470037561655044556e+01 -1.407982239723205531e+01
-1.489855572581291199e+01 -1.335428309440612793e+01
-1.497469254334767719e+01 -1.350857000350952219e+01
-1.485717320442199707e+01 -1.415834136009216238e+01
-1.495526875058809857e+01 -1.377572250366210938e+01
-1.462259284655253033e+01 -1.416140437126159668e+01
-1.503303900361061096e+01 -1.389573483467102122e+01
-1.478654925028483014e+01 -1.335150036811828578e+01
-1.451919240752855877e+01 -1.307490859031677211e+01
-1.516910348335901837e+01 -1.329782466888427805e+01
-1.478912077347437481e+01 -1.302637543678283727e+01
-1.476064570744832416e+01 -1.362014541625976527e+01
-1.523660603165626526e+01 -1.359413957595825195e+01
-1.519421589374542236e+01 -1.330893993377685547e+01
-1.493401786684989929e+01 -1.380176391601562536e+01
-1.531597190101941486e+01 -1.370765810012817454e+01
-1.472205630938212018e+01 -1.235593442916870188e+01
-1.483440831303596497e+01 -1.407965016365051270e+01
-1.476225393017133136e+01 -1.371278581619262660e+01
-1.425553509593009949e+01 -1.399413194656372106e+01
-1.511159094174703021e+01 -1.405426049232482910e+01
-1.456565606594085693e+01 -1.409624776840209925e+01
-1.528912642598152161e+01 -1.425372157096862757e+01
-1.461015930771827698e+01 -1.409389348030090261e+01
-1.484960069259007831e+01 -1.420615963935852122e+01
-1.523322808742523193e+01 -1.451548099517822266e+01
-1.514938024679819684e+01 -1.456884837150573730e+01
-1.532756619652112384e+01 -1.420505609512329137e+01
-1.497505209843317608e+01 -1.371467647552490199e+01
-1.486327659090360065e+01 -1.186852531433105540e+01
-1.516767771045366864e+01 -1.326887760162353480e+01
-1.511189238230387311e+01 -1.329945483207702672e+01
-1.486348713437716107e+01 -1.393962297439575160e+01
-1.507601692279179950e+01 -1.419920225143432546e+01
-1.510655027627944946e+01 -1.407868008613586497e+01
-1.521025679508844952e+01 -1.429489736557006907e+01
-1.574280714988708496e+01 -1.307978453636169469e+01
-1.528059329589208026e+01 -1.354517855644226110e+01
-1.519966936111450195e+01 -1.378466877937316859e+01
-1.500178671876589398e+01 -1.235835156440734828e+01
-1.484830079476038556e+01 -1.421989936828613210e+01
-1.520639813939730267e+01 -1.409485831260681188e+01
-1.560118548075358014e+01 -1.443064770698547328e+01
-1.529815628131230731e+01 -1.398425750732421946e+01
-1.546353664000829120e+01 -1.282786493301391673e+01
-1.456228895982106586e+01 -1.443399786949157715e+01
-1.534290834267934223e+01 -1.462749018669128453e+01
-1.527023844917615314e+01 -1.395577545166015554e+01
-1.526061371962229352e+01 -1.424708290100097585e+01
-1.543124190966288189e+01 -1.403538250923156738e+01
-1.520115706324577332e+01 -1.401320500373840261e+01
-1.476072456439336200e+01 -1.457809696197509730e+01
-1.536430916190147400e+01 -1.226424112319946325e+01
-1.546471587816874127e+01 -1.438814244270324672e+01
-1.526823849479357342e+01 -1.331952257156371999e+01
-1.549706031878789325e+01 -1.408061513900756800e+01
-1.531810754537582397e+01 -1.211368341445922781e+01
-1.528862593571344952e+01 -1.317020134925842356e+01
-1.514498162269592285e+01 -1.395869345664977956e+01
-1.504613341887792011e+01 -1.333986959457397425e+01
-1.532296834389368634e+01 -1.437172627449035645e+01
-1.509782573580741882e+01 -1.376025934219360281e+01
-1.510167375206947327e+01 -1.297306938171386648e+01
-1.504777886470158954e+01 -1.405459342002868617e+01
-1.567663629849751850e+01 -1.411202211380004812e+01
-1.465285583337148090e+01 -1.482313675880432058e+01
-1.538140074412027936e+01 -1.258233256340026784e+01
-1.548252874612808228e+01 -1.318939032554626500e+01
-1.532450733582178692e+01 -1.343817243576049769e+01
-1.536265027523040771e+01 -1.480809202194213903e+01
-1.555223183830579181e+01 -1.447085347175598180e+01
-1.590617054700851440e+01 -1.252441496849059988e+01
-1.530131901303927044e+01 -1.273255977630615199e+01
-1.524849140644073486e+01 -1.351971960067749023e+01
-1.517479424675305744e+01 -1.290335597991943395e+01
-1.550958867867787738e+01 -1.384320149421691859e+01
-1.571345883607864380e+01 -1.441950573921203649e+01
-1.519248358408609967e+01 -1.289534730911254812e+01
-1.564383096496264081e+01 -1.289815087318420339e+01
-1.540719365080197711e+01 -1.447114720344543493e+01
-1.536400928099950214e+01 -1.469818730354309011e+01
-1.537048703432083130e+01 -1.428259434700012243e+01
-1.575429292519887348e+01 -1.425696887969970739e+01
-1.586609165867169757e+01 -1.426548795700073313e+01
-1.543910231192906757e+01 -1.415445961952209508e+01
-1.576044793923695941e+01 -1.402597179412841832e+01
-1.595982714494069477e+01 -1.416498532295227086e+01
-1.550856160124143024e+01 -1.458561596870422328e+01
-1.572990403572718243e+01 -1.357134108543396067e+01
-1.553803304831186871e+01 -1.423451275825500417e+01
-1.569802527626355548e+01 -1.283127541542053152e+01
-1.569891347487767597e+01 -1.439852118492126465e+01
-1.552043237288792987e+01 -1.349640603065490652e+01
-1.574570012092590332e+01 -1.402243151664733922e+01
-1.571438771486282349e+01 -1.347510433197021484e+01
-1.583497847119967084e+01 -1.383197379112243652e+01
-1.540809962153434753e+01 -1.473610243797302211e+01
-1.578991454839706421e+01 -1.403905620574951207e+01
-1.596221157908439636e+01 -1.463177094459533656e+01
-1.585756296912829022e+01 -1.351529674530029368e+01
-1.585918427507082562e+01 -1.455001473426818848e+01
-1.572861671447753906e+01 -1.394282031059265137e+01
-1.583930198351542096e+01 -1.324002575874328613e+01
-1.487899218996365924e+01 -1.382355513572692907e+01
-1.599175522724787335e+01 -1.451671085357665980e+01
-1.549120330810546875e+01 -1.378369431495666575e+01
-1.575897692640622516e+01 -1.319382724761962855e+01
-1.582019481062889099e+01 -1.468458786010742223e+01
-1.596036344766616821e+01 -1.423028659820556641e+01
-1.541940219203631024e+01 -1.392657098770141566e+01
-1.585161196192105670e+01 -1.380658335685729909e+01
-1.598247941335042377e+01 -1.500670742988586426e+01
-1.599641387661298175e+01 -1.447035565376281774e+01
-1.589529324571291546e+01 -1.436093516349792409e+01
-1.563349357247352600e+01 -1.381765656471252512e+01
-1.600734373927116394e+01 -1.448923263549804652e+01
-1.596611199776331524e+01 -1.425899891853332591e+01
-1.543902148803075214e+01 -1.357372956275940012e+01
-1.569545494516690631e+01 -1.388556537628173793e+01
-1.550800236066182514e+01 -1.426026792526245046e+01
-1.580576721827189068e+01 -1.414071416854858398e+01
-1.569305511315663715e+01 -1.482779388427734446e+01
-1.568520358204841614e+01 -1.296233010292053223e+01
-1.559187371532122235e+01 -1.465536465644836461e+01
-1.588973891735076904e+01 -1.439147953987121653e+01
-1.588686181108156781e+01 -1.414963817596435547e+01
-1.598508347074190716e+01 -1.462300996780395579e+01
-1.608341148495674133e+01 -1.476148591041564906e+01
-1.578875215848287006e+01 -1.393079099655151332e+01
-1.560458932320276837e+01 -1.339085259437561071e+01
-1.579006786147753338e+01 -1.417221884727478098e+01
-1.572515304883321186e+01 -1.438527173995971609e+01
-1.604682097832361976e+01 -1.301971483230590820e+01
-1.574398406346639057e+01 -1.403036961555480922e+01
-1.635699685414632043e+01 -1.491373319625854421e+01
-1.596158122022946735e+01 -1.440069766044616628e+01
-1.554752380649248700e+01 -1.399206371307372976e+01
-1.607947957515716553e+01 -1.476159915924072230e+01
-1.569316533207893372e+01 -1.363516163825988770e+01
-1.634241610765457153e+01 -1.326855649948120153e+01
-1.611434799432754517e+01 -1.409384899139404368e+01
-1.568923033277193646e+01 -1.367048096656799316e+01
-1.588874195019404034e+01 -1.460396590232849157e+01
-1.609377246101697168e+01 -1.318667550086975027e+01
-1.585724344849586487e+01 -1.443699183464050328e+01
-1.566074020663897137e+01 -1.318290266990661586e+01
-1.628269209464390954e+01 -1.284535608291625941e+01
-1.612545225024223328e+01 -1.438991374969482351e+01
-1.574018857876459698e+01 -1.415331301689147914e+01
-1.614534418781598291e+01 -1.438383545875549352e+01
-1.617955693602561951e+01 -1.337103791236877370e+01
-1.609533796707789222e+01 -1.427685203552246129e+01
-1.600044653813044349e+01 -1.481491155624389577e+01
-1.615897328654925147e+01 -1.391453881263732839e+01
-1.621666536728541175e+01 -1.172328047752380442e+01
-1.581607884168624878e+01 -1.432293210029602015e+01
-1.638654064138730249e+01 -1.442217254638671875e+01
-1.589184319972991943e+01 -1.489765276908874547e+01
-1.619153498609860620e+01 -1.450743875503540004e+01
-1.617649441957473755e+01 -1.445164136886596751e+01
-1.629614390929539880e+01 -1.309305353164672781e+01
-1.616949595014254371e+01 -1.458514389991760218e+01
-1.622022009889284888e+01 -1.422384543418884206e+01
-1.586383884151776691e+01 -1.399380517005920410e+01
-1.597981203595797162e+01 -1.477901697158813477e+01
-1.548198094964027405e+01 -1.442889575958252024e+01
-1.617685862382252893e+01 -1.439941277503967321e+01
-1.624231782555580139e+01 -1.466342592239379883e+01
-1.643427677949269494e+01 -1.443928394317626918e+01
-1.616340495149294654e+01 -1.483290562629699672e+01
-1.655601231257120887e+01 -1.442437677383422923e+01
-1.589143916964530945e+01 -1.446987257003784144e+01
-1.604633916417757789e+01 -1.497216348648071360e+01
-1.653262601296107093e+01 -1.450448236465454066e+01
-1.658511638641357422e+01 -1.491859464645385813e+01
-1.612653771042823792e+01 -1.426761183738708461e+01
-1.605165335536003113e+01 -1.413535189628601074e+01
-1.623198062181472778e+01 -1.396888647079467738e+01
-1.544733447829882245e+01 -1.415821428298950124e+01
-1.631251221895217896e+01 -1.397363562583923269e+01
-1.580253988504409790e+01 -1.388347411155700684e+01
-1.656191649039586267e+01 -1.303378038406372141e+01
-1.671630851427714148e+01 -1.437544116973876918e+01
-1.593318967024485211e+01 -1.453248291015625071e+01
-1.654548701643943787e+01 -1.400262985229492152e+01
-1.598525402943293194e+01 -1.315601754188537598e+01
-1.592440596222877502e+01 -1.275879621505737305e+01
-1.647690905133883277e+01 -1.365726213455200266e+01
-1.579912085334459881e+01 -1.460567493438720632e+01
-1.620199523369471351e+01 -1.423323106765747070e+01
-1.634131804108619690e+01 -1.432793245315551722e+01
-1.590299703677495380e+01 -1.489369173049926687e+01
-1.617689046263694763e+01 -1.307972590923309397e+01
-1.603700016935666284e+01 -1.307240457534789968e+01
-1.635918216904004296e+01 -1.510483179092407191e+01
-1.624724562962849816e+01 -1.398368463516235316e+01
-1.610002275307973107e+01 -1.309738903045654368e+01
-1.598049946626027484e+01 -1.441882848739624023e+01
-1.666963235537211219e+01 -1.473308835029602015e+01
-1.668103646238644799e+01 -1.461718449592590297e+01
-1.667973592877388000e+01 -1.430060477256774831e+01
-1.623808082938194275e+01 -1.465333251953125071e+01
-1.665409736831982812e+01 -1.503561773300170934e+01
-1.596868521968523602e+01 -1.538648500442504918e+01
-1.636597657203674316e+01 -1.406108307838439941e+01
-1.663524835308392724e+01 -1.272312731742858816e+01
-1.607953821619351586e+01 -1.426525354385375977e+01
-1.634125697612762451e+01 -1.450848484039306641e+01
-1.630566687385241309e+01 -1.499161653518676829e+01
-1.682873638470967492e+01 -1.336300635337829590e+01
-1.640656161308288574e+01 -1.417467327117919851e+01
-1.654213693737983704e+01 -1.483563113212585449e+01
-1.615891359249750892e+01 -1.481348748207092214e+01
-1.635426578919092933e+01 -1.486147499084472656e+01
-1.626745775341987610e+01 -1.510700130462646484e+01
-1.676834089557329932e+01 -1.512590103149414134e+01
-1.662621169288953027e+01 -1.426586432456970144e+01
-1.618604258696238318e+01 -1.443241705894470250e+01
-1.658266023794810096e+01 -1.493560934066772461e+01
-1.619655297199885169e+01 -1.498241324424743581e+01
-1.595605601867040058e+01 -1.516326379776000977e+01
-1.668623095750808716e+01 -1.461897096633911097e+01
-1.684765888253847876e+01 -1.501202063560485911e+01
-1.623639259735743323e+01 -1.512365827560424769e+01
-1.574611869454383850e+01 -1.279232444763183629e+01
-1.648300525546073914e+01 -1.496974053382873571e+01
-1.657064321637153625e+01 -1.504812350273132360e+01
-1.671500107645988464e+01 -1.470830526351928746e+01
-1.660877139369646827e+01 -1.521539731025695730e+01
-1.660631954669952393e+01 -1.334720606803893972e+01
-1.640286922454833984e+01 -1.296078939437866140e+01
-1.664935550093650818e+01 -1.384789085388183594e+01
-1.636859060327212134e+01 -1.465815238952636790e+01
-1.629028519988059998e+01 -1.492772264480590749e+01
-1.640871474146842957e+01 -1.515364575386047363e+01
-1.616869570811589440e+01 -1.403240714073181117e+01
-1.645423289140065393e+01 -1.525213418006896937e+01
-1.657838718096415320e+01 -1.531017541885375977e+01
-1.670715926090876380e+01 -1.484246611595153809e+01
-1.659704309701919556e+01 -1.406731038093566966e+01
-1.675872016946474830e+01 -1.480131373405456507e+01
-1.670457831025123596e+01 -1.481769971847534251e+01
-1.685963388284047326e+01 -1.475731596946716273e+01
-1.700869773825009545e+01 -1.469550161361694407e+01
-1.692594550053278724e+01 -1.511731667518615652e+01
-1.657142364978790283e+01 -1.521422281265258825e+01
-1.683790674308935920e+01 -1.497425236701965368e+01
-1.671138342221577844e+01 -1.444148068428039622e+01
-1.675849699974060059e+01 -1.480709853172302282e+01
-1.693820511301358422e+01 -1.471254448890686106e+01
-1.671035433808962622e+01 -1.423392472267150843e+01
-1.680149615804354468e+01 -1.459647397994995188e+01
-1.648203351100285730e+01 -1.453015818595886266e+01
-1.701469504833221436e+01 -1.447046856880188059e+01
-1.659082319339116296e+01 -1.345909042358398366e+01
-1.688878164688746253e+01 -1.500665702819824254e+01
-1.640691782037417212e+01 -1.479430642127990758e+01
-1.673538591464360437e+01 -1.459735522270202601e+01
-1.612768256664276123e+01 -1.523019680976867640e+01
-1.689656729499499122e+01 -1.443155016899108922e+01
-1.673078478376070777e+01 -1.478766942024230957e+01
-1.672354935606320581e+01 -1.478752207756042480e+01
-1.645925229787826538e+01 -1.402312855720520091e+01
-1.674375749627749244e+01 -1.534419989585876465e+01
-1.704537550608317176e+01 -1.448718504905700755e+01
-1.668756715456644812e+01 -1.505812110900878942e+01
-1.664932625492413720e+01 -1.457083191871643102e+01
-1.689241617918014526e+01 -1.481522774696350098e+01
-1.637890933950741967e+01 -1.530271167755126882e+01
-1.696941069761912146e+01 -1.414581599235534703e+01
-1.651615425944328308e+01 -1.479084973335266184e+01
-1.660862578948338708e+01 -1.492179217338562047e+01
-1.676831588149070740e+01 -1.516758551597595250e+01
-1.705005914966265479e+01 -1.479314179420471120e+01
-1.651661841074625769e+01 -1.401467065811157298e+01
-1.657464209198951721e+01 -1.434928317070007253e+01
-1.628283945719401160e+01 -1.458258204460144114e+01
-1.694622925917307654e+01 -1.528921527862548757e+01
-1.708070729176203528e+01 -1.500316467285156286e+01
-1.603258351484934607e+01 -1.461638903617858887e+01
-1.649812441070874414e+01 -1.312028403282165456e+01
-1.583786823352177997e+01 -1.529516544342041051e+01
-1.716012745102246484e+01 -1.497097434997558629e+01
-1.636212781071662903e+01 -1.450967454910278320e+01
-1.677081686258316040e+01 -1.273091893196106028e+01
-1.672715313235918799e+01 -1.516811809539794886e+01
-1.665703543027241906e+01 -1.310479397773742605e+01
-1.658492906888325891e+01 -1.500985684394836461e+01
-1.672963341077168664e+01 -1.479196572303771973e+01
-1.686782679955164710e+01 -1.479031729698181152e+01
-1.714880587657292565e+01 -1.490902643203735423e+01
-1.666069212555885315e+01 -1.424256539344787598e+01
-1.637840014696121216e+01 -1.438740925788879466e+01
-1.655636237064997474e+01 -1.467052006721496582e+01
-1.647969397902488708e+01 -1.491127038002014160e+01
-1.659761498371760169e+01 -1.398656520843505824e+01
-1.697902693351109704e+01 -1.417554173469543422e+01
-1.668519293268521508e+01 -1.494168939590454137e+01
-1.695534880956013879e+01 -1.498562455177307129e+01
-1.722209803263346473e+01 -1.536062860488891602e+01
-1.733290547132492065e+01 -1.443975367546081578e+01
-1.674529117345809937e+01 -1.537408137321472168e+01
-1.722083573540051660e+01 -1.453082928657531703e+01
-1.711958268284797668e+01 -1.456697936058044363e+01
-1.693940014640490332e+01 -1.461602764129638743e+01
-1.672742010156313697e+01 -1.521917886734008718e+01
-1.688523450493812561e+01 -1.453237981796264577e+01
-1.728805161515871802e+01 -1.527703471183776784e+01
-1.672776520252227783e+01 -1.396929049491882324e+01
-1.690021928151448449e+01 -1.412154488563537669e+01
-1.713744157552719116e+01 -1.443615803718566859e+01
-1.683949968218803406e+01 -1.449816665649414027e+01
-1.638345685601234436e+01 -1.513330831527709996e+01
-1.690902472535769263e+01 -1.535984945297241211e+01
-1.714120266834894935e+01 -1.465011672973632884e+01
-1.671813980738322059e+01 -1.458152503967285085e+01
-1.684919100006421289e+01 -1.539698114395141637e+01
-1.707711891333262244e+01 -1.536452355384826696e+01
-1.690339568257331848e+01 -1.487732424736022985e+01
-1.672027997175852576e+01 -1.504874944686889648e+01
-1.703362572193145752e+01 -1.490586361885070765e+01
-1.714537063241004944e+01 -1.414382772445678782e+01
-1.666901371876398841e+01 -1.505899624824523997e+01
-1.695110504825909814e+01 -1.457047162055969203e+01
-1.655668722589810571e+01 -1.338174853324890101e+01
-1.679057798782984534e+01 -1.441051583290100169e+01
-1.732174445192019263e+01 -1.524273276329040527e+01
-1.728124423821767053e+01 -1.523130774497985840e+01
-1.707820291320483008e+01 -1.536441831588745188e+01
-1.679211787382761756e+01 -1.450703377723693777e+01
-1.703690490126609802e+01 -1.507060108184814418e+01
-1.662620757023493567e+01 -1.482300019264221191e+01
-1.750140382846196374e+01 -1.452547841072082591e+01
-1.725786639253298560e+01 -1.488852529525756907e+01
-1.704480682810147485e+01 -1.516666383743286062e+01
-1.723576535781224450e+01 -1.476544971466064382e+01
-1.707316456238428870e+01 -1.515725288391113246e+01
-1.669458089272181311e+01 -1.446046652793884313e+01
-1.675364350279172143e+01 -1.542014164924621511e+01
-1.754199351867039880e+01 -1.533101000785827672e+01
-1.757692737380663672e+01 -1.497463545799255336e+01
-1.703546813130378723e+01 -1.505376644134521413e+01
-1.703723665078480920e+01 -1.384486312866210866e+01
-1.699971321225166321e+01 -1.492697167396545410e+01
-1.734567663073539734e+01 -1.489629783630371129e+01
-1.721319477756818017e+01 -1.440044412612915004e+01
-1.690989015499750892e+01 -1.545757284164428746e+01
-1.698718204100926599e+01 -1.332980251312255859e+01
-1.757920567194620887e+01 -1.540272865295410121e+01
-1.742313581705093384e+01 -1.389868755340576101e+01
-1.674036971728007117e+01 -1.487685627937316823e+01
-1.754839838544527808e+01 -1.511123003959655797e+01
-1.710095853606859961e+01 -1.499229922294616735e+01
-1.707147542635599891e+01 -1.478256745338439870e+01
-1.717290121316909790e+01 -1.473950529098510742e+01
-1.715362266699473182e+01 -1.519311156272888219e+01
-1.711198114355405053e+01 -1.546127834320068395e+01
-1.677454213301340857e+01 -1.512259621620178152e+01
-1.737270599603652954e+01 -1.473029594421386790e+01
-1.754783099889755249e+01 -1.491389555931091238e+01
-1.732423157493273536e+01 -1.556000323295593191e+01
-1.720402950048446655e+01 -1.385834159851074254e+01
-1.688929137587547302e+01 -1.461995363235473633e+01
-1.736909834543864051e+01 -1.506787343025207448e+01
-1.756859874725341797e+01 -1.501792535781860316e+01
-1.698114421963691711e+01 -1.526547632217407191e+01
-1.727005661527315894e+01 -1.526059064865112269e+01
-1.728269572059313575e+01 -1.489168233871459890e+01
-1.750254935026168823e+01 -1.468697538375854528e+01
-1.723160427808761597e+01 -1.523247399330139196e+01
-1.730940571427345276e+01 -1.458425278663635183e+01
-1.687636022766431054e+01 -1.507260541915893626e+01
-1.741903174916903296e+01 -1.516848783493042063e+01
-1.688080846269925317e+01 -1.368203730583190847e+01
-1.686854121088981628e+01 -1.437521028518676758e+01
-1.761126364270846167e+01 -1.465348601341247559e+01
-1.687077163656552514e+01 -1.383949136734008789e+01
-1.770825861891110620e+01 -1.410871634483337367e+01
-1.741901183128356934e+01 -1.396932005882263184e+01
-1.736032295227050781e+01 -1.464911222457885742e+01
-1.713036573926607886e+01 -1.541482086181640554e+01
-1.733141359686851501e+01 -1.508591365814208984e+01
-1.725237268209457397e+01 -1.490837888717651438e+01
-1.650585562984148780e+01 -1.461533913612365687e+01
-1.689653421441714087e+01 -1.497640428543090785e+01
-1.750012244780858239e+01 -1.263393292427062953e+01
-1.695404485861460486e+01 -1.511153788566589284e+01
-1.736311246951420983e+01 -1.343224229812622106e+01
-1.730662222703297815e+01 -1.502375707626342738e+01
-1.721217828989028931e+01 -1.465323176383972203e+01
-1.664336845278739929e+01 -1.419717841148376536e+01
-1.704585243264834205e+01 -1.522326569557190012e+01
-1.729750775297482690e+01 -1.462037148475647008e+01
-1.742783876260121545e+01 -1.490469985008239817e+01
-1.729733383655548096e+01 -1.498299484252929759e+01
-1.719492775201797485e+01 -1.458699450492858851e+01
-1.754979114731152734e+01 -1.495802869796752965e+01
-1.752355142434437951e+01 -1.493356742858886754e+01
-1.708729692300160607e+01 -1.523765759468078684e+01
-1.694300862153371057e+01 -1.511941423416137731e+01
-1.775626642505327979e+01 -1.516310725212097132e+01
-1.725898319482803345e+01 -1.460861968994140625e+01
-1.696810264388720313e+01 -1.507497305870056081e+01
-1.721320560574531555e+01 -1.525065641403198313e+01
-1.779496629039446631e+01 -1.512895984649658132e+01
-1.761653942863146582e+01 -1.234273734092712438e+01
-1.637037906050682068e+01 -1.542802314758300852e+01
-1.736204044024149695e+01 -1.487673149108886683e+01
-1.709580808877944946e+01 -1.493863224983215332e+01
-1.730218333005905151e+01 -1.472181529998779226e+01
-1.743491772810618201e+01 -1.538414797782897914e+01
-1.737805937727292260e+01 -1.466380343437194789e+01
-1.684522147973378381e+01 -1.363738279342651438e+01
-1.702344210942586145e+01 -1.523270621299743688e+01
-1.736691009998321533e+01 -1.477850885391235281e+01
-1.791319252053896705e+01 -1.473949136734008825e+01
-1.787404547135035315e+01 -1.533223776817321848e+01
-1.784934280316035071e+01 -1.514123473167419398e+01
-1.742010535796483239e+01 -1.402745404243469274e+01
-1.742718840638796607e+01 -1.347863054275512695e+01
-1.735477915406227112e+01 -1.498030638694763184e+01
-1.733992718656857690e+01 -1.513577532768249512e+01
-1.750547216335932532e+01 -1.453907623291015661e+01
-1.744820166627566138e+01 -1.491315579414367676e+01
-1.793422419826189795e+01 -1.476649408340454173e+01
-1.716496408979098121e+01 -1.449876203536987340e+01
-1.687627084056536475e+01 -1.442783007621765101e+01
-1.747905674576759338e+01 -1.518874683380126989e+01
-1.756151610612869263e+01 -1.508009786605834890e+01
-1.794665623704592505e+01 -1.512659039497375524e+01
-1.743576923012733459e+01 -1.455896267890930140e+01
-1.724098143974940101e+01 -1.508736300468444824e+01
-1.676173449556032935e+01 -1.537246761322021449e+01
-1.742194625735282898e+01 -1.419898328781127894e+01
-1.771628421545028687e+01 -1.409836945533752406e+01
-1.762932792305946350e+01 -1.506488261222839320e+01
-1.764211812615394592e+01 -1.497963924407958913e+01
-1.759372551242510596e+01 -1.413265576362609899e+01
-1.683073978622754296e+01 -1.450578122138977122e+01
-1.759348360697428504e+01 -1.442156071662902761e+01
-1.750947441657384118e+01 -1.543582305908203089e+01
-1.775867632031440735e+01 -1.498911128044128382e+01
-1.797925493121147156e+01 -1.508212051391601527e+01
-1.767944176991780481e+01 -1.542905712127685547e+01
-1.784958413243293762e+01 -1.546606965065002370e+01
-1.749874801437060157e+01 -1.509381484985351562e+01
-1.755070461829503259e+01 -1.463146600723266566e+01
-1.789796187480290612e+01 -1.491784801483154332e+01
-1.672811745603879174e+01 -1.500427842140197754e+01
-1.742333714167277137e+01 -1.493908171653747630e+01
-1.787143368522326270e+01 -1.490133934020996165e+01
-1.756310463945071021e+01 -1.555875759124755930e+01
-1.751204995314280310e+01 -1.540922722816467250e+01
-1.723525875806808472e+01 -1.449204964637756277e+01
-1.719124749302864075e+01 -1.536597709655761790e+01
-1.773110520839691162e+01 -1.515586304664611816e+01
-1.781994096438090125e+01 -1.445700325965881383e+01
-1.708194813132286072e+01 -1.564907174110412669e+01
-1.735060760378837585e+01 -1.359782629013061594e+01
-1.700383535027503967e+01 -1.528496794700622630e+01
-1.763095941146214685e+01 -1.464521217346191406e+01
-1.773496784766514978e+01 -1.519696931838989329e+01
-1.792390095194180688e+01 -1.401670107841491664e+01
-1.717182778318722924e+01 -1.432899975776672363e+01
-1.738350738088290015e+01 -1.447933268547058105e+01
-1.693272935350735864e+01 -1.374236125946044851e+01
-1.750760264197985450e+01 -1.542116065025329519e+01
-1.737489083409309387e+01 -1.474785132408142019e+01
-1.701081085205078125e+01 -1.529839482307434118e+01
-1.779815175135930261e+01 -1.520655918121337891e+01
-1.758948630094528198e+01 -1.494153823852539098e+01
-1.765398549040158471e+01 -1.423904061317443848e+01
-1.765927663445472717e+01 -1.531232438087463343e+01
-1.799553486704826355e+01 -1.510932025909423793e+01
-1.768115937709808350e+01 -1.560356988906860387e+01
-1.749386065204938134e+01 -1.196403856277465749e+01
-1.718091532588005066e+01 -1.501829776763915980e+01
-1.748251610000928125e+01 -1.551634721755981516e+01
-1.766829398274421692e+01 -1.406760983467102122e+01
-1.729144979516665259e+01 -1.378987226486206019e+01
-1.793232358495394507e+01 -1.491415586471557653e+01
-1.764972582459449768e+01 -1.467540826797485387e+01
-1.786048228542010108e+01 -1.429144372940063512e+01
-1.759843091169993201e+01 -1.467034206390380824e+01
-1.781012788414955139e+01 -1.564725661277770996e+01
-1.735731094082196435e+01 -1.525757546424865652e+01
-1.745638663570086280e+01 -1.552697081565856863e+01
-1.796096698443095008e+01 -1.506145195960998606e+01
-1.741477112968762597e+01 -1.517985782623290980e+01
-1.710815071066220483e+01 -1.501670112609863317e+01
-1.805162543058395386e+01 -1.429492449760437012e+01
-1.797778533895810327e+01 -1.499674806594848597e+01
-1.770639573534329614e+01 -1.502655119895934988e+01
-1.771359661221504211e+01 -1.513533067703247070e+01
-1.738662430644035339e+01 -1.556747598648071218e+01
-1.790621976057688514e+01 -1.500368280410766531e+01
-1.746659310658772668e+01 -1.379201922416686976e+01
-1.764986506104469299e+01 -1.487557930946350027e+01
-1.698975441853205481e+01 -1.498354763984680105e+01
-1.772579895456631860e+01 -1.509723939895629918e+01
-1.766414005557696143e+01 -1.400558190345764231e+01
-1.795473849773406982e+01 -1.376351099014282298e+01
-1.745195728540420532e+01 -1.559113163948059011e+01
-1.808495974540710449e+01 -1.429830193519592285e+01
-1.763042478760083398e+01 -1.493135857582092285e+01
-1.784724800785382470e+01 -1.519062666893005442e+01
-1.806199397643407067e+01 -1.502477831840515066e+01
-1.786488667130470276e+01 -1.477773628234863246e+01
-1.821913446982701501e+01 -1.485449047088622976e+01
-1.793152464429537574e+01 -1.531623492240905726e+01
-1.797180278102556983e+01 -1.519531488418579102e+01
-1.794432530800501624e+01 -1.425933570861816335e+01
-1.716169347365697107e+01 -1.465703845024108887e+01
-1.776282422741254052e+01 -1.496977577209472621e+01
-1.751132142543792725e+01 -1.537067160606384242e+01
-1.805870763460795203e+01 -1.306472792625427282e+01
-1.724519174297650537e+01 -1.471272058486938406e+01
-1.782598271965980530e+01 -1.504859199523925817e+01
-1.789880941311518470e+01 -1.469202742576599086e+01
-1.765195250511169434e+01 -1.484631776809692383e+01
-1.783828883369763574e+01 -1.549632053375244212e+01
-1.788752381006876746e+01 -1.531455612182617188e+01
-1.793385453025500098e+01 -1.370639624595642125e+01
-1.801579199234644690e+01 -1.465939307212829590e+01
-1.785485854744911194e+01 -1.433053326606750488e+01
-1.782745668292045593e+01 -1.545768647193908762e+01
-1.775878094633420190e+01 -1.534239497184753453e+01
-1.798188825448353967e+01 -1.548173780441284109e+01
-1.756617535154024878e+01 -1.469948954582214284e+01
-1.798421727617581567e+01 -1.527646579742431676e+01
-1.789343858758608619e+01 -1.463678121566772461e+01
-1.758973033229510108e+01 -1.564446721076965297e+01
-1.769523756702740869e+01 -1.535174369812011719e+01
-1.758732135097185889e+01 -1.450014700889587438e+01
-1.763959712783495704e+01 -1.499773807525634695e+01
-1.842001053690910339e+01 -1.502257695198059118e+01
-1.775897241632143775e+01 -1.264348030090332031e+01
-1.753776371479034424e+01 -1.530535955429077077e+01
-1.800795803467432776e+01 -1.516845335960388219e+01
-1.806574267148971558e+01 -1.497107734680175817e+01
-1.713753118117650232e+01 -1.418410754203796387e+01
-1.734884606798489770e+01 -1.379640622138976980e+01
-1.757842345039049903e+01 -1.531347517967224192e+01
-1.747963642080624780e+01 -1.507637085914611852e+01
-1.737371950348218164e+01 -1.479037694931030344e+01
-1.802787979443867883e+01 -1.433068351745605540e+01
-1.734160863359769067e+01 -1.522037467956542933e+01
-1.799904438853263855e+01 -1.467441763877868688e+01
-1.812844188014666358e+01 -1.537531003952026332e+01
-1.798564739028612891e+01 -1.540422616004943812e+01
-1.822927377621332923e+01 -1.503730340003967214e+01
-1.781964987516403198e+01 -1.456146798133850062e+01
-1.825587745507558068e+01 -1.549817667007446254e+01
-1.814492696523666382e+01 -1.522771563529968297e+01
-1.820879716674486914e+01 -1.505407686233520437e+01
-1.822348141670227051e+01 -1.540529737472534144e+01
-1.783904863397280494e+01 -1.550418276786804128e+01
-1.765915459394454956e+01 -1.443280854225158727e+01
-1.798903594414393226e+01 -1.511048340797424316e+01
-1.809631909926732263e+01 -1.512959771156311106e+01
-1.814774527152379235e+01 -1.385023827552795339e+01
-1.814742176731427392e+01 -1.439184231758117605e+01
-1.819813232620557031e+01 -1.458626694679260183e+01
-1.825040494402249536e+01 -1.409558420181274485e+01
-1.805703474084536353e+01 -1.425994701385497976e+01
-1.822369404633839807e+01 -1.461672868728637731e+01
-1.824234992265701294e+01 -1.559081830978393590e+01
-1.773821418484051904e+01 -1.470535445213317871e+01
-1.800091793139775476e+01 -1.499872527122497523e+01
-1.776671491066614905e+01 -1.519068574905395508e+01
-1.828560515244801721e+01 -1.443854041099548269e+01
-1.784399685263633728e+01 -1.381625366210937500e+01
-1.797857028245925903e+01 -1.583297233581543040e+01
-1.783495220541954041e+01 -1.504109606742858851e+01
-1.786210898558298865e+01 -1.502485361099243200e+01
-1.826991239190101624e+01 -1.546134505271911586e+01
-1.817462417483329773e+01 -1.500932998657226491e+01
-1.761622405052185059e+01 -1.514215469360351562e+01
-1.796371067563692847e+01 -1.529294791221618688e+01
-1.817498827974001685e+01 -1.415423526763916051e+01
-1.802471738060315332e+01 -1.446841449737548757e+01
-1.824421594540278235e+01 -1.504396667480468786e+01
-1.799423937996228418e+01 -1.522625246047973668e+01
-1.796938500801722327e+01 -1.493929724693298411e+01
-1.829117502768834314e+01 -1.418889040946960378e+01
-1.701134856541951379e+01 -1.467726426124572825e+01
-1.795578631758689880e+01 -1.513931784629821742e+01
-1.832100380460421363e+01 -1.520674896240234375e+01
-1.762516520420710364e+01 -1.499319214820861745e+01
-1.817295132080714026e+01 -1.489305305480957031e+01
-1.805432738860448083e+01 -1.570989747047424245e+01
-1.821578852335612098e+01 -1.504020237922668457e+01
-1.748195093870162964e+01 -1.298323750495910645e+01
-1.808201953768730164e+01 -1.437630372047424387e+01
-1.820786105593045434e+01 -1.481071267127990687e+01
-1.767611617843310157e+01 -1.534896292686462438e+01
-1.813231473167737207e+01 -1.359371995925903320e+01
-1.818546075622240821e+01 -1.536400957107543874e+01
-1.819952397545178613e+01 -1.541979746818542552e+01
-1.784900991121928016e+01 -1.501752309799194407e+01
-1.824192005395889282e+01 -1.569533901214599680e+01
-1.791175197561581811e+01 -1.550986366271972727e+01
-1.774336338043212891e+01 -1.463771204948425364e+01
-1.861407341559727868e+01 -1.506481914520263743e+01
-1.858447114626566687e+01 -1.482224583625793457e+01
-1.840736413995425025e+01 -1.324075188636779821e+01
-1.795826107263565063e+01 -1.526977310180664027e+01
-1.794559020797411719e+01 -1.422251777648925852e+01
-1.838972040017445764e+01 -1.554424986839294398e+01
-1.847961886723836145e+01 -1.465366001129150320e+01
-1.774317691971858224e+01 -1.462490973472595179e+01
-1.817357091108958045e+01 -1.480341982841491699e+01
-1.790151073535283288e+01 -1.548882889747619629e+01
-1.810660972197850427e+01 -1.372030215263366770e+01
-1.809532564878463745e+01 -1.507117953300476110e+01
-1.818460731705029687e+01 -1.463274350166320836e+01
-1.805199131369590759e+01 -1.484700613021850657e+01
-1.794934209187825402e+01 -1.546972537040710449e+01
-1.828357293208440026e+01 -1.541708755493164062e+01
-1.839507397015889367e+01 -1.517193775177002024e+01
-1.841811423500378808e+01 -1.334981455802917516e+01
-1.802023644248644629e+01 -1.454982748031616246e+01
-1.849741616845130920e+01 -1.517027726173400914e+01
-1.775680107871691504e+01 -1.501791763305664062e+01
-1.768910014629364014e+01 -1.378019084930419957e+01
-1.736587342619895935e+01 -1.505454764366149867e+01
-1.807959510882695398e+01 -1.536512408256530726e+01
-1.820408924420674524e+01 -1.517020864486694265e+01
-1.763159850239753723e+01 -1.538436498641967809e+01
-1.789817996819813928e+01 -1.410457220077514684e+01
-1.818973258137702942e+01 -1.423404684066772496e+01
-1.814900497595469275e+01 -1.321715402603149414e+01
-1.794073089957237244e+01 -1.399262676239013636e+01
-1.803165361285209656e+01 -1.522261562347412145e+01
-1.865835724274317542e+01 -1.541060552597045863e+01
-1.721815626819928369e+01 -1.542485089302062917e+01
-1.837543346484502038e+01 -1.372901186943054164e+01
-1.851726696888605872e+01 -1.527033677101135289e+01
-1.829123379786809167e+01 -1.457989211082458425e+01
-1.761547456185023108e+01 -1.524652600288391113e+01
-1.856801348924636841e+01 -1.507547254562377859e+01
-1.846271709601084510e+01 -1.520656929016113246e+01
-1.800312592585881433e+01 -1.357326664924621618e+01
-1.844170250495274743e+01 -1.539454879760742223e+01
-1.828046006957690039e+01 -1.516302080154418874e+01
-1.798547570904095849e+01 -1.508023529052734446e+01
-1.775281152129173279e+01 -1.537933769226074254e+01
-1.796021834015846252e+01 -1.441254568099975586e+01
-1.838687721888224402e+01 -1.494839515686035192e+01
-1.875492703914642334e+01 -1.443758068084716761e+01
-1.845458588004112244e+01 -1.535357747077941859e+01
-1.825211646159489831e+01 -1.518788013458251918e+01
-1.842133837938308716e+01 -1.512601881027221751e+01
-1.851434077819188317e+01 -1.417306365966796911e+01
-1.837456574042638024e+01 -1.467039723396301198e+01
-1.856932331124941626e+01 -1.201268939971923899e+01
-1.810995696981747827e+01 -1.501360926628112757e+01
-1.821679027875264367e+01 -1.325295548439025950e+01
-1.810710009932518005e+01 -1.533034243583679235e+01
-1.849353030323982239e+01 -1.505279383659362757e+01
-1.853673094511032104e+01 -1.524776277542114222e+01
-1.816414985060691833e+01 -1.433069095611572230e+01
-1.857515574494997779e+01 -1.440382251739501918e+01
-1.846157496174176416e+01 -1.503053884506225657e+01
-1.824448592464129248e+01 -1.543434867858886683e+01
-1.853811545173327247e+01 -1.527228927612304688e+01
-1.828572200735409936e+01 -1.440832128524780309e+01
-1.840000442663828650e+01 -1.470910062789917028e+01
-1.847199757893880090e+01 -1.568141269683837891e+01
-1.857878596584002295e+01 -1.511678166389465261e+01
-1.880166081587473670e+01 -1.561433463096618723e+01
-1.781921488046646118e+01 -1.531851949691772496e+01
-1.831106915076573571e+01 -1.540011234283447195e+01
-1.838153592745463172e+01 -1.454159736633300781e+01
-1.825508913397789001e+01 -1.516354594230651820e+01
-1.838424482941627502e+01 -1.513276357650756765e+01
-1.893762485186259070e+01 -1.497860760688781667e+01
-1.820853037635485450e+01 -1.533445549011230469e+01
-1.820238574345906457e+01 -1.538074851036071777e+01
-1.854325490196545800e+01 -1.489946789741516042e+01
-1.797843748331069946e+01 -1.506755204200744558e+01
-1.822778828938801965e+01 -1.478012208938598704e+01
-1.841380489865938941e+01 -1.470449271202087438e+01
-1.784345664580662927e+01 -1.533613433837890661e+01
-1.849588948488235474e+01 -1.537256412506103587e+01
-1.884284146626790246e+01 -1.549838070869445872e+01
-1.836224653323491296e+01 -1.437382187843322789e+01
-1.809278030196825782e+01 -1.388050718307495046e+01
-1.839026373624801636e+01 -1.576557826995849609e+01
-1.854568981130917749e+01 -1.522384910583496165e+01
-1.861931836605072021e+01 -1.543519587516784597e+01
-1.830569387475649634e+01 -1.522052731513977086e+01
-1.828035977482795715e+01 -1.343373332023620570e+01
-1.797203033169110498e+01 -1.519392018318176341e+01
-1.803915339708328247e+01 -1.463152832984924245e+01
-1.872653633356094360e+01 -1.554427208900451696e+01
-1.831864901383717736e+01 -1.474388914108276438e+01
-1.831293851137161255e+01 -1.558155956268310582e+01
-1.855401161313056946e+01 -1.482692213058471609e+01
-1.859723868966102600e+01 -1.505816502571105886e+01
-1.824394739667574683e+01 -1.495609483718872035e+01
-1.905703278382619104e+01 -1.523785014152526784e+01
-1.869706212480862817e+01 -1.459883546829223633e+01
-1.807445113857587060e+01 -1.529006705284118617e+01
-1.793903636932373047e+01 -1.507661466598510813e+01
-1.873935239513714990e+01 -1.538667030334472585e+01
-1.879000105460484704e+01 -1.516493844985961914e+01
-1.867194109161694726e+01 -1.564687752723693848e+01
-1.847208903233210364e+01 -1.511735105514526367e+01
-1.823880674441655358e+01 -1.421981544494628835e+01
-1.833379158377647400e+01 -1.476884460449218750e+01
-1.857031122843424598e+01 -1.395815448760986399e+01
-1.809311229983965674e+01 -1.482151484489440918e+01
-1.872068720062573632e+01 -1.497689132690429759e+01
-1.774146201213200769e+01 -1.456685328483581543e+01
-1.878667823473612586e+01 -1.516243290901184082e+01
-1.860725160439809045e+01 -1.431559996604919505e+01
-1.753306664029757300e+01 -1.493964490890502894e+01
-1.876420388619105140e+01 -1.426937289237976003e+01
-1.903705233335494995e+01 -1.464572219848632884e+01
-1.811198503772417823e+01 -1.473005723953247070e+01
-1.882836274305979529e+01 -1.464963374137878382e+01
-1.793631856640179834e+01 -1.536407780647277832e+01
-1.842877551913261414e+01 -1.299078822135925293e+01
-1.875807188947995385e+01 -1.496750426292419434e+01
-1.845639289418856421e+01 -1.551867027282714773e+01
-1.852982315421104431e+01 -1.445450549125671458e+01
-1.877800075213114539e+01 -1.512938570976257324e+01
-1.882501620054244995e+01 -1.545871853828430176e+01
-1.847680887579917908e+01 -1.506255517005920375e+01
-1.847332446773846826e+01 -1.548732156753539968e+01
-1.845702542861302575e+01 -1.556783242225646902e+01
-1.884083739916483680e+01 -1.525485768318176305e+01
-1.791125286618868628e+01 -1.531731877326965297e+01
-1.885561265548070153e+01 -1.516378264427185130e+01
-1.845302283763885498e+01 -1.497824988365173304e+01
-1.820330015818278113e+01 -1.481402139663696360e+01
-1.862280800938606262e+01 -1.554130878448486364e+01
-1.889248806238174438e+01 -1.516016654968261790e+01
-1.875634245077769080e+01 -1.524277381896972727e+01
-1.902336488167444983e+01 -1.506826052665710414e+01
-1.841278789440790931e+01 -1.417870802879333425e+01
-1.839681806166966638e+01 -1.501127295494079661e+01
-1.835839517911275109e+01 -1.536166143417358398e+01
-1.864947500824928284e+01 -1.522197246551513672e+01
-1.904095317920048913e+01 -1.523635807037353551e+01
-1.856278831760088721e+01 -1.443787417411804164e+01
-1.849769232670466224e+01 -1.426625871658325195e+01
-1.809049359957377234e+01 -1.477885446548461879e+01
-1.911654742558797082e+01 -1.487727231979370046e+01
-1.837659741441408912e+01 -1.418932700157165527e+01
-1.862267633279164514e+01 -1.467997307777404714e+01
-1.856723801294962684e+01 -1.516292243003845286e+01
-1.878817831476529321e+01 -1.488331637382507289e+01
-1.808958204587300500e+01 -1.471150989532470632e+01
-1.852455081542332849e+01 -1.500630574226379466e+01
-1.829056851069132605e+01 -1.538930306434631312e+01
-1.876548649867375573e+01 -1.445253105163574148e+01
-1.879582073291142663e+01 -1.507053208351135254e+01
-1.836004940668741980e+01 -1.549167890548705984e+01
-1.887022552887598792e+01 -1.455903058052063059e+01
-1.854689948757489404e+01 -1.456172208786010813e+01
-1.901198737819989404e+01 -1.519404702186584544e+01
-1.863702903191248694e+01 -1.415150346755981481e+01
-1.874970127145449439e+01 -1.550396718978881871e+01
-1.874780012170473853e+01 -1.563797664642333984e+01
-1.847145292162895203e+01 -1.571115455627441371e+01
-1.849616629878680030e+01 -1.521829581260681152e+01
-1.851759072144826135e+01 -1.353614239692688059e+01
-1.854931023716926575e+01 -1.575312500000000071e+01
-1.903120343883832177e+01 -1.470142664909362828e+01
-1.882403058807055274e+01 -1.530838875770568919e+01
-1.838312219580014428e+01 -1.485744175910949672e+01
-1.868456839521725854e+01 -1.485247402191162180e+01
-1.835470680395762244e+01 -1.572440662384033239e+01
-1.837618230779965600e+01 -1.569344544410705566e+01
-1.804369563857714454e+01 -1.550334115028381277e+01
-1.842298737168312073e+01 -1.448833241462707555e+01
-1.890249883135159692e+01 -1.514590063095092809e+01
-1.881093237797419349e+01 -1.557662353515624964e+01
-1.902549568812052527e+01 -1.453334484100341761e+01
-1.896075060963630676e+01 -1.502538747787475515e+01
-1.878522461652755737e+01 -1.511624255180358922e+01
-1.880770329634348670e+01 -1.493156728744506800e+01
-1.911714826027552405e+01 -1.569358510971069265e+01
-1.883906927704811096e+01 -1.422662396430969167e+01
-1.916804550091425696e+01 -1.515130248069763219e+01
-1.837338806192080298e+01 -1.517814307212829661e+01
-1.855784471829732141e+01 -1.574626612663269043e+01
-1.889090057214101037e+01 -1.525243935585021937e+01
-1.900970392425854882e+01 -1.492137188911437917e+01
-1.878903732697169104e+01 -1.535197639465332031e+01
-1.905765183766682824e+01 -1.494003019332885707e+01
-1.887373963991801062e+01 -1.470809674263000488e+01
-1.843352698286374292e+01 -1.589443440437316823e+01
-1.871639351050059119e+01 -1.533239278793334925e+01
-1.873285225033760071e+01 -1.542517461776733434e+01
-1.918022280931472778e+01 -1.528324203491211009e+01
-1.904350629448890686e+01 -1.495587515830993652e+01
-1.867926164468129357e+01 -1.448437323570251500e+01
-1.866977145274480065e+01 -1.415695943832397496e+01
-1.916954012711842736e+01 -1.574356203079223704e+01
-1.913385216395060340e+01 -1.529519119262695348e+01
-1.859253629048665246e+01 -1.544837703704834020e+01
-1.903448017438252649e+01 -1.546047883033752512e+01
-1.914667099714279175e+01 -1.552218747138977051e+01
-1.910287078221638879e+01 -1.584618849754333425e+01
-1.911637159188588342e+01 -1.493192238807678152e+01
-1.870127053062121192e+01 -1.415277247428894114e+01
-1.881209629774093628e+01 -1.514699277877807582e+01
-1.891783372561137000e+01 -1.488406019210815501e+01
-1.898278194665908813e+01 -1.329402766227722132e+01
-1.846236631274223328e+01 -1.544654579162597585e+01
-1.889649687210718909e+01 -1.468486676216125453e+01
-1.895603293180465698e+01 -1.454307069778442418e+01
-1.896788336833317956e+01 -1.528443107604980433e+01
-1.926236963272094727e+01 -1.531796007156372141e+01
-1.869633485873540124e+01 -1.497732033729553258e+01
-1.895333590110142907e+01 -1.526150784492492640e+01
-1.895254809657732764e+01 -1.488698048591613698e+01
-1.889904469251632690e+01 -1.570963096618652344e+01
-1.950594393412272254e+01 -1.564143180847167969e+01
-1.837712547183036804e+01 -1.516934146881103551e+01
-1.882746778925259790e+01 -1.503439645767211985e+01
-1.872828313708305359e+01 -1.517448282241821289e+01
-1.830025990804036340e+01 -1.471110119819641149e+01
-1.908554009596506873e+01 -1.334663639068603480e+01
-1.920428487658500671e+01 -1.518564925193786586e+01
-1.906689776976903161e+01 -1.288128581047058141e+01
-1.911022464434305945e+01 -1.525604343414306641e+01
-1.912033800284067908e+01 -1.565453681945800746e+01
-1.797154988845189294e+01 -1.532894797325134206e+01
-1.893836418787638465e+01 -1.552917289733886719e+01
-1.924754269917805871e+01 -1.483116478919982839e+01
-1.862224646409352502e+01 -1.436981396675109934e+01
-1.820972432692845544e+01 -1.452025017738342250e+01
-1.927821777264277259e+01 -1.475197510719299387e+01
-1.894032859802246094e+01 -1.459402136802673411e+01
-1.843706199526786804e+01 -1.445904989242553640e+01
-1.879379909237225732e+01 -1.549611635208129812e+01
-1.925022205710411072e+01 -1.492678594589233398e+01
-1.884245388706525048e+01 -1.557108407020568919e+01
-1.838260276118914405e+01 -1.405381531715392995e+01
-1.791320316990216455e+01 -1.481295495033264231e+01
-1.890678298473358154e+01 -1.482289705276489222e+01
-1.932131273547808448e+01 -1.523943448066711426e+01
-1.871292918920516968e+01 -1.487099866867065501e+01
-1.892824647823969642e+01 -1.532182440757751429e+01
-1.795900559425354004e+01 -1.545435500144958496e+01
-1.835789162913958350e+01 -1.431879525184631419e+01
-1.871726212898890296e+01 -1.491892733573913610e+01
-1.928424441814422607e+01 -1.504937548637390066e+01
-1.860407638549804688e+01 -1.171266827583312953e+01
-1.874287049969037255e+01 -1.526370859146118164e+01
-1.928362921873728553e+01 -1.454819741249084508e+01
-1.924213675657908240e+01 -1.537152876853942907e+01
-1.954002702236175537e+01 -1.550915737152099538e+01
-1.895953891674677649e+01 -1.565732769966125559e+01
-1.897920570770899573e+01 -1.530933675765991175e+01
-1.894167296091715613e+01 -1.515178322792053223e+01
-1.923717355728149414e+01 -1.439361820220947230e+01
-1.887793874740600586e+01 -1.418452892303466761e+01
-1.893691716591517249e+01 -1.530913085937499929e+01
-1.926411068439483643e+01 -1.426110119819641042e+01
-1.873281697432200232e+01 -1.571441841125488281e+01
-1.863709372282028198e+01 -1.540885934829711879e+01
-1.890362584590911865e+01 -1.516705102920532156e+01
-1.913069071372349939e+01 -1.426008715629577672e+01
-1.884660230080286780e+01 -1.479611582756042409e+01
-1.906770360469818115e+01 -1.484570646286010742e+01
-1.947994152704874793e+01 -1.530583963394165004e+01
-1.914212971925735474e+01 -1.495240163803100586e+01
-1.881627311309178552e+01 -1.518966684341430629e+01
-1.864453795552253723e+01 -1.504425764083862305e+01
-1.852072213093439856e+01 -1.463820872306823695e+01
-1.858450202147166053e+01 -1.565734419822692836e+01
-1.954614388942718506e+01 -1.538541836738586355e+01
-1.927925688028335571e+01 -1.466977949142455984e+01
-1.911855189998944482e+01 -1.411732811927795339e+01
-1.897503097852071008e+01 -1.564356656074523855e+01
-1.856922826170921326e+01 -1.504128518104553258e+01
-1.911237812042236328e+01 -1.511643414497375559e+01
-1.930330540736516198e+01 -1.504058675765991282e+01
-1.903642556071281433e+01 -1.490696153640747035e+01
-1.958187707265217981e+01 -1.456888499259948766e+01
-1.942945047219594201e+01 -1.370113830566406321e+01
-1.828811936577161035e+01 -1.537160105705261159e+01
-1.891925250490506372e+01 -1.524946603775024379e+01
-1.893093098203341285e+01 -1.521684117317199636e+01
-1.906608252724011621e+01 -1.515390315055847203e+01
-1.897811402877171716e+01 -1.523735294342040980e+01
-1.847145404418309411e+01 -1.544518890380859411e+01
-1.940107744932174683e+01 -1.568351922035217250e+01
-1.915250901381174842e+01 -1.555355682373046911e+01
-1.896358507871627808e+01 -1.503881921768188512e+01
-1.902189072966575623e+01 -1.440312523841857839e+01
-1.903388533989588538e+01 -1.527364950180053782e+01
-1.915259154637654504e+01 -1.349295306205749512e+01
-1.898946966727574548e+01 -1.506813035011291468e+01
-1.977901800473530969e+01 -1.521889920234680105e+01
-1.856417931119601050e+01 -1.276129364967346191e+01
-1.887456335624058923e+01 -1.460609378814697301e+01
-1.935856956243515015e+01 -1.486825037002563477e+01
-1.930363984902699670e+01 -1.531921272277832102e+01
-1.935691055655479431e+01 -1.511578955650329625e+01
-1.943231838941574097e+01 -1.535322470664977956e+01
-1.883389285206794739e+01 -1.486653623580932582e+01
-1.854033819834391394e+01 -1.524407029151916504e+01
-1.862728941440582275e+01 -1.511816983222961497e+01
-1.907879701256752014e+01 -1.414066982269287109e+01
-1.894624646504719934e+01 -1.508426480293273997e+01
-1.949398458003997803e+01 -1.522113356590270961e+01
-1.943394925196965417e+01 -1.511625809669494558e+01
-1.932249583800633630e+01 -1.522780022621154750e+01
-1.905778713027636329e+01 -1.504495944976806676e+01
-1.904518943031628808e+01 -1.497440199851989817e+01
-1.904304911692937097e+01 -1.523954148292541433e+01
-1.944589936733245850e+01 -1.469667091369628942e+01
-1.944769219557444373e+01 -1.430991029739379883e+01
-1.812150414288043976e+01 -1.509488496780395472e+01
-1.868927471836407861e+01 -1.537616682052612305e+01
-1.914517761270205298e+01 -1.472207164764404297e+01
-1.876404717564582825e+01 -1.464047183990478551e+01
-1.902912439902623376e+01 -1.548059778213501048e+01
-1.942439550161361694e+01 -1.529197340011596751e+01
-1.922516247630119324e+01 -1.530784697532653738e+01
-1.862758273879687110e+01 -1.577770047187805247e+01
-1.958981076876322547e+01 -1.487454285621643102e+01
-1.954375553131103516e+01 -1.327747659683227610e+01
-1.920987885197003564e+01 -1.570061888694763219e+01
-1.931052907307942590e+01 -1.471336855888366735e+01
-1.912505973378817359e+01 -1.516928501129150320e+01
-1.966892464955647668e+01 -1.514101366996765208e+01
-1.931125962734222412e+01 -1.496817040443420410e+01
-1.931570653120676795e+01 -1.488473773002624512e+01
-1.921806916594505310e+01 -1.471404676437378001e+01
-1.904749239484469214e+01 -1.442786598205566406e+01
-1.922720905145009240e+01 -1.549105896949768102e+01
-1.954240057865778724e+01 -1.475472459793090785e+01
-1.957583032051722327e+01 -1.505197696685791087e+01
-1.874185854196548462e+01 -1.541859364509582520e+01
-1.963557062546412268e+01 -1.526865711212158239e+01
-1.840964438517888269e+01 -1.522707071304321325e+01
-1.941106591622034827e+01 -1.478952555656433177e+01
-1.864142049352328101e+01 -1.510988879203796387e+01
-1.958628336588541785e+01 -1.445093088150024485e+01
-1.970561110973358154e+01 -1.547368092536926198e+01
-1.940865790843963623e+01 -1.463640503883361887e+01
-1.887311960260073462e+01 -1.517727723121643102e+01
-1.907998817165692529e+01 -1.455864801406860387e+01
-1.807604701320330420e+01 -1.307148361206054688e+01
-1.898620319366455078e+01 -1.423981766700744700e+01
-1.882604448000590125e+01 -1.485193686485290598e+01
-1.963551388184229651e+01 -1.481547989845275914e+01
-1.921531432867050171e+01 -1.469739332199096715e+01
-1.929389516512553016e+01 -1.507513051033020091e+01
-1.887717483441035071e+01 -1.299136872291564870e+01
-1.882452838619549951e+01 -1.445454602241516184e+01
-1.899576918284098426e+01 -1.518389167785644567e+01
-1.871886401375134668e+01 -1.550370993614196813e+01
-1.975532950957616052e+01 -1.559022355079650879e+01
-1.932655484477679053e+01 -1.524992871284484863e+01
-1.952363705635070801e+01 -1.520625338554382289e+01
-1.938334071636199951e+01 -1.523557710647583008e+01
-1.902143878738085547e+01 -1.477143797874450648e+01
-1.936096849044163903e+01 -1.468962721824646067e+01
-1.957841978470484534e+01 -1.518793859481811559e+01
-1.907023312648137292e+01 -1.507750325202941966e+01
-1.946780210733413696e+01 -1.510359435081482005e+01
-1.938557398319244385e+01 -1.589221510887145961e+01
-1.942023495833079139e+01 -1.527341718673705984e+01
-1.935664190848668298e+01 -1.457241301536560130e+01
-1.962996242443720618e+01 -1.550997829437255859e+01
-1.913827645778656006e+01 -1.472847461700439453e+01
-1.927618757883707801e+01 -1.441336536407470703e+01
-1.898063652714093408e+01 -1.544016861915588379e+01
-1.941423181692759314e+01 -1.562966237068176234e+01
-1.958748523394266883e+01 -1.535546784400940012e+01
-1.913845718900362769e+01 -1.500642304420471262e+01
-1.928488477071126184e+01 -1.544047431945800852e+01
-1.983113926649093628e+01 -1.299178223609924387e+01
-1.882709992925326148e+01 -1.463417110443115199e+01
-1.918058369557062903e+01 -1.399070878028869558e+01
-1.915578023592631141e+01 -1.551295700073242223e+01
-1.970394357045491418e+01 -1.553694295883178711e+01
-1.984459602832794189e+01 -1.514473071098327672e+01
-1.940404194593429565e+01 -1.511746582984924281e+01
-1.952073429028193274e+01 -1.536154637336730922e+01
-1.962105675538380822e+01 -1.507868123054504395e+01
-1.924926115075747290e+01 -1.478479843139648509e+01
-1.949891471862792969e+01 -1.474216938018798828e+01
-1.909313486019770423e+01 -1.520717616081237722e+01
-1.947992974519729614e+01 -1.376934256553649938e+01
-1.861740008989970008e+01 -1.481131916046142649e+01
-1.970962071418762207e+01 -1.469180960655212331e+01
-1.959470504522323608e+01 -1.474257245063781774e+01
-1.882626403371493140e+01 -1.536515450477600098e+01
-1.889027900497118750e+01 -1.556384310722351039e+01
-1.908576780557632446e+01 -1.503268046379089284e+01
-1.942582152287165442e+01 -1.509234600067138743e+01
-1.927576267719268799e+01 -1.497361955642700160e+01
-1.948670349518458167e+01 -1.513282504081726110e+01
-1.942639944950739661e+01 -1.536352314949035680e+01
-1.939312571287155151e+01 -1.519004354476928675e+01
-1.936334075530369958e+01 -1.472688970565795863e+01
-1.957876331607500831e+01 -1.516071262359619176e+01
-1.996605342626571655e+01 -1.483879776000976491e+01
-1.968319827318191528e+01 -1.498210215568542480e+01
-1.980306810140609741e+01 -1.490942468643188512e+01
-1.919159829616546631e+01 -1.447615442276000941e+01
-1.945802823702494422e+01 -1.471519527435302699e+01
-1.919860900441805640e+01 -1.553755283355712891e+01
-1.956290164589881897e+01 -1.496104512214660609e+01
-1.950066691637039185e+01 -1.526690678596496653e+01
-1.977192956209182739e+01 -1.525111861228942800e+01
-1.944717836380004883e+01 -1.458465743064880371e+01
-1.989145863056182861e+01 -1.555599098205566477e+01
-2.007410442829132080e+01 -1.454425430297851562e+01
-1.887364878257115564e+01 -1.523689632415771555e+01
-1.873133231202761451e+01 -1.478202629089355469e+01
-1.945327275991439819e+01 -1.445113763809204066e+01
-1.971433356404304504e+01 -1.456117234230041468e+01
-1.884903815388679504e+01 -1.467966394424438548e+01
-1.913375544548034668e+01 -1.516356735229492259e+01
-1.922563579678535461e+01 -1.570346450805664062e+01
-1.966632680098215857e+01 -1.409183311462402344e+01
-1.939771002531051636e+01 -1.489971256256103516e+01
-1.979657562573750695e+01 -1.507129654884338343e+01
-1.953541775544484338e+01 -1.453415598869323766e+01
-1.962576462825139245e+01 -1.503972530364990234e+01
-1.930633635322253028e+01 -1.501245470046996999e+01
-1.873445221781730652e+01 -1.480329546928405726e+01
-1.965142729878425598e+01 -1.470552358627319300e+01
-1.984495384494463721e+01 -1.445719347000122035e+01
-1.925075548887252808e+01 -1.459783577919006348e+01
-1.946865824858347693e+01 -1.499130067825317347e+01
-1.982883840799331665e+01 -1.511842446327209544e+01
-1.912524419029553613e+01 -1.499357976913452184e+01
-1.885960320631663123e+01 -1.510689172744750941e+01
-1.962724996606509009e+01 -1.479200816154479980e+01
-1.923625599344571313e+01 -1.506964931488037074e+01
-1.803219963610172272e+01 -1.479616355895996094e+01
-1.856888932983080664e+01 -1.518568081855773855e+01
-1.924115422368049622e+01 -1.565240588188171422e+01
-1.887128050128618995e+01 -1.578080105781555176e+01
-1.914950285355250159e+01 -1.526380043029785227e+01
-1.935190632939338684e+01 -1.527850413322448730e+01
-1.980523051818211755e+01 -1.548668923377990758e+01
-1.894917488098144531e+01 -1.580392289161682129e+01
-1.978069893519083777e+01 -1.487606692314147949e+01
-1.958386107285817346e+01 -1.539246888160705495e+01
-1.913274881243705750e+01 -1.569726510047912527e+01
-1.938711380958557129e+01 -1.541182780265808105e+01
-1.947345764438311377e+01 -1.506116523742675817e+01
-1.902538218100865564e+01 -1.476471161842346191e+01
-1.950888137022654334e+01 -1.442915391921997070e+01
-1.944327567021052161e+01 -1.544465608596801687e+01
-1.917756603161494056e+01 -1.565452890396118235e+01
-1.965502744913101196e+01 -1.537561779022216868e+01
-1.908478671312332153e+01 -1.474872221946716344e+01
-1.998254116376240930e+01 -1.552310242652893102e+01
-2.014649452765782556e+01 -1.541927914619445872e+01
-1.982350098093350610e+01 -1.546875290870666575e+01
-1.961911037564277649e+01 -1.549256472587585520e+01
-1.930056941509246826e+01 -1.490294575691223145e+01
-1.898518947760264197e+01 -1.437071566581726145e+01
-1.945795820156733313e+01 -1.534721484184265172e+01
-1.975485388437907019e+01 -1.541698575019836426e+01
-1.988734837373097619e+01 -1.553172354698181223e+01
-1.985204631090164185e+01 -1.505797739028930593e+01
-1.936256273587544641e+01 -1.577325692176818883e+01
-1.961448733011881629e+01 -1.467142572402954137e+01
-1.908555155992507935e+01 -1.456234660148620641e+01
-1.892109268903732300e+01 -1.527822785377502512e+01
-2.003444310029347619e+01 -1.504427499771118093e+01
-1.938187985618909082e+01 -1.541598362922668386e+01
-1.986148300766944885e+01 -1.438142552375793493e+01
-2.011705360809962073e+01 -1.463311538696289027e+01
-1.988323489824930945e+01 -1.495647130012512172e+01
-1.976625881592432776e+01 -1.509528026580810511e+01
-1.960434289773305139e+01 -1.484124765396118129e+01
-1.993154946962992469e+01 -1.532994756698608363e+01
-1.975982403755187988e+01 -1.562971315383911097e+01
-1.990485938390095910e+01 -1.539439535140991211e+01
-1.930111917853355408e+01 -1.568755478858947683e+01
-1.976615361372629920e+01 -1.564633946418762278e+01
-1.970585817098617554e+01 -1.510601611137390066e+01
-2.005316452185313025e+01 -1.477952461242675852e+01
-1.935645441214243689e+01 -1.513160505294799840e+01
-1.933015340566635132e+01 -1.571251239776611364e+01
-1.938014233112335205e+01 -1.557229151725769078e+01
-2.029197740554809570e+01 -1.562528219223022496e+01
-1.998351617654164514e+01 -1.556080007553100586e+01
-1.984962320327758789e+01 -1.515511035919189453e+01
-2.001587405800819397e+01 -1.509136505126953054e+01
-2.020709558327992639e+01 -1.536963291168212820e+01
-1.966714099049568176e+01 -1.517754378318786657e+01
-1.895492649078369141e+01 -1.380390596389770508e+01
-1.899412792921066284e+01 -1.480891394615173340e+01
-1.891038887699444970e+01 -1.540559091567993200e+01
-1.936317688226699829e+01 -1.584013056755065918e+01
-1.977671287457148352e+01 -1.534839339256286550e+01
-1.941240525245666504e+01 -1.500410737991333043e+01
-1.957548016309738159e+01 -1.581426992416381871e+01
-2.007383586963017663e+01 -1.615953378677368235e+01
-1.983893271287282190e+01 -1.536971869468689000e+01
-1.990667150417963782e+01 -1.530724883079528809e+01
-1.952916903297106543e+01 -1.560794906616211009e+01
-1.981098043918609619e+01 -1.476188149452209508e+01
-1.939522312084833899e+01 -1.481312689781188929e+01
-1.841300212343533715e+01 -1.495686573982238698e+01
-1.971262848377227783e+01 -1.424828958511352539e+01
-1.961920697490374366e+01 -1.509684166908264125e+01
-1.974979737401008606e+01 -1.581173505783081090e+01
-1.984541348616282264e+01 -1.518617973327636683e+01
-1.907303285598754883e+01 -1.523737101554870677e+01
-2.012911216417948523e+01 -1.560032396316528391e+01
-1.959058499336242676e+01 -1.565150451660156250e+01
-1.999979778130849084e+01 -1.544495520591735804e+01
-1.983114329973856726e+01 -1.537407412528991735e+01
-1.998290599385897437e+01 -1.505520396232605052e+01
-2.007846172650654992e+01 -1.486312732696533168e+01
-1.930972200632095337e+01 -1.442496824264526367e+01
-1.915653906265894690e+01 -1.410130214691162109e+01
-1.966873701413472375e+01 -1.520659818649292028e+01
-1.976664542158444604e+01 -1.452870597839355504e+01
-1.989219083388646325e+01 -1.527811756134033239e+01
-1.983177371819813928e+01 -1.542509775161743235e+01
-1.991588803132374963e+01 -1.430844483375549281e+01
-1.993604095776875695e+01 -1.570324468612670898e+01
-1.901434490084648132e+01 -1.506352858543396067e+01
-1.976099932193756104e+01 -1.588170909881591797e+01
-2.017450384298960486e+01 -1.480979485511779714e+01
-2.007911137739817420e+01 -1.508449368476867747e+01
-1.931979314486185828e+01 -1.486160464286804128e+01
-2.004928191502888879e+01 -1.424420299530029332e+01
-1.956854000687599182e+01 -1.482195792198181117e+01
-1.931733514865239343e+01 -1.467973494529724121e+01
-2.012567498286565026e+01 -1.568600215911865270e+01
-1.986974283059437951e+01 -1.514505438804626536e+01
-1.971679270267486572e+01 -1.483270134925842321e+01
-1.969163610537846765e+01 -1.531725096702575684e+01
-1.988223585486412048e+01 -1.504146471023559606e+01
-1.935705439249674598e+01 -1.509799866676330637e+01
-1.821954176823298255e+01 -1.488328499794006277e+01
-1.882321459054946899e+01 -1.386914954185485804e+01
-1.963596413532892981e+01 -1.536306204795837438e+01
-1.940066065390904626e+01 -1.506079339981079102e+01
-1.979812439282735070e+01 -1.541248722076415945e+01
-1.898667592679460725e+01 -1.510737609863281250e+01
-2.021459676822026452e+01 -1.489611930847167898e+01
-2.021950300534566125e+01 -1.612194185256958079e+01
-2.009216737747192383e+01 -1.493171029090881419e+01
-2.012007403373718262e+01 -1.411814808845520020e+01
-1.951925681034724036e+01 -1.479319729804992711e+01
-1.977214884757995605e+01 -1.552865133285522425e+01
-2.002958329518635949e+01 -1.536831459999084437e+01
-1.991736147801081458e+01 -1.531366119384765589e+01
-2.026045007507006446e+01 -1.498444561958313059e+01
-1.959165078401565552e+01 -1.401412253379821848e+01
-1.965486273169517517e+01 -1.529173197746276891e+01
-1.994163117806116858e+01 -1.417552351951599121e+01
-1.965958034992218018e+01 -1.498654117584228551e+01
-1.975974818070729455e+01 -1.479429116249084508e+01
-1.962681605418523034e+01 -1.438221282958984304e+01
-1.944210422039031982e+01 -1.438538312911987305e+01
-1.989365923404693604e+01 -1.579323172569274902e+01
-1.947715061902999878e+01 -1.405225377082824778e+01
-1.990717854102452478e+01 -1.582390103340148890e+01
-1.994972513119379798e+01 -1.492920165061950755e+01
-2.020026552677154541e+01 -1.399713573455810511e+01
-2.015368781487147132e+01 -1.564687967300415039e+01
-2.027086603641510010e+01 -1.489301271438598562e+01
-1.974090788761774817e+01 -1.289500317573547328e+01
-1.944548223416010657e+01 -1.315470428466796804e+01
-1.963616434733073035e+01 -1.418040742874145543e+01
-1.997415591279665747e+01 -1.545922255516052246e+01
-2.025576764345169067e+01 -1.493073878288269007e+01
-1.976462525129318237e+01 -1.460545759201049876e+01
-1.937357554833094397e+01 -1.476979184150695801e+01
-2.011155029137929162e+01 -1.469080543518066406e+01
-1.983940125505129615e+01 -1.491609711647033620e+01
-2.008037883043289185e+01 -1.485930862426757848e+01
-2.031083579858144006e+01 -1.521314177513122523e+01
-1.980095899105072021e+01 -1.536281008720397878e+01
-1.951364003618558129e+01 -1.444731950759887695e+01
-2.022824134429295739e+01 -1.508862199783325231e+01
-1.914887201786041260e+01 -1.542967152595520020e+01
-1.920387066404024878e+01 -1.534210929870605433e+01
-1.991704829533894738e+01 -1.536676559448242152e+01
-2.007381321986516198e+01 -1.437005763053894114e+01
-1.983136248588562012e+01 -1.531421632766723562e+01
-2.011096954345703125e+01 -1.401501984596252370e+01
-1.997659242153167725e+01 -1.535801420211791957e+01
-1.976851918299992761e+01 -1.488142452239990199e+01
-2.009700441360473633e+01 -1.509285306930541992e+01
-2.045027307669321814e+01 -1.482394189834594656e+01
-1.977919366955757141e+01 -1.474917593002319371e+01
-1.976297676563262939e+01 -1.551067500114440989e+01
-2.010335182150204858e+01 -1.442577185630798375e+01
-1.996016917626063147e+01 -1.440532927513122630e+01
-1.986358791589736938e+01 -1.449433302879333496e+01
-2.010458741585413733e+01 -1.497974591255188059e+01
-2.060580052932103357e+01 -1.502271780967712367e+01
-1.915452391902605811e+01 -1.515309104919433558e+01
-1.942136431733767310e+01 -1.449711346626281738e+01
-1.997973076502482215e+01 -1.475478959083557129e+01
-2.041441037257512292e+01 -1.536168909072875977e+01
-1.951629811525344849e+01 -1.448131823539733887e+01
-1.987455977996190271e+01 -1.521474294662475657e+01
-2.054842327038447181e+01 -1.501915345191955531e+01
-2.038751153151194373e+01 -1.532472982406616246e+01
-2.019053186972935876e+01 -1.502822060585021902e+01
-1.948917242884635925e+01 -1.559254350662231481e+01
-2.009463793039321899e+01 -1.544507985115051341e+01
-2.021095188458760461e+01 -1.460716004371642995e+01
-1.958292465408642968e+01 -1.485059537887573278e+01
-1.981050634384155273e+01 -1.500628890991210973e+01
-2.005450375874837121e+01 -1.532081379890441930e+01
-2.019797625144322595e+01 -1.406625614166259730e+01
-2.017740702629089355e+01 -1.521792950630188024e+01
-2.060949647426605225e+01 -1.555629105567932058e+01
-2.019276611010233680e+01 -1.541482934951782191e+01
-1.981327630082766333e+01 -1.539550142288208079e+01
-1.995139626661936560e+01 -1.441439943313598704e+01
-1.891625305016835412e+01 -1.460473570823669398e+01
-1.974790076414744178e+01 -1.547117342948913610e+01
-1.992740730444590369e+01 -1.463078923225402761e+01
-1.943143945932388306e+01 -1.372385454177856445e+01
-1.996702180306116858e+01 -1.495502910614013636e+01
-1.950391717751820764e+01 -1.496856107711792028e+01
-1.947253215312957764e+01 -1.510672674179077113e+01
-2.017938619852066040e+01 -1.526559076309204066e+01
-1.994728330771128455e+01 -1.467462463378906179e+01
-1.967225853602091590e+01 -1.467832491397857630e+01
-2.014424516757329187e+01 -1.494015278816223180e+01
-2.013555073738098145e+01 -1.525750422477722168e+01
-2.014422327280044556e+01 -1.525786528587341273e+01
-2.046334173281987390e+01 -1.482690868377685511e+01
-2.033845276633898536e+01 -1.525211281776428152e+01
-2.029476209481557092e+01 -1.536205577850341797e+01
-2.001141716043154517e+01 -1.508156266212463414e+01
-2.058846714099248132e+01 -1.492781357765197825e+01
-1.952228796482086182e+01 -1.419724011421203613e+01
-1.987307510773340979e+01 -1.457211589813232422e+01
-2.052415355046590051e+01 -1.539515447616577148e+01
-2.039785403013229370e+01 -1.507393140792846609e+01
-2.045060505469639978e+01 -1.557778935432434153e+01
-2.052091457446416101e+01 -1.555613799095153738e+01
-2.053833299875259399e+01 -1.521182079315185476e+01
-2.032016511758168420e+01 -1.491195187568664515e+01
-1.974502115448315820e+01 -1.401412272453308105e+01
-1.939754049976666650e+01 -1.518141355514526403e+01
-2.047293438514073571e+01 -1.435206508636474609e+01
-1.999523566166559974e+01 -1.501284875869751012e+01
-2.024024231235186377e+01 -1.484570798873901332e+01
-2.022273373603820801e+01 -1.471024036407470703e+01
-2.039772234360377112e+01 -1.456503767967224050e+01
-2.035396021604537964e+01 -1.543821640014648366e+01
-1.953092077374458313e+01 -1.538731646537780762e+01
-2.011345563332239905e+01 -1.555508003234863246e+01
-2.012740057706832886e+01 -1.489011869430541957e+01
-1.958335895339648047e+01 -1.523563899993896520e+01
-1.988620763023694238e+01 -1.362693581581115687e+01
-1.964523617426554480e+01 -1.527204518318176341e+01
-1.982003625233967981e+01 -1.515189547538757253e+01
-2.053923968474070350e+01 -1.507893102169036936e+01
-2.015638101100921631e+01 -1.488883614540100098e+01
-2.029618430137634277e+01 -1.564665851593017543e+01
-2.035721381505330285e+01 -1.497660608291625906e+01
-1.882306279738743982e+01 -1.466092872619628906e+01
-2.001211575667063514e+01 -1.249251537322998118e+01
-2.007260189453760901e+01 -1.566042571067810130e+01
-2.007359186808268348e+01 -1.414015974998474157e+01
-1.909753524263699731e+01 -1.561948037147521973e+01
-2.041582953929901123e+01 -1.484906463623046946e+01
-2.006893358627955237e+01 -1.510214986801147496e+01
-1.989360173543294152e+01 -1.505120630264282156e+01
-2.035370943943659583e+01 -1.537923636436462438e+01
-2.004805658260981360e+01 -1.513425307273864817e+01
-1.988259538014729699e+01 -1.527647399902343750e+01
-1.944437175989151001e+01 -1.482687392234802282e+01
-1.990233759085337439e+01 -1.486029834747314382e+01
-1.982905620336532593e+01 -1.519968967437744212e+01
-2.016598103443781653e+01 -1.479048223495483327e+01
-2.028283751010894775e+01 -1.527835855484008754e+01
-2.064455668131510535e+01 -1.496181645393371618e+01
-2.026601763566334924e+01 -1.488449349403381383e+01
-1.998977296551068505e+01 -1.455599584579467809e+01
-2.065869901577631751e+01 -1.500024900436401332e+01
-2.000572540362675866e+01 -1.525208783149719238e+01
-2.047884958982467651e+01 -1.385814909934997630e+01
-2.004822202523549279e+01 -1.502065186500549387e+01
-2.003671997785568237e+01 -1.486175117492675746e+01
-2.060474157333374023e+01 -1.471685132980346644e+01
-1.989337412516276160e+01 -1.415398540496826207e+01
-2.020071840286254883e+01 -1.415627083778381312e+01
-1.946358021100362024e+01 -1.547099804878234863e+01
-2.019719578822453698e+01 -1.585432467460632289e+01
-2.050658677021662513e+01 -1.514680361747741699e+01
-1.998443183302879333e+01 -1.505711059570312571e+01
-2.013969767093658447e+01 -1.531464843750000071e+01
-2.021001715461413184e+01 -1.339551696777343714e+01
-2.049956671396891394e+01 -1.400068740844726634e+01
-2.034599435329437256e+01 -1.517744698524475133e+01
-2.007273143529891968e+01 -1.482939386367797852e+01
-1.972093260288238525e+01 -1.487057952880859446e+01
-2.068350853522618493e+01 -1.488627729415893519e+01
-2.075665251413981238e+01 -1.551880283355712820e+01
-2.034896522760391235e+01 -1.470355563163757395e+01
-2.021954284111658851e+01 -1.561119842529296875e+01
-1.985424277186393738e+01 -1.500274620056152308e+01
-1.959181237220764160e+01 -1.409580221176147496e+01
-2.023851881424586097e+01 -1.499309892654418874e+01
-1.963706551988919458e+01 -1.502620568275451696e+01
-2.017308515310287476e+01 -1.539922032356262172e+01
-2.058703764279683313e+01 -1.535684485435485769e+01
-2.000418784221013269e+01 -1.467011275291442907e+01
-1.988879522681236267e+01 -1.309708919525146520e+01
-2.026236846049626550e+01 -1.339075574874877894e+01
-2.033373978734016418e+01 -1.387513031959533727e+01
-2.011609444022178650e+01 -1.523941636085510254e+01
-2.060407157739003381e+01 -1.508802952766418493e+01
-2.056413316726684570e+01 -1.485882987976074254e+01
-1.924396775166193763e+01 -1.487753758430480922e+01
-2.011903956532478333e+01 -1.522391920089721751e+01
-2.037065021197001258e+01 -1.497028026580810511e+01
-1.966056170066197595e+01 -1.486365470886230433e+01
-1.995340528090794763e+01 -1.515964689254760778e+01
-2.012144678831100464e+01 -1.419696869850158727e+01
-1.973214724659919739e+01 -1.490920362472534144e+01
-2.075779495636622229e+01 -1.435121579170226980e+01
-2.055020089944203576e+01 -1.510380606651306223e+01
-2.097186772028605262e+01 -1.473814306259155238e+01
-2.074157909552256385e+01 -1.515402626991271973e+01
-2.010272878408432007e+01 -1.484496736526489258e+01
-2.001872903108596802e+01 -1.430035109519958425e+01
-1.968830772240956506e+01 -1.415134387016296458e+01
-1.961348811785380164e+01 -1.464658269882202113e+01
-1.975310424963633338e+01 -1.468957695960998500e+01
-2.061992079019546509e+01 -1.456116452217102086e+01
-2.018286565939585486e+01 -1.493114709854125977e+01
-2.018834197521209717e+01 -1.527618179321289027e+01
-2.039744555950164795e+01 -1.466382312774658203e+01
-2.031565376122792443e+01 -1.485315814018249547e+01
-2.067853782574335852e+01 -1.494162158966064524e+01
-2.023007315397262573e+01 -1.476553683280944895e+01
-2.035767617821693420e+01 -1.484290533065795969e+01
-2.003412721554438392e+01 -1.481553659439086879e+01
-2.052036114533742150e+01 -1.407599515914916921e+01
-2.012748797734578332e+01 -1.519524269104003977e+01
-1.965411844849586487e+01 -1.527068057060241735e+01
-2.010065386692683020e+01 -1.491587300300598073e+01
-2.011671082178751746e+01 -1.429986896514892614e+01
-2.038008612394332886e+01 -1.509839243888854909e+01
-2.051704825957616052e+01 -1.484675078392028880e+01
-2.048387757937113562e+01 -1.521744194030761754e+01
-2.002400732040405273e+01 -1.573026247024536062e+01
-2.017155383030573645e+01 -1.520981006622314524e+01
-2.008678867419560632e+01 -1.388406238555908168e+01
-2.070470086733500281e+01 -1.548456468582153356e+01
-2.007870588699976722e+01 -1.427547597885131836e+01
-2.008306532104809961e+01 -1.498510198593139719e+01
-2.048212403059005737e+01 -1.512716817855834961e+01
-2.074006034930546960e+01 -1.475590009689330984e+01
-2.018016767501831055e+01 -1.477087860107421946e+01
-2.011824357509613037e+01 -1.530980038642883301e+01
-2.008715786536534509e+01 -1.508560175895690847e+01
-2.044703161716461182e+01 -1.455558767318725621e+01
-2.032909729083378991e+01 -1.508736786842346156e+01
-2.035675010085105896e+01 -1.553138833045959544e+01
-1.952602154016494751e+01 -1.370002498626709020e+01
-1.868256032466888428e+01 -1.476345930099487269e+01
-1.996839479605356971e+01 -1.496913280487060582e+01
-2.010437571009000024e+01 -1.504132580757141113e+01
-2.065216187636057654e+01 -1.477112312316894460e+01
-2.009625114997227868e+01 -1.471371574401855398e+01
-2.083834280570347985e+01 -1.530151600837707448e+01
-2.061713198820750037e+01 -1.541463155746459890e+01
-1.974280353387196740e+01 -1.452111768722534180e+01
-2.018182744582493982e+01 -1.384446396827697789e+01
-2.020473958055178443e+01 -1.501809978485107422e+01
-2.066303374369939050e+01 -1.493792853355407679e+01
-2.021887187163035193e+01 -1.490490446090698207e+01
-2.055035942792892456e+01 -1.392445955276489222e+01
-2.007383785645167151e+01 -1.502016382217407298e+01
-2.055638988812764367e+01 -1.471754679679870570e+01
-2.047565515836079797e+01 -1.514100098609924316e+01
-2.024167025089263916e+01 -1.487680702209472727e+01
-2.024461683630943298e+01 -1.433458919525146413e+01
-2.009546204408009729e+01 -1.553655123710632324e+01
-2.105274687210718909e+01 -1.456503434181213308e+01
-2.021870358784993371e+01 -1.507649164199829173e+01
-2.011209831635157386e+01 -1.460727796554565394e+01
-2.095429370800654212e+01 -1.456677136421203578e+01
-2.046833296616872033e+01 -1.446537170410156214e+01
-2.034430656830469886e+01 -1.492603139877319407e+01
-2.081618285179138184e+01 -1.427375178337097239e+01
-2.046489713589350501e+01 -1.489933128356933523e+01
-2.048883229494094849e+01 -1.468198800086975098e+01
-2.056874028841654578e+01 -1.491668801307678294e+01
-2.043823488553364953e+01 -1.375559439659118688e+01
-2.035492146015167236e+01 -1.491987814903259313e+01
-1.986195895075798035e+01 -1.447515759468078578e+01
-1.982552083333333215e+01 -1.365505805015564000e+01
-2.001190927624702454e+01 -1.511794886589050257e+01
-2.055660303433736047e+01 -1.436662449836730993e+01
-1.989554488658905029e+01 -1.483426589965820241e+01
-2.016811742385228357e+01 -1.294810421466827322e+01
-2.017641817529996118e+01 -1.523183379173278773e+01
-2.076076918840408325e+01 -1.474151210784912180e+01
-2.071883696317672729e+01 -1.387825012207031250e+01
-2.004040326674779138e+01 -1.494504709243774343e+01
-2.048299598693847656e+01 -1.460521893501281809e+01
-2.056372018655141076e+01 -1.478390574455261230e+01
-2.057918423414230347e+01 -1.451958298683166504e+01
-1.937229637304941932e+01 -1.535510773658752370e+01
-2.056643853584925452e+01 -1.533357453346252441e+01
-2.068057884772618493e+01 -1.500850286483764684e+01
-1.987864451607068261e+01 -1.504919214248657156e+01
-2.043019022544224939e+01 -1.492791538238525462e+01
-2.024583562215169152e+01 -1.502439446449279714e+01
-2.057111682494481286e+01 -1.518722534179687500e+01
-2.053288155794143677e+01 -1.517733731269836461e+01
-2.038278164466222009e+01 -1.480486230850219798e+01
-2.097093933820724487e+01 -1.572380199432373082e+01
-2.098533767461776733e+01 -1.452612318992614782e+01
-2.053582912683486938e+01 -1.500422148704528880e+01
-2.036898976564407349e+01 -1.492532167434692347e+01
-2.101635605096817017e+01 -1.464735746383666992e+01
-2.070666281382242957e+01 -1.530409421920776403e+01
-1.998235489924748620e+01 -1.442063698768615687e+01
-1.985545591513315955e+01 -1.498862900733947789e+01
-2.047483412424723426e+01 -1.460108418464660573e+01
-2.078498542308807373e+01 -1.495859012603759730e+01
-2.010207136472066125e+01 -1.495911979675292969e+01
-2.019532744089762488e+01 -1.486141114234924387e+01
-1.948026541868845740e+01 -1.487128319740295446e+01
-2.089722863833109656e+01 -1.512940344810485804e+01
-2.078309170405070105e+01 -1.513612174987792969e+01
-2.067615316311518470e+01 -1.493354792594909597e+01
-2.060895560185114661e+01 -1.394039030075073171e+01
-1.886900649468104163e+01 -1.371556515693664480e+01
-1.950089242060979089e+01 -1.506709394454956019e+01
-2.044352240363756934e+01 -1.528533954620361257e+01
-2.019647638003031531e+01 -1.518752217292785645e+01
-2.015065393845240393e+01 -1.488872437477111887e+01
-2.045667990048726281e+01 -1.526861524581909180e+01
-2.044416364034016809e+01 -1.465255804061889577e+01
-2.030189891656239709e+01 -1.474161629676818919e+01
-2.088608584801356116e+01 -1.442988605499267507e+01
-2.021594518423080444e+01 -1.492244853973388707e+01
-2.102663556734720984e+01 -1.495488576889038157e+01
-2.085649545987446984e+01 -1.495690484046935964e+01
-2.104463513692219934e+01 -1.506781730651855433e+01
-2.075286094347636023e+01 -1.478948321342468297e+01
-2.062259507179260254e+01 -1.405709481239318848e+01
-2.010585956772168359e+01 -1.486264901161193919e+01
-2.071436872084935388e+01 -1.521486496925354004e+01
-2.052791271607081214e+01 -1.439996914863586497e+01
-1.885934806863467017e+01 -1.326251842975616491e+01
-1.854875015219052514e+01 -1.455895204544067312e+01
-1.926053412755330285e+01 -1.421739530563354492e+01
-1.992385341723759851e+01 -1.425011749267578054e+01
-1.921644137303034583e+01 -1.503705139160156179e+01
-2.024861582120259484e+01 -1.532814249992370570e+01
-2.046293284495671472e+01 -1.499755215644836426e+01
-2.116967769463856897e+01 -1.491976089477538991e+01
-2.063808455069859704e+01 -1.392926754951477086e+01
-2.055467391014099121e+01 -1.520671501159668004e+01
-1.984159024556477746e+01 -1.456468029022216726e+01
-2.039312653740246972e+01 -1.456858596801757777e+01
-2.051046375433604041e+01 -1.491862840652465749e+01
-2.045325879255930701e+01 -1.489221110343933141e+01
-1.968570229411125183e+01 -1.349455127716064418e+01
-2.026803136865298072e+01 -1.429152874946594309e+01
-2.029031310478846351e+01 -1.459500098228454590e+01
-2.063930759827296058e+01 -1.485353293418884313e+01
-2.051658944288889685e+01 -1.497701306343078542e+01
-2.084064960479736328e+01 -1.464487195014953613e+01
-2.083323224385579309e+01 -1.481841278076171875e+01
-2.085488484303156653e+01 -1.538487343788147044e+01
-2.060404117902119836e+01 -1.508858323097229004e+01
-2.077378714084625244e+01 -1.474123220443725657e+01
-2.093008331457773963e+01 -1.498154101371765101e+01
-2.066812014579772949e+01 -1.445252981185913121e+01
-2.014668774604797363e+01 -1.463557710647583043e+01
-2.012667149305343628e+01 -1.308810095787048411e+01
-2.036197511355082312e+01 -1.502800941467285156e+01
-2.028905299305915833e+01 -1.374105720520019602e+01
-2.089499392112096032e+01 -1.468501734733581543e+01
-2.079207315047581872e+01 -1.499835791587829625e+01
-2.124098596970240393e+01 -1.439256100654602122e+01
-2.105820175011952600e+01 -1.526964297294616735e+01
-2.092570183674494544e+01 -1.516883306503295969e+01
-1.980208924412727356e+01 -1.449130601882934499e+01
-2.061743469039599219e+01 -1.500044884681701696e+01
-2.047740435600280762e+01 -1.536107506752014196e+01
-2.057280562321345130e+01 -1.390773515701294016e+01
-2.068837291002273560e+01 -1.489008631706237828e+01
-2.091444182395935059e+01 -1.464588575363159251e+01
-2.076192583640416345e+01 -1.520907335281372141e+01
-2.042933934926986694e+01 -1.478518323898315501e+01
-2.084193585316340247e+01 -1.444117627143859828e+01
-2.070291996002197266e+01 -1.507483835220336843e+01
-2.044633811712265015e+01 -1.509523997306823695e+01
-1.975301488240559777e+01 -1.438673510551452672e+01
-2.044078741470972815e+01 -1.383217883110046387e+01
-2.003781215349833289e+01 -1.456757254600524831e+01
-2.047630091508229455e+01 -1.529543833732605052e+01
-2.100092232227325439e+01 -1.470957183837890625e+01
-2.103667451937993249e+01 -1.324215698242187500e+01
-2.050157382090886315e+01 -1.417028636932372976e+01
-2.074222240845362464e+01 -1.413372583389282156e+01
-2.049064507087071618e+01 -1.500233592987060582e+01
-2.078458805878956994e+01 -1.541110334396362269e+01
-1.973249462246894836e+01 -1.465053234100341761e+01
-2.018215246995290002e+01 -1.512604708671569753e+01
-2.092382975419362268e+01 -1.461224842071533203e+01
-2.085253336032231530e+01 -1.505322904586791921e+01
-2.085178494453430176e+01 -1.407508754730224609e+01
-2.008296318848927697e+01 -1.496614360809326172e+01
-2.052020096778869629e+01 -1.511300730705261230e+01
-2.050738970438639441e+01 -1.497305231094360423e+01
-2.094763340552647790e+01 -1.506638922691345250e+01
-2.049589248498280725e+01 -1.514325847625732457e+01
-2.081779764095942298e+01 -1.505694589614868129e+01
-2.055648106336593628e+01 -1.516430830955505371e+01
-2.088442931572596351e+01 -1.443707537651062012e+01
-2.117713856697082520e+01 -1.509019336700439418e+01
-2.060737039645512780e+01 -1.506640167236328054e+01
-2.043028344710667810e+01 -1.452690577507019043e+01
-1.917923105756441871e+01 -1.500012731552124023e+01
-2.010389286279678345e+01 -1.486153182983398402e+01
-2.023432445526123047e+01 -1.474117946624755859e+01
-2.121207590897877893e+01 -1.469562654495239329e+01
-2.091327627499898156e+01 -1.506442904472351074e+01
-2.043407344818115234e+01 -1.457666077613830602e+01
-2.034025904536247253e+01 -1.468720760345459020e+01
-2.056868062416712561e+01 -1.374577498435974121e+01
-2.050691411892573157e+01 -1.424011254310607910e+01
-2.049016875028610229e+01 -1.484253983497619700e+01
-2.018794233600298682e+01 -1.492175707817077601e+01
-2.125755246480305871e+01 -1.493237638473510742e+01
-2.069489614168803016e+01 -1.442639031410217321e+01
-2.113307215770085534e+01 -1.485179262161254954e+01
-2.055512905120849609e+01 -1.464810538291931152e+01
-2.055985793471336365e+01 -1.401868996620178187e+01
-2.107322253783543786e+01 -1.472752542495727468e+01
-2.095953140656153479e+01 -1.478381285667419398e+01
-2.003476841251055518e+01 -1.451257553100585973e+01
-2.045011405150095740e+01 -1.497666516304016149e+01
-2.089696109294891357e+01 -1.508992118835449148e+01
-2.003102187315623084e+01 -1.415328612327575719e+01
-2.071140070756276330e+01 -1.515457296371459961e+01
-2.105945312976837158e+01 -1.483192939758300710e+01
-2.098534166812896729e+01 -1.440681090354919469e+01
-2.065704116225242615e+01 -1.492733120918273926e+01
-1.974776940544446191e+01 -1.473037180900573695e+01
-2.104476338624954224e+01 -1.389659447669982839e+01
-2.033955556154251099e+01 -1.478895030021667445e+01
-1.984465104341506958e+01 -1.415419554710388184e+01
-2.067558542887369910e+01 -1.487877345085144043e+01
-2.033638072013854980e+01 -1.392906975746154785e+01
-2.101909812291463098e+01 -1.479252448081970250e+01
-2.077216845750808716e+01 -1.492826504707336355e+01
-2.081180038054784021e+01 -1.498701114654540945e+01
-2.099519856770833215e+01 -1.501366333961486887e+01
-2.034020547072092810e+01 -1.505142507553100550e+01
-2.052579873800277710e+01 -1.517312235832214284e+01
-2.091833702723185340e+01 -1.489596805572509730e+01
-2.135147261619567871e+01 -1.484637966156005895e+01
-2.038526610533396521e+01 -1.384043631553649867e+01
-2.048516567548115930e+01 -1.488671555519104039e+01
-2.108866890271504602e+01 -1.512759227752685476e+01
-2.096534772713978967e+01 -1.478064961433410573e+01
-2.083456516265869141e+01 -1.485701646804809606e+01
-2.039373289545376977e+01 -1.461866850852966238e+01
-2.091574080785115441e+01 -1.408417968750000071e+01
-2.095950754483540734e+01 -1.467009468078613210e+01
-2.046412003040313721e+01 -1.450921816825866628e+01
-2.053878982861836633e+01 -1.513771042823791468e+01
-2.103257805109024048e+01 -1.398832616806030238e+01
-2.119169030586878577e+01 -1.438613023757934606e+01
-2.124625043074290076e+01 -1.472699599266052317e+01
-2.129341612259547034e+01 -1.510912904739379847e+01
-2.115104252099990845e+01 -1.483672356605529785e+01
-2.054644779364268103e+01 -1.468222064971923757e+01
-2.127343374490737915e+01 -1.465333757400512660e+01
-2.043475947777430335e+01 -1.476614131927490270e+01
-1.996453764041264733e+01 -1.471147012710571289e+01
-1.931876254081726074e+01 -1.463900365829467809e+01
-1.944530899326006690e+01 -1.415664300918579066e+01
-1.883421288927396020e+01 -1.508052582740783620e+01
-1.997775870561599731e+01 -1.407327432632446218e+01
-1.977181001504262170e+01 -1.495264620780944753e+01
-2.032379863659540931e+01 -1.371233296394348145e+01
-2.035285212596257409e+01 -1.486868963241577113e+01
-2.122852989037831506e+01 -1.458702960014343297e+01
-2.066102782885233680e+01 -1.449780602455139089e+01
-2.094377136230468750e+01 -1.494855790138244700e+01
-2.087185219923655310e+01 -1.434754180908203125e+01
-2.065662296613057336e+01 -1.488726954460144114e+01
-2.017898623148600379e+01 -1.494324097633361781e+01
-2.126741911967595300e+01 -1.512126812934875453e+01
-2.103515026966730872e+01 -1.474926066398620605e+01
