# Train Val
-9.570771802216768265e+00 -1.135112856580065355e+01
-1.138027860224246979e+01 -1.144820966349019642e+01
-1.143838754047950168e+01 -1.148337639152229528e+01
-1.148692008107900620e+01 -1.156314238015707474e+01
-1.165207674851020236e+01 -1.169356524479853654e+01
-1.237472712372740169e+01 -1.359390310807661528e+01
-1.396339175850152969e+01 -1.553732229208017301e+01
-1.524293403575817685e+01 -1.621364238045432415e+01
-1.586468462149302106e+01 -1.587943360712621121e+01
-1.647353459149599075e+01 -1.535883313959295116e+01
-1.661539208640654763e+01 -1.738761380430939951e+01
-1.656110320736964425e+01 -1.709328212985744599e+01
-1.698293301959832391e+01 -1.759026210339038343e+01
-1.687826843311389169e+01 -1.756629200724812279e+01
-1.705781546980142593e+01 -1.550846165496033535e+01
-1.709451840072870255e+01 -1.528898465788209649e+01
-1.743531954785187921e+01 -1.598928269472989250e+01
-1.733302439252535621e+01 -1.735259506919167194e+01
-1.731863273183504859e+01 -1.528381620134626040e+01
-1.774278142551581183e+01 -1.806429325450550394e+01
-1.751799724996089935e+01 -1.759023470692820368e+01
-1.746744797627131263e+01 -1.650568589297207822e+01
-1.776365519315004349e+01 -1.663932237996683483e+01
-1.771611829847097397e+01 -1.854014119234951963e+01
-1.774858623743057251e+01 -1.790307210947011995e+01
-1.773637786259253701e+01 -1.798715780926989183e+01
-1.790150675674279412e+01 -1.837231065081311598e+01
-1.782845641920964042e+01 -1.852406826266994599e+01
-1.792949429402748862e+01 -1.761113420709386901e+01
-1.802224014202753821e+01 -1.840527980358569593e+01
-1.811375125497579575e+01 -1.790943360638308945e+01
-1.802991140633821487e+01 -1.759692162352722988e+01
-1.815036096920569619e+01 -1.699409931975525723e+01
-1.796177376061677933e+01 -1.805428786091990290e+01
-1.808056940386692801e+01 -1.761462371380298109e+01
-1.794249702244997025e+01 -1.740073046746191920e+01
-1.839880995204051217e+01 -1.876459747165828418e+01
-1.835369091977675637e+01 -1.805514879350538493e+01
-1.813663139939308167e+01 -1.857013397712212210e+01
-1.829004979878664017e+01 -1.855009483981442031e+01
-1.867102055003245553e+01 -1.842216632892559147e+01
-1.854191598296165466e+01 -1.870386443200049342e+01
-1.835737407207489014e+01 -1.899795279564795436e+01
-1.842339630176623544e+01 -1.799966300617564841e+01
-1.854781634857257089e+01 -1.867999995838512106e+01
-1.852531230946381768e+01 -1.881404699598039798e+01
-1.855761495977640152e+01 -1.859417130111099681e+01
-1.861473597089449683e+01 -1.781062163315810309e+01
-1.861096330483754357e+01 -1.872269037172391748e+01
-1.873877916981776437e+01 -1.802624426259622936e+01
-1.844070340692996979e+01 -1.891584343105167676e+01
-1.860826039314270020e+01 -1.850894788023713389e+01
-1.861307205756505212e+01 -1.884779724517425947e+01
-1.867449329545100412e+01 -1.521743436293168550e+01
-1.867345462242762366e+01 -1.905253499514096660e+01
-1.868986752629280090e+01 -1.846634633200509157e+01
-1.878521176924308023e+01 -1.859995316839837542e+01
-1.884488121420145035e+01 -1.931154872844745540e+01
-1.871332021802663803e+01 -1.866266210977133255e+01
-1.859789240856965264e+01 -1.878370816367013063e+01
-1.870164333035548410e+01 -1.773866374771316501e+01
-1.876092634350061417e+01 -1.908750210799179925e+01
-1.895764120419820031e+01 -1.880362121780197171e+01
-1.894512343158324441e+01 -1.901770559533849791e+01
-1.909001599003871164e+01 -1.849447593441257354e+01
-1.891984692215919495e+01 -1.932409427692363835e+01
-1.894868913292884827e+01 -1.942788017570198278e+01
-1.908176705986261368e+01 -1.666745526450020876e+01
-1.892046671857436380e+01 -1.839260994304310159e+01
-1.871663501610358438e+01 -1.925806005899008255e+01
-1.903985136002302170e+01 -1.788953584200375957e+01
-1.897778418411811074e+01 -1.916328634534563236e+01
-1.902974905818700790e+01 -1.911735429392232533e+01
-1.922472570339838782e+01 -1.890009885020070257e+01
-1.916749814897775650e+01 -1.851685092975566960e+01
-1.921039097259442130e+01 -1.853738066437956533e+01
-1.907802080114682397e+01 -1.833426584516252689e+01
-1.905969397226969519e+01 -1.955554996837269144e+01
-1.936554704109827796e+01 -1.919659597223455094e+01
-1.931244866053263465e+01 -1.763196018763951045e+01
-1.942095492283503333e+01 -1.870644867884648477e+01
-1.941608199477195740e+01 -1.862737877337963610e+01
-1.945936586211125174e+01 -1.927115482478946973e+01
-1.931189705928166589e+01 -1.962073093265681933e+01
-1.945073910802602768e+01 -1.982583182198660765e+01
-1.931295862297217170e+01 -1.959607851350462226e+01
-1.944352297981579980e+01 -1.859246950025682210e+01
-1.929419166098038474e+01 -1.843139566693987064e+01
-1.940747612963120261e+01 -1.960438081815645361e+01
-1.947489735235770425e+01 -1.958368248134464551e+01
-1.952026174714167794e+01 -1.934049665773069648e+01
-1.943768207480509957e+01 -1.935285150849973945e+01
-1.939956922829151154e+01 -1.838763951635980121e+01
-1.950440697371959686e+01 -1.976114130639410504e+01
-1.974719059964020929e+01 -1.989118446003307028e+01
-1.944884859770536423e+01 -1.873257084635945091e+01
-1.963617661098639289e+01 -1.888404936604685602e+01
-1.971742402513821801e+01 -1.948141972430340729e+01
-1.982331880678733071e+01 -2.004681584742161959e+01
-1.955918637911478797e+01 -1.899371833305854196e+01
-1.947288355479637900e+01 -1.896432169381674271e+01
-1.956910971303780755e+01 -1.855959180113557139e+01
-1.976702977468569955e+01 -1.918768500043200120e+01
-1.974092193692922592e+01 -2.001198243475579730e+01
-1.980401595185200492e+01 -1.845859091622488890e+01
-1.954495767503976822e+01 -1.918103540098512383e+01
-1.965415363510449609e+01 -1.955099878682718639e+01
-1.979707282036542892e+01 -1.975551265865177442e+01
-1.963751739263534546e+01 -1.970334732996953164e+01
-1.976524281253417215e+01 -1.997133095233471423e+01
-1.994761579732100287e+01 -1.983328048904220609e+01
-1.995663953572511673e+01 -1.948970861558790446e+01
-1.998432809611161431e+01 -1.959201344576748838e+01
-1.974728937198718270e+01 -1.979097771334957656e+01
-1.972643234332402429e+01 -2.015807055188463792e+01
-1.969654393444458762e+01 -1.915656399417233047e+01
-2.005450686315695563e+01 -1.985572147369384766e+01
-1.979661763956149301e+01 -1.994903685829856244e+01
-2.001546244323253632e+01 -1.914728149810394697e+01
-1.995235064129034797e+01 -1.912159709187297096e+01
-1.973524716993172845e+01 -1.991211039060122090e+01
-1.992073995868365088e+01 -1.869254664631633034e+01
-2.006027520447969437e+01 -2.014342202768697376e+01
-1.988355869799852371e+01 -1.885447374566808776e+01
-2.003063025077183923e+01 -1.871995570442893353e+01
-1.995597961544990540e+01 -2.001288869783475732e+01
-2.006781737258036813e+01 -1.955044934656712741e+01
-2.001726564764976501e+01 -1.874135322075385446e+01
-2.000401444236437598e+01 -2.010989818325290557e+01
-2.004371616741021356e+01 -1.855192549816973724e+01
-2.021054215480883798e+01 -1.845775658743722047e+01
-1.980265800406535348e+01 -2.015895925249372311e+01
-1.996495566268761834e+01 -1.906471023311862822e+01
-1.998977199941873550e+01 -1.652748230525425654e+01
-2.019119029243787011e+01 -2.037490808808958320e+01
-2.025122935324907303e+01 -2.028536727211692181e+01
-2.037241534640391549e+01 -2.051582921015751992e+01
-1.999915234744548798e+01 -2.049339378654182653e+01
-2.014719707022110740e+01 -1.996790770741252175e+01
-2.017189862579107285e+01 -1.974882243515609304e+01
-2.015002259612083435e+01 -2.036299707982447416e+01
-2.021079446375370026e+01 -2.037031679029588460e+01
-2.009192627916733542e+01 -2.037796312802797871e+01
-2.040640305479367456e+01 -2.013623178160035820e+01
-2.009614086896181107e+01 -1.957729273957091465e+01
-2.046443053086598596e+01 -1.918307456722507354e+01
-2.035043389101823053e+01 -1.987895575436678897e+01
-2.019393900781869888e+01 -1.998477374733268519e+01
-2.049727910260359565e+01 -2.021864900960550671e+01
-2.029601876189311227e+01 -2.018861106773475456e+01
-2.028153608242670813e+01 -2.034387271435229749e+01
-2.042865751683712006e+01 -2.049198497425426169e+01
-2.047127971053123474e+01 -2.042958115912103167e+01
-2.039514832695325097e+01 -2.044718561544046764e+01
-2.042005170881748199e+01 -1.950029546564275407e+01
-2.027353095511595527e+01 -2.026638013666326188e+01
-2.035160411894321442e+01 -1.998348067642806569e+01
-2.034566796819369117e+01 -2.056359635390244378e+01
-2.051756947735945502e+01 -1.966901254034661761e+01
-2.046132041762272635e+01 -2.037989421943565560e+01
-2.052911710739135742e+01 -2.084396768545175505e+01
-2.046685775617758551e+01 -2.055967970018263102e+01
-2.049799369027217111e+01 -2.068518714161662331e+01
-2.043129586925109109e+01 -2.040754528788777122e+01
-2.055480894694725791e+01 -2.022223658375925837e+01
-2.048332636555035791e+01 -2.074727018777426224e+01
-2.050508089611927787e+01 -1.986785185182249336e+01
-2.043571768949429313e+01 -2.033086132693600234e+01
-2.060498145222663879e+01 -2.059390129981103001e+01
-2.059696766237417975e+01 -2.071870994567871094e+01
-2.031227837006251136e+01 -1.917286397265149489e+01
-2.059286054968833923e+01 -2.053709441346007480e+01
-2.071847352882226190e+01 -1.623658582761690283e+01
-2.046684750914573669e+01 -2.029530405069326449e+01
-2.053991887470086297e+01 -1.877477014219606133e+01
-2.075978983441988746e+01 -2.061512020656040889e+01
-2.078931729992230615e+01 -2.033688701282848044e+01
-2.039688541491826257e+01 -1.989759939367121078e+01
-2.077080486218134681e+01 -1.984513513143960495e+01
-2.077882933368285379e+01 -2.045391771390840674e+01
-2.070497672508160392e+01 -1.766130223212304173e+01
-2.055898706118265906e+01 -2.046461462045644808e+01
-2.061894130706787109e+01 -2.008230263846261110e+01
-2.065590980400641641e+01 -2.071741268851540241e+01
-2.083466450870037079e+01 -2.097196643383471937e+01
-2.060528915375471115e+01 -2.063123854104574662e+01
-2.054513056576251984e+01 -1.910501742672610703e+01
-2.070914580921332160e+01 -1.986999906812395267e+01
-2.078675790627797326e+01 -2.061037537958714694e+01
-2.085117397705714026e+01 -2.080326954730145417e+01
-2.077551921208699426e+01 -2.101264748015961104e+01
-2.061484028895695886e+01 -2.083122353739552679e+01
-2.060488064835469046e+01 -2.091276428916237506e+01
-2.093048492322365561e+01 -2.075417221366584997e+01
-2.069823820143938065e+01 -2.008907126141832933e+01
-2.078998057544231415e+01 -1.924697524231749668e+01
-2.080095884948968887e+01 -2.022570450274975329e+01
-2.070077473421891412e+01 -2.040307939207399102e+01
-2.083800194164117059e+01 -2.095196888663551960e+01
-2.072783010204632959e+01 -1.975328849197982350e+01
-2.066948729505141458e+01 -1.856573265868347988e+01
-2.077742356310288230e+01 -2.100646843848290501e+01
-2.094824186960856238e+01 -1.977290591945896026e+01
-2.100094993412494659e+01 -2.027326482302182598e+01
-2.097096185882886132e+01 -2.042889736225078678e+01
-2.099916753669579705e+01 -2.003283322321904336e+01
-2.082949262857437134e+01 -2.107334840452516289e+01
-2.087000870704650879e+01 -2.065178841429871426e+01
-2.081449683507283410e+01 -1.999816479620995580e+01
-2.088884390890598297e+01 -1.825680186531760540e+01
-2.100049671530723572e+01 -2.032642765788288841e+01
-2.108286755780379096e+01 -2.034737495323280143e+01
-2.091342868904272834e+01 -2.032468619903960771e+01
-2.095959188540776452e+01 -1.944192657222995635e+01
-2.118870372076829156e+01 -2.041143875617485648e+01
-2.078019235531489173e+01 -2.085565631420581312e+01
-2.112651881575584412e+01 -2.099157608329475622e+01
-2.110063574214776239e+01 -2.020018900834120856e+01
-2.087323868274688721e+01 -2.065691846376889629e+01
-2.090732599794864655e+01 -2.002385416897860537e+01
-2.106393556793530664e+01 -1.969695068953873118e+01
-2.093337303400039673e+01 -2.013062121651389447e+01
-2.111356730759143829e+01 -2.090919955365069427e+01
-2.097459498544533929e+01 -2.085894500435172816e+01
-2.112492677569389343e+01 -2.009722661352776996e+01
-2.113730004181464395e+01 -2.087847748050441865e+01
-2.096352904041608056e+01 -2.019203669065004902e+01
-2.112236411869525909e+01 -1.924546467174183206e+01
-2.113665016988913337e+01 -2.043912176652388268e+01
-2.107014378408591071e+01 -2.039532445932363558e+01
-2.105347099403540412e+01 -2.063492731614546472e+01
-2.102609911561012268e+01 -2.126012938363211546e+01
-2.103456263244152069e+01 -2.090922131476464330e+01
-2.100523466865221778e+01 -2.050422826989904479e+01
-2.137733557820320129e+01 -2.054774569226549730e+01
-2.125809101263682166e+01 -2.109117239171808578e+01
-2.113116718828678131e+01 -1.946236768945470885e+01
-2.128151386479536811e+01 -1.980673845712240677e+01
-2.109512510895729065e+01 -2.107832807070249004e+01
-2.109192956735690316e+01 -2.110833747665603610e+01
-2.121030146876971045e+01 -2.098293947244619417e+01
-2.124603725473086158e+01 -1.964051251597218695e+01
-2.132872646550337592e+01 -2.059599669567950286e+01
-2.105451518297195435e+01 -2.096839877537318486e+01
-2.130486462513605872e+01 -1.807411986512023105e+01
-2.125508884092171868e+01 -2.071704891749790889e+01
-2.134811884164810181e+01 -1.912832017378373450e+01
-2.114703173935413361e+01 -2.009394363304237174e+01
-2.131426130731900415e+01 -2.097115088128424176e+01
-2.123036721845467767e+01 -1.999408456876680518e+01
-2.112734316786130151e+01 -2.035987146798666458e+01
-2.142729750275611877e+01 -2.085092753868598336e+01
-2.126630944510300836e+01 -2.095659002081140443e+01
-2.108238643904526910e+01 -1.903248094583486605e+01
-2.121165781219800195e+01 -2.107605731022822226e+01
-2.119166993101437768e+01 -2.093829076940363265e+01
-2.120004617174466333e+01 -2.021550716053355856e+01
-2.136390275756518164e+01 -1.982787155795406875e+01
-2.138188974062601844e+01 -1.878346970793488779e+01
-2.134196826815605164e+01 -1.956214598866252175e+01
-2.149273764838774881e+01 -2.052919660295759030e+01
-2.137730960547924042e+01 -1.978179394115101175e+01
-2.123684693872928619e+01 -2.102141729577795104e+01
-2.119655831158161163e+01 -1.999329210256601286e+01
-2.124628564218680182e+01 -2.106327562208299398e+01
-2.132957497735818109e+01 -2.042651243333692790e+01
-2.140344334145386895e+01 -2.066337147006740693e+01
-2.137105058630307397e+01 -2.088526111454158496e+01
-2.133145538965861121e+01 -2.045616907887644587e+01
-2.142699451744556427e+01 -2.118761589000751400e+01
-2.127803536256154260e+01 -2.116399185378829984e+01
-2.152051276961962500e+01 -1.991076759239295768e+01
-2.134447342654069146e+01 -2.108875304383116855e+01
-2.135285078982512275e+01 -2.108251217433384639e+01
-2.151075992484887323e+01 -2.063793077097310658e+01
-2.145214822888374329e+01 -2.125878113585633145e+01
-2.136610272526741028e+01 -2.106395794509293040e+01
-2.150647840897242347e+01 -2.060648593654880401e+01
-2.141767717649539193e+01 -2.026437229305118848e+01
-2.135884538044532022e+01 -2.085880133393522939e+01
-2.141390973826249322e+01 -2.093351889275885114e+01
-2.141279060145219049e+01 -2.062199716444139241e+01
-2.146140624086062232e+01 -2.146434143611363154e+01
-2.151559691131114960e+01 -2.108499006791548425e+01
-2.156046715378761292e+01 -1.991617478952779408e+01
-2.137151044607162476e+01 -2.115614725088144255e+01
-2.123393133282661438e+01 -2.070961631428111716e+01
-2.141392193237940589e+01 -2.149497487947538232e+01
-2.158101820945739746e+01 -2.039187104361397829e+01
-2.154445029298464576e+01 -2.115534896355170602e+01
-2.147442736228306970e+01 -2.018452078336245137e+01
-2.147343056400616845e+01 -2.122627311557918262e+01
-2.164204906423886499e+01 -2.049677033857865638e+01
-2.143817762037118158e+01 -2.077193195788891344e+01
-2.150793009996414185e+01 -2.042121919409021302e+01
-2.151154048244158545e+01 -2.139600577911773271e+01
-2.157539142171541968e+01 -2.092508543931044684e+01
-2.127493782093127450e+01 -1.952561285588648587e+01
-2.151313453416029731e+01 -2.075519347500491563e+01
-2.151825691759586334e+01 -2.058118914319323167e+01
-2.163058097660541534e+01 -2.109352035027045602e+01
-2.163725788891315460e+01 -2.076137329696060618e+01
-2.163085148235161981e+01 -2.113333830895361842e+01
-2.165814285477002343e+01 -2.129399496549135762e+01
-2.164145199954509735e+01 -2.100440920792616950e+01
-2.150376937290032586e+01 -1.914390446303726634e+01
-2.145003923773765564e+01 -2.041754452593914948e+01
-2.166586380203564843e+01 -2.009911678363750553e+01
-2.155161256591479102e+01 -2.063597956570712100e+01
-2.151153331001599511e+01 -2.105415930066789798e+01
-2.152993337810039520e+01 -1.893585296729942513e+01
-2.170329001049200812e+01 -2.041447458638773327e+01
-2.179296262562274933e+01 -2.074999214766861400e+01
-2.163857768476009369e+01 -2.061126333707338887e+01
-2.148704997201760492e+01 -2.115847114463905143e+01
-2.148075260221958160e+01 -2.152637811140580482e+01
-2.163251802325248718e+01 -2.106395836619587669e+01
-2.176654913524786750e+01 -2.121868517491724759e+01
-2.166709280510743341e+01 -2.022413702134962321e+01
-2.167625975608825684e+01 -2.127735124315534421e+01
-2.175672533114751062e+01 -2.011989276440112562e+01
-2.163620345046122750e+01 -1.923314201057731410e+01
-2.172798941532770911e+01 -2.104479876431551943e+01
-2.160564384361108026e+01 -2.141048825251591836e+01
-2.172304547329743585e+01 -2.094586721643224791e+01
-2.163849480946858606e+01 -2.131176533637108861e+01
-2.151149265468120575e+01 -2.082175169362650280e+01
-2.175087626775105676e+01 -2.020623483286275501e+01
-2.170911624034245690e+01 -2.097530971873890238e+01
-2.154511236151059350e+01 -2.138583097829447155e+01
-2.177860028048356256e+01 -2.111772851820115804e+01
-2.172389426827430725e+01 -2.032328241521662093e+01
-2.153798413276672363e+01 -1.981076630679043760e+01
-2.181080363194147864e+01 -2.058375042754334316e+01
-2.173537741104761878e+01 -2.076456145497111550e+01
-2.171298199395338813e+01 -2.033677821964412402e+01
-2.193791623910268029e+01 -2.097050263045669993e+01
-2.174793691436449805e+01 -2.036750150655771208e+01
-2.188445657491683960e+01 -2.104380290539233656e+01
-2.176212584972381592e+01 -1.866261799304516344e+01
-2.184210164348284522e+01 -2.093271131639356852e+01
-2.191782488922278205e+01 -2.134769187035498561e+01
-2.156395982950925827e+01 -2.097287861712567292e+01
-2.190046761929988861e+01 -2.100581943214713831e+01
-2.178444600850343704e+01 -2.141151173083813219e+01
-2.174893002212047577e+01 -2.134838725994159603e+01
-2.167228214442729950e+01 -2.080917841428286152e+01
-2.174399811277787009e+01 -2.090130194131430130e+01
-2.189263355235258857e+01 -2.103220867801022109e+01
-2.161812318364779273e+01 -2.118694441659109984e+01
-2.182395987709363183e+01 -2.083437336265266637e+01
-2.172715850671132287e+01 -2.095610578958090287e+01
-2.168738866349061212e+01 -1.976916133583366175e+01
-2.181498289604981622e+01 -2.067828141249619378e+01
-2.175187063217163086e+01 -2.100821517349837819e+01
-2.169023877382278442e+01 -2.055849729265485593e+01
-2.186240151027838508e+01 -2.088640409940249043e+01
-2.160249601056178292e+01 -1.917154315849403190e+01
-2.184789755940437317e+01 -1.926262044287347308e+01
-2.193527540564537048e+01 -2.060614064451936045e+01
-2.187885724256436148e+01 -2.137305548283961087e+01
-2.167026975750923157e+01 -2.154446931318803138e+01
-2.178549916545550147e+01 -2.119092328207833376e+01
-2.178966698050498962e+01 -2.082467804945908441e+01
-2.181160814066727838e+01 -2.118562881667892484e+01
-2.184602248420317849e+01 -1.986169230473505820e+01
-2.184850612779458245e+01 -2.137129153214491950e+01
-2.169001382092634955e+01 -1.940144646632207071e+01
-2.174369062483310699e+01 -1.769766709711644381e+01
-2.181095046798388282e+01 -2.029100174098820020e+01
-2.203112810353438178e+01 -2.101215784890311156e+01
-2.208321138223012170e+01 -2.081433278864080094e+01
-2.187363473574320594e+01 -2.113016506294151498e+01
-2.189561804135640344e+01 -2.144627060828270970e+01
-2.191305005053679267e+01 -2.056572808847798939e+01
-2.194673339029153070e+01 -2.089743137359619141e+01
-2.185137582321961602e+01 -2.133595783679516344e+01
-2.209643114606539527e+01 -2.156663207264689675e+01
-2.186662423610687256e+01 -2.120266374365075990e+01
-2.188903658092021942e+01 -2.076399944354961491e+01
-2.202998816470305243e+01 -2.080673755298961325e+01
-2.197237006326516351e+01 -2.111052392984365511e+01
-2.205101057887077332e+01 -2.098392682261281195e+01
-2.191358411808808526e+01 -2.122771484820873766e+01
-2.184183624386787415e+01 -2.115727429575734320e+01
-2.185691194732983789e+01 -2.071629738498043594e+01
-2.190034131209055701e+01 -2.022392353454193525e+01
-2.202093435823917389e+01 -2.120892465269410820e+01
-2.199587645630041877e+01 -2.126494157469117852e+01
-2.194414375722408295e+01 -1.962515694754464235e+01
-2.193627369900544366e+01 -2.005914369806066588e+01
-2.165537127852439880e+01 -2.129124175728141566e+01
-2.202362729112307349e+01 -2.118246617255272923e+01
-2.181283890207608422e+01 -2.024634630029851579e+01
-2.183725386609633645e+01 -2.105782349078686266e+01
-2.183224432170391083e+01 -2.039795762842351579e+01
-2.182696612675984582e+01 -2.054632444505567790e+01
-2.207028473416964331e+01 -2.149743086331850606e+01
-2.195274539291858673e+01 -2.086034232300597324e+01
-2.201787702242533484e+01 -2.081151771545410156e+01
-2.211243776977062225e+01 -2.122404593925971383e+01
-2.211360677083333215e+01 -2.024350000356698942e+01
-2.200350946684678277e+01 -2.027731553610269088e+01
-2.200224530696868896e+01 -2.096247311381550560e+01
-2.196171134710311890e+01 -2.070031525252701243e+01
-2.196160393456618110e+01 -2.103066830820851507e+01
-2.213802983363469323e+01 -2.103948772727668981e+01
-2.195313024024168769e+01 -2.151592546933657246e+01
-2.205211854477723321e+01 -2.075392861799760169e+01
-2.206760929028193274e+01 -2.130745246193625775e+01
-2.214152665932973107e+01 -2.068094345191856576e+01
-2.189649368822574615e+01 -2.178822631340522165e+01
-2.211886449158191681e+01 -2.101756725063571807e+01
-2.220620070894559106e+01 -2.024747878235655918e+01
-2.203135640422503272e+01 -2.108263394739720553e+01
-2.208473846316337585e+01 -2.089445309824757757e+01
-2.224263454973697662e+01 -2.075457585322392617e+01
-2.188966271777947625e+01 -2.105550572779271334e+01
-2.217420811454455176e+01 -2.141234186098172998e+01
-2.229821963608264923e+01 -2.140254050415831699e+01
-2.197447045644124231e+01 -2.107087591716221553e+01
-2.202144027749697486e+01 -2.088037317449396468e+01
-2.193816033999125281e+01 -2.105547087533133421e+01
-2.229221656421820441e+01 -2.053691810756534863e+01
-2.214964306354522705e+01 -1.952959050760640736e+01
-2.212550857166449347e+01 -2.149900359612006540e+01
-2.226025377213954926e+01 -2.108837587183171891e+01
-2.207663031419118127e+01 -2.107935649079161777e+01
-2.197997564574082574e+01 -2.108045909931133366e+01
-2.212477494776248932e+01 -2.111962843560553083e+01
-2.210142196714878082e+01 -1.993032025671624652e+01
-2.202202250063419342e+01 -2.089437915752460384e+01
-2.210785353680451593e+01 -2.088885670203667289e+01
-2.219455766181151191e+01 -2.095061797600287790e+01
-2.213959626853466034e+01 -2.103851091706907539e+01
-2.203992682695388794e+01 -2.038914789472307376e+01
-2.219523416459560394e+01 -2.147611546206783828e+01
-2.199039353430271149e+01 -2.100563812255859375e+01
-2.213018981615702430e+01 -2.129799032830572614e+01
-2.218596445024013519e+01 -2.136808363183752135e+01
-2.222115839024384698e+01 -2.091733507676558190e+01
-2.197320064653952798e+01 -2.125595247590696601e+01
-2.220619826515515527e+01 -2.097793722771978864e+01
-2.227868425846099854e+01 -2.113758847620579928e+01
-2.227871168653170386e+01 -2.149599121143291569e+01
-2.226965321600437164e+01 -2.106047704622342920e+01
-2.222000582019488135e+01 -2.032961486221908132e+01
-2.231294302642345428e+01 -2.095695517899154225e+01
-2.228630371888478479e+01 -2.091383723469523659e+01
-2.214779155949751654e+01 -2.011877825353052884e+01
-2.219920634229977807e+01 -1.982813644409179688e+01
-2.226094749073187629e+01 -2.127783195693771390e+01
-2.213074273367722711e+01 -2.013206895605310365e+01
-2.212033759057521820e+01 -2.094030032219824733e+01
-2.216015701989332953e+01 -2.137657990393700658e+01
-2.218490735193093499e+01 -2.120375627047055644e+01
-2.233682505910595140e+01 -2.049368630446396722e+01
-2.236009552081425866e+01 -2.116591204606093513e+01
-2.230946366985638818e+01 -2.159838555075905475e+01
-2.199459393322467804e+01 -1.997184632041237506e+01
-2.223644729455311975e+01 -2.119952229091099483e+01
-2.220383044083913049e+01 -2.081786606528542194e+01
-2.224209599196910858e+01 -2.038397785285850716e+01
-2.210752778251965722e+01 -2.112955883571079951e+01
-2.236863430837790290e+01 -2.084191186087472047e+01
-2.202523359159628669e+01 -2.127724596741911611e+01
-2.240527347723643103e+01 -2.077255890586159381e+01
-2.232387560109297553e+01 -2.114959149546437445e+01
-2.222982687751452247e+01 -2.060526486186238060e+01
-2.214069451391696930e+01 -2.099838655645197250e+01
-2.225200195113817969e+01 -2.103428791095684147e+01
-2.245274069905281067e+01 -2.111082307394448776e+01
-2.212498487532138824e+01 -2.145035287931368018e+01
-2.225332932670911035e+01 -1.844674691286953916e+01
-2.215466062724590302e+01 -2.010714906221860332e+01
-2.239482223490874091e+01 -2.083467835265320645e+01
-2.214904197553793708e+01 -2.119767451595950547e+01
-2.233312765260537347e+01 -2.119283252567439746e+01
-2.229837105174859246e+01 -2.114858202500776940e+01
-2.234231626987457275e+01 -2.139290016966980801e+01
-2.236906086901823798e+01 -2.113079924397654352e+01
-2.215829037626584253e+01 -2.086055180933568209e+01
-2.233854877948760986e+01 -2.085751257314310436e+01
-2.241561355690161506e+01 -2.084955755456701354e+01
-2.237992122769355774e+01 -2.128140589478728018e+01
-2.242450840274493018e+01 -2.092753165108817015e+01
-2.230978060265382013e+01 -2.155186883505288620e+01
-2.249826990564664086e+01 -2.114325706680099515e+01
-2.229947068790594855e+01 -2.079824131804627285e+01
-2.226336350043614587e+01 -2.117432165765142926e+01
-2.245758192737897119e+01 -2.129646754574466172e+01
-2.245122803747653961e+01 -2.068080877328847933e+01
-2.222524555027484894e+01 -2.143547325629692679e+01
-2.236781436949968338e+01 -2.150064991046856022e+01
-2.229038549462954322e+01 -2.141498639986112451e+01
-2.215762839714686194e+01 -1.838212517329624873e+01
-2.238911167283852777e+01 -2.105957563821371537e+01
-2.225509579976399621e+01 -2.057473872543929616e+01
-2.247913621862729272e+01 -2.150783013678216449e+01
-2.254151802261670312e+01 -2.086013881881515530e+01
-2.245873691638310632e+01 -2.105676623753138799e+01
-2.236086075504620752e+01 -2.123021932081742591e+01
-2.241559495528538903e+01 -2.036550025196818581e+01
-2.228376089533169946e+01 -2.102764000830712376e+01
-2.244770140945911407e+01 -2.138703719052401553e+01
-2.240771910548210144e+01 -1.977184569371210898e+01
-2.234416187802950660e+01 -2.082596562125466022e+01
-2.239079266786575317e+01 -2.141579263860529281e+01
-2.249038416147232056e+01 -2.094234149486987562e+01
-2.246597476800282678e+01 -2.088209310754552916e+01
-2.237014482418696204e+01 -2.156905561917788106e+01
-2.240254926184813300e+01 -2.124462698651598558e+01
-2.234940348565578461e+01 -1.897971940969491911e+01
-2.244979821393887320e+01 -2.076426750034480762e+01
-2.244348663091659546e+01 -2.129343632289341670e+01
-2.247424041728178778e+01 -2.141572263643339014e+01
-2.254994905491669854e+01 -2.143420687588778506e+01
-2.243883850177128991e+01 -2.125280019834444190e+01
-2.261090083420276642e+01 -2.127313247284331865e+01
-2.249091373880704126e+01 -1.980908158537629404e+01
-2.243988539775212487e+01 -2.122289705895758161e+01
-2.238814636071522912e+01 -2.136978429323666973e+01
-2.247547712425390998e+01 -2.140428899789785433e+01
-2.257570165892441949e+01 -2.116612293193866634e+01
-2.256903026998043060e+01 -2.101288713727678470e+01
-2.243808581928412238e+01 -2.137164181548279629e+01
-2.251232056816418847e+01 -2.048979792656836452e+01
-2.226021503408749780e+01 -2.105688194175819206e+01
-2.248932674030463019e+01 -2.165224825871455039e+01
-2.240722235043843469e+01 -2.141700870959789782e+01
-2.232431131601333618e+01 -2.099966066533869125e+01
-2.257242915530999383e+01 -2.086625582211977559e+01
-2.244084252417087555e+01 -2.156780800262054854e+01
-2.256776462495326996e+01 -2.034057186176250553e+01
-2.260801960527896881e+01 -2.151060984970687429e+01
-2.247511242330074310e+01 -2.110452052525111455e+01
-2.259804385403792182e+01 -2.158490886935939912e+01
-2.253893484671910485e+01 -2.160372097461254626e+01
-2.251103069881598273e+01 -2.112550349049753962e+01
-2.244066505134105682e+01 -2.109074063734574622e+01
-2.248741432030995568e+01 -2.138062293808181735e+01
-2.258843541145324707e+01 -2.095598577524160433e+01
-2.242691110074520111e+01 -2.099313529126055755e+01
-2.250242694218953332e+01 -2.114993651501544036e+01
-2.240192374090353766e+01 -2.005947498222450065e+01
-2.264647560318310937e+01 -2.161124722369305573e+01
-2.253167135020096978e+01 -2.156865351540701781e+01
-2.249510223170121392e+01 -2.142127072965944024e+01
-2.242900335788726807e+01 -2.153480121067591924e+01
-2.241876103480656823e+01 -2.169424958662553138e+01
-2.238894153634707251e+01 -2.144208119132301960e+01
-2.258186911543210229e+01 -2.084062462348442679e+01
-2.258432759841283044e+01 -2.110622070362041569e+01
-2.264446105559666833e+01 -2.125605934935730801e+01
-2.258728191256523132e+01 -2.138768488400942402e+01
-2.257843211293220520e+01 -2.046160243393538991e+01
-2.273809721569220343e+01 -2.063036059094713792e+01
-2.255705317358176032e+01 -2.096360181833242464e+01
-2.253336403270562371e+01 -2.145358153751918096e+01
-2.257665549715359887e+01 -2.132141472457291087e+01
-2.263635211686293403e+01 -2.092669221952364111e+01
-2.263648132483164588e+01 -2.125204664700991231e+01
-2.240408140917618951e+01 -2.085831136827345134e+01
-2.244782226284344873e+01 -2.097308728602025241e+01
-2.263386649886767188e+01 -2.114171677131157523e+01
-2.258180399239063263e+01 -2.102464504985066185e+01
-2.258395826319853583e+01 -2.125270167264071475e+01
-2.265980575978755951e+01 -2.144313620282457933e+01
-2.263921948770682135e+01 -2.158466538515957822e+01
-2.273560885091622552e+01 -1.915113821896639834e+01
-2.256890240311622620e+01 -2.104060004593490163e+01
-2.255573362112045288e+01 -2.146530142697421084e+01
-2.259625438352425775e+01 -2.061219072961187848e+01
-2.272459639608860016e+01 -2.124149031453318415e+01
-2.274361660579840461e+01 -2.090423427928577738e+01
-2.258786466717720032e+01 -2.111258023745053691e+01
-2.264795954028765479e+01 -2.026436965496509046e+01
-2.231418280303478241e+01 -2.139695747177322360e+01
-2.267665467659632483e+01 -2.118045341194450160e+01
-2.274581590294837952e+01 -2.116568245825829564e+01
-2.262936192750930786e+01 -2.135393878391810674e+01
-2.259143665432929993e+01 -2.125203304786186820e+01
-2.268334889908631524e+01 -2.113044383309104290e+01
-2.273599484562873840e+01 -2.135404153303666419e+01
-2.248138167460759362e+01 -2.122474303802886553e+01
-2.250312751531600952e+01 -2.154258191740358086e+01
-2.275416138271490851e+01 -2.149403876762885446e+01
-2.264711099366347113e+01 -2.151861345613157539e+01
-2.272757239639759064e+01 -2.108995104455328473e+01
-2.258018533885478973e+01 -2.075727530888148564e+01
-2.245602016647656640e+01 -2.132575072251357184e+01
-2.256789291898409644e+01 -2.118596294948033076e+01
-2.266133078436056891e+01 -2.127327397581818857e+01
-2.279157862067222595e+01 -2.128939556765865859e+01
-2.278158304591973504e+01 -2.111185457799341947e+01
-2.269201128184795380e+01 -2.135552214337633714e+01
-2.280821197728316108e+01 -2.089185764263202572e+01
-2.267502510547637939e+01 -2.055525574126800947e+01
-2.258961612482865533e+01 -2.030753470086431989e+01
-2.266798004508018494e+01 -2.107261904183920365e+01
-2.271463478108247003e+01 -2.124142770643357991e+01
-2.283847938974698266e+01 -2.133953888385326891e+01
-2.283606964846451959e+01 -2.127750937969653577e+01
-2.258616059521834174e+01 -2.060904417409525280e+01
-2.267619561155636987e+01 -2.092418863866236478e+01
-2.274201573431491852e+01 -2.115428665706089717e+01
-2.264994032680988312e+01 -2.103314132195014352e+01
-2.264855489631493768e+01 -2.107388906355027913e+01
-2.275382893780867377e+01 -2.134903063092912845e+01
-2.252181500196456909e+01 -2.156042079182414284e+01
-2.273219828804333886e+01 -2.137348861198920602e+01
-2.261325486004352570e+01 -2.128265544346400517e+01
-2.257653451462586602e+01 -2.108691718361594525e+01
-2.273008471727371216e+01 -2.158599813882406693e+01
-2.253138039012749871e+01 -2.117458715067281361e+01
-2.277220182120800018e+01 -2.120864183252507829e+01
-2.282477930188179016e+01 -2.069038908822195921e+01
-2.261604212224483490e+01 -2.150556906167562943e+01
-2.277923536300659180e+01 -2.144733101981026735e+01
-2.261119882265726844e+01 -2.025143620874974459e+01
-2.263305214047431946e+01 -2.154179748931488447e+01
-2.268629642824332038e+01 -2.113442435821929521e+01
-2.252836276094118872e+01 -1.992230130480481520e+01
-2.251678637663523475e+01 -2.038796772894921361e+01
-2.270233962436516961e+01 -2.139169658314098044e+01
-2.275036223232746124e+01 -2.080605079601337337e+01
-2.272375672062237939e+01 -2.088798049827674674e+01
-2.274196806550025940e+01 -1.892416374404708890e+01
-2.275495153665542603e+01 -2.124416851687740859e+01
-2.273558116455872735e+01 -2.048585646493094359e+01
-2.253591990967591485e+01 -2.101850675607656527e+01
-2.265204665064811707e+01 -2.069368885089824772e+01
-2.276659160852432251e+01 -2.147232453234784089e+01
-2.287279017766316613e+01 -2.132407898097843457e+01
-2.291337942083676538e+01 -2.078110294837456351e+01
-2.280768229564030847e+01 -2.108797771899731188e+01
-2.266342475513617316e+01 -2.083168364190435895e+01
-2.241257899502913276e+01 -2.075933255777730579e+01
-2.255804418524106225e+01 -2.070548410539503337e+01
-2.277759710947672644e+01 -2.139872943580924769e+01
-2.280134618282318115e+01 -2.109675063096083747e+01
-2.274927433828512946e+01 -2.113262046467174216e+01
-2.275077715019385138e+01 -2.134209293514103223e+01
-2.291304694116115570e+01 -2.084992532606248616e+01
-2.274191326399644097e+01 -2.128639134493741025e+01
-2.285377805431683740e+01 -2.066879579618379736e+01
-2.280576872328917304e+01 -2.115726649296748008e+01
-2.272797639171282569e+01 -2.146591249688879088e+01
-2.293937483429908752e+01 -2.079949215480259639e+01
-2.261580631633599481e+01 -2.089101562252292510e+01
-2.263256748517354211e+01 -2.078397084521008864e+01
-2.258147403101126471e+01 -2.134865364471039229e+01
-2.269710121552149573e+01 -2.059459261460737878e+01
-2.264653831223646918e+01 -1.989575215129109154e+01
-2.267094974716504296e+01 -2.138265614695363226e+01
-2.288636432588100433e+01 -2.166857849467884378e+01
-2.275243731339772424e+01 -1.989462954038149434e+01
-2.289779774347941199e+01 -2.165083417025479307e+01
-2.284421549737453461e+01 -2.040533328365970078e+01
-2.293232014775276184e+01 -2.100385581672965785e+01
-2.271896617611249169e+01 -2.120641200573413343e+01
-2.283952789505322656e+01 -2.152113817883776292e+01
-2.285984383026758948e+01 -2.108780978561996022e+01
-2.271383476257324219e+01 -2.115772929748931475e+01
-2.277680428822835168e+01 -2.096439754188834925e+01
-2.281046504278977594e+01 -2.139674485194218789e+01
-2.279647114376227179e+01 -2.055409121823001328e+01
-2.278989720841248712e+01 -2.112685921904328623e+01
-2.280870505174000940e+01 -2.152669070603011647e+01
-2.285089440643787384e+01 -2.146985403283849791e+01
-2.260797510544459143e+01 -2.164798456662661152e+01
-2.269623919328053674e+01 -2.093047086294595260e+01
-2.280234307050704956e+01 -2.029045169384448499e+01
-2.277844499051570892e+01 -2.129581901005336064e+01
-2.292473162710666656e+01 -2.131702995300292969e+01
-2.302314662436644355e+01 -2.138382149981213942e+01
-2.283206649621327600e+01 -2.084754841048995999e+01
-2.275475407640139380e+01 -2.087196326565432969e+01
-2.275021850069363794e+01 -1.799550638570413952e+01
-2.263931102554003516e+01 -2.114371131302474538e+01
-2.285145097970962524e+01 -2.101968458101346826e+01
-2.287372566759586334e+01 -2.129267241738059369e+01
-2.280394419034321984e+01 -2.084038362874613171e+01
-2.293268247445424279e+01 -2.172040466209510612e+01
-2.286967154343922815e+01 -2.131967530931745358e+01
-2.286806448797385016e+01 -2.115469211726993848e+01
-2.295818706353505334e+01 -2.131847797740589456e+01
-2.291980695724487305e+01 -2.091291987431513633e+01
-2.282888166606426239e+01 -2.131996509007045049e+01
-2.287188496689001838e+01 -2.104994741662756041e+01
-2.269417470693588257e+01 -2.145440421166357936e+01
-2.255612970391909400e+01 -2.134592092192018242e+01
-2.303779678046703339e+01 -2.097688942450981742e+01
-2.290879886845747748e+01 -2.082842918495079232e+01
-2.288765552639961243e+01 -2.104110693002676058e+01
-2.284829384585221490e+01 -2.040556921277727298e+01
-2.306821788847446442e+01 -2.143504799186409215e+01
-2.309419485926628113e+01 -2.115362270157058688e+01
-2.291990386446316919e+01 -2.113564652281922207e+01
-2.299300801753997803e+01 -2.079308023081197376e+01
-2.295778197546799859e+01 -2.097172363083084079e+01
-2.283980535964171210e+01 -2.087563836729371758e+01
-2.294208399454752723e+01 -2.135333250714586839e+01
-2.314060180882612983e+01 -2.091997753490101175e+01
-2.279866893589496613e+01 -2.055973148345947266e+01
-2.282796178261439124e+01 -2.125017857241940078e+01
-2.278125766913096228e+01 -2.037232168618734818e+01
-2.297307834525902948e+01 -2.138873478034874154e+01
-2.274482303361098090e+01 -2.133908505873246497e+01
-2.288245693345864495e+01 -2.139285793552150849e+01
-2.295450461407502374e+01 -2.115262440272740108e+01
-2.304734577238559723e+01 -2.104606680436567956e+01
-2.288898945848147193e+01 -2.170448088955569688e+01
-2.302687540153662482e+01 -2.109448143104454232e+01
-2.291971938312053680e+01 -2.027262270295774726e+01
-2.288436553875605384e+01 -2.105551382783171377e+01
-2.304134285946686944e+01 -2.143203114843987933e+01
-2.281018453339735785e+01 -2.104898346244514684e+01
-2.291872191925843438e+01 -2.058829466089025573e+01
-2.280960063139597693e+01 -2.070006893207500553e+01
-2.315655660629272461e+01 -2.154000116323495817e+01
-2.303960147996743402e+01 -2.148409885555118848e+01
-2.290323920051256934e+01 -1.989899071780117978e+01
-2.285096045831839362e+01 -2.099489605891240274e+01
-2.297845003008842468e+01 -2.022852363834133271e+01
-2.300258013109366217e+01 -2.009572434115719375e+01
-2.292461772759755334e+01 -2.122206300264829082e+01
-2.314334978659947595e+01 -2.140029515848531361e+01
-2.279550591607888421e+01 -2.148930527327896556e+01
-2.288779996832211694e+01 -2.100306347438267451e+01
-2.278995913763840875e+01 -2.099669372261344691e+01
-2.295448626081148902e+01 -2.171395976822097751e+01
-2.286993229885895929e+01 -2.067617126563926888e+01
-2.317409968376159668e+01 -2.122506338590151387e+01
-2.302205027639865875e+01 -2.132846972230192861e+01
-2.300486368437607965e+01 -2.148443620855158187e+01
-2.298856060703595361e+01 -1.985321744695886537e+01
-2.290500843524932861e+01 -2.141295450383966781e+01
-2.298936462899049005e+01 -2.156807548968822985e+01
-2.297930759688218316e+01 -2.089105824061802608e+01
-2.303598605096340179e+01 -2.120142253033526458e+01
-2.314630176126956940e+01 -2.116456329048454066e+01
-2.310079327722390374e+01 -2.134730233774556751e+01
-2.287475675841172418e+01 -2.075052024791767025e+01
-2.287373213469982147e+01 -2.148245623204615384e+01
-2.308309711515903473e+01 -2.166075534325141305e+01
-2.316240606208642205e+01 -2.064645517027223320e+01
-2.295710711181163788e+01 -2.122694227292940283e+01
-2.293367788195610046e+01 -2.071038216429871426e+01
-2.294534776608149329e+01 -2.079286694217037734e+01
-2.291109760105609894e+01 -2.103448440502216243e+01
-2.287740729252497474e+01 -2.099800606517048607e+01
-2.305982578794161597e+01 -2.121625687240005931e+01
-2.289870505779981613e+01 -2.108645937040254736e+01
-2.315488839646180352e+01 -2.142581104922604140e+01
-2.278017440438270569e+01 -1.943002789980405254e+01
-2.306386213004589081e+01 -2.085397497400060729e+01
-2.297589586675167084e+01 -2.110696871868975677e+01
-2.310593843956788263e+01 -2.114616675191111383e+01
-2.277640355626742164e+01 -2.144290821273605374e+01
-2.309320290883382043e+01 -2.131829284073470632e+01
-2.292077401280403137e+01 -2.120606880683403617e+01
-2.304246925810972968e+01 -2.125071799290644492e+01
-2.301816979547341546e+01 -2.138314379654921638e+01
-2.316150122880935669e+01 -2.134371732736562777e+01
-2.306883309284846106e+01 -2.085085019198330869e+01
-2.312446019053459167e+01 -2.064972347408146192e+01
-2.296385588248570642e+01 -2.115259326588023825e+01
-2.320454069972038269e+01 -2.073734590604707861e+01
-2.311536909143130103e+01 -2.078633750568736716e+01
-2.302703689038753510e+01 -2.125363341244784365e+01
-2.291501499712467194e+01 -1.912029649065686598e+01
-2.277119502425193787e+01 -2.099772068122764779e+01
-2.297089184820652008e+01 -2.068166420676491413e+01
-2.312236174941062927e+01 -2.053998075212751218e+01
-2.292952184379100800e+01 -2.148604724933574772e+01
-2.311633566518624505e+01 -2.072724313859815837e+01
-2.298750015099843225e+01 -2.041236874964329928e+01
-2.293365901708602905e+01 -2.106054623096020251e+01
-2.301636234919230262e+01 -2.116130073349197360e+01
-2.307552204529444495e+01 -2.134310927948394365e+01
-2.298799085120360175e+01 -2.129541885078727503e+01
-2.296785100797812262e+01 -2.140961500886198721e+01
-2.299675908188025275e+01 -2.076149779480773105e+01
-2.293084386984507361e+01 -2.133419822098372975e+01
-2.303828905026118079e+01 -2.113150657307017966e+01
-2.301500279704729834e+01 -2.146759867977786485e+01
-2.314672875901063165e+01 -2.053241242990865345e+01
-2.301840103169282159e+01 -2.100863903838318691e+01
-2.305792064964771271e+01 -2.096629219550591117e+01
-2.323587195575237274e+01 -2.130124708894011221e+01
-2.317931289970874786e+01 -2.145484894591492520e+01
-2.315455597142378608e+01 -2.098864661873161097e+01
-2.293578869601090631e+01 -2.145708227776861676e+01
-2.315934561192989349e+01 -2.143573811766389170e+01
-2.291528217494487762e+01 -2.073646599905831422e+01
-2.301451116303602973e+01 -1.990541705837497588e+01
-2.299987700581550598e+01 -2.117220531810413675e+01
-2.304412046074867249e+01 -2.019851216402920713e+01
-2.318989673256874084e+01 -2.088622280219932748e+01
-2.305826513965924462e+01 -2.119836573167280847e+01
-2.297325277825196466e+01 -2.052882145596788988e+01
-2.314935343464215478e+01 -2.066267734378963183e+01
-2.316632015506426612e+01 -2.128037229760900573e+01
-2.306596394876639167e+01 -2.128703908796434163e+01
-2.325359991192817688e+01 -2.026873971270276442e+01
-2.307468399405479431e+01 -2.091964554477047500e+01
-2.299822164078553399e+01 -2.105248560224260501e+01
-2.289065979172785958e+01 -2.109937823902476950e+01
-2.298785903553168097e+01 -2.138402883108560104e+01
-2.288638573388258735e+01 -1.977796408417937002e+01
-2.326197104156017303e+01 -2.130494639161345205e+01
-2.322376596927642822e+01 -2.140097587139575452e+01
-2.308250258366267005e+01 -2.145660482134137936e+01
-2.315566151837508002e+01 -2.087150494464032136e+01
-2.317201295495033264e+01 -2.057723153101933633e+01
-2.308360036214192590e+01 -2.152405829243845758e+01
-2.324173061052958289e+01 -2.119179053120798883e+01
-2.318878361582756042e+01 -2.051838359585056182e+01
-2.328800746301810065e+01 -2.119699735765333415e+01
-2.306844717264175415e+01 -2.093398112755317086e+01
-2.304603101809819421e+01 -2.118599406155673037e+01
-2.315130406618118286e+01 -2.103555129410384694e+01
-2.324765743811925134e+01 -2.102805578553831367e+01
-2.317506159345309058e+01 -2.121246796149712210e+01
-2.318219784895579139e+01 -2.049504231787347308e+01
-2.301490115125973901e+01 -2.064945590031611289e+01
-2.312335726618766785e+01 -2.116690391689152051e+01
-2.335077033440272132e+01 -2.021969767979213017e+01
-2.317295031746228418e+01 -2.140650891638421527e+01
-2.327281934519608697e+01 -2.145635820364023161e+01
-2.278552678724129876e+01 -2.154526372389359778e+01
-2.318684802949428558e+01 -2.120972108221673480e+01
-2.309875100851058960e+01 -2.127480052353499929e+01
-2.316268838445345679e+01 -2.147405645444795752e+01
-2.311896382768948754e+01 -2.127967192909934369e+01
-2.297090611358483514e+01 -2.069818189546659326e+01
-2.313526497284571448e+01 -2.155475485170042305e+01
-2.317182462910811225e+01 -2.112503931119844580e+01
-2.303885668019453803e+01 -2.088541054416012344e+01
-2.296247008939583978e+01 -1.910112089924998102e+01
-2.314964941640694818e+01 -2.082223993772036152e+01
-2.303564689060052117e+01 -2.117281444351394626e+01
-2.317930943767229834e+01 -2.152599783067579509e+01
-2.328633903463681420e+01 -2.062298388295359430e+01
-2.321095708509286126e+01 -2.024289153458236257e+01
-2.330242793758710107e+01 -2.095400037393941517e+01
-2.297967820366223535e+01 -2.072317078825715342e+01
-2.293461849788824836e+01 -2.121387673662854567e+01
-2.291261938214302063e+01 -2.120379186605478239e+01
-2.316620710988839349e+01 -2.137835082760105010e+01
-2.299083718160788337e+01 -1.994563255062351104e+01
-2.340305658678213874e+01 -2.081207115619213610e+01
-2.306687820951144019e+01 -2.117263777844317474e+01
-2.326699815690517426e+01 -2.153127385424329177e+01
-2.317135906716187677e+01 -1.988959051107431364e+01
-2.321155370275179664e+01 -2.040279659667572432e+01
-2.306774051984151086e+01 -2.139491416881610775e+01
-2.298170451323191443e+01 -2.088424820094913770e+01
-2.295874283711115638e+01 -2.059840546645127191e+01
-2.316969404617945472e+01 -2.085173725772213515e+01
-2.307484970986843109e+01 -2.122880684245716409e+01
-2.313857193787892541e+01 -2.055599897558039046e+01
-2.336935813724994659e+01 -2.087119220139144460e+01
-2.325411932170391083e+01 -2.123573375057864610e+01
-2.332779258986314019e+01 -2.116778871610567236e+01
-2.312478840847809991e+01 -2.079432519689783021e+01
-2.311497960984706879e+01 -2.032398057912851286e+01
-2.316675641139348230e+01 -2.122175138646906234e+01
-2.317641632755597314e+01 -2.102740533011300172e+01
-2.333069000641505042e+01 -2.103573561333990583e+01
-2.327309934794902802e+01 -2.092263278713474151e+01
-2.335469869275887689e+01 -2.084356004541570329e+01
-2.302871640523274621e+01 -2.088544719250171156e+01
-2.309258476396401605e+01 -2.072732883304744433e+01
-2.305325121680895606e+01 -2.041078147640476104e+01
-2.314529530207316199e+01 -2.131217349659312887e+01
-2.337383779883384705e+01 -2.012555803571428470e+01
-2.303799332678318024e+01 -2.052930887643393021e+01
-2.318820212781429291e+01 -2.119896730200036927e+01
-2.322665790220101556e+01 -2.134488306417093639e+01
-2.327160447339216987e+01 -2.071027560048289118e+01
-2.323496943215529242e+01 -2.092709994625735703e+01
-2.302471178770065308e+01 -2.155179455992463389e+01
-2.333197602629661560e+01 -2.106176725610509948e+01
-2.330738929410775384e+01 -2.060539490836007204e+01
-2.328376921017964563e+01 -2.096643735216809645e+01
-2.323113786180813989e+01 -2.084845001666576891e+01
-2.335300864775975427e+01 -2.071674862155666474e+01
-2.321636602282524109e+01 -2.139965633293250846e+01
-2.322699941198031226e+01 -2.035906716136189232e+01
-2.324859455227851868e+01 -2.122905862486207695e+01
-2.320582331717014313e+01 -2.128801930415166055e+01
-2.325492466986179352e+01 -2.117395829535150042e+01
-2.325085369745890418e+01 -2.115640179522625886e+01
-2.333330853780110559e+01 -2.146513691196193818e+01
-2.319990991055965424e+01 -2.131829945452801667e+01
-2.332513233025868615e+01 -2.137267268787730856e+01
-2.336619648337364197e+01 -2.152406642963359928e+01
-2.329644691447417060e+01 -2.129156845885437832e+01
-2.325217391053835669e+01 -2.156430734906877689e+01
-2.342805037895838538e+01 -2.060059894214976950e+01
-2.313458470006783685e+01 -2.122278401758763522e+01
-2.332859485844771186e+01 -2.093326831173587266e+01
-2.318772536516189575e+01 -2.136673365010843639e+01
-2.308131296435992041e+01 -2.019062748203029756e+01
-2.306452515721321106e+01 -1.932627695257013656e+01
-2.320948618153731147e+01 -2.104549128049379902e+01
-2.337404461205005646e+01 -2.116179133080816754e+01
-2.311081457138061523e+01 -2.082090870745770417e+01
-2.319344884157180786e+01 -2.033621983713917913e+01
-2.339632891118526459e+01 -2.078740746634347047e+01
-2.321437941491603851e+01 -2.125698038819548330e+01
