# Train Val
4.963305791219075336e-01 -1.945624208450317472e+00
-5.810590227444966338e+00 -1.129340858459472585e+01
-1.792989683151245117e+01 -1.980043716430663991e+01
-2.286656045913696289e+01 -2.373419990539550639e+01
-2.518051004409790039e+01 -2.497759208679199361e+01
-2.623308706283569336e+01 -2.472207679748535014e+01
-2.701411271095275879e+01 -2.594113502502441548e+01
-2.749075428644816199e+01 -2.387584686279296875e+01
-2.718616580963134766e+01 -2.689270439147949077e+01
-2.822333463033040246e+01 -2.614067077636718750e+01
-2.804535055160522461e+01 -2.644669799804687571e+01
-2.816228437423706055e+01 -2.731410751342773580e+01
-2.842723202705383301e+01 -2.758857803344726634e+01
-2.857409143447875977e+01 -2.756639137268066264e+01
-2.864790193239847937e+01 -2.698895492553710795e+01
-2.855617698033650598e+01 -2.709435157775878977e+01
-2.894560805956522742e+01 -2.778450431823730327e+01
-2.915913899739583215e+01 -2.779002685546874929e+01
-2.880171259244282922e+01 -2.768105773925781321e+01
-2.868418828646342078e+01 -2.781493911743164205e+01
-2.902876003583272180e+01 -2.788569412231445455e+01
-2.916634996732075891e+01 -2.697620620727538920e+01
-2.863590065638224402e+01 -2.727792091369628835e+01
-2.905328504244486609e+01 -2.784547386169433736e+01
-2.876601433753967285e+01 -2.756294975280761861e+01
-2.917971833546956262e+01 -2.793936882019043111e+01
-2.925950026512145996e+01 -2.801105766296386790e+01
-2.938137920697529992e+01 -2.739164276123046804e+01
-2.926383590698242188e+01 -2.795964393615722798e+01
-2.925841752688090125e+01 -2.666976432800293040e+01
-2.936245838801066199e+01 -2.809664230346679759e+01
-2.937460168202717981e+01 -2.822957916259765554e+01
-2.948410860697428504e+01 -2.759236030578613352e+01
-2.944276054700215539e+01 -2.835498275756835795e+01
-2.962870081265767297e+01 -2.792969093322754048e+01
-2.964810625712076941e+01 -2.785347366333007812e+01
-2.957233603795369348e+01 -2.809264373779296875e+01
-2.940763131777445594e+01 -2.795477943420410227e+01
-2.964526232083638391e+01 -2.807308387756347656e+01
-2.957553497950236121e+01 -2.799151535034179616e+01
-2.939407046635945520e+01 -2.802174491882324148e+01
-2.924399630228678504e+01 -2.770522308349609375e+01
-2.917975362141926965e+01 -2.810141601562499858e+01
-2.930595175425211707e+01 -2.794610748291015767e+01
-2.980142863591511926e+01 -2.762503662109374858e+01
-2.976541558901469031e+01 -2.800100326538085938e+01
-2.948923373222351074e+01 -2.764538955688476562e+01
-2.981389609972636023e+01 -2.783348464965820312e+01
-2.974594155947367469e+01 -2.794943237304687500e+01
-2.982199311256408691e+01 -2.775176277160644389e+01
-2.949788459142049035e+01 -2.846948013305664205e+01
-2.975412869453430176e+01 -2.793269424438476634e+01
-2.994071857134501258e+01 -2.803568840026855469e+01
-2.939809600512186805e+01 -2.654956169128417898e+01
-2.965834943453470984e+01 -2.799427299499511790e+01
-3.002512613932291785e+01 -2.802458915710449361e+01
-3.002412517865498742e+01 -2.730481758117675639e+01
-2.982797900835673133e+01 -2.736562614440918040e+01
-2.985847163200378418e+01 -2.766458511352539062e+01
-2.966442879041035852e+01 -2.684033317565917898e+01
-2.955334560076395789e+01 -2.812167358398437500e+01
-2.980237015088399133e+01 -2.783918457031250071e+01
-2.976611407597859582e+01 -2.843131790161132955e+01
-3.016696000099182129e+01 -2.837594337463378835e+01
-3.003799390792846680e+01 -2.759128646850586009e+01
-3.010677059491475305e+01 -2.749798011779785156e+01
-2.985375475883483887e+01 -2.787927513122558665e+01
-3.010429080327351770e+01 -2.810721855163574290e+01
-2.984054327011108398e+01 -2.707852706909179830e+01
-3.023578405380249023e+01 -2.817252960205077983e+01
-3.022938489913940430e+01 -2.709948844909667898e+01
-2.964024305343627930e+01 -2.786480598449707102e+01
-3.028175989786783973e+01 -2.799014091491699219e+01
-3.007493583361307898e+01 -2.795584411621093679e+01
-2.951546247800191125e+01 -2.801756858825683594e+01
-3.011278772354125977e+01 -2.773615379333496023e+01
-3.026886645952860633e+01 -2.804373741149902344e+01
-3.030151279767354211e+01 -2.773100318908691264e+01
-2.986591378847758094e+01 -2.632929840087890483e+01
-2.950223644574483117e+01 -2.759277076721191335e+01
-3.047184173266093055e+01 -2.798119354248046875e+01
-3.031175065040588379e+01 -2.702571334838867045e+01
-2.984975155194600305e+01 -2.799479598999023366e+01
-3.033369429906209191e+01 -2.812369804382324290e+01
-2.997763021787007531e+01 -2.753307266235351491e+01
-3.019894353548685828e+01 -2.814629859924316335e+01
-3.041898663838704309e+01 -2.774945526123046946e+01
-3.038191668192545691e+01 -2.794444236755371236e+01
-3.033368690808613977e+01 -2.782479553222656321e+01
-3.004547333717346191e+01 -2.793132286071777415e+01
-3.010443886121113977e+01 -2.769918975830078267e+01
-3.007083249092102051e+01 -2.770820007324218892e+01
-3.028185081481933594e+01 -2.783003730773925710e+01
-3.009670042991638184e+01 -2.714010925292968679e+01
-3.019715499877929688e+01 -2.788873291015625000e+01
-3.042687384287516394e+01 -2.800539932250976705e+01
-3.005426828066508094e+01 -2.690364990234375142e+01
-3.009595259030659875e+01 -2.787952003479004048e+01
-3.033770291010538855e+01 -2.828322219848632812e+01
-3.059399517377217492e+01 -2.787131156921386577e+01
-3.016008893648783484e+01 -2.791106948852539205e+01
-3.058238013585408410e+01 -2.809301223754882670e+01
-3.073760875066121301e+01 -2.801199989318847727e+01
-3.061384479204813758e+01 -2.797222557067870952e+01
-3.065919184684753418e+01 -2.754863281249999929e+01
-3.077339283625284949e+01 -2.726918411254882812e+01
-3.067725284894307336e+01 -2.816276359558105469e+01
-3.088170941670735559e+01 -2.810154418945312571e+01
-3.065541656812031945e+01 -2.816881637573242259e+01
-3.037308724721272668e+01 -2.739296455383300710e+01
-3.080845133463541785e+01 -2.792421646118163991e+01
-3.086684974034627160e+01 -2.766922378540039062e+01
-3.030701311429341516e+01 -2.738320388793945170e+01
-3.040833624203999719e+01 -2.787909812927246023e+01
-3.045895067850748816e+01 -2.768677177429199077e+01
-3.092088675498962402e+01 -2.786071205139160156e+01
-3.098904569943745813e+01 -2.750343513488769531e+01
-3.093519783020019531e+01 -2.768193092346191264e+01
-3.047352830568949500e+01 -2.633833312988281250e+01
-3.093393882115681848e+01 -2.814524192810058523e+01
-3.112144811948140344e+01 -2.683641853332519389e+01
-3.031270726521809777e+01 -2.772415390014648295e+01
-3.071280304590861121e+01 -2.763315124511718679e+01
-3.090401665369669715e+01 -2.808219223022461009e+01
-3.104755266507466516e+01 -2.800694351196289134e+01
-3.107197928428649902e+01 -2.771680946350097585e+01
-3.114177870750427246e+01 -2.758264389038085795e+01
-3.094124031066894531e+01 -2.768776359558105327e+01
-3.103612518310546875e+01 -2.750037155151367330e+01
-3.106690557797749719e+01 -2.767482261657714915e+01
-3.111002866427103797e+01 -2.789216880798339915e+01
-3.092093221346537391e+01 -2.812600173950195170e+01
-3.043602681159973145e+01 -2.654822845458984304e+01
-3.065572603543599328e+01 -2.760832099914550852e+01
-3.063195737202962121e+01 -2.715381011962890767e+01
-3.119386363029479980e+01 -2.771970977783202983e+01
-3.129809172948201379e+01 -2.765436439514160227e+01
-3.083884231249491492e+01 -2.806882934570312571e+01
-3.130550718307495117e+01 -2.798736076354980540e+01
-3.127784546216328820e+01 -2.796800270080566264e+01
-3.135712862014770508e+01 -2.770696296691894389e+01
-3.128947162628173828e+01 -2.637348289489746023e+01
-3.081309723854064941e+01 -2.717292709350585866e+01
-3.137130737304687500e+01 -2.731500701904296946e+01
-3.124315055211384973e+01 -2.774679183959960938e+01
-3.062754813830057898e+01 -2.762646255493164205e+01
-3.103194220860799035e+01 -2.788582305908203196e+01
-3.109713753064473352e+01 -2.678767242431640483e+01
-3.125758449236552039e+01 -2.766187782287597585e+01
-3.119199299812316895e+01 -2.790824012756347727e+01
-3.151817941665649414e+01 -2.779587554931640625e+01
-3.122910888989766320e+01 -2.745577125549316477e+01
-3.074782292048136512e+01 -2.741479530334472514e+01
-3.141880520184834680e+01 -2.772956275939941406e+01
-3.145198329289754113e+01 -2.738492813110351420e+01
-3.178563523292541504e+01 -2.744571800231933523e+01
-3.187161819140116492e+01 -2.742227210998535014e+01
-3.112130061785380164e+01 -2.751453514099121023e+01
-3.138996911048889160e+01 -2.629054679870605327e+01
-3.116955860455830774e+01 -2.756507453918457173e+01
-3.135674587885538855e+01 -2.752758674621582102e+01
-3.153421815236409387e+01 -2.704336814880371165e+01
-3.118504206339518348e+01 -2.750177993774413920e+01
-3.174473094940185547e+01 -2.760350456237792827e+01
-3.143578608830769738e+01 -2.751136741638183736e+01
-3.191179871559143066e+01 -2.711813049316406321e+01
-3.108423558870951453e+01 -2.708235931396484375e+01
-3.130937655766804895e+01 -2.771293907165527415e+01
-3.141078909238179406e+01 -2.667584266662597514e+01
-3.153947623570759973e+01 -2.693308639526367188e+01
-3.122505243619282922e+01 -2.712024993896484304e+01
-3.128503505388895789e+01 -2.703598670959472727e+01
-3.181131259600321570e+01 -2.755805168151855611e+01
-3.212503472963968676e+01 -2.738263626098632741e+01
-3.199832852681477746e+01 -2.704699249267578054e+01
-3.170655473073323449e+01 -2.606609001159667827e+01
-3.102927438418070594e+01 -2.721716690063476562e+01
-3.187685370445251465e+01 -2.748279685974121023e+01
-3.137429753939310828e+01 -2.730727005004882812e+01
-3.159024953842163086e+01 -2.770052146911621094e+01
-3.194940590858459473e+01 -2.732509307861328196e+01
-3.204196500778198242e+01 -2.736272544860839773e+01
-3.154009993871052941e+01 -2.700550460815429688e+01
-3.198611553510029992e+01 -2.741192588806152486e+01
-3.215338071187337476e+01 -2.765285072326660298e+01
-3.183987736701965332e+01 -2.707028388977050781e+01
-3.211271754900614184e+01 -2.709775085449218679e+01
-3.202791651089986402e+01 -2.724021682739257955e+01
-3.182654420534769812e+01 -2.746009864807128764e+01
-3.222972893714904785e+01 -2.779863891601562642e+01
-3.214022588729858398e+01 -2.618853034973144389e+01
-3.165674853324890137e+01 -2.732201881408691335e+01
-3.225653711954752367e+01 -2.725269546508788920e+01
-3.200619951883951586e+01 -2.755705986022949361e+01
-3.220231946309407789e+01 -2.745213928222656108e+01
-3.230026515324910719e+01 -2.746022300720214915e+01
-3.213753636678060133e+01 -2.709181365966797017e+01
-3.194123077392578125e+01 -2.695816535949706960e+01
-3.239464751879373949e+01 -2.653820304870605540e+01
-3.197109230359395227e+01 -2.707775039672851491e+01
-3.226449894905090332e+01 -2.725819702148437429e+01
-3.230098732312520582e+01 -2.734226074218749858e+01
-3.201644229888916016e+01 -2.662793807983398509e+01
-3.205140336354573805e+01 -2.740026931762695384e+01
-3.195254246393839637e+01 -2.716794700622558523e+01
-3.231415843963623047e+01 -2.729540786743164205e+01
-3.240362437566121656e+01 -2.699006729125976634e+01
-3.181200583775838098e+01 -2.695886535644531179e+01
-3.230504234631856519e+01 -2.686249084472656179e+01
-3.263761893908182543e+01 -2.739671249389648366e+01
-3.222936566670735914e+01 -2.705523643493652486e+01
-3.204663848876953125e+01 -2.697344055175781108e+01
-3.218561903635660570e+01 -2.746179695129394460e+01
-3.249561707178751391e+01 -2.712231178283691335e+01
-3.211352046330770094e+01 -2.765497207641601562e+01
-3.250300971666971606e+01 -2.706008529663085938e+01
-3.245111640294393140e+01 -2.698741989135742259e+01
-3.259611415863037109e+01 -2.716688117980957173e+01
-3.265668710072835523e+01 -2.701549148559570312e+01
-3.125593113899230957e+01 -2.684744758605956960e+01
-3.213652753829956055e+01 -2.734685211181640696e+01
-3.230328528086344164e+01 -2.682282485961913920e+01
-3.229333496093750000e+01 -2.655789413452148295e+01
-3.093898161252339563e+01 -2.722191505432128977e+01
-3.175488273302714148e+01 -2.729229202270507670e+01
-3.240381813049316406e+01 -2.720006141662597798e+01
-3.265739385286966723e+01 -2.680041427612304616e+01
-3.215089416503906250e+01 -2.683657035827636861e+01
-3.189528425534566125e+01 -2.716938171386718892e+01
-3.270483231544494629e+01 -2.697883453369140483e+01
-3.238993096351623535e+01 -2.739350662231445455e+01
-3.272239462534586352e+01 -2.705947189331054759e+01
-3.264376044273376465e+01 -2.718595581054687571e+01
-3.268752257029215258e+01 -2.683425216674804759e+01
-3.235897493362426758e+01 -2.754334449768066406e+01
-3.239420135815938551e+01 -2.706160469055175710e+01
-3.249341090520223219e+01 -2.695712127685546733e+01
-3.251371192932128906e+01 -2.719045295715331889e+01
-3.206047232945760328e+01 -2.704248466491699077e+01
-3.246430540084838867e+01 -2.715435943603515767e+01
-3.274826725323995191e+01 -2.676700820922851420e+01
-3.312022995948791504e+01 -2.705480880737304616e+01
-3.278168630599975586e+01 -2.744280815124511719e+01
-3.266230368614196777e+01 -2.718419189453124929e+01
-3.223565840721130371e+01 -2.653901176452636790e+01
-3.174395616849263391e+01 -2.671249389648437500e+01
-3.226516008377075195e+01 -2.692137794494628977e+01
-3.280838362375894945e+01 -2.703540992736816406e+01
-3.294138431549072266e+01 -2.650361137390136790e+01
-3.234664312998453539e+01 -2.620402908325195312e+01
-3.256268731753031176e+01 -2.667894020080566264e+01
-3.293677997589111328e+01 -2.726450614929199290e+01
-3.295616674423217773e+01 -2.692526092529296733e+01
-3.263145867983499926e+01 -2.708487205505371165e+01
-3.260804772377014160e+01 -2.731742897033691264e+01
-3.282993618647257250e+01 -2.665465965270995952e+01
-3.257833345731099683e+01 -2.697054786682128835e+01
-3.258773756027221680e+01 -2.629045410156249929e+01
-3.300333627065023023e+01 -2.730266494750976491e+01
-3.265130027135213453e+01 -2.698876533508300923e+01
-3.281231824556986254e+01 -2.726098861694335795e+01
-3.302429946263631422e+01 -2.727758178710937642e+01
-3.278633729616800707e+01 -2.681129302978515483e+01
-3.309541289011637133e+01 -2.672388420104980611e+01
-3.302936991055806715e+01 -2.671063919067382741e+01
-3.304318737983703613e+01 -2.634249420166015554e+01
-3.302671114603678149e+01 -2.695192146301269531e+01
-3.304157479604085523e+01 -2.708843536376953054e+01
-3.312686204910278320e+01 -2.714811782836914134e+01
-3.311173375447591383e+01 -2.729803581237792898e+01
-3.260148342450460035e+01 -2.672191543579101491e+01
-3.265826098124185961e+01 -2.677843017578124929e+01
-3.296827467282613355e+01 -2.687939109802245952e+01
-3.266106629371643066e+01 -2.679778518676757670e+01
-3.276630822817484301e+01 -2.704556617736816548e+01
-3.287885904312133789e+01 -2.660140571594238423e+01
-3.309933288892110426e+01 -2.703237800598144602e+01
-3.327383899688720703e+01 -2.684860382080078267e+01
-3.333702611923217773e+01 -2.707725982666015696e+01
-3.336851835250854492e+01 -2.676178512573242330e+01
-3.310675605138143140e+01 -2.675689506530761719e+01
-3.341451454162597656e+01 -2.672378463745117116e+01
-3.324018581708272535e+01 -2.677473945617675710e+01
-3.296312785148620605e+01 -2.663357887268066548e+01
-3.338334878285726148e+01 -2.678534011840820384e+01
-3.304245781898498535e+01 -2.706618194580078196e+01
-3.318734677632649976e+01 -2.614652290344238139e+01
-3.319828017552693922e+01 -2.685735015869140696e+01
-3.353488683700561523e+01 -2.710023040771484304e+01
-3.273673144976297777e+01 -2.573798789978027202e+01
-3.286466336250305176e+01 -2.684938011169433736e+01
-3.329022407531738281e+01 -2.683224945068359446e+01
-3.355332008997599047e+01 -2.599709396362304759e+01
-3.321449740727742750e+01 -2.706835594177245952e+01
-3.311445442835489672e+01 -2.642927589416503764e+01
-3.329978823661804199e+01 -2.689516067504882812e+01
-3.359143050511678297e+01 -2.657762489318847798e+01
-3.351640510559082031e+01 -2.693452453613281250e+01
-3.343080727259317797e+01 -2.699549179077148509e+01
-3.335359827677408617e+01 -2.676949882507324219e+01
-3.350642426808675367e+01 -2.674830207824707173e+01
-3.359910678863525391e+01 -2.661290893554687642e+01
-3.284347907702127856e+01 -2.700561370849609233e+01
-3.313496112823486328e+01 -2.632755546569824290e+01
-3.352209774653116625e+01 -2.699728584289550781e+01
-3.331305535634358961e+01 -2.614114570617675781e+01
-3.266791431109110277e+01 -2.626777877807617045e+01
-3.350313631693521899e+01 -2.658329429626464702e+01
-3.376940981547037524e+01 -2.628671722412109446e+01
-3.354207420349121094e+01 -2.681526603698730327e+01
-3.342920049031575758e+01 -2.639363708496093608e+01
-3.371582873662313062e+01 -2.636972618103027344e+01
-3.365126403172811109e+01 -2.641298370361328196e+01
-3.305722117424011230e+01 -2.676449279785156321e+01
-3.282998808224996168e+01 -2.680504608154296875e+01
-3.280560572942098219e+01 -2.692023010253906179e+01
-3.349265654881795484e+01 -2.675847434997558594e+01
-3.334270167350769043e+01 -2.727006072998046804e+01
-3.370964368184407789e+01 -2.689383430480956960e+01
-3.370947472254434985e+01 -2.697755317687988352e+01
-3.354117949803670484e+01 -2.711990089416503835e+01
-3.397159036000569898e+01 -2.682540893554687500e+01
-3.352177445093790453e+01 -2.675274314880370952e+01
-3.337491639455159742e+01 -2.647726593017578267e+01
-3.375082254409790039e+01 -2.689474792480468679e+01
-3.354345051447550219e+01 -2.690079345703124858e+01
-3.384830093383789062e+01 -2.672503852844238281e+01
-3.402398729324340820e+01 -2.657587394714355611e+01
-3.375452931722005445e+01 -2.661454963684082031e+01
-3.340640552838643629e+01 -2.634445953369140625e+01
-3.353317419687906664e+01 -2.688449592590331960e+01
-3.353798103332519531e+01 -2.694148368835449148e+01
-3.387729803721109789e+01 -2.639733924865722514e+01
-3.332154814402262133e+01 -2.687124252319335938e+01
-3.340237236022949219e+01 -2.561348915100097656e+01
-3.249957919120788574e+01 -2.715058708190917969e+01
-3.368960253397623461e+01 -2.690270462036132670e+01
-3.368314886093139648e+01 -2.670141448974609233e+01
-3.344240792592366773e+01 -2.682011260986327983e+01
-3.366424004236856860e+01 -2.636535568237304616e+01
-3.423505878448486328e+01 -2.696891403198242188e+01
-3.438462638854980469e+01 -2.699585838317871023e+01
-3.409056313832601148e+01 -2.627632179260253764e+01
-3.383326896031697828e+01 -2.684878654479980398e+01
-3.362306197484334547e+01 -2.694023437499999929e+01
-3.241959857940673828e+01 -2.714898490905761719e+01
-3.384633318583170336e+01 -2.671381034851074077e+01
-3.458117787043253344e+01 -2.667588348388671804e+01
-3.395486466089884203e+01 -2.607054138183593750e+01
-3.270075098673502367e+01 -2.688859100341796804e+01
-3.395849895477294922e+01 -2.700443153381347727e+01
-3.436616468429565430e+01 -2.634991607666015767e+01
-3.340364034970601637e+01 -2.710779647827148509e+01
-3.278033812840779859e+01 -2.714550933837890767e+01
-3.336942776044210035e+01 -2.685296974182129048e+01
-3.397789859771728516e+01 -2.694883460998535085e+01
-3.407845147450765211e+01 -2.676227378845214844e+01
-3.366752306620279711e+01 -2.663111534118652202e+01
-3.418859497706095141e+01 -2.663255386352539134e+01
-3.443061844507852953e+01 -2.667481803894042969e+01
-3.433619832992553711e+01 -2.666491584777832102e+01
-3.405470848083496094e+01 -2.668062095642089915e+01
-3.362917184829711914e+01 -2.710229721069335795e+01
-3.408620802561441820e+01 -2.663920593261718750e+01
-3.399209610621134203e+01 -2.661951255798339844e+01
-3.365091403325399000e+01 -2.680537033081054688e+01
-3.390893904368082445e+01 -2.671925354003906250e+01
-3.341583069165547926e+01 -2.699553718566894389e+01
-3.397564411163330078e+01 -2.603792915344238423e+01
-3.379999876022338867e+01 -2.689922065734863210e+01
-3.401975806554158765e+01 -2.691130638122558594e+01
-3.407840108871459961e+01 -2.693591880798339844e+01
-3.411368052164713305e+01 -2.688021850585937500e+01
-3.445543607076009351e+01 -2.709217758178710866e+01
-3.464798196156819898e+01 -2.695666885375976562e+01
-3.439962228139241773e+01 -2.672107048034667898e+01
-3.429295333226522047e+01 -2.744490356445312429e+01
-3.379458061854044360e+01 -2.606271171569824219e+01
-3.421879291534423828e+01 -2.670892257690429616e+01
-3.424710114796956617e+01 -2.685999183654785227e+01
-3.410303068161010742e+01 -2.694643287658691477e+01
-3.437631940841674805e+01 -2.670027580261230327e+01
-3.392323025067647535e+01 -2.703877029418945455e+01
-3.409144576390584547e+01 -2.617790565490722798e+01
-3.337366382280985277e+01 -2.599000129699707173e+01
-3.287717262903849047e+01 -2.651104621887207102e+01
-3.401836490631103516e+01 -2.706404457092285298e+01
-3.394122886657714844e+01 -2.650299606323242330e+01
-3.413033390045166016e+01 -2.559562950134277415e+01
-3.444593858718872070e+01 -2.690537643432617188e+01
-3.436807807286580640e+01 -2.617630767822265625e+01
-3.450790389378865797e+01 -2.668065490722656108e+01
-3.492450745900472242e+01 -2.661761283874511719e+01
-3.463525851567586500e+01 -2.692970809936523580e+01
-3.462615680694580078e+01 -2.666820030212402415e+01
-3.410489781697591383e+01 -2.682803802490234446e+01
-3.423552401860555250e+01 -2.703523559570312429e+01
-3.484244028727213305e+01 -2.648574905395507884e+01
-3.453727849324544508e+01 -2.628323936462402344e+01
-3.387067985534667969e+01 -2.695247497558593608e+01
-3.442425568898519117e+01 -2.696121139526367116e+01
-3.441313330332437914e+01 -2.606274566650390767e+01
-3.437243016560872633e+01 -2.703289947509765767e+01
-3.493370866775512695e+01 -2.667001113891601705e+01
-3.467423645655313891e+01 -2.699974555969238210e+01
-3.400407711664835375e+01 -2.678421936035156392e+01
-3.465807962417602539e+01 -2.692133674621582173e+01
-3.451276079813639086e+01 -2.703114585876464915e+01
-3.446469163894653320e+01 -2.663266754150390625e+01
-3.396728785832723219e+01 -2.700003204345703267e+01
-3.429389826456705492e+01 -2.677998428344726634e+01
-3.461960792541503906e+01 -2.702058639526367045e+01
-3.458674049377441406e+01 -2.649554748535156179e+01
-3.490548435846964281e+01 -2.683651390075683452e+01
-3.478540309270223219e+01 -2.673758544921874858e+01
-3.418291489283243578e+01 -2.676278915405273295e+01
-3.485916376113891602e+01 -2.689206619262695241e+01
-3.463624429702758789e+01 -2.649948921203613139e+01
-3.419811232884725172e+01 -2.602138023376464915e+01
-3.496165100733438891e+01 -2.649597015380859233e+01
-3.445650641123453539e+01 -2.653310928344726705e+01
-3.380611944198608398e+01 -2.704289703369140696e+01
-3.461040194829305250e+01 -2.642670364379882741e+01
-3.443244600296020508e+01 -2.644813766479492045e+01
-3.356304049491882324e+01 -2.684140892028808523e+01
-3.482627741495767992e+01 -2.691884689331054759e+01
-3.434666045506795484e+01 -2.632671432495117259e+01
-3.403646707534790039e+01 -2.699212455749511719e+01
-3.493538633982340258e+01 -2.623217582702636719e+01
-3.461076243718465406e+01 -2.684993591308593608e+01
-3.430213960011800367e+01 -2.683674392700195455e+01
-3.487859328587850172e+01 -2.702894783020019531e+01
-3.515109809239705640e+01 -2.645315666198730398e+01
-3.504314676920572680e+01 -2.622949562072754048e+01
-3.453439283370971680e+01 -2.686342430114746094e+01
-3.477997287114461500e+01 -2.689852066040038991e+01
-3.471866401036580640e+01 -2.705673294067382884e+01
-3.483940362930297852e+01 -2.709330101013183523e+01
-3.391608150800069410e+01 -2.704801902770996236e+01
-3.439388561248779297e+01 -2.680096664428710795e+01
-3.441159025828043383e+01 -2.678251991271972798e+01
-3.409732580184936523e+01 -2.683298339843749858e+01
-3.458561182022094727e+01 -2.644722023010253764e+01
-3.475540653864542406e+01 -2.652665863037109517e+01
-3.513860495885213453e+01 -2.674072799682617330e+01
-3.513941129048665601e+01 -2.729071502685546946e+01
-3.460889593760172289e+01 -2.595815010070800710e+01
-3.505921920140584547e+01 -2.685971527099609446e+01
-3.517701530456542969e+01 -2.699442024230956960e+01
-3.505105590820312500e+01 -2.697109298706054759e+01
-3.525293652216593188e+01 -2.678460578918457102e+01
-3.457529830932617188e+01 -2.613927955627441335e+01
-3.402015312512715894e+01 -2.688401184082031392e+01
-3.489027643203735352e+01 -2.688499145507812571e+01
-3.494719648361206055e+01 -2.548549499511718608e+01
-3.400455570220947266e+01 -2.687738075256347514e+01
-3.489829158782958984e+01 -2.692134971618652273e+01
-3.401748315493265551e+01 -2.689848785400390696e+01
-3.402445713678995531e+01 -2.596998939514160298e+01
-3.419091653823852539e+01 -2.684732055664062500e+01
-3.518994824091593188e+01 -2.644216690063476705e+01
-3.466984192530313891e+01 -2.687969322204589773e+01
-3.510752201080322266e+01 -2.682465972900390483e+01
-3.510673077901204664e+01 -2.715494232177734446e+01
-3.523084306716918945e+01 -2.679720802307128835e+01
-3.497574249903360766e+01 -2.691848754882812500e+01
-3.523114188512166578e+01 -2.674181404113769389e+01
-3.496778567632039625e+01 -2.705553207397461080e+01
-3.546623293558756274e+01 -2.694506111145019389e+01
-3.496279398600260180e+01 -2.648191795349121236e+01
-3.545789146423339844e+01 -2.691353607177734375e+01
-3.512194236119588453e+01 -2.720501899719238281e+01
-3.513673988978067797e+01 -2.685511131286621023e+01
-3.477480872472127515e+01 -2.694492073059081960e+01
-3.500144767761230469e+01 -2.607489967346191406e+01
-3.442265892028808594e+01 -2.702603645324706960e+01
-3.509877649943033617e+01 -2.706827392578124858e+01
-3.535708220799764234e+01 -2.666805686950683452e+01
-3.524399598439534742e+01 -2.664145622253418111e+01
-3.448254235585530836e+01 -2.692795104980468679e+01
-3.536987113952636719e+01 -2.676334533691406392e+01
-3.560412184397379320e+01 -2.690007057189941264e+01
-3.548722902933756274e+01 -2.705209617614746165e+01
-3.475062799453735352e+01 -2.686465759277343679e+01
-3.564383141199747485e+01 -2.688481101989746236e+01
-3.548257716496785719e+01 -2.646466331481933665e+01
-3.454320192337036133e+01 -2.645394783020019602e+01
-3.533387215932210523e+01 -2.702401466369628835e+01
-3.414370711644490797e+01 -2.679390869140625142e+01
-3.481091070175170898e+01 -2.688835601806640696e+01
-3.546429411570230883e+01 -2.697459449768066264e+01
-3.573475758234659594e+01 -2.648002243041992188e+01
-3.518436177571614820e+01 -2.680809402465820312e+01
-3.485669088363647461e+01 -2.668095626831054545e+01
-3.571315081914266187e+01 -2.696952056884765625e+01
-3.586987066268920898e+01 -2.690002784729004048e+01
-3.548573207855224609e+01 -2.698117103576660014e+01
-3.511196120580037672e+01 -2.719482803344726562e+01
-3.508787155151367188e+01 -2.608723411560058736e+01
-3.549756590525309008e+01 -2.677626419067382812e+01
-3.544434245427449781e+01 -2.675479393005371165e+01
-3.584823195139566820e+01 -2.667378501892089915e+01
-3.493248748779296875e+01 -2.627719726562499858e+01
-3.527568356196085375e+01 -2.689138946533203267e+01
-3.490589094161987305e+01 -2.657713661193847798e+01
-3.523334741592407227e+01 -2.666061286926269602e+01
-3.562680705388387281e+01 -2.666307258605957031e+01
-3.527758773167928297e+01 -2.680839500427246236e+01
-3.505364704132080078e+01 -2.693482818603515483e+01
-3.530456050237020094e+01 -2.677707710266113139e+01
-3.533413950602213305e+01 -2.675725975036620952e+01
-3.549764124552408617e+01 -2.710130691528320312e+01
-3.586781517664591235e+01 -2.672495841979980469e+01
-3.601096884409586352e+01 -2.620133399963378906e+01
-3.608831151326497633e+01 -2.598767356872558665e+01
-3.522728538513183594e+01 -2.688844223022460866e+01
-3.592461061477661133e+01 -2.655623855590820170e+01
-3.552657206853231031e+01 -2.656975555419921875e+01
-3.616192356745401781e+01 -2.685797615051269460e+01
-3.615872319539388258e+01 -2.663241081237793040e+01
-3.600441169738769531e+01 -2.676609230041503906e+01
-3.551511224110921461e+01 -2.707251091003417898e+01
-3.544923369089762133e+01 -2.685128440856933452e+01
-3.560404761632283765e+01 -2.650678634643554688e+01
-3.462385670344034594e+01 -2.715892677307128977e+01
-3.590014521280924242e+01 -2.699583129882812571e+01
-3.546903530756632250e+01 -2.675584640502929545e+01
-3.541437896092732984e+01 -2.580555267333984304e+01
-3.526285330454508227e+01 -2.702269401550292827e+01
-3.566466919581095141e+01 -2.691865997314453196e+01
-3.558854929606119555e+01 -2.700090827941894389e+01
-3.579381354649861890e+01 -2.672155914306640767e+01
-3.531526645024617750e+01 -2.673656539916992259e+01
-3.564018154144287109e+01 -2.701429138183593892e+01
-3.575694751739501953e+01 -2.633686408996582173e+01
-3.570394404729207594e+01 -2.605497245788574290e+01
-3.530643065770467359e+01 -2.648102874755859304e+01
-3.619180027643839281e+01 -2.625194244384765696e+01
-3.569462839762369555e+01 -2.685364799499511790e+01
-3.569663969675699633e+01 -2.698761825561523509e+01
-3.536729415257772047e+01 -2.676942176818847585e+01
-3.536505969365438062e+01 -2.619911346435547017e+01
-3.585490369796752930e+01 -2.684598884582519673e+01
-3.582803535461425781e+01 -2.661180419921874929e+01
-3.433111524581909180e+01 -2.613906364440918040e+01
-3.563303057352701586e+01 -2.627877845764160014e+01
-3.532049322128295898e+01 -2.628441505432128977e+01
-3.464312330881754320e+01 -2.673021659851074361e+01
-3.566057491302490234e+01 -2.661631317138671804e+01
-3.584818410873413086e+01 -2.643014793395996165e+01
-3.469878530502319336e+01 -2.656530227661132670e+01
-3.611276547114054125e+01 -2.689376869201660014e+01
