# Train Val
-6.247528965190305428e+00 -9.796856681505838438e+00
-9.999013189542091951e+00 -1.010598381360371967e+01
-1.013614340151770676e+01 -1.021064376831054688e+01
-1.020844263141438191e+01 -1.014114105701446533e+01
-1.019739332037456947e+01 -1.018044698238372803e+01
-1.027335716506182095e+01 -1.025482074419657330e+01
-1.027744250378366253e+01 -1.025117202599843402e+01
-1.028796538660081694e+01 -1.016709411144256592e+01
-1.027974220857781873e+01 -1.030565532048543353e+01
-1.031991896386873897e+01 -1.032983163992563824e+01
-1.035195504204701500e+01 -1.035276297728220563e+01
-1.044667774135783489e+01 -1.046424265702565570e+01
-1.056800072071916041e+01 -1.055549311637878418e+01
-1.085002561342918348e+01 -1.072393727302551270e+01
-1.140499481104188106e+01 -1.227113497257232666e+01
-1.269597818083682306e+01 -1.205404591560363770e+01
-1.350241648140600148e+01 -1.297415403525034527e+01
-1.436148349309371675e+01 -1.494287820657094379e+01
-1.525629894612199244e+01 -1.651676762104034424e+01
-1.557009865065752408e+01 -1.538550873597463031e+01
-1.583076940148563772e+01 -1.576430141925811768e+01
-1.675868549993482759e+01 -1.508317903677622418e+01
-1.622137859312154617e+01 -1.439256993929545025e+01
-1.693836967015670680e+01 -1.631012487411499023e+01
-1.696599253153396702e+01 -1.486130193869272809e+01
-1.708460773047754344e+01 -1.736359123388926307e+01
-1.764653290732432112e+01 -1.832530768712361535e+01
-1.768199282177424081e+01 -1.472558259963989258e+01
-1.788928960541547397e+01 -1.682318035761515418e+01
-1.786726637209876145e+01 -1.663565452893574914e+01
-1.793794115519119359e+01 -1.929814259211222449e+01
-1.848807119110883335e+01 -1.186645456155141254e+01
-1.826804600731801287e+01 -1.788737690448760986e+01
-1.813460055044141939e+01 -1.541341793537139893e+01
-1.882944420636710348e+01 -1.902596370379130164e+01
-1.899475593081975333e+01 -1.924575682481129846e+01
-1.857257987685122558e+01 -1.756307371457417688e+01
-1.887334605394783793e+01 -1.231556173165639301e+01
-1.800320201809123333e+01 -1.743397601445515832e+01
-1.859011244369765592e+01 -1.698635149002075195e+01
-1.909634034916506096e+01 -1.743124159177144250e+01
-1.902394793397289163e+01 -1.815225672721862793e+01
-1.869552864462642461e+01 -1.411919577916463275e+01
-1.780457599284285308e+01 -1.756041944026947021e+01
-1.954048295748435748e+01 -1.858624347050984582e+01
-1.923370761386418692e+01 -1.924810322125752649e+01
-1.891343181416139885e+01 -1.835884086290995398e+01
-1.957704802690926371e+01 -1.774233814080556115e+01
-1.926406608193607539e+01 -1.941734933853149414e+01
-1.838603198326240218e+01 -1.667789804935455322e+01
-1.959141707824448275e+01 -1.958906404177347937e+01
-1.970277519549353684e+01 -1.863835028807322303e+01
-1.965316807213476125e+01 -1.718977801005045691e+01
-1.903842607595152714e+01 -1.691740413506825647e+01
-1.913063969046382695e+01 -1.968149344126383582e+01
-1.924267587015184233e+01 -1.645334613323211670e+01
-1.920835975873268353e+01 -1.876190988222758094e+01
-2.003409273341550545e+01 -1.885238079229990760e+01
-1.908687484870522866e+01 -1.519780981540679932e+01
-1.950263853396399583e+01 -1.973422733942667762e+01
-1.991647513438079287e+01 -1.834775698184967041e+01
-1.920221888008764211e+01 -1.962344845136006555e+01
-2.000886165489584556e+01 -1.972093963623046875e+01
-1.982209322008035812e+01 -1.874159765243530273e+01
-1.995647033594422481e+01 -1.911005397637685022e+01
-1.987689450635748400e+01 -1.955908640225728234e+01
-2.040811923398809924e+01 -1.583624406655629535e+01
-1.981321776923486766e+01 -1.965868242581685266e+01
-2.035909057875811001e+01 -1.883293620745341101e+01
-2.019519924713393522e+01 -1.702413968245188514e+01
-1.966746737593311423e+01 -1.896850498517354211e+01
-2.019864630295058561e+01 -1.703925279776255408e+01
-2.017026417942370387e+01 -1.988824963569641113e+01
-2.020708283731492827e+01 -1.899772401650746545e+01
-2.030232689744335062e+01 -1.825782354672749719e+01
-1.977307128098051336e+01 -1.827394827206929406e+01
-2.062398898399482405e+01 -2.020834743976593018e+01
-2.021423419047210146e+01 -2.053102405865987024e+01
-2.088128888404975569e+01 -1.662081825733184814e+01
-1.982471269672199909e+01 -1.820100247859954834e+01
-2.068955596826844356e+01 -1.842215943336486816e+01
-2.032153019662630911e+01 -1.439810967445373535e+01
-2.041492046744136601e+01 -2.006066894531250000e+01
-2.043219298023288388e+01 -1.714094154040018836e+01
-2.018399451142650491e+01 -1.875542330741882324e+01
-1.934919541569079371e+01 -1.777558890978495398e+01
-2.022447909338999494e+01 -1.811972332000732422e+01
-2.067978760347527967e+01 -1.990646612644195557e+01
-2.056399135266320144e+01 -1.875373808542887488e+01
-2.035063095416052903e+01 -1.981273480256398400e+01
-2.073364178609039854e+01 -1.987993804613749305e+01
-2.065949294526698310e+01 -2.079119443893432617e+01
-2.116719173172772983e+01 -1.908900050322214881e+01
-2.075316724938861412e+01 -1.643270472685496131e+01
-2.086178690700207738e+01 -1.954413878917694092e+01
-2.024981931912697064e+01 -1.934515174229939660e+01
-2.074830029374462015e+01 -1.733409996827443322e+01
-2.089946856741177683e+01 -1.840273888905842981e+01
-2.070801030175160662e+01 -1.999637492497761926e+01
-2.070913786807302870e+01 -1.877338941891988000e+01
-2.062789170216705870e+01 -1.946735882759094238e+01
-2.122570456488657697e+01 -1.933745114008585730e+01
-2.088378391427508873e+01 -1.892869289716084680e+01
-2.103004861282089877e+01 -2.032503120104471961e+01
-2.015725363715220197e+01 -1.957111255327860633e+01
-2.108373853715799484e+01 -1.904822107156117639e+01
-2.064501734103186692e+01 -1.798743784427642822e+01
-2.117619664790266754e+01 -1.955363496144612512e+01
-2.119118077876204254e+01 -1.585054179032643695e+01
-2.020198421963190683e+01 -2.037587157885233680e+01
-2.108241624347234122e+01 -2.064425396919250488e+01
-2.120780327360508721e+01 -2.069945569833119592e+01
-2.110136164649058088e+01 -1.999550489584605018e+01
-2.084047860614323966e+01 -2.011159404118855676e+01
-2.102088856292983365e+01 -1.838649292786915979e+01
-2.097803758362592319e+01 -1.908089554309844971e+01
-2.134269958431437786e+01 -1.774722790718078613e+01
-2.094179770097894178e+01 -1.849206749598185340e+01
-2.137862763162386770e+01 -1.899861701329549035e+01
-2.170588498196359240e+01 -1.944909389813740930e+01
-2.118103077452061456e+01 -1.912438333034515381e+01
-2.135978988065557971e+01 -1.909528954823811731e+01
-2.152442110999155744e+01 -1.686129228274027625e+01
-2.092005113827980267e+01 -1.928904215494791785e+01
-2.084414865202822753e+01 -2.081825725237528601e+01
-2.143237281249741244e+01 -2.019973293940226355e+01
-2.117455553604384733e+01 -1.883389413356781006e+01
-2.099144380375490471e+01 -1.982605099678039551e+01
-2.105971289489228937e+01 -2.050523610909779748e+01
-2.071230658838304350e+01 -1.981123860677083215e+01
-2.146822777440992525e+01 -1.849361654122670373e+01
-2.145028090072890592e+01 -1.875696818033854285e+01
-2.129632712218721124e+01 -1.629312733809153357e+01
-2.138526411379798020e+01 -1.903965226809183875e+01
-2.158417813252594541e+01 -1.828610932826995850e+01
-2.170766964605299165e+01 -2.024497302373250207e+01
-2.124700951172133756e+01 -1.645384395122528076e+01
-2.112495069180504714e+01 -1.903067660331726074e+01
-2.150465996790740419e+01 -1.981990357240040979e+01
-2.118292853791835029e+01 -2.013504330317179480e+01
-2.184513538166628166e+01 -1.787061007817586145e+01
-2.184812138444286234e+01 -1.953543893496195594e+01
-2.139912385455632560e+01 -1.986895736058552941e+01
-2.144744811623783320e+01 -1.508482603232065777e+01
-2.169102684926178526e+01 -2.037532079219818115e+01
-2.162698949393579539e+01 -1.941386572519938269e+01
-2.180989942712298912e+01 -1.973972896734873572e+01
-2.151970150511143487e+01 -2.017444006601969519e+01
-2.162422668327719322e+01 -1.911986263593037805e+01
-2.174278377274335483e+01 -1.874804115295410156e+01
-2.156241445218102371e+01 -1.982724614938100061e+01
-2.146399779238943495e+01 -1.971179378032684326e+01
-2.212646466594631534e+01 -1.983450337251027307e+01
-2.188312771360752862e+01 -1.486775283018747906e+01
-2.137786207360736412e+01 -1.912269306182861328e+01
-2.172229927677219052e+01 -2.024272100130717078e+01
-2.184272116321628232e+01 -2.013101188341776648e+01
-2.184568688020867810e+01 -1.846764596303303918e+01
-2.141578355886168339e+01 -2.053648873170216760e+01
-2.196073034254171219e+01 -2.045884315172831336e+01
-2.164522696349580499e+01 -1.951397935549418250e+01
-2.199385468434479307e+01 -1.980968721707661828e+01
-2.140716720839678189e+01 -1.835111435254414758e+01
-2.201614539906130119e+01 -1.976651481787363807e+01
-2.174575230226678357e+01 -1.983974440892537316e+01
-2.183768097829010557e+01 -1.760329544544219971e+01
-2.163421672885700886e+01 -1.924271154403686523e+01
-2.217798918384616513e+01 -1.619468617439270020e+01
-2.153298324649616902e+01 -1.925066550572713098e+01
-2.252665739544367440e+01 -2.003912202517191687e+01
-2.220747700384107759e+01 -2.009597007433573523e+01
-2.184774395570916639e+01 -1.789733556906382361e+01
-2.247496488538839188e+01 -1.851008562246958533e+01
-2.233310836856648152e+01 -1.901778252919514856e+01
-2.181468399500442601e+01 -1.721106060345967492e+01
-2.196037116293179636e+01 -1.838374857107798377e+01
-2.261731524386648573e+01 -1.961819485823313514e+01
-2.239801416558734459e+01 -2.045039701461791992e+01
-2.246323338201490571e+01 -1.991641819477081299e+01
-2.260952000698800646e+01 -1.741895504792531213e+01
-2.224509594804149515e+01 -1.893644233544667443e+01
-2.141248246370735941e+01 -1.973953815301259240e+01
-2.247050304736121262e+01 -1.985701970259348670e+01
-2.198450494216660189e+01 -1.966475935777028283e+01
-2.234025591510837216e+01 -1.875150465965270996e+01
-2.197700306520623670e+01 -1.853259078661600867e+01
-2.236650020793332772e+01 -1.932804958025614539e+01
-2.233749560986534988e+01 -1.931936323642730713e+01
-2.222621033555370218e+01 -2.006045230229695520e+01
-2.171497087963556893e+01 -1.684830502669016639e+01
-2.265869455822443612e+01 -1.975242710113525391e+01
-2.264044900667869342e+01 -1.868265517552693566e+01
-2.260743805513543592e+01 -1.954936218261718750e+01
-2.238735333135572603e+01 -1.984602856636047363e+01
-2.243612328222242525e+01 -1.938388756910959998e+01
-2.256564151634604087e+01 -1.702853961785634240e+01
-2.194040267750368400e+01 -1.918585268656412879e+01
-2.289780670101359661e+01 -1.871174498399098596e+01
-2.246719499361716998e+01 -1.929374957084655762e+01
-2.256203408968650592e+01 -1.949026715755462646e+01
-2.178814008680440750e+01 -1.905277792612711707e+01
-2.292992001872951846e+01 -1.871798308690388879e+01
-2.235991342188948394e+01 -1.982685057322184363e+01
-2.264303716562562130e+01 -1.970219854513804236e+01
-2.224102682986502089e+01 -2.009656731287638465e+01
-2.280666409508656756e+01 -1.872019338607788086e+01
-2.272836691646252660e+01 -1.875506142775217810e+01
-2.273760527271335263e+01 -1.782619778315226355e+01
-2.222597723492121347e+01 -2.028439319133758545e+01
-2.306896124047748131e+01 -1.947334591547648230e+01
-2.265445908045364476e+01 -1.880720853805541992e+01
-2.310337979914778472e+01 -2.000952164332072059e+01
-2.285762712510965500e+01 -2.030585495630900184e+01
-2.288342262526689908e+01 -1.960180497169494629e+01
-2.274339978169586729e+01 -2.001636600494384766e+01
-2.287164330886582064e+01 -2.020403560002644738e+01
-2.198204806699591174e+01 -1.899694792429606238e+01
-2.323096748933953748e+01 -1.944395458698272705e+01
-2.226264539815611698e+01 -1.980544829368591309e+01
-2.248349802372819184e+01 -2.058039466540018836e+01
-2.253988155268006466e+01 -1.955664519468943396e+01
-2.260206165152080970e+01 -1.953978431224822998e+01
-2.289334798263291049e+01 -1.928369275728861609e+01
-2.305601503081240722e+01 -1.838761230309804162e+01
-2.297507048461396906e+01 -2.004428728421529016e+01
-2.267850277787547952e+01 -1.899648284912109375e+01
-2.244617227780616986e+01 -1.981494653224945068e+01
-2.359882962501655257e+01 -1.895198273658752441e+01
-2.240512343584481059e+01 -1.891725424925486365e+01
-2.280187091180833647e+01 -1.983378620942433557e+01
-2.314651945081807938e+01 -1.700809796651204309e+01
-2.308775845220533540e+01 -1.829066026210784912e+01
-2.264447042497537765e+01 -1.917450229326884070e+01
-2.301483977043022477e+01 -2.006411143143971643e+01
-2.209519394373489476e+01 -1.887345004081726074e+01
-2.332626798597432938e+01 -1.941449062029520789e+01
-2.270975770788677650e+01 -2.014938894907633582e+01
-2.276308109800694268e+01 -2.025925672054290771e+01
-2.334119454076734712e+01 -1.855088285605112830e+01
-2.349033371068663456e+01 -1.940252602100372314e+01
-2.296017536874544973e+01 -1.914431643486022949e+01
-2.330517922417592303e+01 -1.818902246157328406e+01
-2.327695070686986867e+01 -1.666308279832204065e+01
-2.300016225394556102e+01 -1.895122222105662146e+01
-2.325787351899228028e+01 -1.941099588076273719e+01
-2.330175710128525424e+01 -2.024865893522898475e+01
-2.347497952994653758e+01 -1.969727555910746375e+01
-2.259519785541598935e+01 -1.946376474698384484e+01
-2.312410572827872457e+01 -1.892072550455729285e+01
-2.282531646146612658e+01 -1.793176945050557336e+01
-2.377354143433651856e+01 -1.992361569404602051e+01
-2.282612920211533236e+01 -1.815111223856608191e+01
-2.249048821400787901e+01 -1.899779736995697021e+01
-2.243363459635589052e+01 -1.667438352108001709e+01
-2.321762576345669871e+01 -2.000359948476155481e+01
-2.287466443595239696e+01 -1.819648802280426025e+01
-2.311082663778531199e+01 -1.978347436587015906e+01
-2.254875379497721966e+01 -1.973130647341410437e+01
-2.292491093328443696e+01 -1.837725937366485596e+01
-2.335892898753537850e+01 -1.868006892999013147e+01
-2.215173393184855755e+01 -1.849250324567158899e+01
-2.342853222863148943e+01 -1.675466128190358361e+01
-2.364762639191190985e+01 -1.835574436187744141e+01
-2.302441047409833530e+01 -1.896463354428609094e+01
-2.364659065311237995e+01 -1.918763907750447473e+01
-2.336041094084917447e+01 -1.917521802584330359e+01
-2.354692659539691491e+01 -1.964431647459666053e+01
-2.415337063094316861e+01 -1.939269288380940637e+01
-2.376881667314949809e+01 -1.947020371754964074e+01
-2.379970287064374546e+01 -1.861363307634989539e+01
-2.356410055645441659e+01 -1.898618312676747522e+01
-2.331922482636015204e+01 -1.893471789360046387e+01
-2.382400855371507475e+01 -1.814667745431264123e+01
-2.319903312295170039e+01 -1.988957786560058594e+01
-2.296338360188370942e+01 -1.924760270118713379e+01
-2.426562771554720754e+01 -1.872281559308369836e+01
-2.370002166295455837e+01 -1.933329864343007287e+01
-2.369808470192602101e+01 -1.921281703313191613e+01
-2.323783108339471326e+01 -1.753994218508402625e+01
-2.341819139254295123e+01 -1.806214074293772498e+01
-2.297700959545070987e+01 -1.845378021399180213e+01
-2.380273595906920292e+01 -1.881716108322143555e+01
-2.373348635334079404e+01 -1.726860308647155762e+01
-2.370066875522419636e+01 -1.762957390149434289e+01
-2.368247098437810294e+01 -1.752034044265747070e+01
-2.297251082274873468e+01 -1.932384300231933594e+01
-2.325676997233245302e+01 -1.790671698252360144e+01
-2.322186967882059250e+01 -1.981660632292429725e+01
-2.342174184120307601e+01 -1.881141591072082520e+01
-2.337931890002751700e+01 -1.968005998929341516e+01
-2.376761074389441575e+01 -1.992728535334269324e+01
-2.322863866515078612e+01 -2.036982603867848596e+01
-2.392771572177693074e+01 -1.943697055180867395e+01
-2.372849150835457621e+01 -1.730493994553883752e+01
-2.356455794835494899e+01 -1.956122795740763465e+01
-2.389624351566120808e+01 -1.862337835629780969e+01
-2.348752726538706526e+01 -1.811283310254414758e+01
-2.350028429193011803e+01 -1.860509435335795203e+01
-2.362927330146401772e+01 -1.852271676063537598e+01
-2.323979539386296622e+01 -1.718651298681895057e+01
-2.323445258706302852e+01 -2.015664998690287391e+01
-2.345346728825973415e+01 -1.890425658226013184e+01
-2.419966518272787681e+01 -1.798072973887125769e+01
-2.367784495272879042e+01 -1.844097014268239221e+01
-2.362562344437938577e+01 -1.686549393335978309e+01
-2.287029206550727523e+01 -2.009339992205302039e+01
-2.407564814616057802e+01 -1.924129899342854699e+01
-2.359107292304604897e+01 -1.942575828234354773e+01
-2.394752803091275339e+01 -1.871117432912190637e+01
-2.436681884830280964e+01 -1.798415752251942834e+01
-2.338202798164497054e+01 -1.805515940984090051e+01
-2.347909358396368518e+01 -1.905241564909617225e+01
-2.385395722470040880e+01 -1.902811563014984131e+01
-2.330758131964731916e+01 -1.711737974484761438e+01
-2.369208196866310345e+01 -1.963522791862487793e+01
-2.387964544457904381e+01 -1.983988328774769982e+01
-2.281704417729782008e+01 -1.762303769588470459e+01
-2.341368775448556505e+01 -2.022658391793568811e+01
-2.489242018683481916e+01 -1.978561878204345703e+01
-2.388303596690549568e+01 -1.757985961437225342e+01
-2.373599042730816322e+01 -1.917109445730845252e+01
-2.452311441453836593e+01 -1.952043302853902063e+01
-2.347484034198825498e+01 -1.934384131431579590e+01
-2.417449008812338462e+01 -1.960256958007812500e+01
-2.271351107904466460e+01 -1.866870307922363281e+01
-2.381505112728829943e+01 -1.968041082223256311e+01
-2.440261995994438493e+01 -1.858961145083109656e+01
-2.431056825993424653e+01 -1.726943294207255164e+01
-2.448552598791607338e+01 -1.802046084403991699e+01
-2.381423754611257948e+01 -1.820343311627705774e+01
-2.372017878192966123e+01 -1.950739542643229285e+01
-2.347360770985231682e+01 -1.921437565485636512e+01
-2.400913437342239476e+01 -1.837079183260599891e+01
-2.381738473601260253e+01 -1.902352134386698523e+01
-2.387219290005958783e+01 -1.935731407006581506e+01
-2.438166940010200179e+01 -1.980752245585123816e+01
-2.419731301776433341e+01 -1.910115051269531250e+01
-2.411576254893157412e+01 -1.841957668463389197e+01
-2.415390430062504024e+01 -1.881138249238331994e+01
-2.436809100134897932e+01 -1.677479712168375769e+01
-2.300150832483323882e+01 -1.885229722658793250e+01
-2.427032910363148943e+01 -1.938312574227650842e+01
-2.318764300265554823e+01 -1.939177135626475135e+01
-2.486833604715638302e+01 -1.930195736885070801e+01
-2.452037475068690497e+01 -1.928926293055216590e+01
-2.425805416753736665e+01 -1.776887468496958533e+01
-2.364537555888547615e+01 -1.828605357805887976e+01
-2.456890355126332537e+01 -1.807647550106048584e+01
-2.364209419185832317e+01 -1.831049911181132117e+01
-2.438952337685277882e+01 -1.763764786720275879e+01
-2.353967357894121548e+01 -1.964327331384022912e+01
-2.443794859870005354e+01 -1.966746520996093750e+01
-2.397157035439701289e+01 -1.857568645477294922e+01
-2.401544074688927566e+01 -1.925776827335357666e+01
-2.455231538869566776e+01 -1.956184045473734656e+01
-2.438523350731801287e+01 -1.934131077925364295e+01
-2.479306204844329287e+01 -1.957430521647135535e+01
-2.428950663744393168e+01 -1.782802116870880127e+01
-2.381154984942937247e+01 -1.953143123785654822e+01
-2.453195701211185664e+01 -1.578747427463531494e+01
-2.439298652390302280e+01 -1.724224217732747277e+01
-2.246158442254793997e+01 -1.911700304349263391e+01
-2.434752436815682231e+01 -1.958933182557423791e+01
-2.478049865011441355e+01 -1.883855899175008020e+01
-2.381620875859664821e+01 -1.934289022286732873e+01
-2.432484351982504478e+01 -1.927475821971893311e+01
-2.407242655349990201e+01 -1.910397509733835975e+01
-2.382443474915067938e+01 -1.955464649200439453e+01
-2.310348187462758318e+01 -1.898349972565968713e+01
-2.470204282211044955e+01 -1.757848552862803260e+01
-2.477158483408265255e+01 -1.842156712214152137e+01
-2.357407619993565362e+01 -1.907745281855265418e+01
-2.422702474109197013e+01 -1.866845826307932654e+01
-2.396614722882286941e+01 -1.841561154524485389e+01
-2.420283317565917969e+01 -1.843482375144958496e+01
-2.515750503540039062e+01 -1.804176727930704871e+01
-2.439597850734904583e+01 -1.894048070907592773e+01
-2.452573246066853230e+01 -1.856980450948079309e+01
-2.428584722745216595e+01 -1.848722434043884277e+01
-2.371930793988502728e+01 -1.840747197469075402e+01
-2.437632489608505892e+01 -1.846103330453236779e+01
-2.383696386369608078e+01 -1.947833069165547570e+01
-2.384788175356590045e+01 -2.005084586143493652e+01
-2.536006706043825432e+01 -1.950155838330586633e+01
-2.443943665391307718e+01 -1.884903709093729773e+01
-2.455884432388564420e+01 -1.906380939483642578e+01
-2.488309855380300917e+01 -1.906615984439849854e+01
-2.469682847039174334e+01 -1.950530147552490234e+01
-2.494929602994757190e+01 -1.900920446713765344e+01
-2.489035923198117928e+01 -1.846437585353851318e+01
-2.496343971511064908e+01 -1.879594949881235877e+01
-2.455516218734999967e+01 -1.797851439317067346e+01
-2.396478828333192013e+01 -1.795180674393971643e+01
-2.498578981625831830e+01 -1.739323119322459021e+01
-2.436206937240341830e+01 -1.885774429639180383e+01
-2.443240681341139009e+01 -1.942208981513977051e+01
-2.528025638451010337e+01 -1.933011444409688195e+01
-2.521179664741128335e+01 -1.943583460648854455e+01
-2.509027080212609206e+01 -1.914613533020019531e+01
-2.399154081182964759e+01 -1.911137314637501916e+01
-2.505748853845111412e+01 -1.726661757628123084e+01
-2.468907377275369797e+01 -1.811988262335459510e+01
-2.476768217248431725e+01 -1.864543306827545166e+01
-2.475493945105601057e+01 -1.978527462482452393e+01
-2.524246776710122475e+01 -1.868240880966186523e+01
-2.481134115639379445e+01 -1.874675039450327674e+01
-2.492392185987052144e+01 -1.920156486829121789e+01
-2.477785291510113197e+01 -1.725122189521789551e+01
-2.504763237904694151e+01 -1.848525671164194861e+01
-2.425913377535545123e+01 -1.800076806545257568e+01
-2.457007008891994815e+01 -1.881307927767435828e+01
-2.373586921368615066e+01 -1.977278963724772254e+01
-2.569983943034026552e+01 -1.959177911281585693e+01
-2.512357632588532041e+01 -1.872333542505900184e+01
-2.403465028536521686e+01 -1.960829758644104004e+01
-2.532131814148466376e+01 -1.757217280069987098e+01
-2.503914774878550276e+01 -1.964601556460062781e+01
-2.494335332967467167e+01 -1.952568904558817664e+01
-2.430514319468352724e+01 -1.970547624429066857e+01
-2.492841765840174872e+01 -1.969350290298461914e+01
-2.435907654843087755e+01 -1.918891155719757080e+01
-2.448280358718613314e+01 -1.670351060231526574e+01
-2.502556493726827469e+01 -1.860929509003956994e+01
-2.375104120222188797e+01 -1.945120358467102051e+01
-2.416760189250364022e+01 -1.836430990695953369e+01
-2.497059896436788407e+01 -1.901645064353942871e+01
-2.517783640198788575e+01 -1.942914787928263465e+01
-2.484842681884765625e+01 -1.936425570646921912e+01
-2.489876819869219204e+01 -1.890746990839640418e+01
-2.547934250912423693e+01 -1.885549517472584924e+01
-2.533378491159212942e+01 -1.812724157174428186e+01
-2.473226781618797077e+01 -1.984481938680012902e+01
-2.459094981823937331e+01 -2.044097057978312293e+01
-2.467337563078282159e+01 -1.846748212973276893e+01
-2.423814227217334860e+01 -1.672168640295664588e+01
-2.480033032368805479e+01 -1.842033036549885949e+01
-2.566289164656299704e+01 -1.769785670439402381e+01
-2.503086392354157041e+01 -1.804894630114237586e+01
-2.432425219325696020e+01 -1.563057351112365723e+01
-2.542097263012902175e+01 -1.801205611228942871e+01
-2.473333572129071811e+01 -1.775844498475392541e+01
-2.526659929954399431e+01 -1.722541928291320801e+01
-2.466042909783832116e+01 -1.967285903294881066e+01
-2.526933901188737153e+01 -1.921552848815917969e+01
-2.488846702898963059e+01 -1.761590679486592492e+01
-2.428149473869194352e+01 -2.005128526687622070e+01
-2.499722362776934048e+01 -1.892304297288258752e+01
-2.493838610891568308e+01 -1.926971201101939002e+01
-2.550531022023346495e+01 -1.600915769735972205e+01
-2.513945770263671875e+01 -1.835299527645111084e+01
-2.545130391848289264e+01 -1.841067767143249512e+01
-2.520408303858870269e+01 -1.879727347691853723e+01
-2.541235126883296758e+01 -1.819515101114908973e+01
-2.482978313252077385e+01 -1.925861036777496338e+01
-2.526748196553375791e+01 -1.952037012577056885e+01
-2.524770665572861361e+01 -1.922386467456817627e+01
-2.525252633175607286e+01 -1.918633441130320350e+01
-2.470402764465849188e+01 -1.919917786121368408e+01
-2.602249559305482052e+01 -1.872416981061299524e+01
-2.508364965147891112e+01 -1.831370468934376916e+01
-2.512145899109921388e+01 -1.928318238258361816e+01
-2.544930032956398236e+01 -1.902170725663502893e+01
-2.528727817535400391e+01 -1.853382603327433387e+01
-2.514372306759074505e+01 -1.877005187670389930e+01
-2.517437445107152882e+01 -1.817886451880137244e+01
-2.413641347723492103e+01 -1.863414029280344764e+01
-2.514478777222714356e+01 -1.890906461079915246e+01
-2.519498529272564369e+01 -1.994968374570210656e+01
-2.538877677917480469e+01 -1.774608953793843469e+01
-2.534723361063811709e+01 -1.791049297650654992e+01
-2.507163443807828074e+01 -1.831331157684326172e+01
-2.486772936481540341e+01 -1.951607390244801721e+01
-2.496931101912159079e+01 -1.898852451642354211e+01
-2.480419574349613399e+01 -1.753637552261352539e+01
-2.469055996911000506e+01 -1.827460074424743652e+01
-2.428060090339790023e+01 -1.776438514391581336e+01
-2.534241000676559352e+01 -1.869428853193918982e+01
-2.520232255580061675e+01 -1.889075990517934045e+01
-2.529836284508139244e+01 -2.009200453758239746e+01
-2.542284103975457654e+01 -1.884701204299926758e+01
-2.448261081566244712e+01 -1.878063952922821045e+01
-2.572786124277923037e+01 -1.811769406000773230e+01
-2.537090888265835886e+01 -1.788068155447642127e+01
-2.598179041329076711e+01 -1.873853635787963867e+01
-2.449590956154516164e+01 -1.774783742427825928e+01
-2.489556512994281334e+01 -1.829866131146748742e+01
-2.456692876654156166e+01 -1.974193354447682580e+01
-2.535860321885448343e+01 -1.720705735683441162e+01
-2.490406125278796168e+01 -1.851247533162434777e+01
-2.438974218853449472e+01 -1.762911558151245117e+01
-2.542199871903758890e+01 -1.815884359677632531e+01
-2.552756715224960971e+01 -1.993126495679219445e+01
-2.503640273465948596e+01 -1.973012542724609375e+01
-2.523383638414285812e+01 -1.909590816497802734e+01
-2.581797367031291301e+01 -1.885651258627573768e+01
-2.541027865975589961e+01 -1.939850183327992639e+01
-2.520122017294673711e+01 -1.921191736062367639e+01
-2.569253779265840265e+01 -1.893555514017741004e+01
-2.569558243832345568e+01 -1.871514666080474854e+01
-2.544962409391241565e+01 -1.766160094738006592e+01
-2.543846248368085483e+01 -1.870479063193003455e+01
-2.491807291063211593e+01 -1.866597469647725305e+01
-2.500576960030248586e+01 -1.966656978925069055e+01
-2.529367160797119141e+01 -1.803461984793345252e+01
-2.430430292679091764e+01 -1.665797921021779260e+01
-2.436666204161562987e+01 -1.697322821617126465e+01
-2.480344146793171589e+01 -1.905743165810902795e+01
-2.600634271007473330e+01 -1.904685962200164795e+01
-2.555820583084882358e+01 -1.923181462287902832e+01
-2.508392225685766164e+01 -1.911017759641011438e+01
-2.605898794077210567e+01 -1.923961420853932580e+01
-2.524020739733162699e+01 -1.829080748558044434e+01
-2.459126038470510878e+01 -1.896689514319102088e+01
-2.491281283103813493e+01 -1.976883975664774695e+01
-2.565921996811688999e+01 -1.785556264718373498e+01
-2.512944326562396569e+01 -1.917780327796936035e+01
-2.512462661225917060e+01 -1.865356020132700721e+01
-2.620829784263998619e+01 -1.907288940747578820e+01
-2.487128705493474357e+01 -1.847044428189595422e+01
-2.580783317048670966e+01 -1.889548933506011963e+01
-2.610534815060890423e+01 -1.881885290145874023e+01
-2.566160161616438629e+01 -1.853851767381032190e+01
-2.544489319041623787e+01 -1.914494661490122596e+01
-2.590468067233845417e+01 -1.906527773539225379e+01
-2.619045934838763756e+01 -1.941982988516489783e+01
-2.546384311934648892e+01 -1.825041580200195312e+01
-2.547094584319551203e+01 -1.837667449315388879e+01
-2.599284883272849811e+01 -1.884850859642028809e+01
-2.606327960450770576e+01 -1.891459465026855469e+01
-2.518185848300739949e+01 -1.735581982135772705e+01
-2.433070937657760524e+01 -1.891413863499959191e+01
-2.577425475039724745e+01 -1.803506414095560828e+01
-2.579143768245890911e+01 -1.665511707464854041e+01
-2.530400411961442231e+01 -1.816226390997568885e+01
-2.559824374570684924e+01 -1.886740465958913049e+01
-2.551470990908347858e+01 -1.934066915512084961e+01
-2.538527032884500656e+01 -1.882478928565979004e+01
-2.489570111743474357e+01 -1.864855269591013709e+01
-2.502892056158033540e+01 -1.884358199437459191e+01
-2.506524119942875117e+01 -1.865948299566904822e+01
-2.584912175647282950e+01 -1.885115516185760498e+01
-2.546005617561986867e+01 -1.875327086448669434e+01
-2.414612172821820835e+01 -1.900514916578928748e+01
-2.527266782017077418e+01 -1.933521525065104285e+01
-2.617859505798857001e+01 -1.928971171379089355e+01
-2.467975209931195835e+01 -1.827324108282725135e+01
-2.578279610003455247e+01 -1.796344141165415564e+01
-2.528907467147051236e+01 -1.966000970204671106e+01
-2.528871715674966225e+01 -1.738696336746215820e+01
-2.528534554626982001e+01 -1.759297831853230676e+01
-2.509157091884289770e+01 -1.747523192564646521e+01
-2.496430988635047044e+01 -1.830512352784474572e+01
-2.495828213125972539e+01 -1.929813412825266639e+01
-2.646720882997674451e+01 -1.908229875564575195e+01
-2.637936734344999579e+01 -1.773786989847819129e+01
-2.601404269266936709e+01 -1.847416635354359826e+01
-2.421841810517392091e+01 -1.854491217931111535e+01
-2.491800073849952923e+01 -1.946306912104288855e+01
-2.553703038167145323e+01 -1.935705300172169885e+01
-2.606162819619906301e+01 -1.901937139034271240e+01
-2.612576025623386045e+01 -1.880093963940938195e+01
-2.589808116524906367e+01 -1.912637941042582312e+01
-2.567932390762587858e+01 -1.911489804585774621e+01
-2.557840453972250572e+01 -1.855586278438568115e+01
-2.526478279243081460e+01 -1.850943756103515625e+01
-2.568691148596294838e+01 -1.850282740592956543e+01
-2.605668169765149145e+01 -1.819994227091471473e+01
-2.520342010562702839e+01 -1.730846925576527795e+01
-2.590128130831961073e+01 -1.839562729994456092e+01
-2.618624502925549535e+01 -1.833159248034159461e+01
-2.505626133740958394e+01 -1.945492831865946570e+01
-2.544855748192738787e+01 -1.894520358244578162e+01
-2.558968008978892072e+01 -1.882642626762390137e+01
-2.517100172527765878e+01 -2.011704349517822266e+01
-2.560730767654160189e+01 -1.881972463925679406e+01
-2.489338548304671050e+01 -1.923644586404164514e+01
-2.611806580171746717e+01 -1.903569761912028113e+01
-2.521132183074951172e+01 -1.862945723533630371e+01
-2.579436846910897074e+01 -1.912843318780263147e+01
-2.568901587340791437e+01 -1.780492345492045203e+01
-2.471681863170559268e+01 -1.834011391798655310e+01
-2.554767020274016787e+01 -1.677219855785369873e+01
-2.568178614923509429e+01 -1.870369398593902588e+01
-2.664009255877995841e+01 -1.804092057545979699e+01
-2.519438898765434587e+01 -1.896140225728352746e+01
-2.579840758695440783e+01 -1.884815935293833533e+01
-2.544440880468336275e+01 -1.870189988613128662e+01
-2.624617888563770407e+01 -1.669673526287078857e+01
-2.450836377224679552e+01 -1.936908570925394812e+01
-2.621812956211930512e+01 -1.833201984564463416e+01
-2.555134976920435008e+01 -1.929631773630778113e+01
-2.656800497992563947e+01 -1.869161363442738732e+01
-2.640006676366773775e+01 -1.908980194727579871e+01
-2.600341669179625370e+01 -1.961489184697468957e+01
-2.562566998045323174e+01 -1.867266964912414551e+01
-2.579980347520213968e+01 -1.925505920251210412e+01
-2.521784163329560968e+01 -1.961653951803843299e+01
-2.602251654156183847e+01 -1.906045869986216346e+01
-2.586124853360450970e+01 -1.958877547581990441e+01
-2.587269152625132307e+01 -1.891582008202870568e+01
-2.537718803599729256e+01 -1.714620300134022912e+01
-2.555326292070291672e+01 -1.879884648323059082e+01
-2.661260750334141534e+01 -1.907038164138793945e+01
-2.637715496451167851e+01 -1.896021358172098914e+01
-2.535644490840071441e+01 -1.937131826082865516e+01
-2.670971333778510726e+01 -1.808512647946675500e+01
-2.630700353848732220e+01 -1.620745408535003662e+01
-2.478131753307278018e+01 -1.919313879807790002e+01
-2.663179318379547666e+01 -1.909314449628194055e+01
-2.563182294166694319e+01 -1.912111151218414307e+01
-2.634510269811597993e+01 -1.925440593560536584e+01
-2.620530151108563999e+01 -1.932822887102762976e+01
-2.584849810196181608e+01 -1.869282166163126746e+01
-2.507626124559822856e+01 -1.762771443525950232e+01
-2.506772986913131618e+01 -1.899408781528472900e+01
-2.585106080265368433e+01 -1.826289081573486328e+01
-2.416102464320296050e+01 -1.754636629422505578e+01
-2.589003625966734745e+01 -1.966698372364044189e+01
-2.597946711718025981e+01 -1.736432751019795617e+01
-2.633907822431143941e+01 -1.525203414758046527e+01
-2.581729981050652967e+01 -1.923417246341705322e+01
-2.620674196340269901e+01 -1.937174284458160400e+01
-2.644978119155107876e+01 -1.808389465014139930e+01
-2.695937649678375791e+01 -1.917583417892456055e+01
-2.591014629299357708e+01 -1.716004653771718225e+01
-2.555688906524141046e+01 -1.921221033732096473e+01
