# Train Val
-2.489102602005004883e+00 -5.083897876739501775e+00
-6.329121847947438262e+00 -7.476656627655029475e+00
-7.764017224311828613e+00 -7.969106197357177734e+00
-7.926495432853698730e+00 -7.928490734100341442e+00
-7.903703471024830840e+00 -7.881685066223144354e+00
-7.939068734645843506e+00 -7.995903491973876953e+00
-7.968001902103424072e+00 -7.984320354461670100e+00
-7.915152172247569062e+00 -7.971568489074707387e+00
-7.959880173206329346e+00 -8.019682025909423473e+00
-8.013035595417022705e+00 -8.075224018096923473e+00
-8.001838008562723203e+00 -7.904913330078125355e+00
-8.006272753079732851e+00 -8.053129768371581676e+00
-8.057708303133646055e+00 -8.062516117095947621e+00
-8.029320458571115537e+00 -8.037154388427733664e+00
-8.057487090428670840e+00 -8.131384563446044211e+00
-8.050522605578104063e+00 -8.017304706573487039e+00
-8.045421302318572998e+00 -8.065463066101074219e+00
-8.072585721810659365e+00 -8.178434848785400391e+00
-8.084651609261831240e+00 -8.100526523590087180e+00
-8.094034433364868164e+00 -8.025908660888671164e+00
-8.052450915177663759e+00 -8.073355388641356711e+00
-8.072731475035348936e+00 -8.132087516784668679e+00
-8.045907417933145567e+00 -8.271687126159667613e+00
-8.076556026935577393e+00 -8.172682380676269176e+00
-8.086727559566497803e+00 -8.102813148498535512e+00
-8.089492996533712343e+00 -8.128890609741210582e+00
-8.095451732476552920e+00 -8.120148563385010121e+00
-8.029094775517782168e+00 -7.996098709106445490e+00
-8.065899650255838438e+00 -8.037657833099364879e+00
-8.098084052403768496e+00 -8.084614562988281961e+00
-8.084943274656930967e+00 -8.069487094879150391e+00
-8.084616978963216738e+00 -8.187571430206299183e+00
-8.108415544033050537e+00 -8.111076259613037465e+00
-8.102052172025045351e+00 -8.061667919158935547e+00
-8.096107423305511475e+00 -8.154374694824218395e+00
-8.111473957697549864e+00 -8.144137954711913707e+00
-8.094484190146127744e+00 -8.145980453491210582e+00
-8.087904334068298340e+00 -8.079169845581054332e+00
-8.079354087511697813e+00 -8.100931835174559836e+00
-8.104811390240987734e+00 -8.129664611816405539e+00
-8.136074384053548769e+00 -8.145403003692626598e+00
-8.137372215588888125e+00 -8.156151199340820668e+00
-8.160155018170675234e+00 -8.119058036804199574e+00
-8.147687156995138125e+00 -8.189503765106200817e+00
-8.138286630312601133e+00 -8.159365558624267933e+00
-8.133710285027822451e+00 -8.170059299468993785e+00
-8.096801161766052246e+00 -8.086414051055907493e+00
-8.178443769613901182e+00 -8.176404380798340199e+00
-8.171992162863412901e+00 -8.133225154876708274e+00
-8.117718696594238281e+00 -8.209919929504394531e+00
-8.164791246255239443e+00 -8.165628242492676492e+00
-8.181353906790414854e+00 -8.100631237030029297e+00
-8.142060955365499453e+00 -8.189965629577637074e+00
-8.099493086338043213e+00 -8.178748989105224965e+00
-8.168732206026712461e+00 -8.253740310668945312e+00
-8.231972078482309385e+00 -8.075451374053955078e+00
-8.211027065912881895e+00 -8.237144088745116832e+00
-8.188509941101074219e+00 -8.250321674346924539e+00
-8.276977717876434326e+00 -8.307271957397460938e+00
-8.280137141545614199e+00 -8.159175682067871804e+00
-8.158375779787698789e+00 -8.044160366058349609e+00
-8.197206795215606689e+00 -8.336887741088867543e+00
-8.334496061007181211e+00 -8.245392704010010121e+00
-8.329172472159067198e+00 -8.360559082031249645e+00
-8.369507173697153135e+00 -8.342377853393553977e+00
-8.438461303710937500e+00 -8.430123615264893289e+00
-8.354391256968179746e+00 -8.290743541717528586e+00
-8.382782777150472597e+00 -8.338766384124756570e+00
-8.521068076292673155e+00 -8.470926856994628551e+00
-8.469885488351186709e+00 -8.556137371063233132e+00
-8.499297042687734560e+00 -8.069415760040282493e+00
-8.521329462528228760e+00 -8.543418312072754262e+00
-8.655012051264444395e+00 -8.591271018981933238e+00
-8.730007807413736387e+00 -8.527842617034911754e+00
-8.581370671590169863e+00 -8.466535282135009055e+00
-8.615812261899312929e+00 -8.522697544097900035e+00
-8.642672578493753477e+00 -8.628769874572753906e+00
-8.659591396649679140e+00 -8.736343002319335582e+00
-8.644197980562845274e+00 -8.314849090576171164e+00
-8.860318919022878603e+00 -8.664174652099609020e+00
-8.885993639628091856e+00 -8.687212085723876598e+00
-8.620243310928344727e+00 -8.552376937866210227e+00
-8.799822290738424257e+00 -8.653999137878418679e+00
-8.837502221266428037e+00 -8.817420196533202414e+00
-8.756967922051748232e+00 -8.682546234130859020e+00
-8.821750263373056455e+00 -8.874563026428223367e+00
-8.949546714623769716e+00 -8.695141601562500711e+00
-8.884680926799774170e+00 -8.626276588439941051e+00
-8.904181679089864687e+00 -8.809270858764648438e+00
-8.874965707461038633e+00 -8.590710735321044567e+00
-8.978755156199136778e+00 -8.642621135711669567e+00
-9.079405069351196289e+00 -8.990962982177734375e+00
-8.794652481873830752e+00 -8.053225803375244851e+00
-8.655355254809061094e+00 -8.728568077087402344e+00
-9.052593072255453066e+00 -8.695669078826904652e+00
-9.067493160565694765e+00 -8.542947292327880859e+00
-9.016968905925750732e+00 -8.532452774047850852e+00
-9.158499042193094297e+00 -8.888828659057617543e+00
-9.197278499603271484e+00 -8.871680450439452414e+00
-9.063422501087188721e+00 -8.523519515991210938e+00
-9.092018127441406250e+00 -9.014259147644043679e+00
-9.277222077051797910e+00 -8.196868228912354226e+00
-9.176302313804626465e+00 -8.918335342407226918e+00
-9.289547920227050781e+00 -8.804497051239014382e+00
-8.950575033823648496e+00 -8.895112991333007812e+00
-9.233409206072488828e+00 -8.451597213745117188e+00
-9.273003041744232178e+00 -8.963054084777832387e+00
-9.055867930253347353e+00 -8.855373764038086293e+00
-9.403220335642496153e+00 -9.097052383422852273e+00
-9.514450788497924805e+00 -8.961765670776367543e+00
-9.246855119864145323e+00 -8.550247955322266336e+00
-9.166687528292337461e+00 -8.582801246643066762e+00
-9.376133640607198672e+00 -8.649874687194824219e+00
-9.469096024831136660e+00 -8.965375137329100852e+00
-9.239015857378641172e+00 -8.313939285278319602e+00
-9.381666421890258789e+00 -8.700853347778320312e+00
-9.048436701297760010e+00 -8.529583168029784446e+00
-9.150190770626068115e+00 -8.710062217712401633e+00
-9.411028226216634707e+00 -9.051572036743163352e+00
-9.609213074048360781e+00 -8.943334388732910867e+00
-9.524342377980550722e+00 -9.076501464843749645e+00
-9.228331804275512695e+00 -8.315787029266356711e+00
-9.579353411992391543e+00 -9.134751129150391336e+00
-9.540487249692281679e+00 -8.608794307708739879e+00
-9.423077821731567383e+00 -8.573716354370116477e+00
-9.429414689540863037e+00 -9.048924541473388317e+00
-9.699959437052408262e+00 -9.062564086914061789e+00
-9.512301365534463926e+00 -8.292416381835938211e+00
-9.252094368139902159e+00 -9.043789291381836293e+00
-9.833390235900878906e+00 -8.946931362152099609e+00
-9.776258071263631777e+00 -9.360776138305663352e+00
-9.433005154132843018e+00 -8.420483016967773793e+00
-9.494190295537313418e+00 -8.795248603820800426e+00
-9.851479649543762207e+00 -9.320536422729492898e+00
-9.789519906044006348e+00 -8.728773117065429688e+00
-9.836073438326517149e+00 -9.287496566772460938e+00
-9.704028169314065977e+00 -9.067054653167724965e+00
-9.729494929313659668e+00 -9.186862754821778054e+00
-9.928585767745971680e+00 -9.148742294311523082e+00
-9.816993077596029238e+00 -8.794368362426757457e+00
-9.892313083012899355e+00 -9.103444099426269531e+00
-9.775001128514608340e+00 -9.232531261444091086e+00
-1.008214187622070312e+01 -9.123300743103026633e+00
-9.885187904040018125e+00 -9.092909049987792258e+00
-1.003201067447662354e+01 -9.326868152618407848e+00
-1.018871124585469623e+01 -9.086797904968261008e+00
-1.004042466481526752e+01 -9.443790054321288707e+00
-1.015974013010660748e+01 -9.096629524230957387e+00
-1.016012450059255023e+01 -9.615722846984862571e+00
-1.029430063565572162e+01 -9.684266090393066406e+00
-9.701056301593780518e+00 -8.866927337646483664e+00
-9.826031764348348574e+00 -9.312377834320068715e+00
-1.008522379398345947e+01 -8.832033348083495383e+00
-9.999214092890420957e+00 -9.218174934387207031e+00
-1.035241798559824566e+01 -9.192515182495117898e+00
-1.027997020880381207e+01 -9.089140510559081676e+00
-1.043685170014699359e+01 -8.672305107116699219e+00
-1.012579564253489117e+01 -9.178787040710449929e+00
-1.041997766494750977e+01 -9.677928924560546875e+00
-1.044608247280120850e+01 -9.530620574951171875e+00
-9.734346906344095274e+00 -9.154478454589844105e+00
-1.037231830755869488e+01 -9.380675315856933594e+00
-1.052433550357818604e+01 -9.506827735900879262e+00
-1.026354920864105225e+01 -9.531117248535156961e+00
-1.058603187402089496e+01 -9.106540012359619851e+00
-1.029196659723917584e+01 -9.632379913330078480e+00
-1.046215748786926270e+01 -9.487528800964355469e+00
-1.048888675371805768e+01 -9.787401580810547230e+00
-1.039631704489389996e+01 -9.394703102111815696e+00
-1.053997540473937988e+01 -9.442392539978026633e+00
-1.051507488886515240e+01 -9.558572006225585227e+00
-1.066279252370198627e+01 -9.417974090576171520e+00
-1.061183512210845947e+01 -9.443113708496094105e+00
-1.063311723868052106e+01 -9.567156028747557883e+00
-1.048378698031107525e+01 -9.097254180908203480e+00
-1.036080813407897949e+01 -9.028726768493651633e+00
-1.052298867702484131e+01 -9.566912460327149148e+00
-1.081742628415425678e+01 -9.272028732299805398e+00
-1.063394761085510254e+01 -9.594118309020995383e+00
-1.068307058016459088e+01 -9.215450572967530007e+00
-1.033849946657816510e+01 -9.307713413238525746e+00
-1.088144512971242328e+01 -9.352430725097656605e+00
-1.077394735813140869e+01 -9.776379966735840199e+00
-1.073323110739389996e+01 -9.777813911437988281e+00
-1.093278880914052387e+01 -9.376873016357421875e+00
-1.100628042221069336e+01 -9.680213546752929332e+00
-1.086250170071919818e+01 -9.625575447082519887e+00
-1.096926331520080566e+01 -9.529416847229004617e+00
-1.092017881075541119e+01 -9.587644004821777699e+00
-1.072816805044809918e+01 -9.414709472656250355e+00
-1.030165282885233502e+01 -9.397702407836913352e+00
-1.076195665200551410e+01 -9.631015586853028054e+00
-1.095852526028951068e+01 -9.565177536010741832e+00
-1.121411669254302979e+01 -9.696854400634766336e+00
-1.098701143264770508e+01 -8.661029624938965554e+00
-1.094431340694427490e+01 -9.308053588867187145e+00
-1.095201440652211566e+01 -9.405080604553223367e+00
-1.083900753657023053e+01 -9.370193290710449929e+00
-1.030619398752848248e+01 -9.076751327514648082e+00
-1.076995801925659180e+01 -9.545747947692870383e+00
-1.107643119494120221e+01 -9.424936103820801492e+00
-1.098277787367502789e+01 -8.946800899505614524e+00
-1.062918845812479596e+01 -9.446072196960448863e+00
-1.099159113566080670e+01 -9.894456481933593395e+00
-1.090333676338195801e+01 -9.214686775207519887e+00
-1.099910287062327008e+01 -9.048154735565185902e+00
-1.093183418114980121e+01 -9.854427909851073863e+00
-1.087507629394531250e+01 -8.268647003173828836e+00
-1.019841710726420025e+01 -9.413264465332030539e+00
-1.101903816064198871e+01 -9.597631835937500355e+00
-1.105898380279541016e+01 -9.504629325866698508e+00
-1.105364362398783307e+01 -8.440563583374023793e+00
-1.113440986474355121e+01 -9.069228363037108664e+00
-1.111546270052591900e+01 -9.425745964050292969e+00
-1.080750358104705811e+01 -9.657121658325195312e+00
-1.109750831127166748e+01 -9.581727409362793324e+00
-1.128852546215057373e+01 -9.335966873168946023e+00
-1.140649108091990094e+01 -9.834319972991943715e+00
-1.122679626941680908e+01 -9.824034881591796164e+00
-1.132859571774800678e+01 -9.472194290161132457e+00
-1.145569968223571777e+01 -9.400811386108397727e+00
-1.085762870311737061e+01 -9.292511558532714488e+00
-1.119267527262369732e+01 -9.010799217224121804e+00
-1.074376479784647564e+01 -9.899660110473632812e+00
-1.113691945870717426e+01 -9.547735404968261008e+00
-1.135844548543294330e+01 -9.766695404052734730e+00
-1.129105273882547955e+01 -9.538998794555663352e+00
-1.147496279080708881e+01 -9.725408172607421520e+00
-1.137066670258839984e+01 -9.815101242065429332e+00
-1.173629009723663330e+01 -9.360861110687256570e+00
-1.158020818233489990e+01 -9.142577362060546164e+00
-1.153054328759511371e+01 -9.634544754028320668e+00
-1.129929673671722412e+01 -9.933257007598877308e+00
-1.166757313410441022e+01 -9.130415153503417258e+00
-1.173011378447214703e+01 -1.008846683502197195e+01
-1.122389030456542969e+01 -9.683483505249023793e+00
-1.157681703567504883e+01 -8.876522445678711293e+00
-1.122871379057566266e+01 -9.460776901245116832e+00
-1.138667937119801898e+01 -9.699243927001953480e+00
-1.187969664732615094e+01 -9.591980743408203836e+00
-1.146433115005493164e+01 -9.713449096679687145e+00
-1.138350212574005127e+01 -1.006491622924804652e+01
-1.179650270938873291e+01 -9.367473030090332387e+00
-1.116634960969289203e+01 -1.014046134948730504e+01
-1.124132716655731201e+01 -9.817709541320800426e+00
-1.128290045261383057e+01 -9.843750381469726918e+00
-1.153696533044179340e+01 -9.797575569152831676e+00
-1.189437774817148785e+01 -9.093260955810546164e+00
-1.130539067586263080e+01 -9.560535049438476207e+00
-1.174341956774393658e+01 -9.101448249816893821e+00
-1.103681270281473736e+01 -9.657685852050780895e+00
-1.146530012289682965e+01 -9.499629020690917969e+00
-1.186532445748647113e+01 -9.218277740478516336e+00
-1.143837730089823346e+01 -9.835349464416504262e+00
-1.217738668123880963e+01 -9.969105529785156961e+00
-1.198079729080200195e+01 -9.720330047607422586e+00
-1.185329834620157818e+01 -9.218359375000000355e+00
-1.181749506791432758e+01 -9.646263694763183238e+00
-1.193654561042785645e+01 -9.818561744689940696e+00
-1.187028340498606305e+01 -9.634813022613524680e+00
-1.137113815546035767e+01 -9.675972557067870738e+00
-1.212426571051279645e+01 -1.020476951599121129e+01
-1.165930020809173584e+01 -9.892821121215821023e+00
-1.174232749144236188e+01 -9.698190116882324574e+00
-1.182897543907165527e+01 -9.680252265930175071e+00
-1.185908627510070801e+01 -9.699563217163085227e+00
-1.162991937001546283e+01 -9.643142127990723012e+00
-1.192549335956573486e+01 -9.529792785644531250e+00
-1.208807464440663715e+01 -9.728742599487304688e+00
-1.179826434453328510e+01 -9.457010459899901633e+00
-1.206784482796986957e+01 -9.783486938476562145e+00
-1.231727027893066406e+01 -9.856131553649902344e+00
-1.216326495011647602e+01 -9.953397178649902699e+00
-1.147960615158081055e+01 -9.203952217102051137e+00
-1.185154378414154053e+01 -9.865106868743897195e+00
-1.170294729868570904e+01 -8.889580917358397727e+00
-1.154824697971343994e+01 -9.081588172912598012e+00
-1.216914300123850445e+01 -1.011925220489501953e+01
-1.243064244588216205e+01 -9.736685562133789773e+00
-1.215703117847442627e+01 -9.355775833129882812e+00
-1.242090082168579102e+01 -9.685272216796875000e+00
-1.207055485248565674e+01 -9.077066993713378551e+00
-1.221804026762644391e+01 -9.779644203186034446e+00
-1.240545849005381207e+01 -9.432502746582031250e+00
-1.246545306841532330e+01 -9.031183624267578480e+00
-1.247961139678955078e+01 -9.804909420013427024e+00
-1.221145979563395123e+01 -9.659762287139892933e+00
-1.234103230635325055e+01 -9.703495216369628196e+00
-1.256668579578399658e+01 -9.543467903137207387e+00
-1.263353375593821148e+01 -9.748035812377930043e+00
-1.235601067543029785e+01 -9.804298400878906250e+00
-1.256775697072347064e+01 -9.558159446716308238e+00
-1.259041225910186768e+01 -9.460887241363526101e+00
-1.236763775348663330e+01 -9.833914566040039773e+00
-1.192912375926971436e+01 -9.750846290588379262e+00
-1.203915222485860248e+01 -1.008028240203857351e+01
-1.262502026557922363e+01 -9.691649246215821023e+00
-1.273591268062591553e+01 -9.748460006713866477e+00
-1.253251194953918457e+01 -8.831291580200195668e+00
-1.250111830234527588e+01 -9.534090614318847301e+00
-1.270766154925028424e+01 -9.630850601196289773e+00
-1.207140334447224994e+01 -9.688656616210938211e+00
-1.246909451484680176e+01 -9.245119667053222301e+00
-1.189546330769856830e+01 -9.339675045013427379e+00
-1.220943943659464459e+01 -9.956505203247070668e+00
-1.267525879542032818e+01 -9.838097190856933238e+00
-1.219467389583587646e+01 -9.761166000366211293e+00
-1.167758456865946393e+01 -1.005617895126342809e+01
-1.292336046695709229e+01 -9.533955764770507102e+00
-1.213234186172485352e+01 -9.932039451599120383e+00
-1.266045204798380475e+01 -9.096227169036865234e+00
-1.282557896773020367e+01 -9.678875160217284446e+00
-1.251477356751759906e+01 -9.501657104492187145e+00
-1.243151760101318359e+01 -9.059051036834716797e+00
-1.226882847150166889e+01 -9.409703445434569602e+00
-1.299872918923695941e+01 -9.889944076538085938e+00
-1.283668835957845111e+01 -9.553929805755615234e+00
-1.286757747332254986e+01 -9.630458259582519887e+00
-1.297000706195831299e+01 -9.308229160308837180e+00
-1.318664113680521588e+01 -9.607333374023436789e+00
-1.242861918608347516e+01 -1.022294292449951136e+01
-1.223247079054514508e+01 -9.751507377624511363e+00
-1.291520905494689941e+01 -9.891965484619140270e+00
-1.282357176144917865e+01 -9.714638519287110086e+00
-1.316127932071685791e+01 -9.131687068939209340e+00
-1.202648317813873291e+01 -9.491457748413086648e+00
-1.210168778896331787e+01 -9.770607471466064453e+00
-1.312375048796335797e+01 -9.834000778198241477e+00
-1.301571889718373676e+01 -9.467654228210449219e+00
-1.275294248263041119e+01 -8.712629890441894176e+00
-1.268789736429850201e+01 -9.638648414611816762e+00
-1.261786456902821918e+01 -9.354813575744628906e+00
-1.322715234756469727e+01 -9.459775924682617188e+00
-1.327981491883595844e+01 -8.821071243286132457e+00
-1.307606450716654400e+01 -9.207119560241698863e+00
-1.231975499788920025e+01 -8.848583126068115590e+00
-1.242814771334330182e+01 -8.475889110565185902e+00
-1.264156858126322369e+01 -9.203429698944091797e+00
-1.280072208245595355e+01 -9.338648509979247336e+00
-1.306410229206085205e+01 -9.537769889831542613e+00
-1.281365907192230225e+01 -9.820981597900390270e+00
-1.261981662114461322e+01 -9.247749137878418679e+00
-1.295023473103841205e+01 -8.978257083892822621e+00
-1.251867214838663678e+01 -9.571430206298828125e+00
-1.292035126686096191e+01 -9.529004478454590199e+00
-1.353575440247853656e+01 -9.020144462585449219e+00
-1.329387366771697998e+01 -9.264944267272948508e+00
-1.338600035508473773e+01 -9.585305309295653942e+00
-1.331273206075032611e+01 -9.242667579650879262e+00
-1.245947388807932477e+01 -9.251719760894776101e+00
-1.302145648002624512e+01 -9.230550956726073508e+00
-1.371835939089457135e+01 -9.414760494232178090e+00
-1.366915436585744281e+01 -8.973816299438476918e+00
-1.282015188535054584e+01 -8.805584335327148793e+00
-1.279939643541971783e+01 -9.165983295440673473e+00
-1.334442476431528668e+01 -9.416723537445069070e+00
-1.297978782653808594e+01 -9.361215114593505859e+00
-1.312325859069824219e+01 -8.885820102691649680e+00
-1.338425191243489643e+01 -8.576082801818847301e+00
-1.315124642848968506e+01 -9.166767692565917613e+00
-1.315382500489552875e+01 -9.190751266479491477e+00
-1.340519340833028217e+01 -9.192908096313477273e+00
-1.357065566380818744e+01 -9.478787803649902699e+00
-1.353994655609130859e+01 -8.488369560241698863e+00
-1.312337172031402588e+01 -9.094969558715821023e+00
-1.324185291926066022e+01 -9.332703685760497692e+00
-1.299609224001566510e+01 -9.175499725341797586e+00
-1.320968763033548932e+01 -9.250913047790527699e+00
-1.299676915009816547e+01 -9.325361442565917258e+00
-1.329481554031372070e+01 -9.035302543640137074e+00
-1.319181187947591205e+01 -9.537132453918456321e+00
-1.262846740086873432e+01 -9.356976509094238281e+00
-1.242028101285298725e+01 -9.784432220458985086e+00
-1.320540583133697510e+01 -8.980643558502197976e+00
-1.317881369590759277e+01 -9.607201576232910156e+00
-1.338208810488382916e+01 -9.598301982879638317e+00
-1.321964053312937359e+01 -8.831634330749512429e+00
-1.332307680447896381e+01 -9.439428615570069070e+00
-1.386710007985433002e+01 -9.152958679199219461e+00
-1.361900818347930908e+01 -8.659112167358397727e+00
-1.291601220766703229e+01 -9.718264675140380504e+00
-1.372049808502197266e+01 -9.382056999206543679e+00
-1.348302114009857178e+01 -9.158591079711914773e+00
-1.377742469310760498e+01 -9.663332080841064098e+00
-1.386441715558370014e+01 -9.354736900329589488e+00
-1.359400224685668945e+01 -9.622615814208984375e+00
-1.341480775674184223e+01 -9.600170707702636363e+00
-1.260647702217102051e+01 -8.706343078613281605e+00
-1.397988990942637066e+01 -9.812624835968017933e+00
-1.314801967144012451e+01 -9.460254478454590554e+00
-1.397098974386850934e+01 -9.301887893676758168e+00
-1.320008667310078998e+01 -8.864565086364745383e+00
-1.379980432987213135e+01 -9.151357269287109020e+00
-1.328219946225484271e+01 -9.165832519531250000e+00
-1.336057551701863666e+01 -9.585389518737793324e+00
-1.368490870793660541e+01 -9.390654087066650391e+00
-1.344046672185262103e+01 -9.492923927307128196e+00
-1.389255372683207135e+01 -8.876359367370605824e+00
-1.380336451530456543e+01 -9.323795890808105113e+00
-1.395031241575876813e+01 -9.293643569946288707e+00
-1.408681670824686627e+01 -8.221073818206786399e+00
-1.292684177557627301e+01 -9.937641811370848899e+00
-1.347228236993153949e+01 -8.996906280517578125e+00
-1.343416174252828021e+01 -9.486653518676757102e+00
-1.367762207984924316e+01 -9.356168937683104758e+00
-1.395263143380483051e+01 -9.419378089904785867e+00
-1.340679244200388531e+01 -9.430906677246094105e+00
-1.416465512911478619e+01 -8.807476615905761363e+00
-1.359566505750020404e+01 -9.337866401672362926e+00
-1.356686850388844867e+01 -9.703166580200194957e+00
-1.356433216730753522e+01 -9.394808959960936789e+00
-1.416254278024037738e+01 -9.140927124023438211e+00
-1.402260490258534809e+01 -8.966160392761230113e+00
-1.325404878457387348e+01 -8.991867256164550071e+00
-1.392337123552958111e+01 -9.052043724060059304e+00
-1.441923324267069439e+01 -9.373085784912110086e+00
-1.349846541881561279e+01 -9.071119880676269176e+00
-1.371348806222279926e+01 -7.896290016174316584e+00
-1.422980713844299316e+01 -9.184526062011718395e+00
-1.408611031373341937e+01 -8.952319717407226207e+00
-1.382050359249114990e+01 -8.335754871368408203e+00
-1.313882935047149658e+01 -8.460283851623534801e+00
-1.379648733139038086e+01 -9.260726451873779297e+00
-1.360034267107645611e+01 -8.954837417602538707e+00
-1.400545318921407123e+01 -8.691725158691406605e+00
-1.417345150311787982e+01 -9.104500865936278942e+00
-1.370563789208730121e+01 -8.695926094055176137e+00
-1.370897952715555768e+01 -9.146079730987548118e+00
-1.411507030328114887e+01 -8.962461662292479758e+00
-1.451474467913309674e+01 -8.609533882141112926e+00
-1.445923483371734619e+01 -8.618951034545897727e+00
-1.288156660397847553e+01 -9.206170845031738992e+00
-1.431996687253316303e+01 -9.306583881378173828e+00
-1.398399011294046979e+01 -9.228014945983886719e+00
-1.392746365070343018e+01 -9.222787857055664062e+00
-1.410987861951192279e+01 -8.906189537048339488e+00
-1.424099870522817035e+01 -9.010298156738281605e+00
-1.407562863826751709e+01 -9.338042831420898082e+00
-1.464247703552246094e+01 -8.967751884460449574e+00
-1.378986589113871197e+01 -9.160877704620361328e+00
-1.376552263895670514e+01 -9.176141738891601562e+00
-1.430104756355285645e+01 -9.308646965026856179e+00
-1.441295234362284283e+01 -9.314793682098388317e+00
-1.441105282306671143e+01 -8.652079772949218039e+00
-1.424175759156545062e+01 -9.021463966369628551e+00
-1.407582012812296490e+01 -9.296323108673096414e+00
-1.386253273487091064e+01 -9.724584388732910867e+00
-1.334780339399973492e+01 -9.470646476745605113e+00
-1.317566907405853271e+01 -9.582487297058104758e+00
-1.463312069574991803e+01 -9.126577949523925426e+00
-1.440213569005330463e+01 -9.336895179748534446e+00
-1.327559836705525775e+01 -9.402822303771973367e+00
-1.450389687220255475e+01 -9.654132461547851207e+00
-1.427586130301157574e+01 -9.336171913146973367e+00
-1.457105731964111328e+01 -9.421095085144042258e+00
-1.430003197987874408e+01 -8.798059463500976562e+00
-1.407466220855712891e+01 -9.786984825134277699e+00
-1.432117585341135602e+01 -9.545114326477051492e+00
-1.426929744084676166e+01 -1.017999286651611257e+01
-1.478121765454610248e+01 -1.005552387237548828e+01
-1.429735481739044189e+01 -8.198507881164550426e+00
-1.342919051647186279e+01 -9.647877120971680043e+00
-1.391993693510691266e+01 -8.960032653808593039e+00
-1.307037293910980225e+01 -8.029685592651366832e+00
-1.322364354133605957e+01 -9.432818412780761719e+00
-1.423439455032348633e+01 -9.823288536071776988e+00
-1.457725409666697125e+01 -9.612222385406493430e+00
-1.479738918940226178e+01 -9.656619071960449219e+00
-1.501882779598236084e+01 -9.545250892639160156e+00
-1.502608744303385357e+01 -9.701776695251464133e+00
-1.490931566556294818e+01 -9.030789375305175781e+00
-1.482262241840362549e+01 -9.467456245422363637e+00
-1.401518448193868061e+01 -9.481298828125000355e+00
-1.414480865001678467e+01 -9.029822540283202414e+00
-1.419324441750844379e+01 -9.887822341918944602e+00
-1.466201821962992291e+01 -9.460549545288085227e+00
-1.482994580268859863e+01 -9.501795959472655539e+00
-1.482410919666290283e+01 -9.270311069488524680e+00
-1.433779978752136230e+01 -9.612318038940429688e+00
-1.451031355063120465e+01 -9.490908813476561789e+00
-1.471139971415201764e+01 -9.153345775604247336e+00
-1.487840016682942768e+01 -9.258669376373291016e+00
-1.473532684644063373e+01 -8.910396575927734375e+00
-1.416762856642405133e+01 -9.600477790832519176e+00
-1.419765190283457379e+01 -9.722755050659179332e+00
-1.424826971689859967e+01 -9.367685699462890980e+00
-1.459625542163848877e+01 -9.277774333953857422e+00
-1.467705905437469482e+01 -9.617446613311766868e+00
-1.438861926396687885e+01 -9.433827877044677734e+00
-1.458912551403045654e+01 -9.384583282470703836e+00
-1.469514222939809223e+01 -9.142660522460937855e+00
-1.478517540295918842e+01 -9.769751167297362926e+00
-1.518734888235727887e+01 -9.417840003967285156e+00
-1.467875933647155762e+01 -9.330312347412109020e+00
-1.504915503660837750e+01 -9.452058029174803977e+00
-1.488155877590179443e+01 -8.883175277709961293e+00
-1.471052376429239850e+01 -9.267988777160644176e+00
-1.486900997161865234e+01 -9.088584041595458629e+00
-1.494606248537699322e+01 -8.880828285217285512e+00
-1.429436326026916504e+01 -9.228185176849365234e+00
-1.500036919116973877e+01 -9.144581794738769531e+00
-1.461595102151235004e+01 -8.970270824432372336e+00
-1.515388866265614887e+01 -9.535865211486816762e+00
-1.418856493631998639e+01 -9.045262813568115234e+00
-1.475316814581553082e+01 -9.587919044494629617e+00
-1.526669216156005859e+01 -8.938786697387694602e+00
-1.502542829513549805e+01 -9.283263969421387429e+00
-1.495485778649648090e+01 -7.561364459991454900e+00
-1.440073474248250385e+01 -9.184917640686034446e+00
-1.517371372381846051e+01 -9.849993515014649148e+00
-1.532595904668172260e+01 -8.604281997680663707e+00
-1.421243000030517578e+01 -8.491801166534424183e+00
-1.449540750185648541e+01 -8.767486572265625000e+00
-1.466283528010050397e+01 -8.752900600433349609e+00
-1.468028608957926373e+01 -9.402416419982909446e+00
-1.469831252098083496e+01 -9.212003135681152699e+00
-1.414417326450347900e+01 -8.848528480529784801e+00
-1.502641359965006451e+01 -8.909483146667479758e+00
-1.531442487239837646e+01 -9.269575119018554688e+00
-1.536912989616394043e+01 -8.341141891479491477e+00
-1.426428397496541400e+01 -9.205614185333251598e+00
-1.434563851356506348e+01 -7.875102901458740590e+00
-1.447405811150868793e+01 -9.130830955505370383e+00
-1.427443019549051861e+01 -8.182765579223632457e+00
-1.493215334415435791e+01 -8.919231510162353160e+00
-1.504955887794494629e+01 -8.398552131652831321e+00
-1.503875629107157330e+01 -8.350211811065673118e+00
-1.540711820125579834e+01 -8.644649982452392578e+00
-1.545274595419565777e+01 -8.741957283020019176e+00
-1.506163628896077533e+01 -9.163965892791747336e+00
-1.481143458684285541e+01 -8.136418247222900746e+00
-1.514375559488932232e+01 -8.061225223541260476e+00
-1.509873425960540771e+01 -8.840608501434326527e+00
-1.528742178281148334e+01 -8.622655868530273438e+00
-1.551309927304585834e+01 -7.783218669891357244e+00
-1.539813045660654645e+01 -8.616392040252685902e+00
-1.528936008612314801e+01 -8.115071201324463246e+00
-1.456084442138671875e+01 -9.380190372467041016e+00
-1.545617349942525287e+01 -8.301164817810057883e+00
-1.500436751047770123e+01 -8.506411361694336648e+00
-1.521695685386657715e+01 -8.699315834045410867e+00
-1.503671741485595703e+01 -9.007909870147704723e+00
-1.489916062355041504e+01 -9.395765876770019176e+00
-1.548875323931376080e+01 -8.595153903961181285e+00
-1.530055101712544818e+01 -8.976642990112305043e+00
-1.442375389734903912e+01 -9.538915824890136008e+00
-1.537155055999755859e+01 -8.369120407104492898e+00
-1.560593430201212506e+01 -8.845299530029297586e+00
-1.554712188243865967e+01 -9.172466564178467507e+00
-1.551658980051676373e+01 -8.463802623748780007e+00
-1.485262052218119244e+01 -9.182371902465821023e+00
-1.541440192858378033e+01 -9.242386913299560192e+00
-1.440053919951120953e+01 -8.534159946441651101e+00
-1.537761406103769879e+01 -8.545921516418456321e+00
-1.581978213787078857e+01 -8.535503387451171875e+00
-1.581018539269765277e+01 -8.933460903167723899e+00
-1.503811395168304443e+01 -7.436936664581298650e+00
-1.414449016253153424e+01 -8.929409217834471946e+00
-1.571591806411743164e+01 -8.941870117187500355e+00
-1.560721552371978760e+01 -8.129264545440673118e+00
-1.518860312302907367e+01 -8.512630844116211293e+00
-1.493799197673797607e+01 -8.275032615661620738e+00
-1.564209028085072894e+01 -7.902791309356689275e+00
-1.538026944796244244e+01 -8.681680011749268289e+00
-1.539627826213836670e+01 -8.133165264129639027e+00
-1.531818215052286725e+01 -8.112684917449950461e+00
-1.603314765294392785e+01 -8.919783592224121094e+00
-1.571722193559010883e+01 -8.542489337921143289e+00
-1.574143179257710834e+01 -8.423830127716064098e+00
-1.436912214756011963e+01 -9.254516792297362571e+00
-1.470184453328450580e+01 -8.369929981231688743e+00
-1.449069833755493164e+01 -8.468171310424803977e+00
-1.542576428254445453e+01 -7.967748928070068182e+00
-1.623366932074229041e+01 -8.417044544219971058e+00
-1.522996779282887836e+01 -8.312996196746826882e+00
-1.550567527612050434e+01 -8.091661357879639027e+00
-1.536403608322143555e+01 -8.618218517303466442e+00
-1.557127217451731305e+01 -8.552599334716797230e+00
-1.581874004999796490e+01 -8.890519332885741477e+00
-1.516151507695516010e+01 -9.339509773254395242e+00
-1.520509517192840576e+01 -8.434986591339111328e+00
-1.520961407820383648e+01 -8.980994796752929332e+00
-1.493450391292572021e+01 -7.464541435241699219e+00
-1.457354144255320172e+01 -7.546458530426025213e+00
-1.515657579898834229e+01 -7.843286800384521307e+00
-1.484673547744750977e+01 -8.827956104278564808e+00
-1.582667950789133648e+01 -8.768795871734619496e+00
-1.563782846927642822e+01 -7.529656887054443359e+00
-1.445291590690612793e+01 -9.444193458557128551e+00
-1.535686067740122418e+01 -9.042930412292481179e+00
-1.582307537396748920e+01 -7.588254261016845525e+00
-1.591382718086242676e+01 -7.550520229339599432e+00
-1.505709362030029297e+01 -7.461935377120971324e+00
-1.340833485126495361e+01 -9.424906349182128551e+00
-1.576823027928670307e+01 -8.396265411376953480e+00
-1.593811237812042236e+01 -8.077644729614258168e+00
-1.580691405137380023e+01 -8.970627784729003906e+00
-1.574375565846761127e+01 -6.833053970336914418e+00
-1.469785594940185547e+01 -8.996637344360351562e+00
-1.575175801912943463e+01 -8.698410701751708274e+00
-1.574738907814025879e+01 -8.422082519531249645e+00
-1.621037371953328332e+01 -8.484015846252441762e+00
-1.565093433856964111e+01 -7.875399589538574219e+00
-1.623440424601237098e+01 -7.921428871154785334e+00
-1.620257349809010705e+01 -9.148405456542969105e+00
-1.627066290378570557e+01 -8.369844627380370383e+00
-1.615037878354390344e+01 -9.044020652770996094e+00
-1.639959180355072021e+01 -8.348545837402344461e+00
-1.649622456232706824e+01 -8.003861141204833274e+00
-1.556498098373413086e+01 -8.045631599426268821e+00
-1.586118594805399518e+01 -8.280384349822998757e+00
-1.618186366558074951e+01 -8.674084520339965465e+00
-1.595587837696075439e+01 -8.237718582153320312e+00
-1.583139721552530865e+01 -8.636339473724365945e+00
-1.566925827662150006e+01 -8.509545516967772727e+00
-1.629228933652241906e+01 -8.558592605590821023e+00
-1.567232930660247803e+01 -8.209503841400145774e+00
-1.583253908157348633e+01 -7.957266330718994141e+00
-1.440516193707784076e+01 -8.883348655700682883e+00
-1.530273405710856061e+01 -9.549426269531249289e+00
-1.519101942578951459e+01 -9.107842636108397727e+00
-1.560159703095754047e+01 -9.046880531311035867e+00
-1.514498444398244281e+01 -8.566571426391600852e+00
-1.530310106277465820e+01 -8.533476066589354758e+00
-1.584711162249247174e+01 -9.309122276306151633e+00
-1.642035241921742639e+01 -9.359178161621093395e+00
-1.552022345860799213e+01 -9.054769802093506570e+00
-1.608743011951446533e+01 -8.863793468475341442e+00
-1.654872270425160607e+01 -9.303894042968750000e+00
-1.603822795550028601e+01 -8.797539615631103871e+00
-1.585997823874155621e+01 -9.072928047180175426e+00
-1.658463986714680871e+01 -8.644252681732178090e+00
-1.692724239826202393e+01 -9.026881122589111683e+00
-1.619632256031036377e+01 -8.802181053161621804e+00
-1.617510656515757361e+01 -9.223701858520508168e+00
-1.425933575630187988e+01 -8.946173954010010476e+00
-1.429627525806427002e+01 -8.679255867004394887e+00
-1.494393960634867291e+01 -8.939182567596436257e+00
-1.579565409819285016e+01 -9.181790542602538352e+00
-1.556495761871337891e+01 -7.955597305297851918e+00
-1.524083602428436279e+01 -9.020495128631591086e+00
-1.634665290514628211e+01 -9.511932086944579368e+00
-1.588462678591410260e+01 -9.388390541076660156e+00
-1.657091796398162842e+01 -9.075042533874512429e+00
-1.650112203756968299e+01 -8.679501914978027699e+00
-1.524687262376149555e+01 -8.456012630462646840e+00
-1.649194324016571045e+01 -8.935684585571289418e+00
-1.523152041435241699e+01 -8.867898559570312145e+00
-1.577712976932525635e+01 -9.320706939697265270e+00
-1.566490634282430072e+01 -9.692792701721192117e+00
-1.469544545809427838e+01 -9.385941696166991477e+00
-1.613809518019358435e+01 -8.553171348571776633e+00
-1.540894869963327984e+01 -9.324473762512207387e+00
-1.605816495418548584e+01 -8.894392013549804688e+00
-1.677330211798350135e+01 -9.289498233795166371e+00
-1.655572748184204102e+01 -8.732518291473388317e+00
-1.606898530324300012e+01 -8.840904140472412465e+00
-1.586707993348439594e+01 -9.039333724975586293e+00
-1.568983085950215717e+01 -9.034409713745116477e+00
-1.585913523038228412e+01 -9.017942810058594105e+00
-1.611124563217163086e+01 -9.263735389709472301e+00
-1.637935181458790979e+01 -9.017638015747071023e+00
-1.642403837045033654e+01 -9.290142822265625711e+00
-1.628574768702189246e+01 -8.757660484313964488e+00
-1.592394145329793353e+01 -9.280467033386230469e+00
-1.620531729857126990e+01 -8.125576019287109375e+00
-1.558122436205546002e+01 -9.159497833251952770e+00
-1.656797178586323938e+01 -8.974286937713623402e+00
-1.697426720460255822e+01 -8.612301635742188211e+00
-1.550460433959960938e+01 -9.079718971252441762e+00
-1.605099757512410363e+01 -9.053387832641600852e+00
-1.679751086235046387e+01 -8.983017349243164418e+00
-1.636170164744059363e+01 -8.961758995056152699e+00
-1.470389640331268311e+01 -8.556994533538818004e+00
-1.513859879970550537e+01 -8.962876987457274680e+00
-1.584681554635365863e+01 -8.576310920715332742e+00
-1.563821689287821393e+01 -9.219996643066405539e+00
-1.646963135401407996e+01 -8.756102466583252308e+00
-1.611555985609690467e+01 -9.353485298156737571e+00
-1.615807839234669885e+01 -8.193086624145507812e+00
-1.593961668014526367e+01 -8.767256069183350320e+00
-1.632285984357197961e+01 -9.055769157409667258e+00
-1.606061184406280518e+01 -8.793080806732177734e+00
-1.676497634251912316e+01 -9.276943397521971946e+00
-1.673027769724528113e+01 -8.437516784667968395e+00
-1.531410753726959229e+01 -9.176301383972168324e+00
-1.648421510060628137e+01 -9.403051185607910867e+00
-1.649967912832896033e+01 -8.864265060424804332e+00
-1.549109550317128559e+01 -9.082120323181152699e+00
-1.615158243974049768e+01 -9.354825210571288352e+00
-1.596661039193471332e+01 -8.991269874572754617e+00
-1.662249012788136682e+01 -9.337361335754394531e+00
-1.685916483402252197e+01 -9.379561996459960582e+00
-1.705771048863728723e+01 -8.810448646545410156e+00
-1.574374647935231586e+01 -9.352886772155761363e+00
-1.659071306387583533e+01 -8.897947883605956676e+00
-1.560730814933776855e+01 -8.735301589965819957e+00
-1.542660144964853863e+01 -9.363790798187256570e+00
-1.706079649925231934e+01 -8.763166427612304688e+00
-1.675977238019307336e+01 -8.644188117980956321e+00
-1.686580495039622107e+01 -8.674231338500977273e+00
-1.731038451194763184e+01 -8.021558666229248402e+00
-1.616194121042887488e+01 -8.855754375457763672e+00
-1.654521139462788781e+01 -9.490996170043946023e+00
-1.713818573951721191e+01 -9.815032577514648082e+00
-1.704924460252125940e+01 -8.789437389373778942e+00
-1.633483676115671912e+01 -9.372878551483154297e+00
-1.693297644456227502e+01 -9.031275558471680398e+00
-1.699202442169189453e+01 -9.041541862487793679e+00
-1.681800429026285926e+01 -8.702228736877440696e+00
-1.705225312709808350e+01 -8.633117675781250000e+00
-1.709730593363444129e+01 -9.185041427612304688e+00
-1.747383503119150916e+01 -9.107143878936767578e+00
-1.704567742347717285e+01 -8.648759746551514027e+00
-1.682853833834330359e+01 -8.657626628875732422e+00
-1.695552468299865723e+01 -9.314336967468261008e+00
-1.726457619667053223e+01 -8.957811355590820312e+00
-1.595646170775095563e+01 -8.536299705505371094e+00
-1.599473579724629779e+01 -7.772867679595947266e+00
-1.613927547136942664e+01 -9.061273860931397195e+00
-1.706048917770385742e+01 -9.104031753540038352e+00
-1.641308669249216834e+01 -8.626620483398436789e+00
-1.506686810652414898e+01 -8.870638275146484730e+00
-1.637106966972351074e+01 -8.795136451721191406e+00
-1.704767056306203088e+01 -8.872532176971436257e+00
-1.590671459833780865e+01 -8.647405147552490234e+00
-1.603877492745717248e+01 -9.159146213531494496e+00
-1.692425092061360559e+01 -8.891271591186523438e+00
-1.708790012200673303e+01 -8.397904968261718395e+00
-1.610965355237324914e+01 -9.137128257751465199e+00
-1.644446094830830774e+01 -8.757785224914551137e+00
-1.599699401855468750e+01 -9.207308959960936789e+00
-1.625732755661010742e+01 -9.161470222473145242e+00
-1.625746512413024902e+01 -8.921734237670898793e+00
-1.692186923821767053e+01 -8.896420192718505149e+00
-1.720726191997528076e+01 -8.748515892028809304e+00
-1.707173283894856652e+01 -8.610203170776367543e+00
-1.678827754656473914e+01 -9.136161231994629262e+00
-1.700185644626617432e+01 -8.364874935150146129e+00
-1.681105434894561768e+01 -8.943618583679199929e+00
-1.709877375761668006e+01 -9.061190414428711648e+00
-1.665048782030741492e+01 -8.679192447662353871e+00
-1.685480471452077111e+01 -9.373913192749023793e+00
-1.682212781906127930e+01 -9.150564956665039773e+00
-1.641550485293070594e+01 -8.530994319915771840e+00
-1.685304955641428748e+01 -8.846726799011230824e+00
-1.570033423105875592e+01 -8.761136245727538352e+00
-1.703180058797200402e+01 -8.682191562652587180e+00
-1.578080995877583881e+01 -9.169725418090820312e+00
-1.699650522073109826e+01 -8.929687309265137429e+00
-1.711222136020660400e+01 -9.679860305786132102e+00
-1.679594945907592773e+01 -9.085438728332519531e+00
-1.733573635419209680e+01 -9.059238052368163707e+00
-1.710949627558390418e+01 -8.548604011535644531e+00
-1.759677008787791053e+01 -8.884340476989745383e+00
-1.774521239598592004e+01 -8.808501529693604226e+00
-1.699103832244873047e+01 -8.937023735046386363e+00
-1.739330907662709436e+01 -8.565260982513427379e+00
-1.697030647595723352e+01 -9.017594337463378906e+00
-1.663055181503295898e+01 -9.284462833404541371e+00
-1.754865356286366662e+01 -8.024565029144287820e+00
-1.766207774480183801e+01 -8.961600494384764914e+00
-1.729319409529368201e+01 -8.825932979583740234e+00
-1.738974674542744836e+01 -7.934387111663818715e+00
-1.545036800702412982e+01 -8.494333553314209695e+00
-1.739081291357676307e+01 -8.609811019897460227e+00
-1.762135926882426062e+01 -8.643685245513916371e+00
-1.719783830642700195e+01 -9.246180725097655539e+00
-1.751374451319376746e+01 -8.972435951232910156e+00
-1.556710541248321533e+01 -8.134831714630127664e+00
-1.578231410185495953e+01 -8.930654144287109020e+00
-1.594131708145141602e+01 -8.678248023986816051e+00
-1.717383984724680701e+01 -9.303556823730469105e+00
-1.772427511215209961e+01 -8.409315109252929688e+00
-1.696378322442372522e+01 -8.388521289825439098e+00
-1.648335349559783936e+01 -8.795574188232421875e+00
-1.727598520119984826e+01 -7.980603885650634943e+00
-1.710231534639994422e+01 -7.823350143432617365e+00
-1.675538055102030555e+01 -9.318050384521484375e+00
-1.723756007353464881e+01 -8.295175266265868430e+00
-1.699090011914571008e+01 -9.096066856384277699e+00
-1.544605763753255268e+01 -8.649717998504637961e+00
-1.649934450785319129e+01 -8.530334091186523082e+00
-1.712731834252675256e+01 -8.196455097198485973e+00
-1.721640117963154992e+01 -8.862674713134765625e+00
-1.686010475953419885e+01 -8.983088493347167969e+00
-1.593970370292663574e+01 -8.443391799926757812e+00
-1.607017854849497596e+01 -9.009586906433105113e+00
-1.612941070397694787e+01 -8.767322635650634410e+00
-1.712626584370930871e+01 -8.218867588043213601e+00
-1.674680471420288086e+01 -8.808648014068603871e+00
-1.733523722489674768e+01 -8.474966430664062855e+00
-1.687182533740997314e+01 -9.082221603393554332e+00
-1.749838868776957312e+01 -8.228465747833251243e+00
-1.743769081433613977e+01 -8.999757862091064098e+00
-1.782716615994771203e+01 -8.812679576873780007e+00
-1.772307689984639367e+01 -8.730492782592772727e+00
-1.647865343093872070e+01 -8.690424919128417969e+00
-1.710849209626515588e+01 -8.367588424682617543e+00
-1.703773574034373084e+01 -7.903390312194824574e+00
-1.649903762340545654e+01 -8.294067764282226918e+00
-1.751469230651855469e+01 -7.909914684295654475e+00
-1.674476134777069092e+01 -8.408182144165039062e+00
-1.703944261868794641e+01 -8.733329105377197976e+00
-1.774583443005879602e+01 -8.777833938598632812e+00
-1.753201715151469031e+01 -8.669948387145996804e+00
-1.786742568016052246e+01 -8.923596191406250711e+00
-1.720474723974863807e+01 -9.134253692626952414e+00
-1.773217725753784180e+01 -8.422303009033203836e+00
-1.758629779020945350e+01 -8.760791206359863637e+00
-1.599018371105194092e+01 -9.088103103637696023e+00
-1.737304270267486572e+01 -8.322346878051757102e+00
-1.743963948885599891e+01 -8.467180919647216086e+00
-1.667154141267140588e+01 -8.878855323791503551e+00
-1.770518279075622559e+01 -8.329456806182861328e+00
-1.719144423802693566e+01 -8.269634151458740590e+00
-1.617468289534251014e+01 -8.895744419097900035e+00
-1.696699325243632117e+01 -8.857829952239990590e+00
-1.752865147590637207e+01 -8.374968147277831676e+00
-1.797412681579589844e+01 -8.868367099761963246e+00
-1.793780700365702430e+01 -8.857407474517822621e+00
-1.716511376698811731e+01 -8.347331047058105469e+00
