# Train Val
-5.629237694044907592e+00 -8.232700729370117543e+00
-8.253527462482452393e+00 -8.155523705482483621e+00
-8.269579653938611941e+00 -8.297262811660766957e+00
-8.346305166681608156e+00 -8.373465895652770996e+00
-8.362290998299917177e+00 -8.417399263381957653e+00
-8.385584245125452085e+00 -8.347450876235962269e+00
-8.402542953689893679e+00 -8.330198597908019309e+00
-8.383283247550329165e+00 -8.467366409301757102e+00
-8.400340999166170164e+00 -8.468925619125366566e+00
-8.424471219380697207e+00 -8.417020940780640004e+00
-8.402871807416280703e+00 -8.368279337882995605e+00
-8.419386421640714602e+00 -8.430031061172485352e+00
-8.452343637744585081e+00 -8.390667176246642711e+00
-8.405608673890432314e+00 -8.499943399429321644e+00
-8.431149398287137942e+00 -8.432816910743714089e+00
-8.456577574213346438e+00 -8.567330861091614125e+00
-8.484755168358484312e+00 -8.483785963058471324e+00
-8.491547182202339172e+00 -8.526897716522217507e+00
-8.527256280183792114e+00 -8.659335970878601074e+00
-8.582386632760366396e+00 -8.700281691551207786e+00
-8.632771467169126467e+00 -8.797104501724243519e+00
-8.770348533987998962e+00 -8.532204008102416637e+00
-8.706086779634157224e+00 -8.730787658691406605e+00
-8.706263358394304319e+00 -8.657606101036071422e+00
-8.936867475509643555e+00 -8.994165277481078746e+00
-8.799554680784543947e+00 -8.943591785430907493e+00
-9.018016333381334348e+00 -8.848005533218383789e+00
-8.966603025794029236e+00 -9.097782897949219461e+00
-9.026065205534299807e+00 -8.896236705780030007e+00
-9.128399968147277832e+00 -8.912610173225402832e+00
-9.194869940479597048e+00 -9.188109970092773082e+00
-9.216558933258056641e+00 -9.276767253875732422e+00
-9.244477465748786926e+00 -9.271881151199341531e+00
-9.336020201444625854e+00 -9.329560232162474875e+00
-9.408895427982011839e+00 -9.417554950714110973e+00
-9.329855516552925110e+00 -9.141550421714782715e+00
-9.491962388157844543e+00 -9.416837310791015270e+00
-9.613430400689443545e+00 -9.523769950866698863e+00
-9.463615844647089048e+00 -9.531589484214782360e+00
-9.503853057821592287e+00 -9.507701969146728160e+00
-9.606555059552192688e+00 -9.677262163162231090e+00
-9.720917488137880369e+00 -8.913991498947144265e+00
-9.680281013250350952e+00 -9.279992818832397461e+00
-9.824272642532983824e+00 -9.584428334236145375e+00
-9.815982371568679810e+00 -9.740368080139159446e+00
-9.505234519640604063e+00 -9.609591770172119851e+00
-9.937389289339384035e+00 -9.386528468132018688e+00
-9.860021024942398071e+00 -9.605520009994506836e+00
-9.949881623188653990e+00 -9.216461133956908469e+00
-9.986265669266382261e+00 -9.865784502029418590e+00
-1.006334865589936634e+01 -9.599817419052124379e+00
-1.013752698898315430e+01 -9.659052371978759766e+00
-1.001175986727078815e+01 -9.936939954757690430e+00
-1.012127334872881512e+01 -9.939863157272338157e+00
-1.021650829911231995e+01 -1.012766776084899867e+01
-1.005873449146747589e+01 -9.924242830276488903e+00
-1.022368228435516357e+01 -1.021028404235839915e+01
-1.020980338255564313e+01 -9.984103822708130238e+00
-1.029236609737078290e+01 -1.010678553581237793e+01
-1.007430851956208606e+01 -1.000610051155090297e+01
-1.035755849877993207e+01 -1.008067522048950160e+01
-1.042981381217638592e+01 -1.010362763404846120e+01
-1.032176712155342102e+01 -1.027305827140808070e+01
-1.051912895341714282e+01 -1.049648900032043386e+01
-1.043813809752464294e+01 -1.042676849365234304e+01
-1.047809616724650006e+01 -9.194126200675963645e+00
-1.050633354981740375e+01 -1.033995184898376429e+01
-1.062533924976984601e+01 -1.047353391647338938e+01
-1.067703041434288025e+01 -1.034956374168396032e+01
-1.057712347308794598e+01 -1.041649355888366735e+01
-1.068099311987558941e+01 -1.042212977409362828e+01
-1.070007593433062176e+01 -1.053603920936584437e+01
-1.040279254317283630e+01 -1.028685493469238210e+01
-1.075731302301088910e+01 -1.061021432876586879e+01
-1.088477797309557538e+01 -1.058239378929138219e+01
-1.088239999612172504e+01 -1.066523523330688406e+01
-1.090839056173960309e+01 -1.071105318069458079e+01
-1.088622156778971295e+01 -9.727245855331421609e+00
-1.070727341373761554e+01 -1.017159166336059606e+01
-1.104681172966957092e+01 -1.059024281501769948e+01
-1.097568280498186688e+01 -1.048298926353454519e+01
-1.112054992715517621e+01 -1.074006195068359304e+01
-1.089517917235692401e+01 -1.065811533927917409e+01
-1.094413077831268311e+01 -1.049727020263671839e+01
-1.105826981862386127e+01 -1.062031106948852610e+01
-1.099091839790344238e+01 -1.065014247894287180e+01
-1.099609508117040058e+01 -1.084158363342285192e+01
-1.119544269641240497e+01 -1.079210720062255824e+01
-1.095799271265665631e+01 -1.010081806182861364e+01
-1.076353988051414490e+01 -1.061673712730407715e+01
-1.116625989476839642e+01 -1.036354360580444300e+01
-1.104333902398745160e+01 -1.082485096454620432e+01
-1.136065217852592468e+01 -1.102596230506896902e+01
-1.114264907936255078e+01 -1.077096357345581090e+01
-1.127070255080858807e+01 -1.082370548248291087e+01
-1.114194084207216839e+01 -9.850149559974671121e+00
-1.133046738306681256e+01 -1.080014157295227051e+01
-1.145729401707649231e+01 -1.060288066864013601e+01
-1.146667520205179791e+01 -1.104933977127075195e+01
-1.152474370598793030e+01 -1.090186443328857457e+01
-1.140914773941040039e+01 -1.076630387306213343e+01
-1.135307414333025555e+01 -1.099510874748230016e+01
-1.132841459910074811e+01 -1.104504737854003871e+01
-1.149828607837359051e+01 -1.010618333816528391e+01
-1.159085009495417218e+01 -1.090643105506896937e+01
-1.146218157807985882e+01 -1.109453001022338903e+01
-1.156312984228134155e+01 -1.039073243141174352e+01
-1.130926174918810467e+01 -1.105830569267272878e+01
-1.159216299653053284e+01 -1.100071291923523020e+01
-1.131856724619865417e+01 -1.071521172523498500e+01
-1.160004874070485492e+01 -1.040467672348022532e+01
-1.166314623753229718e+01 -1.122060823440551758e+01
-1.173798829317092896e+01 -1.030012302398681712e+01
-1.173565223813056946e+01 -1.127840108871459890e+01
-1.146002394954363446e+01 -1.123570246696472097e+01
-1.148270844419797321e+01 -1.108849024772644043e+01
-1.151885060469309430e+01 -1.111921477317810059e+01
-1.173577206333478351e+01 -1.130466742515563894e+01
-1.167555414636929889e+01 -1.142464480400085414e+01
-1.187412407000859638e+01 -1.090938410758972132e+01
-1.190682404239972492e+01 -1.096232819557189941e+01
-1.177359324693679810e+01 -1.138912816047668386e+01
-1.190103182196617126e+01 -1.121949505805969238e+01
-1.194729894399642944e+01 -1.126159386634826731e+01
-1.196361119548479657e+01 -1.142057147026062047e+01
-1.165524455904960632e+01 -1.166442580223083425e+01
-1.207646686832110028e+01 -1.171815676689147878e+01
-1.206439018249511719e+01 -1.117165813446044886e+01
-1.213746872544288635e+01 -1.128584313392639160e+01
-1.204748579859733582e+01 -1.092874741554260254e+01
-1.209585001071294208e+01 -1.116749229431152379e+01
-1.216477598746617694e+01 -1.113506965637207102e+01
-1.208288970589637756e+01 -1.183852310180663991e+01
-1.182513062159220318e+01 -1.061180105209350621e+01
-1.207530072331428528e+01 -1.161657652854919398e+01
-1.207808117071787457e+01 -1.169523434638977122e+01
-1.236521214246749878e+01 -1.164553470611572195e+01
-1.225845025976498981e+01 -1.156207351684570384e+01
-1.203744207819302936e+01 -1.115716600418090820e+01
-1.234330281615257263e+01 -1.127537641525268519e+01
-1.242866245905558209e+01 -1.178083705902099609e+01
-1.228140026330947876e+01 -1.149007315635681081e+01
-1.214661478996276855e+01 -1.097678499221801829e+01
-1.236317889889081378e+01 -1.048625659942626953e+01
-1.221008084217707257e+01 -1.170130624771118200e+01
-1.234227144718170166e+01 -1.147998471260070730e+01
-1.230141733090082745e+01 -1.154944729804992676e+01
-1.243796651562055011e+01 -1.166329588890075719e+01
-1.229637462894121747e+01 -1.188664708137512172e+01
-1.241244826714197735e+01 -1.167119479179382324e+01
-1.190684365232785602e+01 -1.156859226226806570e+01
-1.258783270915349384e+01 -1.187371678352355886e+01
-1.222518543402353863e+01 -1.183505473136901820e+01
-1.260284745693206787e+01 -1.207554879188537633e+01
-1.257542817791303058e+01 -1.195120964050292933e+01
-1.262990984320640564e+01 -1.194449214935302805e+01
-1.244147342443466187e+01 -1.181283354759216309e+01
-1.270850088198979755e+01 -1.179980721473693883e+01
-1.269065610567728619e+01 -1.121810894012451243e+01
-1.242574917276700397e+01 -1.123068685531616140e+01
-1.265510490536689758e+01 -1.209787712097167933e+01
-1.277654280265172382e+01 -1.216557621955871582e+01
-1.275553651650746723e+01 -1.169609880447387695e+01
-1.272430498401323895e+01 -1.178862149715423513e+01
-1.286632261673609356e+01 -1.181088752746581960e+01
-1.282347694039344788e+01 -1.101103720664977992e+01
-1.283188490072886090e+01 -1.156403937339782750e+01
-1.275803648432095905e+01 -1.172791652679443430e+01
-1.256191916267077069e+01 -1.196548700332641602e+01
-1.288939434289932251e+01 -1.171808266639709473e+01
-1.266158145666122437e+01 -1.187826247215270925e+01
-1.296480603019396405e+01 -1.132696275711059641e+01
-1.267562630772590637e+01 -1.198208341598510707e+01
-1.282051582137743573e+01 -1.212034807205200160e+01
-1.314955897132555585e+01 -1.222614860534667969e+01
-1.296109168728192707e+01 -1.236486220359802246e+01
-1.275916364789009094e+01 -1.230622940063476634e+01
-1.282862402002016644e+01 -1.247107810974121023e+01
-1.303762987256050110e+01 -1.218325147628784144e+01
-1.290863941113154034e+01 -1.202490139007568359e+01
-1.292631517847379108e+01 -1.225331454277038645e+01
-1.311937705675760846e+01 -1.150084371566772390e+01
-1.301759808262189289e+01 -1.173735842704772914e+01
-1.260694805781046490e+01 -1.171419649124145579e+01
-1.291050810615221600e+01 -1.087899708747863770e+01
-1.304292349020639996e+01 -1.125858392715454137e+01
-1.303020080924034119e+01 -1.116736602783203125e+01
-1.310210640231768231e+01 -1.183589720726013184e+01
-1.300573301315307617e+01 -1.225334858894348145e+01
-1.318979629874229431e+01 -1.177924461364746023e+01
-1.309339877963066101e+01 -1.223921890258788991e+01
-1.290055799484252930e+01 -1.187031021118164098e+01
-1.330510289470354657e+01 -1.220682868957519496e+01
-1.338821480671564679e+01 -1.186983332633972132e+01
-1.323744261264801025e+01 -1.164258351325988805e+01
-1.342265077431996723e+01 -1.132359142303466726e+01
-1.337691110372543335e+01 -1.217866048812866175e+01
-1.317614910999933819e+01 -1.216471614837646520e+01
-1.355155233542124371e+01 -1.258160810470581126e+01
-1.344030668338139911e+01 -1.222730574607849086e+01
-1.325877979397773743e+01 -1.194177393913269114e+01
-1.353299344579378705e+01 -1.247038059234619212e+01
-1.331814984480539898e+01 -1.225080375671386790e+01
-1.311529850959777832e+01 -1.240951018333435130e+01
-1.353369319438934326e+01 -1.221502890586853063e+01
-1.321955188115437885e+01 -1.201008486747741699e+01
-1.345472679535547833e+01 -1.242611169815063477e+01
-1.348578439156214337e+01 -1.219599120616912913e+01
-1.353976831833521466e+01 -1.238592729568481410e+01
-1.334755269686380963e+01 -1.141648397445678675e+01
-1.343631301323572735e+01 -1.236571421623230016e+01
-1.352447309096654315e+01 -1.177956852912902797e+01
-1.383618355790773968e+01 -1.250692863464355398e+01
-1.346219740311304669e+01 -1.180059704780578578e+01
-1.366394161184628864e+01 -1.290973906517028880e+01
-1.356042650341987610e+01 -1.259701752662658691e+01
-1.373124399781227112e+01 -1.233169331550598180e+01
-1.346997469663619995e+01 -1.063476495742797923e+01
-1.351215786735216717e+01 -1.197978024482727122e+01
-1.345652248462041278e+01 -1.116374664306640696e+01
-1.391141806046167950e+01 -1.280277132987976074e+01
-1.371193438768386841e+01 -1.221960797309875524e+01
-1.382502171397209167e+01 -1.203790078163146937e+01
-1.372453766067822833e+01 -1.270693845748901296e+01
-1.370535437266031842e+01 -1.245322566032409739e+01
-1.398718502124150653e+01 -1.230641651153564453e+01
-1.378516473372777362e+01 -1.251538534164428640e+01
-1.372211909294128418e+01 -1.125677466392517090e+01
-1.335532873868942261e+01 -1.242053484916687012e+01
-1.357124134898185730e+01 -1.237521553039550781e+01
-1.402765759825706482e+01 -1.248224806785583496e+01
-1.406500278910001178e+01 -1.209095220565795969e+01
-1.360139681895573993e+01 -1.241345019340515066e+01
-1.398582073052724262e+01 -1.261938481330871653e+01
-1.392643965284029584e+01 -1.291666502952575613e+01
-1.400273096561431885e+01 -1.259959592819213903e+01
-1.381900726755460163e+01 -1.159331846237182617e+01
-1.379670416315396686e+01 -1.259947309494018519e+01
-1.398518677552541156e+01 -1.253546462059020961e+01
-1.416518576939900775e+01 -1.221392526626586950e+01
-1.393511579434076886e+01 -1.274657969474792552e+01
-1.414667903383572956e+01 -1.259790377616882395e+01
-1.428404391805330853e+01 -1.244252629280090261e+01
-1.405386362473169903e+01 -1.218475723266601562e+01
-1.411634560426076312e+01 -1.248294758796691895e+01
-1.409099938472112079e+01 -1.277732672691345250e+01
-1.411192553242047687e+01 -1.306735086441040039e+01
-1.417928560574849506e+01 -1.278138403892517161e+01
-1.380546258886655231e+01 -1.175661301612854004e+01
-1.397131201624870300e+01 -1.266277799606323207e+01
-1.379838250080744366e+01 -1.285359158515930211e+01
-1.431809527675310711e+01 -1.279432091712951625e+01
-1.411123166481653790e+01 -1.235352559089660573e+01
-1.382991388440132141e+01 -1.278177666664123535e+01
-1.367256015539169312e+01 -1.258869414329528880e+01
-1.408973079919815063e+01 -1.283839936256408620e+01
-1.422462821006774902e+01 -1.216875338554382324e+01
-1.385591872533162494e+01 -1.176271243095397878e+01
-1.418356215953826904e+01 -1.084818606376648020e+01
-1.382965713739395142e+01 -1.291384654045105052e+01
-1.392364918192227741e+01 -1.228606843948364258e+01
-1.431852563222249408e+01 -1.261414346694946254e+01
-1.436322292685508728e+01 -1.206176877021789551e+01
-1.373723017175992389e+01 -1.222160468101501429e+01
-1.442579272389411926e+01 -1.254424052238464427e+01
-1.453047609329223633e+01 -1.230040054321289134e+01
-1.428986117243766785e+01 -1.219541530609130930e+01
-1.423524980743726154e+01 -1.298857278823852468e+01
-1.417194757858912091e+01 -1.253147728443145681e+01
-1.389661194880803485e+01 -1.248477034568786692e+01
-1.406803693373998065e+01 -1.288480801582336355e+01
-1.432835268974304199e+01 -1.232623224258422923e+01
-1.431985044479370117e+01 -1.263697648048400879e+01
-1.419500591357549091e+01 -1.260070180892944336e+01
-1.414333000779151917e+01 -1.308732619285583532e+01
-1.444333766897519489e+01 -1.242553858757019114e+01
-1.448367751638094525e+01 -1.314713115692138601e+01
-1.425186151266098022e+01 -1.230254559516906809e+01
-1.477684894204139709e+01 -1.203001508712768519e+01
-1.413663114110628705e+01 -1.302565193176269531e+01
-1.422542315721511841e+01 -1.268362622261047434e+01
-1.441969124476114850e+01 -1.250131587982177805e+01
-1.359441157182057758e+01 -1.239257001876831055e+01
-1.416823763648668866e+01 -1.198611459732055629e+01
-1.445924232403437237e+01 -1.270954275131225586e+01
-1.449240341782569885e+01 -1.249895324707031286e+01
-1.459705954790115356e+01 -1.253916440010070765e+01
-1.413213026523590088e+01 -1.293732261657714844e+01
-1.472508023182551007e+01 -1.301387782096862722e+01
-1.448945870995521545e+01 -1.291298151016235352e+01
-1.455247185627619366e+01 -1.262745237350463867e+01
-1.444798203309377094e+01 -1.243105635643005336e+01
-1.392964650193850140e+01 -1.251600012779235804e+01
-1.439288691679636578e+01 -1.261741576194763148e+01
-1.469699885447820087e+01 -1.273927278518676687e+01
-1.427279200653235058e+01 -1.152406210899352956e+01
-1.463967986901601215e+01 -1.313214693069457972e+01
-1.465388844410578351e+01 -1.228528614044189382e+01
-1.436365355054537396e+01 -1.199202132225036621e+01
-1.461747995018959045e+01 -1.314244909286498952e+01
-1.476848394672075848e+01 -1.277512569427490163e+01
-1.436826845010121723e+01 -1.202328829765319895e+01
-1.469900550444920917e+01 -1.269748725891113317e+01
-1.463755549987157245e+01 -1.288825092315673793e+01
-1.448088196913401227e+01 -1.256892037391662598e+01
-1.429740123947461505e+01 -1.316248955726623571e+01
-1.463938810427983661e+01 -1.166696763038635254e+01
-1.458629511793454547e+01 -1.293135590553283620e+01
-1.456057233611742596e+01 -1.305855293273925710e+01
-1.463641296823819538e+01 -1.159567394256591832e+01
-1.414240730802218060e+01 -1.283487868309020996e+01
-1.436032423377037048e+01 -1.286646475791931188e+01
-1.448351905743280987e+01 -1.322985157966613734e+01
-1.453389703234036823e+01 -1.281230587959289480e+01
-1.494452548027038574e+01 -1.229280786514282298e+01
-1.492279433210690875e+01 -1.240964622497558523e+01
-1.486906536420186420e+01 -1.227157049179077219e+01
-1.450579886635144611e+01 -1.250811057090759348e+01
-1.448577549060185810e+01 -1.260740118026733469e+01
-1.476563415924707989e+01 -1.279027152061462402e+01
-1.479435972372690777e+01 -1.235411033630371058e+01
-1.435503872235616107e+01 -1.232267088890075613e+01
-1.464730057120323181e+01 -1.333718600273132360e+01
-1.479701687892278095e+01 -1.091458382606506383e+01
-1.456699607769648175e+01 -1.249038906097412038e+01
-1.457614083091417889e+01 -1.287349009513854980e+01
-1.444969391822814941e+01 -1.278165097236633230e+01
-1.472333040833473206e+01 -1.308414916992187571e+01
-1.512646764516830444e+01 -1.307043557167053294e+01
-1.481593249241510968e+01 -1.312610311508178640e+01
-1.471731874346733093e+01 -1.297724890708923340e+01
-1.462107932567596436e+01 -1.236569447517394948e+01
-1.470941011110941510e+01 -1.264478483200073278e+01
-1.490834581851959229e+01 -1.205771408081054652e+01
-1.426208348075548749e+01 -1.246060447692871165e+01
-1.495663337906201740e+01 -1.268289308547973704e+01
-1.464204031229019165e+01 -1.239051976203918493e+01
-1.500623029470443726e+01 -1.203938498497009313e+01
-1.469130523999532123e+01 -1.107899928092956543e+01
-1.482649831970532794e+01 -1.310981431007385289e+01
-1.493344497680664062e+01 -1.321325373649597168e+01
-1.479181905587514301e+01 -1.292812447547912669e+01
-1.498794043064117432e+01 -1.215042347908019948e+01
-1.502937016884485821e+01 -1.206865396499633825e+01
-1.468256065249443054e+01 -1.191565227508544922e+01
-1.433582084377606769e+01 -1.061147828102111745e+01
-1.479080551862716675e+01 -1.285018858909606898e+01
-1.511246692140897174e+01 -1.294420642852783132e+01
-1.494046401977539062e+01 -1.291921529769897425e+01
-1.525525266925493817e+01 -1.271534919738769531e+01
-1.490330457687377930e+01 -1.284510540962219238e+01
-1.479170477390289307e+01 -1.333080019950866735e+01
-1.505032733082771301e+01 -1.334528861045837367e+01
-1.461077376206715961e+01 -1.295436406135559082e+01
-1.519983615477879901e+01 -1.265587501525878977e+01
-1.487382014592488666e+01 -1.304807019233703613e+01
-1.498503713806470294e+01 -1.270461106300354004e+01
-1.451025426387786865e+01 -1.190473771095275879e+01
-1.502838033437728882e+01 -1.274834232330322337e+01
-1.486878550052642822e+01 -1.176278920173644948e+01
-1.530972267190615277e+01 -1.217043690681457591e+01
-1.499839526414871216e+01 -1.273737957477569616e+01
-1.501469640930493732e+01 -1.314602260589599680e+01
-1.477453992764155011e+01 -1.208513340950012172e+01
-1.516027570764223675e+01 -1.362063484191894602e+01
-1.508011730511983295e+01 -1.301484136581420969e+01
-1.516598198811213116e+01 -1.262666912078857351e+01
-1.510541525483131409e+01 -1.179936051368713379e+01
-1.514479604363441467e+01 -1.216398568153381277e+01
-1.511722898483276367e+01 -1.272969999313354528e+01
-1.490023889144261737e+01 -1.195369005203247070e+01
-1.470644356807073017e+01 -1.232430491447448695e+01
-1.511838193734486957e+01 -1.287881288528442347e+01
-1.504555643598238568e+01 -1.245336284637451207e+01
-1.530044085780779461e+01 -1.295188560485839879e+01
-1.503980662425359149e+01 -1.251928939819335973e+01
-1.533765117327372174e+01 -1.160290808677673269e+01
-1.523577309648195843e+01 -1.303751082420349050e+01
-1.526755760113398175e+01 -1.330095615386962926e+01
-1.473827489217122455e+01 -1.308135247230529785e+01
-1.522715950012207031e+01 -1.277733826637268066e+01
-1.476747028032938580e+01 -1.214676623344421458e+01
-1.513106518983840942e+01 -1.264533696174621547e+01
-1.487463103731473346e+01 -1.243920788764953578e+01
-1.529026671250661273e+01 -1.334907584190368723e+01
-1.534783952434857746e+01 -1.265993394851684606e+01
-1.529514926671981812e+01 -1.280710592269897496e+01
-1.491223370035489459e+01 -1.220717616081237722e+01
-1.547506649295488934e+01 -1.282409400939941335e+01
-1.547263261675834656e+01 -1.254228882789611887e+01
-1.522684894998868366e+01 -1.309633877277374303e+01
-1.542448650797208209e+01 -1.215964856147766149e+01
-1.506365577379862408e+01 -1.255896968841552663e+01
-1.501597126324971576e+01 -1.195457420349121058e+01
-1.544831736882527728e+01 -1.325079703330993652e+01
-1.481143704056739807e+01 -1.309601268768310511e+01
-1.529347611467043500e+01 -1.200729618072509730e+01
-1.532627955079078674e+01 -1.304160041809081960e+01
-1.544642955064773560e+01 -1.255844359397888255e+01
-1.497905573248863220e+01 -1.254765896797180247e+01
-1.517015426357587238e+01 -1.191726212501525950e+01
-1.544182170430819134e+01 -1.283755245208740270e+01
-1.553165569901466370e+01 -1.323773446083068883e+01
-1.525047018130620380e+01 -1.346328296661376989e+01
-1.543884069720903973e+01 -1.230079169273376394e+01
-1.556653487682342529e+01 -1.317398424148559499e+01
-1.504030000170071979e+01 -1.334577350616455149e+01
-1.552570837736129761e+01 -1.337704877853393626e+01
-1.533215652902921100e+01 -1.324862437248230052e+01
-1.494120759765307049e+01 -1.216390857696533168e+01
-1.493598589301109314e+01 -1.267138266563415527e+01
-1.516716833909352680e+01 -1.303544392585754430e+01
-1.550560920437177082e+01 -1.314452123641967773e+01
-1.565259699026743512e+01 -1.235152850151061976e+01
-1.501381427049636841e+01 -1.101889810562133754e+01
-1.504511443773905377e+01 -1.319776310920715368e+01
-1.548963576555252075e+01 -1.249231824874877894e+01
-1.494544536868731122e+01 -1.241370620727539098e+01
-1.541012137134869953e+01 -1.297292423248291016e+01
-1.539654706915219684e+01 -1.240470647811889648e+01
-1.543955192963282208e+01 -1.337021937370300328e+01
-1.540162793795267682e+01 -1.278130369186401438e+01
-1.527772338191668133e+01 -1.274909157752990652e+01
-1.507747117678324322e+01 -1.263861665725707972e+01
-1.552353828152020832e+01 -1.257697505950927663e+01
-1.543943559130032916e+01 -1.275046648979187047e+01
-1.576678171753883362e+01 -1.265612354278564489e+01
-1.548357158899307251e+01 -1.302702803611755300e+01
-1.531817638874053955e+01 -1.232608084678649973e+01
-1.587891029318173786e+01 -1.289134893417358363e+01
-1.547861646612485309e+01 -1.348776178359985423e+01
-1.586694307128588299e+01 -1.351447830200195277e+01
-1.565512758493423462e+01 -1.247709145545959508e+01
-1.554574628671010394e+01 -1.308215723037719691e+01
-1.537377701203028302e+01 -1.268754277229309047e+01
-1.529188924034436603e+01 -1.245255155563354421e+01
-1.559979872902234455e+01 -1.139735813140869070e+01
-1.570197224617004395e+01 -1.308118586540222239e+01
-1.580845363934834857e+01 -1.263313727378845286e+01
-1.552984791994094849e+01 -1.345402603149414134e+01
-1.563097206751505475e+01 -1.266326651573181117e+01
-1.580207983652750592e+01 -1.294159202575683665e+01
-1.549346147974332233e+01 -1.314559330940246618e+01
-1.506066807111104389e+01 -1.277776777744293213e+01
-1.552505631248156170e+01 -1.301883344650268626e+01
-1.583830069502194782e+01 -1.323873281478881836e+01
-1.578617899616559406e+01 -1.305903015136718714e+01
-1.550029638409614563e+01 -1.217318577766418386e+01
-1.551581162214279175e+01 -1.315249915122985769e+01
-1.549358660976091961e+01 -1.281307597160339284e+01
-1.600379252433776855e+01 -1.324345364570617711e+01
-1.570284771919250488e+01 -1.297743902206420863e+01
-1.596626513202985187e+01 -1.267875366210937571e+01
-1.610563503702481469e+01 -1.281985287666320872e+01
-1.521752302845319171e+01 -1.320030059814453161e+01
-1.556435922781626324e+01 -1.329817128181457520e+01
-1.584240093827247620e+01 -1.321924824714660573e+01
-1.532758987943331341e+01 -1.345746097564697230e+01
-1.578634542226791382e+01 -1.255199379920959402e+01
-1.557310067613919635e+01 -1.257086596488952601e+01
-1.587635213136672974e+01 -1.313213753700256348e+01
-1.594661538799603839e+01 -1.301289324760437083e+01
-1.536723649501800537e+01 -1.132298474311828684e+01
-1.540379538138707538e+01 -1.252549662590026891e+01
-1.583542647957801819e+01 -1.311604428291320801e+01
-1.561517844597498517e+01 -1.200086956024169993e+01
-1.588572922348976135e+01 -1.282396664619445836e+01
-1.573988804221153259e+01 -1.288354277610778809e+01
-1.561133303244908710e+01 -1.278893990516662527e+01
-1.549638855457305908e+01 -1.319402389526367259e+01
-1.574990679820378681e+01 -1.313603930473327708e+01
-1.526073149840036969e+01 -1.321371450424194371e+01
-1.608813547094662866e+01 -1.272206296920776403e+01
-1.585462352633476257e+01 -1.326488351821899414e+01
-1.549544278780619244e+01 -1.326447587013244700e+01
-1.561865042646726032e+01 -1.281379790306091238e+01
-1.555195118983586688e+01 -1.312712326049804723e+01
-1.566709695259729962e+01 -1.286125707626342773e+01
-1.560926236708959003e+01 -1.277920122146606374e+01
-1.586008953054746051e+01 -1.310908880233764684e+01
-1.547041004896163940e+01 -1.262254109382629430e+01
-1.583159311612447162e+01 -1.224469890594482457e+01
-1.596044708291689496e+01 -1.213380389213562083e+01
-1.559054698546727558e+01 -1.304849638938903844e+01
-1.613855267564455787e+01 -1.265205984115600657e+01
-1.600859413544337073e+01 -1.275691518783569300e+01
-1.609796334306399146e+01 -1.243116812705993723e+01
-1.538789620995521545e+01 -1.255855774879455566e+01
-1.577489645282427411e+01 -1.273355617523193395e+01
-1.581876479585965534e+01 -1.249393901824951136e+01
-1.597539498408635517e+01 -1.130620083808898890e+01
-1.549268082777659039e+01 -1.355244989395141531e+01
-1.628514893849690637e+01 -1.271708755493164134e+01
-1.610334884126980981e+01 -1.305656809806823659e+01
-1.614182877540588379e+01 -1.315655207633972168e+01
-1.589863851666450500e+01 -1.318922324180602956e+01
-1.597174033522605896e+01 -1.268452858924865723e+01
-1.618775725364685059e+01 -1.260849895477294957e+01
-1.588649061322212219e+01 -1.182165751457214320e+01
-1.595270760854085346e+01 -1.277329211235046458e+01
-1.605123773217201233e+01 -1.311283459663391149e+01
-1.595183563232421875e+01 -1.307759423255920339e+01
-1.564143933852513690e+01 -1.235357913970947230e+01
-1.582650004824002643e+01 -1.282367429733276332e+01
-1.590752344330151935e+01 -1.302132019996643031e+01
-1.575186661879221539e+01 -1.272256755828857422e+01
-1.549421389897664447e+01 -1.269765148162841761e+01
-1.634616028269131860e+01 -1.259685659408569336e+01
-1.616014560063679895e+01 -1.300704898834228551e+01
-1.612640299399693689e+01 -1.236032433509826589e+01
-1.611660454670588294e+01 -1.309651007652282750e+01
-1.571698847413063049e+01 -1.351246995925903249e+01
-1.586289692918459515e+01 -1.275462245941162109e+01
-1.636601211627324304e+01 -1.237321200370788610e+01
-1.614978084961573401e+01 -1.210893583297729492e+01
-1.648784594734509668e+01 -1.276182410717010463e+01
-1.606387809912363807e+01 -1.282916603088378871e+01
-1.589748269319534302e+01 -1.322009067535400462e+01
-1.640042989452679834e+01 -1.257395672798156738e+01
-1.641224085291226586e+01 -1.265254359245300364e+01
-1.579174467921257019e+01 -1.298836708068847656e+01
-1.588808819651603699e+01 -1.168631534576416087e+01
-1.579609792431195636e+01 -1.314822359085082937e+01
-1.565440249443054199e+01 -1.249775676727294993e+01
-1.562329473098119159e+01 -1.283220663070678746e+01
-1.588604857524236103e+01 -1.265393257141113281e+01
-1.566786967714627643e+01 -1.319096751213073659e+01
-1.546299738685289960e+01 -1.273585538864135813e+01
-1.602779819567998132e+01 -1.203264627456665004e+01
-1.641422791282336036e+01 -1.304868545532226598e+01
-1.639293127258618554e+01 -1.327582502365112305e+01
-1.624342079957326135e+01 -1.391023435592651403e+01
-1.619370565811793128e+01 -1.306807932853698695e+01
-1.588755938410758972e+01 -1.358955488204956019e+01
-1.618061911066373071e+01 -1.351338510513305735e+01
-1.579048437873522381e+01 -1.344323687553405833e+01
-1.630101259549458703e+01 -1.244745688438415598e+01
-1.642723716298739234e+01 -1.296824731826782262e+01
-1.601501052578290185e+01 -1.285678777694702113e+01
-1.620480782787005225e+01 -1.312588763236999512e+01
-1.603559693694114685e+01 -1.172918503284454417e+01
-1.621717511614163598e+01 -1.328975448608398402e+01
-1.601299593846003333e+01 -1.251664443016052175e+01
-1.610331402222315589e+01 -1.277592864036560094e+01
-1.582774589459101300e+01 -1.317252435684204137e+01
-1.625052636861801147e+01 -1.286152672767639160e+01
-1.677393791079521179e+01 -1.327199125289916992e+01
-1.606935381889343262e+01 -1.262238702774047816e+01
-1.639896014332771301e+01 -1.331509785652160716e+01
-1.609535617629687110e+01 -1.306625695228576589e+01
-1.656886514027913293e+01 -1.338948545455932582e+01
-1.621452576915423194e+01 -1.329716949462890696e+01
-1.635683831572532654e+01 -1.329952926635742116e+01
-1.627050008376439294e+01 -1.346872773170471227e+01
-1.612776585419972619e+01 -1.340555253028869664e+01
-1.637860403458277503e+01 -1.195863432884216238e+01
-1.565481995542844196e+01 -1.342083010673522914e+01
-1.653266291817029199e+01 -1.318671998977661097e+01
-1.632642713189125061e+01 -1.292553281784057617e+01
-1.615023524562517920e+01 -1.306169486045837402e+01
-1.668899221221606055e+01 -1.331259446144104075e+01
-1.649847523371378699e+01 -1.367876753807067836e+01
-1.664638775587081909e+01 -1.342237653732299840e+01
-1.645719319581985474e+01 -1.375553016662597727e+01
-1.659664143125216285e+01 -1.316033763885497976e+01
-1.666047408183415612e+01 -1.319347586631774938e+01
-1.608460220694541931e+01 -1.304857411384582555e+01
-1.602454820275306702e+01 -1.300813684463500941e+01
-1.604430590073267737e+01 -1.288780388832092250e+01
-1.659106486042340478e+01 -1.214962263107299734e+01
-1.618483895063400269e+01 -1.282973208427429235e+01
-1.661239440242449561e+01 -1.317311058044433558e+01
-1.610340285301208496e+01 -1.314480099678039515e+01
-1.606311558683713159e+01 -1.314548592567443919e+01
-1.596020278334617615e+01 -1.146710128784179616e+01
-1.647353037198384484e+01 -1.307006678581237757e+01
-1.647274439036846161e+01 -1.292363209724426198e+01
-1.587636983394622803e+01 -1.329360499382019078e+01
-1.640041885773340979e+01 -1.352981901168823242e+01
-1.635131193200747290e+01 -1.279708251953124964e+01
-1.646705091993014136e+01 -1.264165325164794851e+01
-1.629663444558779517e+01 -1.297575488090515172e+01
-1.643233002225558081e+01 -1.279712734222412074e+01
-1.627560247977574548e+01 -1.334383263587951696e+01
-1.658977014819781104e+01 -1.234727971553802561e+01
-1.637161955237388611e+01 -1.346180634498596262e+01
-1.624032557010650635e+01 -1.162381300926208461e+01
-1.628924147288004676e+01 -1.303631811141967844e+01
-1.668137349685033044e+01 -1.272598543167114293e+01
-1.607439150412877282e+01 -1.248059258460998500e+01
-1.620837076505025109e+01 -1.176643004417419469e+01
-1.624634303649266442e+01 -1.336568579673767054e+01
-1.665094219644864282e+01 -1.307613134384155273e+01
-1.647342573602994165e+01 -1.300064473152160716e+01
-1.639882344007492065e+01 -1.267300496101379359e+01
-1.622511060039202491e+01 -1.285672183036804128e+01
-1.596081956227620502e+01 -1.311347222328186035e+01
-1.677140243848164758e+01 -1.300191164016723633e+01
-1.690385471781094751e+01 -1.266066665649413991e+01
-1.682026197512944421e+01 -1.345042490959167480e+01
-1.666365484396616736e+01 -1.327983655929565465e+01
-1.612480541070302209e+01 -1.277526445388793874e+01
-1.652598741650581360e+01 -1.281846556663513148e+01
-1.624862898389498511e+01 -1.297696552276611293e+01
-1.678409201900164405e+01 -1.310471711158752406e+01
-1.666403994957606116e+01 -1.276570200920104980e+01
-1.593753362695376019e+01 -1.270749044418334961e+01
-1.670241836706797400e+01 -1.268982753753662074e+01
-1.676728456219037255e+01 -1.329438438415527379e+01
-1.639371100068092346e+01 -1.317188239097595215e+01
-1.665985732277234277e+01 -1.349877119064331055e+01
-1.668886013825734338e+01 -1.304611039161682129e+01
-1.679582368334134301e+01 -1.212078671455383372e+01
-1.664457967877388000e+01 -1.321039366722106934e+01
-1.605390757322311401e+01 -1.235477104187011754e+01
-1.642812805374463281e+01 -1.321657609939575195e+01
-1.623920439680417260e+01 -1.224504590034484863e+01
-1.653643391529719153e+01 -1.190502514839172399e+01
-1.605011782050132751e+01 -1.316551733016967773e+01
-1.672429775198300561e+01 -1.350695796012878347e+01
-1.628046129147211829e+01 -1.290402388572692871e+01
-1.660500796635945520e+01 -1.294550509452819753e+01
-1.674048654238383094e+01 -1.295415296554565465e+01
-1.636442431807518005e+01 -1.246793222427368164e+01
-1.637125205000241479e+01 -1.366729006767272914e+01
-1.621183028817176819e+01 -1.358796396255493200e+01
-1.640887803832690039e+01 -1.226652941703796351e+01
-1.676416299740473548e+01 -1.295367674827575755e+01
-1.659279974301655969e+01 -1.310614414215087820e+01
-1.666358263293902198e+01 -1.345858035087585414e+01
-1.692613631486892700e+01 -1.322336840629577637e+01
-1.661386744181315223e+01 -1.314921898841857839e+01
-1.652461186051368713e+01 -1.328771214485168528e+01
-1.675469477971394738e+01 -1.284988493919372488e+01
-1.655732634663581848e+01 -1.353203477859497106e+01
-1.678911074995994568e+01 -1.334432973861694371e+01
-1.690510490536689758e+01 -1.242071189880371129e+01
-1.609102032581965247e+01 -1.359606928825378347e+01
-1.694914117455482483e+01 -1.240713515281677282e+01
-1.654785777131716529e+01 -1.162815766334533762e+01
-1.672656778494517127e+01 -1.282666993141174316e+01
-1.675004018346468726e+01 -1.307806563377380371e+01
-1.630275720357894897e+01 -1.355114626884460449e+01
-1.670996441443761071e+01 -1.245620965957641602e+01
-1.671463514367739478e+01 -1.200721645355224609e+01
-1.691409426927566528e+01 -1.307235445976257360e+01
-1.686673259735107422e+01 -1.312467761039733816e+01
-1.657707481582959375e+01 -1.284140377044677805e+01
-1.625276125470797339e+01 -1.312643017768859899e+01
-1.669868303338686744e+01 -1.289294948577880895e+01
-1.659844360748926917e+01 -1.311922726631164515e+01
-1.599239788452784161e+01 -1.187859301567077708e+01
-1.590122220913569073e+01 -1.140265409946441721e+01
-1.643614197770754615e+01 -1.339317836761474645e+01
-1.696747475862503052e+01 -1.351088142395019531e+01
-1.664337585369746009e+01 -1.223348889350891078e+01
-1.652241342266400537e+01 -1.324553546905517543e+01
-1.694587427377700806e+01 -1.333680868148803711e+01
-1.659640462199847022e+01 -1.347582683563232386e+01
-1.656071236729621887e+01 -1.289721465110778809e+01
-1.653750458359718323e+01 -1.297231736183166539e+01
-1.692329515020052710e+01 -1.252207603454589879e+01
-1.663367701570193091e+01 -1.246152167320251536e+01
-1.636479926109313965e+01 -1.217323894500732351e+01
-1.684459300835927209e+01 -1.138666520118713343e+01
-1.663491695125897607e+01 -1.308087882995605433e+01
-1.692445786794026574e+01 -1.315654168128967250e+01
-1.633769943316777429e+01 -1.273681120872497630e+01
-1.664704083402951440e+01 -1.295103845596313441e+01
-1.649114236235618591e+01 -1.209046463966369700e+01
-1.681420960028966149e+01 -1.331399250030517578e+01
-1.697024754683176795e+01 -1.271837463378906286e+01
-1.715285171071688453e+01 -1.252036638259887624e+01
-1.696571733554204187e+01 -1.275716066360473633e+01
-1.718449150522549829e+01 -1.291569485664367711e+01
-1.652764217058817664e+01 -1.230703411102294886e+01
-1.677178391814231873e+01 -1.325211305618286062e+01
-1.624596340457598487e+01 -1.290414276123046911e+01
-1.669806435704231262e+01 -1.264049863815307617e+01
-1.695791896184285363e+01 -1.392928657531738246e+01
-1.691300084193547448e+01 -1.314330444335937464e+01
-1.718667670090993127e+01 -1.166708822250366140e+01
-1.627894014120101929e+01 -1.348196592330932653e+01
-1.682940779129664222e+01 -1.335008831024169851e+01
-1.680927903453509131e+01 -1.305147924423217809e+01
-1.664925734202067176e+01 -1.284987301826476980e+01
-1.687784418463706970e+01 -1.328961410522460973e+01
-1.717460925380389014e+01 -1.326230602264404368e+01
-1.652341192960739136e+01 -1.324887800216674805e+01
-1.720930047829945764e+01 -1.317616181373596262e+01
-1.690025010704994202e+01 -1.213757867813110281e+01
-1.682067239284515381e+01 -1.299623298645019531e+01
-1.650807191928227624e+01 -1.319254007339477575e+01
-1.687779443462689599e+01 -1.346523666381835938e+01
-1.692488940556843957e+01 -1.134050629138946498e+01
-1.714484428366025170e+01 -1.309253721237182688e+01
-1.696909724672635278e+01 -1.228190970420837402e+01
-1.697280944387118140e+01 -1.322233405113220250e+01
-1.713414461414019385e+01 -1.341381349563598668e+01
-1.656809187928835669e+01 -1.321576132774353063e+01
-1.711833637952804565e+01 -1.306437506675720250e+01
-1.737454493840535363e+01 -1.357308173179626465e+01
-1.710138720273971558e+01 -1.295007181167602539e+01
-1.670174067219098291e+01 -1.316971793174743688e+01
-1.709569702545801917e+01 -1.297125678062439036e+01
-1.676696003476778785e+01 -1.260697560310363841e+01
-1.698511786262194434e+01 -1.294279294013977122e+01
-1.650155737996101379e+01 -1.331606287956237722e+01
-1.702224806944529334e+01 -1.259043450355529714e+01
-1.706195648511250695e+01 -1.320533967018127441e+01
-1.704919694860776147e+01 -1.345845675468444824e+01
-1.719434946775436401e+01 -1.313835706710815465e+01
-1.735825922091801843e+01 -1.343701887130737305e+01
-1.666017740964889526e+01 -1.313467817306518626e+01
-1.726893489559491357e+01 -1.290058951377868723e+01
-1.708601722121238708e+01 -1.290371799468994141e+01
-1.705784955620765686e+01 -1.290488801002502406e+01
-1.709309502442677697e+01 -1.304356656074523890e+01
-1.727777780095736304e+01 -1.298189253807067800e+01
-1.670100039243698120e+01 -1.330941247940063477e+01
-1.719876897335052490e+01 -1.283244891166686941e+01
-1.720356184244155884e+01 -1.251788935661315882e+01
-1.677581104636192322e+01 -1.359139742851257360e+01
-1.694736313819885254e+01 -1.280921440124511790e+01
-1.669390284021695336e+01 -1.331709270477294993e+01
-1.704088284571965417e+01 -1.323549547195434606e+01
-1.683569068710009375e+01 -1.391707787513732875e+01
-1.699805613358815393e+01 -1.332523913383483816e+01
-1.732279959321022034e+01 -1.357433028221130300e+01
-1.687296682596206665e+01 -1.128433041572570872e+01
-1.639505025744438171e+01 -1.354732294082641531e+01
-1.707380634546279907e+01 -1.324017267227172923e+01
-1.756512563427289209e+01 -1.316507954597473073e+01
-1.733190326889355859e+01 -1.333007826805114782e+01
-1.744376103083292762e+01 -1.320700097084045410e+01
-1.691689664125442505e+01 -1.289686489105224609e+01
-1.689024194081624231e+01 -1.309667429924011195e+01
-1.594441500306129456e+01 -1.248005537986755442e+01
-1.698576035102208337e+01 -1.127186489105224609e+01
-1.696198648214340210e+01 -1.165231943130493164e+01
-1.700855532288551331e+01 -1.264731359481811523e+01
-1.719672055045763770e+01 -1.207625870704650950e+01
-1.736629839738209924e+01 -1.220398855209350586e+01
-1.673332767685254296e+01 -1.297581281661987340e+01
-1.723771774768829346e+01 -1.289003043174743723e+01
-1.700707408785820007e+01 -1.292666025161743093e+01
-1.684203873078028479e+01 -1.241662981510162389e+01
-1.703932265440623084e+01 -1.265399670600891113e+01
-1.700981856385866919e+01 -1.342799696922302211e+01
-1.731615741054217139e+01 -1.299484047889709437e+01
-1.728515592217445374e+01 -1.311314468383789134e+01
-1.727432944377263269e+01 -1.279763946533203089e+01
-1.720270260175069055e+01 -1.290405063629150462e+01
-1.660715233286221704e+01 -1.176853899955749583e+01
-1.662895420193672180e+01 -1.247120666503906250e+01
-1.703333369890848914e+01 -1.243411402702331614e+01
-1.689291374882062158e+01 -1.276437573432922434e+01
-1.725699710845947266e+01 -1.294683432579040527e+01
-1.733802277843157569e+01 -1.336424288749694789e+01
-1.743692019581794739e+01 -1.252130260467529332e+01
-1.694696695605913916e+01 -1.339985966682434082e+01
-1.681901124119758606e+01 -1.354144439697265589e+01
-1.776462133725484094e+01 -1.300960597991943324e+01
-1.715347337722778320e+01 -1.260142040252685547e+01
-1.703546457489331445e+01 -1.295549554824829031e+01
-1.681245637933413306e+01 -1.247246651649475169e+01
-1.714673265814781189e+01 -1.310013017654418910e+01
-1.692191217343012610e+01 -1.300061416625976562e+01
-1.726550470789273461e+01 -1.252552924156188929e+01
-1.625167778134346008e+01 -1.303917670249938965e+01
-1.749978884061177453e+01 -1.280144033432006800e+01
-1.742377722263336182e+01 -1.271796143054962158e+01
-1.724746041496594628e+01 -1.343046288490295481e+01
-1.728296641508738318e+01 -1.281241703033447266e+01
-1.705787172913551331e+01 -1.331934151649475062e+01
-1.751078331470489502e+01 -1.364063162803649831e+01
-1.703980898857116699e+01 -1.284159779548645020e+01
-1.716637998819351196e+01 -1.304212927818298340e+01
-1.682696441809336463e+01 -1.306347327232360911e+01
-1.718535168965657434e+01 -1.336432785987853933e+01
-1.782153643170992652e+01 -1.343147382736206019e+01
-1.749250874916712561e+01 -1.351315855979919434e+01
-1.726290036241213599e+01 -1.253850078582763672e+01
-1.689477741718292236e+01 -1.284833097457885742e+01
-1.730502800146738807e+01 -1.315604562759399343e+01
-1.731731831034024438e+01 -1.271195540428161586e+01
-1.707940621177355567e+01 -1.351673064231872523e+01
-1.751182848215103149e+01 -1.345526309013366628e+01
-1.732763661940892419e+01 -1.311765556335449290e+01
-1.738432506720225135e+01 -1.381692814826965332e+01
-1.779040105144182959e+01 -1.302108755111694371e+01
-1.774285668134689331e+01 -1.323420238494873047e+01
-1.788926148414611816e+01 -1.325477876663208043e+01
-1.742884662747383118e+01 -1.220806117057800222e+01
-1.719537513454755029e+01 -1.328086018562316895e+01
-1.730143530170122901e+01 -1.306788363456726110e+01
-1.734817105531692505e+01 -1.290908832550048757e+01
-1.726977130770683289e+01 -1.320794639587402308e+01
-1.709677375356356421e+01 -1.224679117202758860e+01
-1.626770082116127014e+01 -1.377860908508300852e+01
-1.746304824948310852e+01 -1.297753744125366282e+01
-1.728869173924128333e+01 -1.232157425880432200e+01
-1.740139943361282349e+01 -1.301184859275817907e+01
-1.756253165006637573e+01 -1.198394570350646937e+01
-1.735990364352862159e+01 -1.229478330612182546e+01
-1.702332824468612671e+01 -1.248444523811340368e+01
-1.743396566311518470e+01 -1.300121207237243581e+01
-1.763162753979365149e+01 -1.294709067344665598e+01
-1.782841162880261621e+01 -1.249530773162841868e+01
-1.745710489153862000e+01 -1.328565163612365652e+01
-1.745656050244967261e+01 -1.286152691841125417e+01
-1.698111250996589661e+01 -1.277975654602050781e+01
-1.770024382074673852e+01 -1.345489048957824707e+01
-1.750646268328030786e+01 -1.322827725410461497e+01
-1.770564188559849939e+01 -1.330880846977233922e+01
-1.751435785492261132e+01 -1.309877266883850133e+01
-1.772489841779072961e+01 -1.319417934417724680e+01
-1.762776750326156616e+01 -1.303042507171630859e+01
-1.678837035099665442e+01 -1.317147903442382884e+01
-1.719816508889198303e+01 -1.333844976425170969e+01
-1.723990191022555152e+01 -1.283696599006652761e+01
-1.705753805239995202e+01 -1.325276784896850657e+01
-1.697409708301226416e+01 -1.318116366863250732e+01
-1.781761356194813928e+01 -1.348482799530029297e+01
-1.779760641853014747e+01 -1.283604435920715403e+01
-1.770494201779365540e+01 -1.262175431251525914e+01
-1.706163887182871619e+01 -1.310277051925659109e+01
-1.745992236336072168e+01 -1.347393765449523961e+01
-1.747558349370956421e+01 -1.341835021972656250e+01
-1.772766825556755066e+01 -1.300574350357055664e+01
-1.738560892144839087e+01 -1.264968605041503835e+01
-1.711986623207728186e+01 -1.295452218055725169e+01
-1.798971246679623803e+01 -1.300566048622131277e+01
-1.730639923612276831e+01 -1.261126170158386195e+01
-1.734650508562723914e+01 -1.289063992500305211e+01
-1.729617168505986413e+01 -1.297560248374938929e+01
-1.704333944121996680e+01 -1.273834285736083949e+01
-1.726407132546107093e+01 -1.353241610527038574e+01
-1.696193018555641174e+01 -1.163359022140502930e+01
-1.655057142178217688e+01 -1.193267021179199183e+01
-1.742363305886586389e+01 -1.292608914375305140e+01
-1.762345463037490845e+01 -1.273513998985290563e+01
-1.792698801557223121e+01 -1.302739863395690989e+01
-1.749864135185877601e+01 -1.308633170127868617e+01
-1.668374559283256531e+01 -1.254127740859985352e+01
-1.800411687294642249e+01 -1.291319923400878977e+01
-1.722470745444297791e+01 -1.283238625526428223e+01
-1.758614840110142907e+01 -1.266781487464904821e+01
-1.787624893585840979e+01 -1.178446455001830984e+01
-1.774711150924364844e+01 -1.238944463729858469e+01
-1.697238654891650000e+01 -1.310229578018188512e+01
-1.751579506198565284e+01 -1.299346966743469167e+01
-1.776978706320126733e+01 -1.334438567161560130e+01
-1.744382315874099731e+01 -1.251899194717407227e+01
-1.728141380349795142e+01 -1.312088971138000559e+01
-1.776944310466448584e+01 -1.311526412963867116e+01
-1.756353711088498315e+01 -1.339495959281921422e+01
-1.724602399269739905e+01 -1.321216177940368652e+01
-1.744572562972704688e+01 -1.332410497665405202e+01
-1.750413060188293457e+01 -1.323087167739868164e+01
-1.753639988104502478e+01 -1.253081598281860387e+01
-1.757937640945116797e+01 -1.357352075576782191e+01
-1.724627648790677270e+01 -1.274406521320343089e+01
-1.775201696157455444e+01 -1.271016068458557058e+01
-1.705986420313517371e+01 -1.295832386016845739e+01
-1.753661677241325378e+01 -1.303997211456298899e+01
-1.719814876715342322e+01 -1.198477287292480398e+01
-1.708272856473922729e+01 -1.338371872901916504e+01
-1.706270384788513184e+01 -1.305028343200683594e+01
-1.796980463465054711e+01 -1.267959728240966832e+01
-1.736904557545979699e+01 -1.259062275886535609e+01
-1.746380213896433631e+01 -1.336682810783386266e+01
-1.791283238927523414e+01 -1.268672437667846609e+01
-1.747944930195808411e+01 -1.242321405410766566e+01
-1.728086214264233789e+01 -1.260853052139282227e+01
-1.784583034118016442e+01 -1.329500203132629466e+01
-1.792621232072512427e+01 -1.310371570587158274e+01
-1.785887585083643714e+01 -1.322503399848937988e+01
-1.753136041760444641e+01 -1.338455739021301305e+01
-1.776931783556938171e+01 -1.311801142692565847e+01
-1.801300110419591149e+01 -1.329328727722167969e+01
-1.782311713695526123e+01 -1.301891837120056117e+01
-1.747112054626147071e+01 -1.227851147651672292e+01
-1.797276932001113892e+01 -1.323811755180358851e+01
-1.715222978591918945e+01 -1.157570128440857005e+01
-1.781148142615954200e+01 -1.279665532112121618e+01
-1.769026974836985389e+01 -1.362050175666809082e+01
-1.758494137724240503e+01 -1.231604881286621023e+01
-1.733317859967549524e+01 -1.241824784278869664e+01
-1.772753112514813623e+01 -1.236256718635559082e+01
-1.765643108884493628e+01 -1.232834720611572266e+01
-1.670539723833401879e+01 -1.324480443000793528e+01
-1.741804596781730652e+01 -1.328383922576904297e+01
-1.780282997091611108e+01 -1.291345853805541921e+01
-1.788390538096427917e+01 -1.315175933837890554e+01
-1.797929742932319641e+01 -1.227061195373535085e+01
-1.766223931312561035e+01 -1.318797755241394043e+01
-1.783407825231552124e+01 -1.344196004867553640e+01
-1.772347787022590637e+01 -1.339183306694030762e+01
-1.698643079400062561e+01 -1.348340082168579102e+01
-1.750540252526601037e+01 -1.315466513633728063e+01
-1.768652820587158203e+01 -1.260210046768188441e+01
-1.755790270368258277e+01 -1.286563749313354421e+01
-1.752435230215390405e+01 -1.087807326316833567e+01
-1.741493438680966577e+01 -1.295406284332275426e+01
-1.812436002492904663e+01 -1.307321367263793910e+01
-1.793853512406349182e+01 -1.263105525970459020e+01
-1.782105242212613305e+01 -1.284379525184631277e+01
-1.782051990429560462e+01 -1.301366891860961950e+01
-1.760117301344871521e+01 -1.323083772659301793e+01
-1.763516940673192224e+01 -1.304781570434570348e+01
-1.807835659384727478e+01 -1.295521340370178187e+01
-1.791961066921551904e+01 -1.317708792686462438e+01
-1.807574363549550256e+01 -1.323706054687500000e+01
-1.780953299999237061e+01 -1.331350646018981898e+01
-1.766689503192901611e+01 -1.240080046653747559e+01
-1.758793493111928186e+01 -1.229885163307189977e+01
-1.709422739346821984e+01 -1.310070013999938965e+01
-1.755328208208084106e+01 -1.282250041961669851e+01
-1.802787230412165442e+01 -1.314373970031738281e+01
-1.733466514945030212e+01 -1.340753097534179616e+01
-1.757372770706812659e+01 -1.319585351943969798e+01
-1.822566775480906287e+01 -1.290534543991088867e+01
-1.771600222587585449e+01 -1.289261939525604284e+01
-1.815535724163055420e+01 -1.341910514831542933e+01
-1.780342397093772888e+01 -1.318607668876648020e+01
-1.789015890161196509e+01 -1.246581845283508372e+01
-1.771958555777867517e+01 -1.195039112567901540e+01
-1.760576385259628296e+01 -1.311229228973388672e+01
-1.774964247147242347e+01 -1.274432830810546946e+01
-1.748617500066757202e+01 -1.287335147857666051e+01
-1.781636070211728295e+01 -1.307131104469299387e+01
-1.789974959691365441e+01 -1.304083552360534703e+01
-1.744674385587374488e+01 -1.285714302062988246e+01
-1.797351125876108924e+01 -1.333192615509033274e+01
-1.736455100774765015e+01 -1.297536220550537145e+01
-1.777822677294413367e+01 -1.301304907798767019e+01
-1.762160457173983374e+01 -1.317034459114074707e+01
-1.818508046865463257e+01 -1.341138110160827601e+01
-1.812028168638547143e+01 -1.317704825401306223e+01
-1.792352279027302941e+01 -1.319751620292663574e+01
-1.791506471236546716e+01 -1.238601903915405344e+01
-1.703255024552345276e+01 -1.328406648635864329e+01
-1.732578215003013611e+01 -1.317168812751770091e+01
-1.803245959679285804e+01 -1.326340322494506907e+01
-1.801186124483744422e+01 -1.321694018840789830e+01
-1.784294603268305579e+01 -1.219835119247436594e+01
-1.767631615201632300e+01 -1.241580619812011754e+01
-1.748651474714279175e+01 -1.341817550659179759e+01
-1.775663466254870215e+01 -1.304623441696167063e+01
-1.768048345049222192e+01 -1.340626096725463867e+01
-1.751674251755078515e+01 -1.258926310539245641e+01
-1.812300039331118384e+01 -1.290656647682189906e+01
-1.753257463375727454e+01 -1.303773255348205495e+01
-1.756083471576372901e+01 -1.324756202697753871e+01
-1.810523092746734619e+01 -1.283520483970642090e+01
-1.834919708967208862e+01 -1.317628459930419993e+01
-1.705512150128682336e+01 -1.141105494499206507e+01
-1.721614541113376617e+01 -1.256957244873046875e+01
-1.673095661091307917e+01 -1.280420994758605957e+01
-1.779940460125605384e+01 -1.320934801101684641e+01
-1.761423248052597046e+01 -1.243734583854675257e+01
-1.791287370522816857e+01 -1.308355631828308141e+01
-1.729736049969990930e+01 -1.276274256706237864e+01
-1.782054749131202698e+01 -1.291753072738647390e+01
-1.818540126085281372e+01 -1.334885144233703613e+01
-1.819723382592201233e+01 -1.277547740936279297e+01
-1.830125334858894348e+01 -1.271259188652038574e+01
-1.766877782344818115e+01 -1.342876853942871129e+01
-1.789942721525828162e+01 -1.317990322113037038e+01
-1.805123981833457947e+01 -1.342545709609985316e+01
-1.795701057712237159e+01 -1.274621925354003871e+01
-1.848981594045956811e+01 -1.319626169204711985e+01
-1.840660766760508338e+01 -1.244671254158020091e+01
-1.792582482099533081e+01 -1.225749917030334402e+01
-1.761761564016342163e+01 -1.321242027282714915e+01
-1.786567623416582862e+01 -1.346654944419860911e+01
-1.833858912189801416e+01 -1.308714523315429723e+01
-1.804900299509366235e+01 -1.267231602668762136e+01
-1.843143626054127893e+01 -1.283110799789428746e+01
-1.840040058890978614e+01 -1.283836975097656286e+01
-1.841966377695401391e+01 -1.273283324241638148e+01
-1.782615567247072974e+01 -1.298889074325561488e+01
-1.807144014040629187e+01 -1.224137711524963379e+01
-1.807856855789820472e+01 -1.328714566230773997e+01
-1.786837586760520935e+01 -1.293396735191345215e+01
-1.811201211810112000e+01 -1.314315080642700195e+01
-1.773763279120127478e+01 -1.333213944435119558e+01
-1.744746499260266503e+01 -1.179230008125305140e+01
-1.811545046170552453e+01 -1.268412089347839355e+01
-1.771477101246516028e+01 -1.347019033432006907e+01
-1.798394877711931983e+01 -1.244038619995117223e+01
-1.778491639097531518e+01 -1.289126734733581614e+01
-1.793877679109573364e+01 -1.333062129020690989e+01
-1.797260282437006751e+01 -1.328430490493774485e+01
-1.856438455979029456e+01 -1.247981700897216761e+01
-1.861773762106895447e+01 -1.294494152069091797e+01
-1.811473578214645386e+01 -1.299333505630493235e+01
-1.792526146769523621e+01 -1.300129876136779750e+01
-1.811193615198135376e+01 -1.322349014282226598e+01
-1.719196912646293640e+01 -1.285185604095459055e+01
-1.816033763686816016e+01 -1.343234543800354075e+01
-1.745280640323956689e+01 -1.266019606590270996e+01
-1.749061219890912255e+01 -1.297979741096496653e+01
-1.801765017708142480e+01 -1.302290658950805735e+01
-1.826132745544115821e+01 -1.268853273391723668e+01
-1.810814058780670166e+01 -1.356269965171813929e+01
-1.808360333244005957e+01 -1.324446916580200195e+01
-1.822685320178667823e+01 -1.250794129371643137e+01
-1.842014709115028381e+01 -1.278826849460601878e+01
-1.768153955539067468e+01 -1.295047402381896973e+01
-1.811208454767863074e+01 -1.272381935119628871e+01
-1.769461379448572913e+01 -1.311527252197265625e+01
-1.799987016121546546e+01 -1.244127645492553746e+01
-1.764375706513722619e+01 -1.297666006088256907e+01
-1.791056119402249536e+01 -1.317117300033569371e+01
-1.774078589677810669e+01 -1.299242749214172399e+01
-1.807438204685847083e+01 -1.269955096244811976e+01
-1.821809064348538598e+01 -1.265934987068176198e+01
-1.780215460062026978e+01 -1.288600392341613698e+01
-1.802903694907824317e+01 -1.276365175247192418e+01
-1.792173492908477783e+01 -1.282792387008666957e+01
-1.831316985686619958e+01 -1.268570637702941895e+01
-1.813928625981013099e+01 -1.301276204586029017e+01
-1.811119582255681237e+01 -1.311906080245971751e+01
-1.855952788392702857e+01 -1.216025838851928675e+01
-1.739244121313095093e+01 -1.238314585685730052e+01
-1.850845707456270972e+01 -1.332827076911926234e+01
-1.841437466939290246e+01 -1.327846193313598633e+01
-1.789249967535336694e+01 -1.232074027061462473e+01
-1.840575339396794519e+01 -1.290617475509643519e+01
-1.828445452451705933e+01 -1.318509898185729945e+01
-1.800770089030265808e+01 -1.354450883865356481e+01
-1.802436640858650208e+01 -1.308586158752441442e+01
-1.811487655838330468e+01 -1.234842138290405344e+01
-1.795313572883605957e+01 -1.327447094917297399e+01
-1.812128047148386756e+01 -1.305325598716735769e+01
-1.717367850740750512e+01 -1.313587255477905202e+01
-1.810609050591786584e+01 -1.245722155570983958e+01
-1.710586775342623511e+01 -1.144470410346984934e+01
-1.806397437055905542e+01 -1.307039022445678711e+01
-1.817233103513717651e+01 -1.275653333663940359e+01
-1.781563839316368103e+01 -1.295094513893127441e+01
-1.843204633394877234e+01 -1.237404332160949672e+01
-1.839768679936726770e+01 -1.258508729934692383e+01
-1.677388276656468591e+01 -1.297920165061950648e+01
-1.782209794720013818e+01 -1.269044098854064906e+01
-1.825622332096099854e+01 -1.334782299995422328e+01
-1.801889853676160058e+01 -1.294522066116332937e+01
-1.790177664160728455e+01 -1.232710762023925710e+01
-1.804742879668871680e+01 -1.308100185394287074e+01
-1.806044102708498755e+01 -1.295592656135559118e+01
-1.833344808220863342e+01 -1.286856646537780691e+01
-1.801016668478647986e+01 -1.316814036369323659e+01
-1.772553780674934387e+01 -1.283581829071044922e+01
-1.846869514385859290e+01 -1.241521387100219798e+01
-1.850456924239794532e+01 -1.305968732833862234e+01
-1.814863150318463525e+01 -1.336837735176086461e+01
-1.831843468546867371e+01 -1.208657865524292063e+01
-1.801809637745221337e+01 -1.311057825088500906e+01
-1.849512662490208825e+01 -1.320777378082275355e+01
-1.781846657395362854e+01 -1.315479626655578649e+01
-1.774956070383389672e+01 -1.311175265312194860e+01
-1.791988911231358728e+01 -1.290264835357666051e+01
-1.833266863226890564e+01 -1.303064889907836843e+01
-1.816324819127718726e+01 -1.312391891479492223e+01
-1.798971853653590003e+01 -1.322939295768737722e+01
-1.864459361632664880e+01 -1.303026204109191966e+01
-1.837100327014923096e+01 -1.225503592491149973e+01
-1.801091313362121582e+01 -1.327281384468078684e+01
-1.819564374287923059e+01 -1.277755451202392578e+01
-1.815664990743001184e+01 -1.244047546386718750e+01
-1.789325223366419593e+01 -1.262786402702331578e+01
-1.838594080011050025e+01 -1.260392470359802175e+01
-1.836751461029052734e+01 -1.312449579238891673e+01
-1.838929209113121033e+01 -1.301632471084594656e+01
-1.847038398186365882e+01 -1.317066268920898509e+01
-1.841430892546971521e+01 -1.317073268890380788e+01
-1.840861400961875916e+01 -1.257326278686523402e+01
-1.820351338386535645e+01 -1.305461587905883825e+01
-1.859060101707776269e+01 -1.278589386940002370e+01
-1.843669399619102478e+01 -1.281792664527893066e+01
-1.838493691881497583e+01 -1.220310215950012278e+01
-1.818842103083928308e+01 -1.365347151756286692e+01
-1.865126628677050391e+01 -1.278347229957580566e+01
-1.795261029402415076e+01 -1.341135449409484792e+01
-1.799456243713696679e+01 -1.300538945198059082e+01
-1.834840200344721595e+01 -1.306340689659118581e+01
-1.720456905166308204e+01 -1.174303302764892543e+01
-1.744606019059817115e+01 -1.316416940689086879e+01
-1.857689881324768066e+01 -1.325239067077636790e+01
-1.823514355222384253e+01 -1.318926072120666504e+01
-1.738429700334866723e+01 -1.279637913703918528e+01
-1.849913984537124634e+01 -1.180951647758483958e+01
-1.838281486431757727e+01 -1.290946941375732493e+01
-1.850355630119641503e+01 -1.249791772365569997e+01
-1.865614045659701148e+01 -1.263354091644287180e+01
-1.823061494032542029e+01 -1.305731425285339320e+01
-1.843240576982498169e+01 -1.307091603279113734e+01
-1.835373916228612146e+01 -1.307016415596008230e+01
-1.861786312858263770e+01 -1.260316829681396555e+01
-1.861977913975715637e+01 -1.276253051757812429e+01
-1.783685520291328430e+01 -1.247277245521545375e+01
-1.850647444526354590e+01 -1.244584679603576660e+01
-1.847057898839314660e+01 -1.252965083122253453e+01
-1.827649577458699426e+01 -1.188271017074584890e+01
-1.776300014058748999e+01 -1.299626746177673375e+01
-1.883663558959960938e+01 -1.209656777381897008e+01
-1.830733108520507812e+01 -1.313010740280151367e+01
-1.836211165785789490e+01 -1.298946447372436452e+01
-1.733941318591435632e+01 -1.305158686637878418e+01
-1.813240472475687781e+01 -1.314187250137329066e+01
-1.804797704021136084e+01 -1.244453935623169016e+01
-1.855339567859967431e+01 -1.295905504226684535e+01
-1.824871676166852197e+01 -1.334558210372924769e+01
-1.823510356744130334e+01 -1.349254150390624929e+01
-1.888029430309931556e+01 -1.306170687675476039e+01
-1.813605644305546960e+01 -1.317860116958618200e+01
-1.848456833759943763e+01 -1.301074581146240305e+01
-1.807447815934817115e+01 -1.290932741165161168e+01
-1.834107347329457482e+01 -1.315724000930786097e+01
-1.837816695372263709e+01 -1.274063177108764577e+01
-1.831067698200543603e+01 -1.199545912742614817e+01
-1.802052770058314124e+01 -1.314540233612060582e+01
-1.852770465612411499e+01 -1.270579280853271520e+01
-1.854429632425308228e+01 -1.268547773361206055e+01
-1.903571267922719201e+01 -1.335902132987976110e+01
-1.747919606169064721e+01 -1.263735189437866246e+01
-1.782054894169171533e+01 -1.270555777549743581e+01
-1.775604663292567054e+01 -1.226843652725219691e+01
-1.763394384582837304e+01 -1.279661278724670481e+01
-1.812430350979169091e+01 -1.279991207122802699e+01
-1.828031986951828003e+01 -1.317542572021484304e+01
-1.826882853110631189e+01 -1.329357428550720144e+01
-1.835524614651997766e+01 -1.306476025581359934e+01
-1.849807457129160682e+01 -1.345847663879394496e+01
-1.878736279408137122e+01 -1.311584000587463450e+01
-1.886558074752489844e+01 -1.288791961669921804e+01
-1.869090936581293860e+01 -1.315300869941711426e+01
-1.825226005911827087e+01 -1.306676898002624476e+01
-1.846801927685737610e+01 -1.283920960426330637e+01
-1.836513648430506507e+01 -1.273795571327209508e+01
-1.853452701369921485e+01 -1.287652258872985911e+01
-1.850251606106758118e+01 -1.255940318107604980e+01
-1.830535148580868920e+01 -1.224335999488830495e+01
-1.818194869160652161e+01 -1.310442461967468297e+01
-1.824848580360412598e+01 -1.278511638641357351e+01
-1.905907811721165857e+01 -1.334949183464050293e+01
-1.898464787006378174e+01 -1.286586112976074148e+01
-1.825646288196245948e+01 -1.286671466827392507e+01
-1.804408673445383826e+01 -1.273831734657287562e+01
-1.831700209776560584e+01 -1.239232926368713450e+01
-1.888515750567118445e+01 -1.277270126342773438e+01
-1.845118171970049659e+01 -1.306346282958984339e+01
-1.782164918382962426e+01 -1.336660151481628489e+01
-1.876287485162417212e+01 -1.138882174491882360e+01
-1.737213072180747986e+01 -1.289780039787292409e+01
-1.849899358550707618e+01 -1.286210856437683070e+01
-1.881268360217412194e+01 -1.284891819953918457e+01
-1.875766738255818566e+01 -1.303956999778747594e+01
-1.849916026989619056e+01 -1.297760758399963343e+01
-1.800291337569554528e+01 -1.265300779342651438e+01
-1.695608778794606408e+01 -1.247772631645202601e+01
-1.810620684425036231e+01 -1.281260080337524343e+01
-1.864179037014643470e+01 -1.295158319473266673e+01
-1.863411066929499427e+01 -1.277183723449707031e+01
-1.897807617982228479e+01 -1.287225174903869629e+01
-1.862148704131444177e+01 -1.274252200126647949e+01
-1.854633373022079468e+01 -1.234654364585876429e+01
-1.723495705922444543e+01 -1.144126510620117188e+01
-1.751276773214340210e+01 -1.347573037147521902e+01
-1.836721338828404626e+01 -1.272993831634521555e+01
-1.807073523600896081e+01 -1.274800696372985875e+01
-1.874106672406196594e+01 -1.282390842437744105e+01
-1.796028229594230652e+01 -1.325406060218811000e+01
-1.836170140902201453e+01 -1.263407254219055176e+01
-1.840834216276804725e+01 -1.258665146827697789e+01
-1.835667832692464074e+01 -1.244686489105224680e+01
-1.857359514633814612e+01 -1.249718046188354492e+01
-1.855338005224863807e+01 -1.290256681442260778e+01
-1.877925525108973304e+01 -1.276020841598510813e+01
