# Train Val
-1.313017144735823294e+01 -2.522081119135806304e+01
-2.389026840696943665e+01 -2.592192664899324228e+01
-2.456900543354927180e+01 -2.743100246630216787e+01
-2.503719659561806665e+01 -2.699433803558349609e+01
-2.671459826002729798e+01 -2.744255728470651690e+01
-2.583886072990742022e+01 -2.812339727502120112e+01
-2.687746998604307791e+01 -2.206849921377081714e+01
-2.711698884152351496e+01 -2.541406992862098946e+01
-2.738841828894107877e+01 -2.872336477982370440e+01
-2.793149865941798282e+01 -2.859088430906597011e+01
-2.727867285748745374e+01 -2.640922586541426753e+01
-2.822034660298773545e+01 -2.643743193776984057e+01
-2.686484889781221597e+01 -2.755526321812680024e+01
-2.757752984635373394e+01 -2.801828695598401353e+01
-2.860464881328826081e+01 -2.851493704946417651e+01
-2.836382697490935456e+01 -2.897458086515727871e+01
-2.761344717918558445e+01 -2.571397138896741197e+01
-2.725144988932508028e+01 -2.744331585733513990e+01
-2.776039617619615996e+01 -2.844405304758172193e+01
-2.825031682278247658e+01 -2.896767731716758476e+01
-2.725330561272641461e+01 -2.852332240656802398e+01
-2.868263255788924937e+01 -2.840430846967195322e+01
-2.774092897455743056e+01 -2.576908061378880532e+01
-2.710815095901489258e+01 -2.840005899730481431e+01
-2.821983667130166040e+01 -2.903548115178158540e+01
-2.889644770926617667e+01 -2.765083067040694331e+01
-2.840607073966492990e+01 -2.826103893079255869e+01
-2.814101975014869339e+01 -2.539211614508377934e+01
-2.807495261253194485e+01 -2.822165489196777344e+01
-2.877127847265689908e+01 -2.755517578125000000e+01
-2.798859076804303214e+01 -2.841472946970086255e+01
-2.930591579193764673e+01 -2.825301863017834947e+01
-2.903546502742361568e+01 -2.769729353252209947e+01
-2.827405999569182526e+01 -2.906189777976588218e+01
-2.901082251934294831e+01 -2.697753740611829087e+01
-2.884121922229198631e+01 -2.863832388426128261e+01
-2.907361317695455227e+01 -1.871698816199051763e+01
-2.859077695075501779e+01 -2.809269373040450191e+01
-2.868789624153299656e+01 -2.938585396816856132e+01
-2.827352679029424110e+01 -2.817342728062680024e+01
-2.853492837256573722e+01 -2.606862529955412100e+01
-2.812057124807479624e+01 -2.960892330972771802e+01
-2.929515988776024216e+01 -2.818708741037469068e+01
-2.915540411117229169e+01 -2.886162888376336255e+01
-2.867573093860707445e+01 -2.936288577631900054e+01
-2.862206761380459241e+01 -2.447354417098195967e+01
-2.925001137307349808e+01 -2.911873295432642905e+01
-2.939776995841492990e+01 -2.863887500762939453e+01
-2.914883034280006058e+01 -2.750248196250513999e+01
-2.958276744599038111e+01 -2.949700551283986982e+01
-2.887163232235198151e+01 -2.771214018369975918e+01
-2.933183981509919036e+01 -2.125876918591951181e+01
-2.833522743874407723e+01 -2.902407038839239917e+01
-2.922861414767326238e+01 -2.735903443788227207e+01
-2.941233093180554903e+01 -2.820384778474506504e+01
-2.901783162989514864e+01 -2.708322610353168614e+01
-2.956098889290018406e+01 -2.674152414422286128e+01
-2.856345440479035247e+01 -2.752661634746350572e+01
-2.983048717011796569e+01 -2.941645973607113618e+01
-2.986694623054341946e+01 -2.788809545416581059e+01
-2.940211419856294839e+01 -2.352926334581876944e+01
-2.925215501988187583e+01 -2.708362905602706050e+01
-2.954844875538602622e+01 -2.518575236671849282e+01
-2.949976180462126862e+01 -2.839440059661865234e+01
-2.935224433655434595e+01 -2.879960642362895840e+01
-2.952329551412704234e+01 -2.582496005610415679e+01
-2.990779855403494381e+01 -2.907501567037482104e+01
-2.991125324939159569e+01 -2.950316203267950854e+01
-2.978585439032696769e+01 -2.904181967283550136e+01
-2.940615070627090688e+01 -2.908837714948152353e+01
-2.964592905247464927e+01 -2.891010881725110337e+01
-2.889345705762822547e+01 -2.864255443372224619e+01
-2.903388322160598989e+01 -2.668437656603361319e+01
-2.903283892286584589e+01 -2.888460912202533848e+01
-2.905256453980790710e+01 -2.239309516705964853e+01
-2.867607937467859003e+01 -2.932864816565262700e+01
-3.005509227387448590e+01 -2.875582529369153306e+01
-3.018413133824125083e+01 -2.757599634873239580e+01
-2.938351442458781904e+01 -2.936095990632709629e+01
-2.913844638175152824e+01 -2.833493739680239898e+01
-2.968763525942538806e+01 -2.844026701073897456e+01
-3.007885632616408245e+01 -2.826371499111778007e+01
-2.955555102165709158e+01 -2.662022163993433921e+01
-3.019001077083830964e+01 -2.927833496896844068e+01
-2.956260553319403428e+01 -2.864175214265522129e+01
-2.987619472057261305e+01 -2.945400544216758476e+01
-2.953763374369195205e+01 -2.709134920019852544e+01
-3.022316441637404338e+01 -2.921232243588096367e+01
-3.068375713267224825e+01 -2.867624092102050781e+01
-3.012226749988312591e+01 -2.909835705004240225e+01
-3.023989982807889731e+01 -2.946790599822998047e+01
-2.983741583722703083e+01 -2.736354521701210274e+01
-2.974519996440157144e+01 -2.842154121398925781e+01
-3.006228063461628253e+01 -2.942607814387271148e+01
-3.046493140687333678e+01 -2.919501103852924473e+01
-3.002589800002727216e+01 -2.468791178653114571e+01
-2.978915256135007184e+01 -2.743267646588777353e+01
-3.034186658453434049e+01 -2.943002560264185874e+01
-3.023213497121283311e+01 -2.947250125282689126e+01
-2.999374983158517338e+01 -2.708521215539229487e+01
-3.019472087697779727e+01 -2.929581571880139634e+01
-3.023146386856728540e+01 -2.633047274539345040e+01
-2.997772136647650498e+01 -2.852568907486764971e+01
-3.036486952355567581e+01 -2.912287235260009766e+01
-2.979051828384399414e+01 -2.912559423948589199e+01
-2.951267006042155927e+01 -2.847546487105520185e+01
-2.976755732678352473e+01 -2.628762315448961928e+01
-3.013396885039958661e+01 -2.847201934613679697e+01
-2.989032258378698614e+01 -2.839147105969880869e+01
-3.047905440026141122e+01 -2.807312759600187491e+01
-3.030904772941102365e+01 -2.870234138087222320e+01
-3.061376270334771377e+01 -2.930700427607485992e+01
-2.933123717409499065e+01 -2.166280676189221666e+01
-2.980588874411075651e+01 -2.895237777107640298e+01
-2.994179056045856768e+01 -2.908083258177104824e+01
-3.064524631297334878e+01 -2.952293827659205405e+01
-3.065372301669831145e+01 -2.930679266076338862e+01
-2.977261341379043813e+01 -2.841866869675485674e+01
-3.047413944690785570e+01 -2.932103533493845049e+01
-3.051082518760194162e+01 -2.864852323030170567e+01
-2.976002412146710441e+01 -2.717446186667994468e+01
-2.932213180623156035e+01 -2.825959521845767242e+01
-3.033014620111343618e+01 -2.870738104770057930e+01
-3.029838643175490276e+01 -2.793847967448987291e+01
-3.027294580987159378e+01 -2.893156453182822929e+01
-3.094826577572112214e+01 -2.917645840895803389e+01
-3.031691453811970050e+01 -2.936046279104132495e+01
-3.103677517302492816e+01 -2.860422556023848628e+01
-3.024924023607944079e+01 -2.717913833417390634e+01
-3.064128184825815993e+01 -2.547568808103862636e+01
-2.925829132567060853e+01 -2.846641881842362309e+01
-2.994753525104928471e+01 -2.935847633763363618e+01
-2.947548151016235352e+01 -2.837806937569066079e+01
-3.034999484204231379e+01 -2.751193131898578770e+01
-2.995757432694130884e+01 -2.885536234002364253e+01
-3.048813082309479583e+01 -2.866181428808915044e+01
-3.051896527472962717e+01 -2.921525809639378579e+01
-3.071763235457400043e+01 -2.914902240351626617e+01
-3.091478659244294036e+01 -2.902979614860133140e+01
-3.093926317133801973e+01 -2.914631918856971993e+01
-3.094169496982655687e+01 -2.924121962095561855e+01
-3.103517283784582403e+01 -2.906664326316431968e+01
-3.075569050362769730e+01 -2.791076700310958003e+01
-3.088701294838114109e+01 -2.848334493135151035e+01
-3.040505153574842012e+01 -2.697444443953664717e+01
-3.070892343115299283e+01 -2.829236231352153652e+01
-3.039782251195704532e+01 -2.880198910361842124e+01
-3.075392940196585201e+01 -2.856734983544600581e+01
-3.112768821513399331e+01 -2.481868196788586900e+01
-2.995281201220573308e+01 -2.929782355459112964e+01
-3.104717116660260245e+01 -2.780306871313797856e+01
-3.015338289991338172e+01 -2.837571781559994477e+01
-3.059116107859509981e+01 -2.881751311452765307e+01
-3.102159420987392835e+01 -2.822722781331915698e+01
-3.104281704476539261e+01 -2.909607159463982740e+01
-3.079369770212376523e+01 -2.836347680342824873e+01
-3.104386342839991642e+01 -2.707156592921206695e+01
-3.062432037515843319e+01 -2.870043689326235992e+01
-3.035908755850284635e+01 -2.754239368438720703e+01
-3.104246622450808246e+01 -2.829806086891575845e+01
-3.111242847239717690e+01 -2.842707167173686855e+01
-3.061123285902307245e+01 -2.839929420069644195e+01
-3.101618752581007854e+01 -2.922047057904695322e+01
-3.057267363527988024e+01 -2.605586960441187827e+01
-3.035750569688513067e+01 -2.913828066775673165e+01
-3.066019171856819270e+01 -2.862682774192408530e+01
-3.061177620989210979e+01 -2.896639502675909839e+01
-3.122664969018165237e+01 -2.852997368260433930e+01
-3.110356074191154363e+01 -2.842317174610338881e+01
-3.119989040050100826e+01 -2.903892316316303379e+01
-3.100553775340952711e+01 -2.829571483009739907e+01
-3.119303824039215911e+01 -2.788333265404952144e+01
-3.029288465418714082e+01 -2.903850078582763672e+01
-3.129414568556115839e+01 -2.812664092214484057e+01
-3.111265136840495771e+01 -2.816512288545307285e+01
-3.067177429605037631e+01 -2.808026168220921548e+01
-3.135611133372530190e+01 -2.918577334755345376e+01
-3.098976927615226629e+01 -2.834067043505216787e+01
-3.058101398386853731e+01 -2.839080343748393886e+01
-3.157740292650587932e+01 -2.887591914126747383e+01
-3.144748983991906854e+01 -2.891133684861032549e+01
-3.058135770229582917e+01 -2.786354873054905923e+01
-3.072884677318816316e+01 -2.862523550736276690e+01
-3.127018510534408335e+01 -2.891074687556216460e+01
-3.114737251971630272e+01 -2.902037991975483067e+01
-3.101274371654429274e+01 -2.882696613512541006e+01
-3.134820115312616906e+01 -2.723695057316830415e+01
-3.116637338475977970e+01 -2.884385912041915034e+01
-3.051651837977957271e+01 -2.882195573104055342e+01
-3.125845029506277584e+01 -2.783436785246196621e+01
-3.076935612901728234e+01 -2.918571497264661119e+01
-3.102753085278450129e+01 -2.891628385844983384e+01
-3.110186621483336111e+01 -2.671358093462492178e+01
-3.142639554815089298e+01 -2.882436491313733384e+01
-3.121759300029024331e+01 -2.838968482770417978e+01
-3.125376497431004452e+01 -2.775564228860955396e+01
-3.179850330758602084e+01 -2.908928841038754243e+01
-3.147523119094524091e+01 -2.839568288702713872e+01
-3.118886186721477216e+01 -2.889361035196404615e+01
-3.109845802631783940e+01 -2.780704934973465825e+01
-3.140764871556708115e+01 -2.646213190179122066e+01
-3.123894341448520251e+01 -2.848644356978567060e+01
-3.093537624846113587e+01 -2.895418603796708013e+01
-3.130321637620317077e+01 -2.641416107980828443e+01
-3.078368633351427519e+01 -2.552174944626657549e+01
-3.095109421141604145e+01 -2.738034268429404960e+01
-3.102483342556243073e+01 -2.781476321973298838e+01
-3.162996775038698871e+01 -2.830705788261012046e+01
-3.121786223066613886e+01 -2.812623229779695322e+01
-3.127588031647053057e+01 -2.766824436187744141e+01
-3.140067374452631555e+01 -2.870320440593518541e+01
-3.102466922110699699e+01 -2.896003457119590507e+01
-3.105242823539896335e+01 -2.862929901323820303e+01
-3.153790597712740151e+01 -2.826962596491763335e+01
-3.216833791326969560e+01 -2.836754256800601226e+01
-3.187774952421797181e+01 -2.841833787215383467e+01
-3.110842489688954515e+01 -2.917671790875886728e+01
-3.100904822856821852e+01 -2.813812311072098638e+01
-3.170407243485146509e+01 -2.816673359118009756e+01
-3.113480250378872327e+01 -2.842120316154078452e+01
-3.114966712099440471e+01 -2.572554287157560537e+01
-3.113168685994249785e+01 -2.715309725309673183e+01
-3.162703812375981727e+01 -2.803543417077315425e+01
-3.180826667014588693e+01 -2.852562648371646148e+01
-3.097674992743958811e+01 -2.832868159444708667e+01
-3.154586625606455641e+01 -2.910491607063694985e+01
-3.193558628001111543e+01 -2.821749908045718414e+01
-3.148245483763674457e+01 -2.898080409200568042e+01
-3.169002889065032136e+01 -2.849238917702122720e+01
-3.149255596323216366e+01 -2.891293329941598955e+01
-3.148702679289148065e+01 -2.830070636146946939e+01
-3.116390456544592169e+01 -2.815257750059429043e+01
-3.178339610201247112e+01 -2.694394217039409511e+01
-3.123639754031566795e+01 -2.734784362190648110e+01
-3.044071419695590563e+01 -2.704885261937191743e+01
-3.109725668075236982e+01 -2.831591636256167632e+01
-3.085540367694611419e+01 -2.849762765984786128e+01
-3.144235211230338933e+01 -2.672497508400364907e+01
-3.191315984725952148e+01 -2.840054391559801772e+01
-3.081737275833779321e+01 -2.806519222259521484e+01
-3.176837397636251126e+01 -2.846783974296168296e+01
-3.077656917369112222e+01 -2.861511913098787119e+01
-3.188505481151824128e+01 -2.682798194885253906e+01
