# Train Val
-7.990477496758103371e+00 -8.519295190835928011e+00
-8.604035358875989914e+00 -8.639322435701048519e+00
-8.638966941585143999e+00 -8.666627444230117661e+00
-8.682724868257841067e+00 -8.781477426553701449e+00
-9.508966654539108276e+00 -1.073189594219257259e+01
-1.109447992468873601e+01 -1.323189145868474803e+01
-1.270822460701068302e+01 -1.418262707103382425e+01
-1.359877352664867978e+01 -1.394405021915188136e+01
-1.382065058251222034e+01 -1.455523757191447487e+01
-1.423353327562411685e+01 -1.465699639258446574e+01
-1.450930402924617191e+01 -1.444348542101971589e+01
-1.468312674015760422e+01 -1.369754600524902344e+01
-1.494655758390823941e+01 -1.569638606480189758e+01
-1.506277480721473694e+01 -1.586684754606965342e+01
-1.500638038416703601e+01 -1.508020383661443553e+01
-1.514389914522568326e+01 -1.544537201175442043e+01
-1.514813672751188278e+01 -1.506431408671589622e+01
-1.518049189448356628e+01 -1.629129494010627965e+01
-1.532194174826145172e+01 -1.539150716112805739e+01
-1.534282345821460147e+01 -1.625728866032191533e+01
-1.569592527548472027e+01 -1.660551250755012731e+01
-1.555389466385046582e+01 -1.554429129811076393e+01
-1.555700002859036069e+01 -1.575750710128189702e+01
-1.566951423883438110e+01 -1.423147309290898299e+01
-1.568944759418567081e+01 -1.610226221208448649e+01
-1.545830927292505841e+01 -1.549220319227738862e+01
-1.581874952962001224e+01 -1.551490797315325132e+01
-1.579277690500020981e+01 -1.671432392318527249e+01
-1.597529274225234985e+01 -1.628366386116325160e+01
-1.579506799578666687e+01 -1.611453135601885833e+01
-1.589642791450023651e+01 -1.594305462032169451e+01
-1.615096050252516946e+01 -1.618191789651845980e+01
-1.603604168941577157e+01 -1.562238620163558345e+01
-1.598653158545494080e+01 -1.577369104112897524e+01
-1.602253128836552420e+01 -1.680499928957456035e+01
-1.614275176326433936e+01 -1.606194024271779242e+01
-1.623123437166213989e+01 -1.528972898210797915e+01
-1.613400949786106864e+01 -1.671168771966711120e+01
-1.603591200709342957e+01 -1.639820902688162718e+01
-1.642046158264080802e+01 -1.703615243094307985e+01
-1.657840762784083566e+01 -1.412918680364435353e+01
-1.638544111450513086e+01 -1.321104176013500719e+01
-1.645451155056555947e+01 -1.725828278529179727e+01
-1.649903853485981742e+01 -1.639276685343160267e+01
-1.662922656039397040e+01 -1.741878669292895765e+01
-1.649448269108931342e+01 -1.773446619355833320e+01
-1.673671242843071738e+01 -1.744448608547062207e+01
-1.672225833435853204e+01 -1.701973080325436172e+01
-1.652786178390185157e+01 -1.689197908129010983e+01
-1.670958345631758490e+01 -1.700597864621645527e+01
-1.696568271021048346e+01 -1.719831792410317917e+01
-1.665674993147452554e+01 -1.637766144492409381e+01
-1.675128127882878104e+01 -1.671545360614727116e+01
-1.681150339792172232e+01 -1.584771013879156776e+01
-1.694056935856739798e+01 -1.724734317482291956e+01
-1.704831235359112540e+01 -1.747458844370656195e+01
-1.693477364877859870e+01 -1.777125239681888047e+01
-1.712270507464806357e+01 -1.470563758503307028e+01
-1.691793995598952094e+01 -1.702276984128085147e+01
-1.706340816617012024e+01 -1.773989598162762604e+01
-1.706599468489487847e+01 -1.435532716032746592e+01
-1.716740417480468750e+01 -1.751200700735116911e+01
-1.720815255244572839e+01 -1.804339727178796693e+01
-1.708803257346153259e+01 -1.660259418982964164e+01
-1.733917409181594849e+01 -1.715395406004670420e+01
-1.715699389825264731e+01 -1.769803302319018812e+01
-1.732773018876711646e+01 -1.701663404935366231e+01
-1.735136247922976693e+01 -1.668543091068019990e+01
-1.721683981269598007e+01 -1.765061408203917637e+01
-1.707872888694206992e+01 -1.750495570046561156e+01
-1.739957147588332376e+01 -1.672346911492285670e+01
-1.705478731294472894e+01 -1.670928786636947194e+01
-1.723090395083029946e+01 -1.804688747207839938e+01
-1.734195976207653800e+01 -1.773738952735801888e+01
-1.748735039681196213e+01 -1.661038370256300212e+01
-1.723471079518397531e+01 -1.786625118998738060e+01
-1.710628806427121162e+01 -1.700463896912413730e+01
-1.712386405964692315e+01 -1.778142053430730485e+01
-1.750751434763272485e+01 -1.744682091551941738e+01
-1.734559647242228309e+01 -1.760758225329510651e+01
-1.749978257218996802e+01 -1.537503599191640902e+01
-1.740771867831547937e+01 -1.767156857329529629e+01
-1.722239670654137811e+01 -1.704286897337281914e+01
-1.760799649854500970e+01 -1.780155238857517119e+01
-1.738057818263769150e+01 -1.750269102121328402e+01
-1.758368053535620490e+01 -1.845367006822066003e+01
-1.754998027036587516e+01 -1.775215583652644824e+01
-1.757907058050234994e+01 -1.785152964158491784e+01
-1.765633208304643631e+01 -1.711836425979415921e+01
-1.772074212382237235e+01 -1.719483120410473376e+01
-1.785013524939616403e+01 -1.807903933834720078e+01
-1.763770050803820411e+01 -1.785873992721755954e+01
-1.772740396857261658e+01 -1.805985017256303138e+01
-1.774849314739306649e+01 -1.785821727653602409e+01
-1.791170373558998108e+01 -1.754748584697772884e+01
-1.769095085312922677e+01 -1.797828699087167692e+01
-1.805548828591902932e+01 -1.537854764368626981e+01
-1.789462224642435828e+01 -1.594493614543567972e+01
-1.796308780461549759e+01 -1.815843244032426185e+01
-1.763449406375487527e+01 -1.842945349061643867e+01
-1.791965538511673728e+01 -1.787418862132282982e+01
-1.786427473525206366e+01 -1.806128522947237158e+01
-1.805278099824984750e+01 -1.690428311484200563e+01
-1.797572346031665802e+01 -1.838884484922731133e+01
-1.802935899794101715e+01 -1.813664324871905364e+01
-1.795983071128527442e+01 -1.726971231188093014e+01
-1.764834980418284616e+01 -1.785367488861083984e+01
-1.808788581192493439e+01 -1.866204111916678343e+01
-1.813358143717050552e+01 -1.816265160696847047e+01
-1.787841606140136719e+01 -1.810443616842294645e+01
-1.804709072659413138e+01 -1.640390314374651126e+01
-1.801589647928873816e+01 -1.593762800290987158e+01
-1.798257959385712823e+01 -1.806572194532914466e+01
-1.791659273455540458e+01 -1.640047706257213278e+01
-1.808017814159393311e+01 -1.766942130745231410e+01
-1.817084423452615738e+01 -1.843230477865640182e+01
-1.814903741578261176e+01 -1.833936743302778893e+01
-1.818740298847357550e+01 -1.558954416002545962e+01
-1.824493701259295264e+01 -1.813200524565461436e+01
-1.816592947642008582e+01 -1.847285559270289212e+01
-1.824355176587899408e+01 -1.653458783533665866e+01
-1.834212157378594199e+01 -1.861075805069564382e+01
-1.802425171931584558e+01 -1.731880023262717572e+01
-1.828666818141937256e+01 -1.845868795568292953e+01
-1.821325986832380295e+01 -1.666650878609000941e+01
-1.827188749859730521e+01 -1.856903904753846035e+01
-1.820017380019028863e+01 -1.770714356063248118e+01
-1.829205441226561746e+01 -1.678787865576806126e+01
-1.807300959279139718e+01 -1.697948610627805976e+01
-1.814664172877867898e+01 -1.780383340414468307e+01
-1.805019338180621347e+01 -1.889203059208857383e+01
-1.840958803395430365e+01 -1.838580384192528783e+01
-1.818597898383935174e+01 -1.836649311362922887e+01
-1.870125801364580909e+01 -1.811758647026953639e+01
-1.818699888636668405e+01 -1.854879451107669297e+01
-1.839075914025306702e+01 -1.849639076381534863e+01
-1.820004300524790963e+01 -1.853000128114378242e+01
-1.837119079132874688e+01 -1.810367675880333138e+01
-1.817871911823749542e+01 -1.807543110537838515e+01
-1.852759559452533722e+01 -1.783911766943993626e+01
-1.828891527652740479e+01 -1.882998899980024987e+01
-1.856180954972903052e+01 -1.815879432876388577e+01
-1.840701006104548654e+01 -1.759483737450141305e+01
-1.838605528324842453e+01 -1.858120066159731465e+01
-1.850748370836178580e+01 -1.865614412976549730e+01
-1.856035878509283066e+01 -1.891674701888839749e+01
-1.855621916055679321e+01 -1.860507709949047594e+01
-1.837767798950274667e+01 -1.809203165227716781e+01
-1.837748239437739173e+01 -1.809434510515881911e+01
-1.818944736570119858e+01 -1.809238656774743959e+01
-1.810602669417858124e+01 -1.658833397208870153e+01
-1.856211377183596412e+01 -1.851699816716181601e+01
-1.858236080408096313e+01 -1.874816958935229749e+01
-1.860238279402256012e+01 -1.822052691818831960e+01
-1.866513332724571228e+01 -1.749459084597500791e+01
-1.871354209880034247e+01 -1.797354041755973597e+01
-1.882912371804316720e+01 -1.852915594175264502e+01
-1.850336353977521142e+01 -1.852084026088962432e+01
-1.878103761126597604e+01 -1.869732280830284310e+01
-1.852817719181378564e+01 -1.828197857002159310e+01
-1.846958620597918710e+01 -1.852183150006579027e+01
-1.875402136395375052e+01 -1.823158550262451172e+01
-1.871120794862508774e+01 -1.668353192217938386e+01
-1.848819257318973541e+01 -1.850201146014325104e+01
-1.866903019696474075e+01 -1.710017614240770101e+01
-1.870708813269932946e+01 -1.867633527285092754e+01
-1.871749706814686576e+01 -1.884350240385377617e+01
-1.836766033867995063e+01 -1.752833840754124850e+01
-1.866849262515703956e+01 -1.739001028878348265e+01
-1.853249358634154120e+01 -1.873081092091349831e+01
-1.872094181428353110e+01 -1.893206285501455355e+01
-1.869126890848080436e+01 -1.797540724122679023e+01
-1.868280893315871438e+01 -1.822113546148523255e+01
-1.888715036710103234e+01 -1.751760262328308926e+01
-1.864799380054076394e+01 -1.867213405262340231e+01
-1.863219939917325974e+01 -1.853100395202636719e+01
-1.872992857297261438e+01 -1.843948422469101800e+01
-1.887465334435303888e+01 -1.849455103936133327e+01
-1.858870404958724976e+01 -1.755333458293567972e+01
-1.895064653207858285e+01 -1.903908962398380567e+01
-1.893163793782393256e+01 -1.866075270516531859e+01
-1.887977228810389718e+01 -1.875074868387990179e+01
-1.903758472949266434e+01 -1.805427094248982200e+01
-1.880174152304728707e+01 -1.697631594422575674e+01
-1.906534164895613870e+01 -1.888889815590598431e+01
-1.868942951659361640e+01 -1.852968322456657191e+01
-1.854050685962041101e+01 -1.891841371957357865e+01
-1.876634289324283600e+01 -1.835129910010796195e+01
-1.903089335560798645e+01 -1.761721469829608822e+01
-1.888907727350791177e+01 -1.762482423906202555e+01
-1.888673515121142188e+01 -1.875046333709320479e+01
-1.901420622815688333e+01 -1.910575040594324037e+01
-1.906063303103049478e+01 -1.780551900492086048e+01
-1.878538846969604492e+01 -1.853256293705531377e+01
-1.899338972071806708e+01 -1.895082209946273366e+01
-1.889319576819737634e+01 -1.795913350736940117e+01
-1.895512718458970269e+01 -1.793677578963242425e+01
-1.903228348990281305e+01 -1.876583261613722087e+01
-1.877764261017243186e+01 -1.784897582561938734e+01
-1.911541533718506614e+01 -1.860354850818584538e+01
-1.885258727769057074e+01 -1.818031107914912070e+01
-1.890528060247500619e+01 -1.938953090023684922e+01
-1.904589044551054755e+01 -1.897865077427455205e+01
-1.901265336573123932e+01 -1.746628476427747145e+01
-1.907497631510098657e+01 -1.872680976174094525e+01
-1.892160541067520896e+01 -1.851664825538536263e+01
-1.906049778560797492e+01 -1.799712271504587946e+01
-1.927588839828968048e+01 -1.859129748406348170e+01
-1.921132952223221579e+01 -1.910954402329085866e+01
-1.922723149011532584e+01 -1.777398747283142910e+01
-1.914797048022349557e+01 -1.905318995884486455e+01
-1.910897014786799630e+01 -1.793774944156795215e+01
-1.894575397670269012e+01 -1.696214794802975234e+01
-1.917142842213312903e+01 -1.926432863458410338e+01
-1.916003585855166236e+01 -1.863365611782321807e+01
-1.920088075101375580e+01 -1.538806105279303260e+01
-1.903651407857735833e+01 -1.915733490981064691e+01
-1.914574219286441803e+01 -1.854733224348588294e+01
-1.925102865447600564e+01 -1.517815375637698416e+01
-1.901322952161232749e+01 -1.684356236148190078e+01
-1.899407774458329001e+01 -1.740174236545314912e+01
-1.900604310383399209e+01 -1.906591538020542842e+01
-1.916403345453242579e+01 -1.871851838099492227e+01
-1.918789257605870446e+01 -1.788557673119879254e+01
-1.912553025533755502e+01 -1.753100419973398161e+01
-1.921107557167609414e+01 -1.892133960476169463e+01
-1.911875445644060889e+01 -1.855808289020092516e+01
-1.925677351901928702e+01 -1.864828049052845316e+01
-1.911169032504161081e+01 -1.891971409785283242e+01
-1.898656006405751029e+01 -1.858090001886541032e+01
-1.934677824874718866e+01 -1.840886187863040391e+01
-1.934492113937934121e+01 -1.895440261394946546e+01
-1.923228451361258706e+01 -1.862160112950709134e+01
-1.934195958326260367e+01 -1.618721119769207917e+01
-1.931517125666141510e+01 -1.895952005510206462e+01
-1.931320489197969437e+01 -1.830267839307908773e+01
-1.936810778081417084e+01 -1.892912043534316169e+01
-1.919001892457405845e+01 -1.863295018827760430e+01
-1.915586121628681937e+01 -1.907536055824973431e+01
-1.932548239827156067e+01 -1.786398482632327500e+01
-1.928511179983615875e+01 -1.847977557739654131e+01
-1.930609624832868576e+01 -1.878003862306669092e+01
-1.930808386206626892e+01 -1.874198302974948760e+01
-1.934304859240849694e+01 -1.882879329037356797e+01
-1.933640730381011963e+01 -1.884142059474796582e+01
-1.926265931626160821e+01 -1.839806410554167471e+01
-1.962875340630610665e+01 -1.828797264842243919e+01
-1.939009852459033212e+01 -1.886958678357012786e+01
-1.923683383812506875e+01 -1.883409498883532152e+01
-1.923480360458294669e+01 -1.880402090642359525e+01
-1.954650217294692993e+01 -1.697549563568907871e+01
-1.949441899359226227e+01 -1.906551871361670436e+01
-1.946318886925776681e+01 -1.790789269781732074e+01
-1.945100116978089133e+01 -1.914428915296281986e+01
-1.937946410725514212e+01 -1.891563622363202057e+01
-1.951145305236180505e+01 -1.847012144559389668e+01
-1.954750902205705643e+01 -1.880213593817376605e+01
-1.933780713627735892e+01 -1.835764889902882757e+01
-1.953750060250361642e+01 -1.874787892923726673e+01
-1.938578423609336099e+01 -1.828692599705287236e+01
-1.951483548929293832e+01 -1.776528739929199219e+01
-1.950741493950287619e+01 -1.910431071690150517e+01
-1.953434184938669205e+01 -1.872110065856537275e+01
-1.956588650246461114e+01 -1.892131286472469043e+01
-1.976011444379885873e+01 -1.872766050115808412e+01
-1.953437417248884955e+01 -1.900656041232022275e+01
-1.946828327327966690e+01 -1.777930034290660544e+01
-1.941591195513804635e+01 -1.623887535194297982e+01
-1.943990761041641235e+01 -1.931875812233268519e+01
-1.944816968838373938e+01 -1.889368910603709040e+01
-1.947007133066654205e+01 -1.888732207905162497e+01
-1.980951140324274817e+01 -1.775637749263218623e+01
-1.949507678548495093e+01 -1.865880141320166530e+01
-1.939115139593680581e+01 -1.810499597524667692e+01
-1.969132814556360245e+01 -1.908295030717725993e+01
-1.944510953873395920e+01 -1.791594101546646556e+01
-1.973028607418139657e+01 -1.754510031118021374e+01
-1.949558015912771225e+01 -1.931698567526681032e+01
-1.960710799942414084e+01 -1.776686342660482865e+01
-1.961773589501778403e+01 -1.879711689887108861e+01
-1.973607610662778100e+01 -1.837460577333128242e+01
-1.973224578301111976e+01 -1.722974852772502175e+01
-1.952786509195963660e+01 -1.923891359799868184e+01
-1.959830263257026672e+01 -1.924191256931849736e+01
-1.972914050519466400e+01 -1.858039089301963998e+01
-1.977688150356213370e+01 -1.694769071603750277e+01
-1.988032198945681372e+01 -1.883111301025786943e+01
-1.972806914150714874e+01 -1.842875037255225124e+01
-1.969280133644739905e+01 -1.930101331487878724e+01
-1.973342567433913430e+01 -1.770854232837627507e+01
-1.966366148491700372e+01 -1.915153256948892135e+01
-1.986990752816200256e+01 -1.764282531242865915e+01
-1.972262935340404510e+01 -1.891581579926726064e+01
-1.965547442684571067e+01 -1.710848465213527803e+01
-1.980003529042005539e+01 -1.940860997237168206e+01
-1.973054846127827844e+01 -1.904267553849653893e+01
-1.961695405592520913e+01 -1.890195550547017689e+01
-1.975291248162587365e+01 -1.930692961308863431e+01
-1.955999834090471268e+01 -1.920732589820762826e+01
-1.982253825167815009e+01 -1.920818364775026055e+01
-1.962548391024271766e+01 -1.938319301605224609e+01
-1.997818570335705957e+01 -1.906380601362748450e+01
-1.981139647215604782e+01 -1.812267575945173093e+01
-1.976307845115661621e+01 -1.927154975742488574e+01
-1.962663397938013077e+01 -1.918049829656427718e+01
-1.975244502723217010e+01 -1.919240428875018978e+01
-1.984051844974358758e+01 -1.873005499158586673e+01
-1.969151836882035056e+01 -1.736503509422401237e+01
-1.961472473045190057e+01 -1.891869400073955632e+01
-1.988026850670576096e+01 -1.887321722352659492e+01
-1.966296437879403314e+01 -1.862977104682427054e+01
-1.971048831939697266e+01 -1.866257556073077239e+01
-1.996955720335245132e+01 -1.819047530904992982e+01
-1.969543440391619882e+01 -1.882835299008852559e+01
-1.997490239143371582e+01 -1.865538732107583542e+01
-1.998716620107491693e+01 -1.841929248710731315e+01
-1.999016852676868439e+01 -1.867489860584209538e+01
-1.966379577169815818e+01 -1.900678021567208376e+01
-1.985364065070946893e+01 -1.919672734396798219e+01
-1.954300339768330375e+01 -1.887102880106343861e+01
-1.977814232061306754e+01 -1.888532676944484834e+01
-1.993713128566741943e+01 -1.888252652155888711e+01
-1.986027578512827674e+01 -1.890715861630130235e+01
-1.986357508103052893e+01 -1.870703247615269404e+01
-1.987323804448048392e+01 -1.920946119977282152e+01
-1.981871958822011948e+01 -1.743682593803901071e+01
-1.991302178800106049e+01 -1.919243131365094968e+01
-1.972295972953240195e+01 -1.886216150011335202e+01
-1.974539503455162048e+01 -1.745378190820867204e+01
-1.996495542923609534e+01 -1.869756287413758145e+01
-1.989648997783660889e+01 -1.860346229355056735e+01
-1.971962905178467551e+01 -1.827248091511912165e+01
-1.995640352368354797e+01 -1.886761620756867686e+01
-1.982354532182216644e+01 -1.819013464296018867e+01
-2.002692648023366928e+01 -1.872456487432702943e+01
-1.989778567602236947e+01 -1.845889404841831904e+01
-1.990035015344619751e+01 -1.892774830855332269e+01
-1.992566887289285660e+01 -1.872977493335674382e+01
-1.965193582574526587e+01 -1.876112919349175101e+01
-1.984865471223990241e+01 -1.809279962019486732e+01
-2.005029049515724182e+01 -1.934966072478851729e+01
-1.999180971334378043e+01 -1.765518328431364736e+01
-2.003465406348307809e+01 -1.863415126057414284e+01
-1.990530662238597870e+01 -1.690730649774724625e+01
-1.986968023329973221e+01 -1.894807315182376328e+01
-1.998339583724737167e+01 -1.795558851415460921e+01
-1.989094778398672858e+01 -1.846234511090563402e+01
-1.968952071666717529e+01 -1.849696708035159531e+01
-1.989200410743554315e+01 -1.883318280554437152e+01
-1.998710982253154000e+01 -1.861144026223715287e+01
-1.993607378005981445e+01 -1.845109821914078196e+01
-1.975944561262925347e+01 -1.689206289316152620e+01
-1.986539718260367593e+01 -1.912313815525599736e+01
-2.018229253590106964e+01 -1.917006872845934495e+01
-1.999894525855779648e+01 -1.900411017529376068e+01
-2.001350270708401879e+01 -1.725510733468192015e+01
-2.022316225369771203e+01 -1.909508601101962100e+01
-2.004550741116205970e+01 -1.918666144779750127e+01
-2.007929618656635284e+01 -1.826289373868471699e+01
-2.002146027733882150e+01 -1.941581200934075824e+01
-2.016814241309960565e+01 -1.828657842611337614e+01
-1.989569464822610101e+01 -1.630028486871099958e+01
-2.023774200429518899e+01 -1.874608179501124638e+01
-1.998932920893033227e+01 -1.859804386287540723e+01
-1.997851584603388986e+01 -1.856653223409281139e+01
-2.019027493894100189e+01 -1.883344432285853642e+01
-1.996553757786750793e+01 -1.933465374290168981e+01
-1.994603933890660485e+01 -1.849619450507226048e+01
-1.985777752349774161e+01 -1.898615215351055241e+01
-2.011765689899523935e+01 -1.840225982666015625e+01
-2.017797411729891977e+01 -1.913711287758567181e+01
-2.003342930475870887e+01 -1.901417701275317640e+01
-2.026682976881663123e+01 -1.654926541563752451e+01
-2.016734532763560495e+01 -1.718983016076025905e+01
-2.002938718348741531e+01 -1.924549873153884860e+01
-2.032447028656800470e+01 -1.920806952885218877e+01
-2.003927470992008963e+01 -1.803219338206501732e+01
-2.001665727297465125e+01 -1.908912339148583470e+01
-2.015416795015335083e+01 -1.896686364458753005e+01
-1.986137749751408776e+01 -1.892414263935832253e+01
-2.009329085052013397e+01 -1.898096945378687650e+01
-2.022950187325477600e+01 -1.901010144221318399e+01
-2.009461053957541665e+01 -1.918110649307052640e+01
-2.052597500383853912e+01 -1.901003586162220316e+01
-2.031966054439544678e+01 -1.786662065828001289e+01
-1.998738375554482261e+01 -1.919830939057585439e+01
-2.004631014168262482e+01 -1.886923518738189287e+01
-2.025169793268044671e+01 -1.884187672354958210e+01
-2.019186690946419915e+01 -1.903354865235167637e+01
-1.977912568797667703e+01 -1.918621152407163066e+01
-2.014792698621749878e+01 -1.909971731359308578e+01
-2.007888079931338510e+01 -1.758428664021677790e+01
-2.020849916835625848e+01 -1.899434788196117907e+01
-2.040997167925040046e+01 -1.843157451183764906e+01
-2.011402724931637565e+01 -1.753123811003449717e+01
-2.027096311002969742e+01 -1.868093628078312207e+01
-2.022220326463381568e+01 -1.846751847205224095e+01
-2.022206513086954871e+01 -1.915703096018209095e+01
-2.022758106638987741e+01 -1.918744213550121813e+01
-2.020618759095668793e+01 -1.739188895287451686e+01
-2.005269735803206643e+01 -1.938645906572218180e+01
-2.024307413895924768e+01 -1.922157179844843711e+01
-2.036587968965371331e+01 -1.878642483500691185e+01
-2.022946456074714661e+01 -1.851798670632498656e+01
-2.016729640960693359e+01 -1.888569954773048210e+01
-2.042744409044583520e+01 -1.903869586795955371e+01
-2.018569294611613074e+01 -1.850644964521581315e+01
-2.029338344186544418e+01 -1.804007332046310452e+01
-2.012918471048275748e+01 -1.771511604569175091e+01
-2.016507349411646643e+01 -1.893757472100195827e+01
-2.032509317497412482e+01 -1.793512353339752607e+01
-2.003506285448868951e+01 -1.935345310359806348e+01
-1.999810719490051270e+01 -1.956677511140897607e+01
-2.029192321002483368e+01 -1.745661760305429411e+01
-2.028252665574352065e+01 -1.903456000538615456e+01
-2.036722703712682048e+01 -1.882983656053419352e+01
-2.003688426315784454e+01 -1.856837447277911224e+01
-2.041081239779790124e+01 -1.908413405232615290e+01
-2.031312655409177026e+01 -1.907978426945673789e+01
-2.044204110900561133e+01 -1.906092023230218402e+01
-1.999668563157320023e+01 -1.920452132782378740e+01
-2.029020704825719079e+01 -1.928343303482254001e+01
-2.021921469022830209e+01 -1.948707446804294463e+01
-2.036316447953383246e+01 -1.868981705702744378e+01
-2.031845196584860602e+01 -1.912046794148234596e+01
-2.033670060833295068e+01 -1.845403757962313662e+01
-2.033013317485650262e+01 -1.824112004119080410e+01
-2.043141192197799683e+01 -1.893334684743509655e+01
-2.028344422827164450e+01 -1.803620418944916182e+01
-2.037492726246516028e+01 -1.900502873705579177e+01
-2.009030332167943200e+01 -1.936616919876693288e+01
-2.040972838799158851e+01 -1.922374492496638965e+01
-2.036521120866139611e+01 -1.844502352429674730e+01
-2.039328770339488983e+01 -1.919673374720982295e+01
-2.048437031606833258e+01 -1.887573815630628005e+01
-2.032304345319668570e+01 -1.881936368075283994e+01
-2.043924600382645806e+01 -1.889116037046754570e+01
-2.040056957056124887e+01 -1.859804700876211214e+01
-2.031943923234939575e+01 -1.885828966908640680e+01
-2.014117133120695868e+01 -1.773917782771123086e+01
-2.046843581895033637e+01 -1.861920554916580173e+01
-2.046474692225456238e+01 -1.867857063590706090e+01
-2.059826459487279138e+01 -1.897200481612960843e+01
-2.037039403120676795e+01 -1.891606764359907800e+01
-2.017920077343781671e+01 -1.917735352454247533e+01
-2.036977247893810272e+01 -1.912423486833448649e+01
-2.048216740041971207e+01 -1.761159914190119125e+01
-2.047837451845407486e+01 -1.935156635185340690e+01
-2.054332752525806427e+01 -1.841605763621144476e+01
-2.022763352096080780e+01 -1.859281042024686670e+01
-2.050347564121087274e+01 -1.897255263390479030e+01
-2.017529656986395636e+01 -1.832281158496807194e+01
-2.036717496315638343e+01 -1.903908092944653063e+01
-2.061525271336237708e+01 -1.803152786601673441e+01
-2.059318022429943085e+01 -1.813268957509622936e+01
-2.084504593412081519e+01 -1.883321806672331533e+01
-2.053840351104736328e+01 -1.915221678746210898e+01
-2.056545931597550592e+01 -1.823572195969618903e+01
-2.050421375036239624e+01 -1.653728373638995208e+01
-2.018969747920830926e+01 -1.864747409077433815e+01
-2.047618673741817474e+01 -1.910472992488316279e+01
-2.028502714633941650e+01 -1.893181824374508437e+01
-2.061538282533486566e+01 -1.904642093955696325e+01
-2.058089762429396430e+01 -1.926959051404680423e+01
-2.048761230210463324e+01 -1.781564348394220687e+01
-2.056478993346293649e+01 -1.907476271592177497e+01
-2.061849446098009864e+01 -1.894669738373199053e+01
-2.067712865769863129e+01 -1.930500103591324290e+01
-2.054850335170825204e+01 -1.954175752169125957e+01
-2.050466917951901635e+01 -1.868611187129825879e+01
-2.057610543568928918e+01 -1.942828203176523161e+01
-2.041067520280678949e+01 -1.884742757871553565e+01
-2.033231392006079474e+01 -1.895811981349796582e+01
-2.061839511493841925e+01 -1.865638647451029186e+01
-2.070192377269268036e+01 -1.888763862461238574e+01
-2.039175397157669067e+01 -1.859575850003725606e+01
-2.067840577413638314e+01 -1.928217489069158219e+01
-2.050738318761189660e+01 -1.886031654902867061e+01
-2.038484380642573157e+01 -1.867346772280606260e+01
-2.051056933403015137e+01 -1.911296304479822084e+01
-2.061766661455233773e+01 -1.924052401951380986e+01
-2.074290360510349274e+01 -1.755440018393776569e+01
-2.047722148398558417e+01 -1.894459485388421527e+01
-2.061509675284226617e+01 -1.899862208923736162e+01
-2.043106858680645743e+01 -1.864369284642206992e+01
-2.066648915161689004e+01 -1.740714458366493034e+01
-2.055738273759682855e+01 -1.852056327423492021e+01
-2.052734662592411041e+01 -1.906060843034224206e+01
-2.044250296304623404e+01 -1.910238308101505567e+01
-2.064326615631580353e+01 -1.838555287695550433e+01
-2.054974334935347358e+01 -1.863191568696653633e+01
-2.057088497281074524e+01 -1.661553044752641028e+01
-2.040606089929739753e+01 -1.870215476642955466e+01
-2.083374632894992828e+01 -1.900221285881934108e+01
-2.063818925122420112e+01 -1.757586958501246244e+01
-2.056748118499914924e+01 -1.890322854921415185e+01
-2.014420525729656219e+01 -1.834053835930762233e+01
-2.067383772134780884e+01 -1.911672587208933649e+01
-2.060116090873877326e+01 -1.901171738760811891e+01
-2.062364594141642371e+01 -1.931013512301754531e+01
-2.062252046167850494e+01 -1.889478833334786501e+01
-2.057039487361907959e+01 -1.904068928260307914e+01
-2.076144924263159552e+01 -1.862934543560077572e+01
-2.058185483018557349e+01 -1.820248143084637604e+01
-2.052301966150601586e+01 -1.866375213474422168e+01
-2.090592274069786072e+01 -1.864139592802369805e+01
-2.051484473546345910e+01 -1.912914408646620856e+01
-2.069037730991840363e+01 -1.872054762654490290e+01
-2.078888542453448096e+01 -1.817810910707944316e+01
-2.076268548766772071e+01 -1.809659038890491800e+01
-2.053723289320866385e+01 -1.907974468577991800e+01
-2.069883554180463037e+01 -1.935039728338068343e+01
-2.047634447614352027e+01 -1.763885636763139075e+01
-2.055505715807278833e+01 -1.832422162340833083e+01
-2.069347908099492273e+01 -1.789933137769822835e+01
-2.050486649076144019e+01 -1.818006728531478444e+01
-2.059207716087500373e+01 -1.827703141546868792e+01
-2.076321945091088494e+01 -1.879374608126553525e+01
-2.064946215848128119e+01 -1.742228623179646263e+01
-2.050142474969227990e+01 -1.888089302607945186e+01
-2.078958060344060144e+01 -1.792638300610827073e+01
-2.094558434933423996e+01 -1.795251355852399655e+01
-2.055114985009034356e+01 -1.893156703106768646e+01
-2.075729748109976569e+01 -1.934441902111102962e+01
-2.097142504652341088e+01 -1.925992374915581351e+01
-2.073028783500194550e+01 -1.803141540675968457e+01
-2.087307790170113364e+01 -1.938383116040910892e+01
-2.079411737869183341e+01 -1.864097909803514241e+01
-2.063404857118924340e+01 -1.935097814535165739e+01
-2.057781955103079596e+01 -1.804466808616340856e+01
-2.061923099060853204e+01 -1.675132072745979528e+01
-2.064432151615619659e+01 -1.905513025259042692e+01
-2.076229316741228104e+01 -1.897372493496188994e+01
-2.036909530063470086e+01 -1.852694039530568304e+01
-2.048577057073513785e+01 -1.941400878460376234e+01
-2.047426948075493058e+01 -1.931380487417245817e+01
-2.084714605907599250e+01 -1.903429750962691003e+01
-2.059729037185509881e+01 -1.953935439865310641e+01
-2.052398051569859305e+01 -1.905226382961521026e+01
-2.075652740399042884e+01 -1.873951436327649489e+01
-2.103646250069141388e+01 -1.928391168024632663e+01
-2.073856097956498346e+01 -1.848282062233268519e+01
-2.104119839767615119e+01 -1.921179922524984818e+01
-2.079598896702130517e+01 -1.795092877474698057e+01
-2.046710316836833954e+01 -1.811068829623135557e+01
-2.096240381399790564e+01 -1.827905014583042842e+01
-2.072235869367917260e+01 -1.833042354088324899e+01
-2.064073776702086249e+01 -1.920972185011033773e+01
-2.065724764764308929e+01 -1.894345624106270876e+01
-2.085947410017251968e+01 -1.903427172326422223e+01
-2.104910622040430823e+01 -1.836036739101657744e+01
-2.087950584789117059e+01 -1.871128488515878630e+01
-2.064541789392630378e+01 -1.917925565892999984e+01
-2.070778243243694305e+01 -1.837492371844006911e+01
-2.072594248255093774e+01 -1.834641864083030072e+01
-2.084749083220958710e+01 -1.846867558863255709e+01
-2.069870767990748206e+01 -1.858676089249648200e+01
-2.056324744472901145e+01 -1.914000465343524837e+01
-2.094388991097609320e+01 -1.914264780515200215e+01
-2.102774107952912530e+01 -1.805554621560233031e+01
-2.065983468790848931e+01 -1.911031883103506956e+01
-2.056305921077728271e+01 -1.899062777184820661e+01
-2.082612608869870385e+01 -1.894085413449770527e+01
-2.091527447601159295e+01 -1.830390653981790905e+01
-2.076405221968889236e+01 -1.789177422709279242e+01
-2.067154206832249841e+01 -1.891262051966283053e+01
-2.047568361461162567e+01 -1.774462317181871995e+01
-2.113123192389805993e+01 -1.889110628350988463e+01
-2.085483490924040595e+01 -1.797912052699497920e+01
-2.091173323492209235e+01 -1.909966255782486400e+01
-2.094293207426865777e+01 -1.912819100664807692e+01
-2.085685751587152481e+01 -1.722046165342454671e+01
-2.089710720380147180e+01 -1.899148471634109470e+01
-2.093619652589162072e+01 -1.867685881527987490e+01
-2.064112019538879395e+01 -1.923449298313685674e+01
-2.073115526636441430e+01 -1.938659153975449456e+01
-2.072223821779092034e+01 -1.930012584042239610e+01
-2.072848132749398431e+01 -1.794722661105069150e+01
-2.089262086153030396e+01 -1.894874168990494212e+01
-2.088521496454874793e+01 -1.902874166315251969e+01
-2.080815262099106988e+01 -1.800109971034062539e+01
-2.091761017839113990e+01 -1.921463739717161445e+01
-2.092975419759750366e+01 -1.949571229265881911e+01
-2.079725241661071777e+01 -1.931729548318045531e+01
-2.079078879952430725e+01 -1.754788162181903743e+01
-2.077279243369897088e+01 -1.878098952305781211e+01
-2.061411671340465546e+01 -1.929969012272822226e+01
-2.111517983178297797e+01 -1.942915014787153893e+01
-2.088703777641057968e+01 -1.953506421423577777e+01
-2.098327932258446893e+01 -1.915263366699218750e+01
-2.077329343805710593e+01 -1.919976913154899378e+01
-2.083240293463071069e+01 -1.750592490604945439e+01
-2.069403309623400489e+01 -1.921887292490377064e+01
-2.076364913582801819e+01 -1.914134093693324346e+01
-2.100780523320038995e+01 -1.907772175677411042e+01
-2.070896029969056329e+01 -1.808752323745132884e+01
-2.099285657207171241e+01 -1.886453865100811100e+01
-2.086381068080663681e+01 -1.918174265576647386e+01
-2.094052154322465142e+01 -1.856684116264442252e+01
-2.068588482091824332e+01 -1.891759541746857920e+01
-2.099061955014864722e+01 -1.831644776579621592e+01
-2.086444696287314216e+01 -1.910514616037344027e+01
-2.087747940917809686e+01 -1.910522325936850052e+01
-2.076866408189137658e+01 -1.896648596478746995e+01
-2.082285824914773187e+01 -1.863127551140723170e+01
-2.094001000126202783e+01 -1.903668647617488574e+01
-2.100977570811907569e+01 -1.850167584109615859e+01
-2.089936792105436325e+01 -1.884153632374552956e+01
-2.111288572847843170e+01 -1.906566483633858766e+01
-2.094529256224632263e+01 -1.801480685271225823e+01
-2.090171809494495392e+01 -1.765515725024334870e+01
-2.096372072895367822e+01 -1.834306182489766712e+01
-2.108131030201911926e+01 -1.860090816795051794e+01
-2.084551787873109063e+01 -1.942011763832785931e+01
-2.104747233291466912e+01 -1.894291781140612230e+01
-2.076516894747813424e+01 -1.920611826165929870e+01
-2.077878712614377221e+01 -1.931756150567686348e+01
-2.091572080055872718e+01 -1.850948071170162734e+01
-2.099548696974913398e+01 -1.936459717193207197e+01
-2.100090786317984382e+01 -1.890130699454963903e+01
-2.088472047448158264e+01 -1.926508996393773288e+01
-2.113944740593433380e+01 -1.917856043035333968e+01
-2.094989205400149146e+01 -1.893056824919465342e+01
-2.091240820785363397e+01 -1.898425094802658109e+01
-2.100636382897694787e+01 -1.929611967755602464e+01
-2.092159525553385535e+01 -1.915020117821631374e+01
-2.098455366492271423e+01 -1.803196710735172559e+01
-2.106601057449976722e+01 -1.880372571325921527e+01
-2.100322355329990387e+01 -1.853738192768840065e+01
-2.075611300269762793e+01 -1.904428117925470687e+01
-2.094925850133101264e+01 -1.864749098443365583e+01
-2.107064400861660758e+01 -1.900204637453153467e+01
-2.081505693495273590e+01 -1.942320370364498672e+01
-2.093536443759997567e+01 -1.942749765321805810e+01
-2.086744115749995032e+01 -1.902033163045907926e+01
-2.093987694382667542e+01 -1.907842335143646650e+01
-2.102885930488507071e+01 -1.839128289903913327e+01
-2.098584690193335334e+01 -1.920262087784804450e+01
-2.110317586362361908e+01 -1.896248485515643978e+01
-2.084129982193310937e+01 -1.936052051147857256e+01
-2.109155163665612420e+01 -1.882468097240893812e+01
-2.111133198440074921e+01 -1.933025841898732367e+01
-2.113148969411849976e+01 -1.679685222328483363e+01
-2.103437112271785736e+01 -1.948462226174094525e+01
-2.107583427677552024e+01 -1.787425570054487878e+01
-2.103440198302268982e+01 -1.889608067351502285e+01
-2.087872801721096039e+01 -1.959078123662379056e+01
-2.092637320607900620e+01 -1.932480997853464899e+01
-2.096387960016727448e+01 -1.931642453082196198e+01
-2.119686791300773621e+01 -1.934828426311542415e+01
-2.098113204538822174e+01 -1.873472226130498086e+01
-2.102641151348749915e+01 -1.860590618926209316e+01
-2.099737320343653479e+01 -1.915992853238985205e+01
-2.114588161309560022e+01 -1.890676367128050117e+01
-2.107941407461960992e+01 -1.834445758918663216e+01
-2.103125912447770318e+01 -1.934477409759125166e+01
-2.110356084009011468e+01 -1.819518870811957711e+01
-2.103271445631980896e+01 -1.920659644882400485e+01
-2.109685720006624976e+01 -1.800972734178815671e+01
-2.106958415359258652e+01 -1.946645959631189271e+01
-2.089250638584296027e+01 -1.895477542629489776e+01
-2.129813908537228784e+01 -1.880732281177074938e+01
-2.104957401255766669e+01 -1.678885422743760003e+01
-2.111242801447709283e+01 -1.868763688322785654e+01
-2.125008443991343299e+01 -1.885861962801450176e+01
-2.090843980014324188e+01 -1.735297984581488961e+01
-2.120050552984078607e+01 -1.918938589715338239e+01
-2.079567822317282477e+01 -1.935904123876002103e+01
-2.111210524042447290e+01 -1.897337086169750719e+01
-2.122535482048988342e+01 -1.906929667584307708e+01
-2.103854813675085822e+01 -1.883088446282721051e+01
-2.090336377422014991e+01 -1.948545189646931419e+01
-2.130765009423096856e+01 -1.919011934701498490e+01
-2.106283327440420905e+01 -1.854246989163485537e+01
-2.116981622576713562e+01 -1.910240600635479069e+01
-2.105604496101538459e+01 -1.811772939756319190e+01
-2.109341865529616555e+01 -1.834494826081511221e+01
-2.127975673973560333e+01 -1.895862775034718695e+01
-2.068631831059853354e+01 -1.910506711687360593e+01
-2.090144986162583152e+01 -1.909963389805384892e+01
-2.125407774808506289e+01 -1.731924662651953639e+01
-2.103422571221987525e+01 -1.878995847082757464e+01
-2.109323997795581818e+01 -1.876950974897904700e+01
-2.115867323180039605e+01 -1.927935371151218291e+01
-2.120431122680504998e+01 -1.879790304852770433e+01
-2.094437582045793533e+01 -1.915546903981790905e+01
-2.112666740765174112e+01 -1.924410616887080039e+01
-2.066149558126926422e+01 -1.885725389208112546e+01
-2.095239862054586411e+01 -1.927022426159350843e+01
-2.119650003314018250e+01 -1.959741183689662236e+01
-2.113052586217721185e+01 -1.908312574609533385e+01
-2.100694967806339264e+01 -1.867446356934386387e+01
-2.108420957624912262e+01 -1.878663849520992812e+01
-2.104874299466609955e+01 -1.896656256836730137e+01
-2.116505755980809411e+01 -1.939142921992710811e+01
-2.120427013933658600e+01 -1.919729090356207379e+01
-2.117324168731768808e+01 -1.890016228812081422e+01
-2.085644624630610267e+01 -1.828794026065182265e+01
-2.126427249610424042e+01 -1.907869412063003978e+01
-2.102601153651873389e+01 -1.907025842542772054e+01
-2.128012580176194390e+01 -1.790648899449930553e+01
-2.102872330695390701e+01 -1.849797793797084111e+01
-2.134557956457138062e+01 -1.828195215819717845e+01
-2.119453124453623971e+01 -1.867050185760894365e+01
-2.113039863109588623e+01 -1.873271016950731038e+01
-2.108670267711083213e+01 -1.793810645016757022e+01
-2.121845857799053192e+01 -1.890786227932224151e+01
-2.136286550263563910e+01 -1.905133685817966338e+01
-2.116555022199948510e+01 -1.877348747501125459e+01
-2.102893922229607782e+01 -1.894943560563124763e+01
-2.106667615969975671e+01 -1.915125888973087598e+01
-2.123653690516948700e+01 -1.862529627069250182e+01
-2.115660595893859863e+01 -1.899329580579485111e+01
-2.102636436621348182e+01 -1.831657792995502376e+01
-2.126131050537030021e+01 -1.907032953609119730e+01
-2.117093816896279534e+01 -1.891883021515685215e+01
-2.091256921490033349e+01 -1.899478513544255875e+01
-2.139683381219704827e+01 -1.897574967223328457e+01
-2.118004540850718698e+01 -1.902538326808384639e+01
-2.126904121538003167e+01 -1.870171650973233213e+01
-2.129676871498425683e+01 -1.925279370840493698e+01
-2.134204813838005066e+01 -1.876895459905847474e+01
-2.118487515052159509e+01 -1.916968828671938496e+01
-2.138978328307469567e+01 -1.893551555856481627e+01
-2.125731959442297736e+01 -1.778145152252989902e+01
-2.116193138062953949e+01 -1.874065204719444466e+01
-2.142190546294053277e+01 -1.937097711686964274e+01
-2.126890361557404319e+01 -1.939488086452731963e+01
-2.131088173389434814e+01 -1.893305728961895085e+01
-2.152273200949032983e+01 -1.859043828543130417e+01
-2.118025589982668677e+01 -1.941458626536579857e+01
-2.097594119111696997e+01 -1.951961397195791292e+01
-2.136459704736868659e+01 -1.927346515655517578e+01
-2.104339115818341455e+01 -1.848563512579187318e+01
-2.130418210228284082e+01 -1.964910294173599681e+01
-2.119145206610361853e+01 -1.903158693189744710e+01
-2.111183585226535797e+01 -1.845733273493779336e+01
-2.135460298756758490e+01 -1.885406354185822764e+01
-2.109250842531521997e+01 -1.897601432304877633e+01
-2.121937897801399231e+01 -1.889689443018529147e+01
-2.136266028384367743e+01 -1.882308567344368200e+01
-2.117442705730597297e+01 -1.839204202379499264e+01
-2.128458098570505896e+01 -1.848119709708473835e+01
-2.093668952335913858e+01 -1.906948172581660117e+01
-2.128632053981224814e+01 -1.954844659334653301e+01
-2.128086828688780585e+01 -1.896578986923416110e+01
-2.114698592821757117e+01 -1.920635894676307487e+01
-2.110349453737338266e+01 -1.958830386322814121e+01
-2.115593933065732202e+01 -1.926077204865294590e+01
-2.139959538976351539e+01 -1.954838064119413232e+01
-2.125888128330310067e+01 -1.904222431430568818e+01
-2.133366009593009949e+01 -1.924108153504210605e+01
-2.146668779850006104e+01 -1.921246617800229473e+01
-2.134148985147476196e+01 -1.924144097117634544e+01
-2.129400953650474548e+01 -1.702872177223106576e+01
-2.121096366147200385e+01 -1.947410205741981315e+01
-2.125146217147509375e+01 -1.936646700524664411e+01
-2.136500752965609351e+01 -1.825507995679781104e+01
-2.137298047542572021e+01 -1.957330262815797539e+01
-2.114043889443079749e+01 -1.729849062337503796e+01
-2.119346245626608649e+01 -1.910888992656360941e+01
-2.120298638194799423e+01 -1.934458206226299382e+01
-2.129053204754988471e+01 -1.836546064352060270e+01
-2.143776656687259674e+01 -1.937298223569795752e+01
-2.122106058895587921e+01 -1.922446408209862767e+01
-2.135315758983294288e+01 -1.948793386484121370e+01
-2.125326702992121497e+01 -1.853786872269271413e+01
-2.106047708541154861e+01 -1.910843937118331937e+01
-2.145674679179986200e+01 -1.753539653877159310e+01
-2.122360977530479431e+01 -1.882227745303859834e+01
-2.104822074125210563e+01 -1.910285563283152399e+01
-2.111482618500788888e+01 -1.961798594833968679e+01
-2.130344545344511786e+01 -1.916462043663123893e+01
-2.136368135611216346e+01 -1.953566413730769824e+01
-2.109538838764031610e+01 -1.936585059723296709e+01
-2.126216448595126352e+01 -1.872750175773323278e+01
-2.124000108490387717e+01 -1.964066942636068802e+01
-2.129841660459836206e+01 -1.957545126877822028e+01
-2.133000354965527734e+01 -1.973498808873164023e+01
-2.160426080723603448e+01 -1.868211413049078473e+01
-2.126721843580405036e+01 -1.862939435785466813e+01
-2.134505837162335595e+01 -1.844993732501934147e+01
-2.108016066749890527e+01 -1.933286915816269769e+01
-2.140814694265524665e+01 -1.945759422748119860e+01
-2.114814941585063934e+01 -1.893678877880046940e+01
-2.134846975902716437e+01 -1.889531478634128447e+01
-2.115242262681325158e+01 -1.865961135517467184e+01
-2.135620351632435998e+01 -1.961417775339894476e+01
-2.150128114471833030e+01 -1.937110516932103366e+01
-2.123663351436455926e+01 -1.927900589286506872e+01
-2.135882167518138885e+01 -1.918836085827319593e+01
-2.138936297595500946e+01 -1.904005145407342425e+01
-2.135435178379217902e+01 -1.902434045618230485e+01
-2.118392737209796906e+01 -1.917723666847526331e+01
-2.120923892408609390e+01 -1.900468517897964915e+01
-2.139053705334663391e+01 -1.908269166327142230e+01
-2.157670524716377258e+01 -1.921560104171951266e+01
-2.157061940431594849e+01 -1.798045928756912204e+01
-2.128211126228173455e+01 -1.881503328100427552e+01
-2.135747165481249610e+01 -1.909050287519182376e+01
-2.117556035891175270e+01 -1.855736028993284492e+01
-2.129538765052954474e+01 -1.911325863429478389e+01
-2.109326271712779999e+01 -1.902378014155796748e+01
-2.159907414515813073e+01 -1.939380571439668799e+01
-2.132043424248695374e+01 -1.876196827826561986e+01
-2.139723583559195319e+01 -1.800678436477462796e+01
-2.144293341040611267e+01 -1.903111591586818818e+01
-2.126608934501807013e+01 -1.933827166123823815e+01
-2.162909089525540551e+01 -1.863795803119609928e+01
-2.146519943078358850e+01 -1.910103186074789505e+01
-2.146705724298954010e+01 -1.892128384577763711e+01
-2.139435352881749353e+01 -1.944155992780412845e+01
-2.142926628887653351e+01 -1.872495377528203164e+01
-2.128686920056740561e+01 -1.891195777793983268e+01
-2.150141563018162927e+01 -1.943069241263649616e+01
-2.149368455012639245e+01 -1.921426956374923734e+01
-2.136829898506402969e+01 -1.847285208764014186e+01
-2.149697521328926086e+01 -1.873136457220300599e+01
-2.141460033754507819e+01 -1.929299383039598226e+01
-2.139505926271279534e+01 -1.887069861919848890e+01
-2.135539811601241311e+01 -1.981463937635545491e+01
-2.151500298579533776e+01 -1.906149488919741231e+01
-2.157411733269691467e+01 -1.800724351560914727e+01
-2.125437189638614655e+01 -1.924490079012783994e+01
-2.149040110657612601e+01 -1.916286416487260169e+01
-2.137210409839947900e+01 -1.946735694191672650e+01
-2.147337040926019469e+01 -1.933841954268418206e+01
-2.115209933121998986e+01 -1.875535003550641022e+01
-2.139668839176495752e+01 -1.934474646580683554e+01
-2.127652414639790734e+01 -1.717299436593984652e+01
-2.145739475886027137e+01 -1.968065509548435088e+01
-2.142296686768531799e+01 -1.943352572948901624e+01
-2.135678461690743646e+01 -1.948935352672230081e+01
-2.120567653328180313e+01 -1.897046615860678997e+01
-2.149266930917898932e+01 -1.943865408216203861e+01
-2.131478320558865747e+01 -1.920537028374609889e+01
-2.157627201080322266e+01 -1.948154806161855745e+01
-2.142765255769093713e+01 -1.902740396772112064e+01
-2.114139767487843713e+01 -1.966465569781018630e+01
-2.155223000049591064e+01 -1.822324704504632464e+01
-2.160650906463463983e+01 -1.874833181306913232e+01
-2.145116489628950873e+01 -1.868544592176164798e+01
-2.133369307219982147e+01 -1.952152437977976618e+01
-2.150153367221355438e+01 -1.893327703723659639e+01
-2.134192185103893280e+01 -1.828701179058520765e+01
-2.152552213271458825e+01 -1.869279481219006911e+01
-2.151952209571997443e+01 -1.806119349095728666e+01
-2.157864551742871484e+01 -1.934718519681459981e+01
-2.156466192007064819e+01 -1.955900996071951781e+01
-2.126361325631539145e+01 -1.900867827526934661e+01
-2.150484768549601355e+01 -1.912140693912258271e+01
-2.125742234786351403e+01 -1.903277028071416055e+01
-2.140084459384282312e+01 -1.828250696751978666e+01
-2.162273560216029367e+01 -1.860691466888824053e+01
-2.143927965064843377e+01 -1.924555377217082253e+01
-2.126265252878268441e+01 -1.938904965388310586e+01
-2.154969171186288079e+01 -1.779937468875538187e+01
-2.141545931001504144e+01 -1.881316089630126953e+01
-2.156614609062671661e+01 -1.873710258285720798e+01
-2.149944786975781241e+01 -1.923342595781598874e+01
-2.143470125893751899e+01 -1.868666335514613408e+01
-2.074850164353847504e+01 -1.937611500628582917e+01
-2.115187100569407264e+01 -1.949055333571000403e+01
-2.115551025234162807e+01 -1.906298997804715967e+01
-2.146699869632720947e+01 -1.861302460014045934e+01
-2.115719521914919099e+01 -1.946079587317132464e+01
-2.114371817520198604e+01 -1.930009366320325270e+01
-2.142484183112780372e+01 -1.841778226332230872e+01
-2.144675267239411554e+01 -1.954813856892771540e+01
-2.127944847196340561e+01 -1.821011546989539909e+01
-2.134289649625619134e+01 -1.940118357423063955e+01
-2.124785847465197364e+01 -1.832029506138392705e+01
-2.132812857131163398e+01 -1.958567649048644199e+01
-2.160226924717426300e+01 -1.825350521137188053e+01
-2.153452464441458503e+01 -1.949214631860906266e+01
-2.162870256106058875e+01 -1.891477875895314398e+01
-2.155744354923566064e+01 -1.892661725081406487e+01
-2.166362229486306390e+01 -1.851361811006223945e+01
-2.145171125729878625e+01 -1.930575915745326299e+01
-2.141302210589249810e+01 -1.928821535234327555e+01
-2.174257942040761193e+01 -1.940787955692836064e+01
-2.154206550121307373e+01 -1.931179535853398477e+01
-2.149174868563811103e+01 -1.967208587349235316e+01
-2.146794459223747253e+01 -1.972051242729286002e+01
-2.158282831807931146e+01 -1.798206169574291735e+01
-2.164244149128596106e+01 -1.947886196978680573e+01
-2.162297665079434594e+01 -1.868227836063929814e+01
-2.146635496616363525e+01 -1.939008683043640957e+01
-2.135851410528023919e+01 -1.926316993267505140e+01
-2.153272664050261298e+01 -1.854559464888139075e+01
-2.157385824620723724e+01 -1.963070138708337709e+01
-2.157912663122018060e+01 -1.863931908545556126e+01
-2.152002261579036713e+01 -1.832277118385612269e+01
-2.128736643989880761e+01 -1.865792342594691533e+01
-2.159346367418766022e+01 -1.918735651536421472e+01
-2.163073308765888214e+01 -1.930046060487821435e+01
-2.166488806903362274e+01 -1.888869825586095885e+01
-2.141498048603534698e+01 -1.950926561479444743e+01
-2.159568212429682532e+01 -1.966706632638906527e+01
-2.136023433009783545e+01 -1.951145044549718932e+01
-2.149764019747575006e+01 -1.926679548040613099e+01
-2.152089049915472785e+01 -1.937083022625415296e+01
-2.155817495783169946e+01 -1.896497481209891234e+01
-2.173897986114025116e+01 -1.934963043014724704e+01
-2.143752809862295905e+01 -1.915219140981698942e+01
-2.162803340454896173e+01 -1.896711877104523936e+01
-2.158799041310946265e+01 -1.938669531685965453e+01
-2.182286959389845649e+01 -1.908979713142692347e+01
-2.146291824678580085e+01 -1.976605422775466891e+01
-2.145065241058667382e+01 -1.771291494988775739e+01
-2.168848964075247565e+01 -1.951509012494768314e+01
-2.151804292698701104e+01 -1.876313709903072890e+01
-2.153449653585751733e+01 -1.782374498441621924e+01
-2.161782145003477851e+01 -1.931225921581317806e+01
-2.151965235173702240e+01 -1.904424396118560381e+01
-2.144867158184448996e+01 -1.954947186754895583e+01
-2.167876664797465125e+01 -1.955607037730031195e+01
-2.150630687673886499e+01 -1.911804846974162331e+01
-2.151022683580716333e+01 -1.878779898061380749e+01
-2.142623666922251502e+01 -1.908447476176472435e+01
-2.147526699304580688e+01 -1.962927625086400241e+01
-2.176314590871334076e+01 -1.888038934980119876e+01
-2.135008427252371987e+01 -1.926848762066333265e+01
-2.141614535699288169e+01 -1.975472948148653174e+01
-2.178041838606198510e+01 -1.914641719669490527e+01
-2.173352490862210473e+01 -1.900940981778231631e+01
-2.165465154250462732e+01 -1.863732801164899655e+01
-2.192584088444709778e+01 -1.942706615893871813e+01
-2.172264564037322998e+01 -1.946958171547233363e+01
-2.151622780164082727e+01 -1.851715688581590413e+01
-2.153857479492823401e+01 -1.920536378142121592e+01
-2.152436689287424088e+01 -1.942852255585905752e+01
-2.139178678890069207e+01 -1.905834993139490052e+01
-2.167945850392182550e+01 -1.887595820736575547e+01
-2.148816503584384918e+01 -1.947208535826051445e+01
-2.156558536489804467e+01 -1.826305245733880511e+01
-2.171575887004534522e+01 -1.853509504144841813e+01
-2.174643602967262268e+01 -1.938146311276918965e+01
-2.172293450931708136e+01 -1.914836992536272220e+01
-2.174755787849426270e+01 -1.925716427394322139e+01
-2.157066819071769714e+01 -1.908725457377247992e+01
-2.153118593494097510e+01 -1.913276952272885723e+01
-2.183405216038227081e+01 -1.919514996664864626e+01
-2.149077366292476654e+01 -1.966217613220214844e+01
-2.172651409854491433e+01 -1.949878617076130638e+01
-2.145397133628527442e+01 -1.790737041869720869e+01
-2.157360317309697351e+01 -1.940045905422854844e+01
-2.161185391247272491e+01 -1.910364606782987451e+01
-2.159896191954612732e+01 -1.890526295946790114e+01
-2.138563288251559058e+01 -1.898029038813206881e+01
-2.153153695662816247e+01 -1.949284170819567308e+01
-2.167600699265797815e+01 -1.920582638777695550e+01
-2.182181949913501740e+01 -1.967693370967716504e+01
-2.178656203051408013e+01 -1.827679563497568083e+01
-2.161229242384433746e+01 -1.803391543301669131e+01
-2.153029318650563440e+01 -1.985790033464308024e+01
-2.159818580249945441e+01 -1.930645386584393464e+01
-2.169369698812564096e+01 -1.919199261108002119e+01
-2.154533011217911920e+01 -1.965180311574564342e+01
-2.177428290247917175e+01 -1.811316248658415518e+01
-2.176164651910464087e+01 -1.936044181476939841e+01
-2.188947646319866180e+01 -1.929320633875859414e+01
-2.182320394615332404e+01 -1.901117835106787624e+01
-2.168950743973255157e+01 -1.932388306902600661e+01
-2.147936225061615190e+01 -1.960082151982691556e+01
-2.155143898725509644e+01 -1.948313258530257741e+01
-2.174065094689528266e+01 -1.983047394938283148e+01
-2.182301483054955682e+01 -1.916238746395358916e+01
-2.187509483098983765e+01 -1.941035128259039411e+01
-2.168741796910762787e+01 -1.912378264092779645e+01
-2.145744708925485611e+01 -1.949609257338882884e+01
-2.195603278776009759e+01 -1.929014115519337835e+01
-2.161986246705055237e+01 -1.868541551565195036e+01
-2.184708356360594550e+01 -1.940437154646043538e+01
-2.166431269546349725e+01 -1.949222372723864183e+01
-2.174655138949553290e+01 -1.911247405758151885e+01
-2.146410821378231049e+01 -1.926154431429776182e+01
-2.130879204720258713e+01 -1.920919072782838555e+01
-2.179699343442916870e+01 -1.935958567532626162e+01
-2.164334389070669928e+01 -1.901731446501496592e+01
-2.176836924254894257e+01 -1.834302540568562279e+01
-2.183347283800442895e+01 -1.968270443012188053e+01
-2.174300551911195001e+01 -1.933947070233233489e+01
-2.161014759043852607e+01 -1.861430630126556807e+01
-2.190111420055230340e+01 -1.866697545485062903e+01
-2.178409010171890259e+01 -1.967139500456971035e+01
-2.177701092263062677e+01 -1.887474165334329967e+01
-2.177819931010405341e+01 -1.879654172178986826e+01
-2.201761548717816552e+01 -1.931616275341479749e+01
-2.179743748406569281e+01 -1.963313095290939359e+01
-2.146260039011637488e+01 -1.939771169191831035e+01
-2.141814509034156799e+01 -1.946707197907683096e+01
-2.187039959182341775e+01 -1.925139193101362878e+01
-2.185023837784926215e+01 -1.931019150127064066e+01
-2.157335375249385834e+01 -1.911866008461295863e+01
-2.178473129868507385e+01 -1.945464743577040778e+01
-2.162863925596078118e+01 -1.901406033008129626e+01
-2.177623063822587213e+01 -1.902224924657252103e+01
-2.189878872036933899e+01 -1.972426658481746387e+01
-2.174326014022032538e+01 -1.945645451236080703e+01
-2.177595689892768860e+01 -1.921405229940042858e+01
-2.184980291128158569e+01 -1.893301370546415185e+01
-2.184387682874997338e+01 -1.873642712134819632e+01
-2.158607086539268494e+01 -1.947197080587411833e+01
-2.191597258051236352e+01 -1.910508013390875348e+01
-2.175328422089417657e+01 -1.906216461627514391e+01
-2.174083954095840454e+01 -1.950766423460725107e+01
-2.114672407259543618e+01 -1.899363443448946143e+01
-2.154108777269721031e+01 -1.856104660034179688e+01
-2.142060698072115699e+01 -1.902202006748744267e+01
-2.165609208246072015e+01 -1.909678350176130124e+01
-2.186145409941673279e+01 -1.865093782350614404e+01
-2.170475589980681619e+01 -1.962125243149794684e+01
-2.168489620089530945e+01 -1.918804434986857643e+01
-2.164647868027289590e+01 -1.950180990045720719e+01
-2.141801343361536780e+01 -1.948630886573296195e+01
-2.149862668166558066e+01 -1.878321126219514170e+01
-2.155952887733777246e+01 -1.970953756803042012e+01
-2.176924200107653817e+01 -1.959921633732783164e+01
-2.172619279567152262e+01 -1.942555213284182969e+01
-2.173783286909262458e+01 -1.943293367113385983e+01
-2.170539893209934235e+01 -1.911316923661665612e+01
-2.189557288711269578e+01 -1.934497604122409697e+01
-2.180092037438104668e+01 -1.928890581254835368e+01
-2.169675513356924057e+01 -1.917479117504962005e+01
-2.179932138572136679e+01 -1.934340553779106742e+01
-2.163613029941916466e+01 -1.961744519023152122e+01
-2.175730295727650443e+01 -1.969013700856790905e+01
-2.172759225405752659e+01 -1.971931303940810309e+01
-2.170154856642087182e+01 -1.968919553385152454e+01
-2.175780512144168100e+01 -1.935689623944170989e+01
-2.178839516391356668e+01 -1.926881009882146500e+01
-2.167647857715686044e+01 -1.913207030605960313e+01
-2.168842039008935174e+01 -1.965116367092380401e+01
-2.175736830631892005e+01 -1.929725223392635058e+01
-2.191884346803029260e+01 -1.904652443179836396e+01
-2.174673152466614923e+01 -1.807515891186602630e+01
-2.169717027743657312e+01 -1.849205273467224941e+01
-2.155993401010831079e+01 -1.915044695371157246e+01
-2.162905889252821723e+01 -1.950857828809069261e+01
-2.169192153215408325e+01 -1.933537745785403672e+01
-2.179409190515677253e+01 -1.936915912875881318e+01
-2.194349723060925683e+01 -1.961875385433048535e+01
-2.154275074104468146e+01 -1.920009344274347640e+01
-2.206870581209659576e+01 -1.956652166936304837e+01
-2.196322969098885736e+01 -1.876531970036494101e+01
-2.192920532822608948e+01 -1.965579711616813441e+01
-2.192920571068922797e+01 -1.950141074440696087e+01
-2.182440506915251532e+01 -1.932257705539851855e+01
-2.172143549223740777e+01 -1.916126923746876898e+01
-2.185442859927813331e+01 -1.954686781647917471e+01
-2.167944894731044769e+01 -1.935497722378024932e+01
-2.173886115849018097e+01 -1.866083423812667874e+01
-2.167951127390066901e+01 -1.953379686776693802e+01
-2.198881836235523224e+01 -1.916742059781953955e+01
-2.177585641543070594e+01 -1.945671128607415667e+01
-2.168875690301259240e+01 -1.888404620777476950e+01
-2.184825817743937293e+01 -1.896374758187826615e+01
-2.180455680191516876e+01 -1.976173144501525059e+01
-2.199533163507779321e+01 -1.895087264420150319e+01
-2.195028951267401496e+01 -1.941940748536741523e+01
-2.192665279905001441e+01 -1.922316084279642467e+01
-2.152826269964377204e+01 -1.946619775697782373e+01
-2.149490471184253693e+01 -1.881561009295575104e+01
-2.179295952618122101e+01 -1.965025344452300615e+01
-2.203268959621588508e+01 -1.951169581227488337e+01
-2.196236924330393592e+01 -1.895042286910019769e+01
-2.185519723594188690e+01 -1.848999029630190449e+01
-2.175272528330485144e+01 -1.894267618501341133e+01
-2.204449198643366614e+01 -1.813415300691282539e+01
-2.191561824580033502e+01 -1.865174496638310586e+01
-2.184599995613098145e+01 -1.925160004256607493e+01
-2.174475742379824439e+01 -1.860776799684995098e+01
-2.200867272913455963e+01 -1.946073385956999502e+01
-2.208107230563958367e+01 -1.912066771767356244e+01
-2.199082020918528357e+01 -1.911783765817617464e+01
-2.186609093844890594e+01 -1.938050819991470775e+01
-2.173315649231274804e+01 -1.926942478526722269e+01
-2.188032399614651879e+01 -1.912096629204688014e+01
-2.206164130071799079e+01 -1.948685455322265625e+01
-2.213959253827730933e+01 -1.908119730515913659e+01
-2.186565712591012201e+01 -1.872758490079409199e+01
-2.174178306013345718e+01 -1.772480346630145931e+01
-2.169613657891750336e+01 -1.946055385044642705e+01
-2.159779085653523722e+01 -1.939217112900374929e+01
-2.165843182305495063e+01 -1.885054318316571198e+01
-2.142124697317679605e+01 -1.792084111795796986e+01
-2.182703434303402901e+01 -1.834537683214460202e+01
-2.196796983107924461e+01 -1.952428940364292842e+01
-2.177164396146933356e+01 -1.898794367406275541e+01
-2.196528501560290536e+01 -1.892796137425806791e+01
-2.189595133811235428e+01 -1.848764856759603958e+01
-2.188952249785264215e+01 -1.969559507246141195e+01
-2.185892977068821708e+01 -1.938660842102843418e+01
-2.196427565316359320e+01 -1.812651597060166253e+01
-2.166772678494453430e+01 -1.954346911938159437e+01
-2.149405561387538910e+01 -1.935824940421364460e+01
-2.162826683993140975e+01 -1.891496610022210589e+01
-2.193355075192327419e+01 -1.932985484135615195e+01
-2.175743831073244294e+01 -1.915930637755951338e+01
-2.194194687033693114e+01 -1.836755402057201891e+01
-2.172698176155487815e+01 -1.883483118825144587e+01
-2.189642444749673089e+01 -1.887411001131131982e+01
-2.192570605377356330e+01 -1.964625250828730429e+01
-2.206682628889878472e+01 -1.871889695254239072e+01
-2.165241345018148422e+01 -1.929387653648079137e+01
-2.168907164533932885e+01 -1.968401336669921875e+01
-2.185491204758485040e+01 -1.941198419595693636e+01
-2.207807617882887641e+01 -1.841764649477871885e+01
-2.188063896199067315e+01 -1.955024301850950508e+01
-2.222199189166228095e+01 -1.915618542262486201e+01
-2.195985570549964905e+01 -1.873948312734628630e+01
-2.194112332165241241e+01 -1.934787344003652620e+01
-2.195919837057590485e+01 -1.870935131667496165e+01
-2.197847904761632165e+01 -1.793694585329526348e+01
-2.197422041992346564e+01 -1.922937645850243626e+01
-2.211717467506726464e+01 -1.922100153836337100e+01
-2.179722491403420648e+01 -1.969004333793342809e+01
-2.200873972475528717e+01 -1.836082223173859873e+01
-2.178482165435950080e+01 -1.901402913130722894e+01
-2.175127269824345788e+01 -1.923601759873427497e+01
-2.212245751917362213e+01 -1.839193595539439841e+01
-2.183634581168492517e+01 -1.905342555355716172e+01
-2.206421642005443573e+01 -1.937372518514657926e+01
-2.200694123407204827e+01 -1.969830916763900319e+01
-2.186424277722835541e+01 -1.970809635558685713e+01
-2.207182144622008124e+01 -1.969929774395831146e+01
-2.190598068634669104e+01 -1.927145284182065410e+01
-2.199504710982243338e+01 -1.961667017503218347e+01
-2.206725202500820160e+01 -1.918356167186390238e+01
-2.198205516239007196e+01 -1.951887597666158314e+01
-2.215688714881737909e+01 -1.967342952629188346e+01
-2.158519039054711541e+01 -1.871135045336438552e+01
-2.166046755015850067e+01 -1.971872116683365306e+01
-2.192598491907119751e+01 -1.914268528331409769e+01
-2.196201252440611640e+01 -1.976226092004156598e+01
-2.196175815661748132e+01 -1.965178425281078844e+01
-2.211019190649191657e+01 -1.940233851098394879e+01
-2.206224010884761810e+01 -1.964296407823438884e+01
-2.195025058090686798e+01 -1.952467941928219375e+01
-2.206596773862838745e+01 -1.863526396317915612e+01
-2.211026352147261420e+01 -1.928886845824006357e+01
-2.214459128677845001e+01 -1.908983873392080355e+01
-2.200234641631444177e+01 -1.923799372338629254e+01
-2.202342822651068488e+01 -1.839800678599964456e+01
-2.200602172811825952e+01 -1.942517455831750794e+01
-2.181238205482562265e+01 -1.891378550095991784e+01
-2.211463125050067902e+01 -1.883900259686754808e+01
-2.221043252448241034e+01 -1.918787962430483418e+01
-2.197220714886983117e+01 -1.920284915744484167e+01
-2.205003725985686103e+01 -1.886050777930718070e+01
-2.202174359560012817e+01 -1.921558096501734525e+01
-2.188022160033385077e+01 -1.946339225769042969e+01
-2.208361666897932807e+01 -1.964065328820959166e+01
-2.198482077817122260e+01 -1.918090713178956719e+01
-2.212181363503138343e+01 -1.874972470085342380e+01
-2.206716011464595795e+01 -1.852292420028091868e+01
-2.212664350370566169e+01 -1.911045972402993698e+01
-2.222575432062149048e+01 -1.852812436339143076e+01
-2.207784824570019921e+01 -1.893813590260295143e+01
-2.178318246950705728e+01 -1.860957738950655127e+01
-2.215263338387012482e+01 -1.826249357941862783e+01
-2.211200058460235596e+01 -1.927991034767844525e+01
-2.189948873718579492e+01 -1.901967041213790921e+01
-2.185234809418519220e+01 -1.910395516977681751e+01
-2.198159961899121484e+01 -1.951148540633065309e+01
-2.212695819636185846e+01 -1.896406422032938366e+01
-2.204561707377433777e+01 -1.929487248210163841e+01
-2.194200457632541656e+01 -1.946305147393957213e+01
-2.196126184364159784e+01 -1.860254898318996553e+01
-2.203934264183044434e+01 -1.950332947520466575e+01
-2.189248249928156653e+01 -1.944719014848981686e+01
-2.204746121168136597e+01 -1.882601034486448555e+01
-2.193972529470920563e+01 -1.871914677805714788e+01
-2.204403328895568848e+01 -1.931757250699130068e+01
-2.208380542198817054e+01 -1.895098282454849681e+01
-2.215339068075020990e+01 -1.955312985259217129e+01
-2.188522512217362603e+01 -1.938817301663485537e+01
-2.208909512062867364e+01 -1.894966764573927165e+01
-2.194888843595981598e+01 -1.908737055047765807e+01
-2.204819459219773492e+01 -1.927687689545866689e+01
-2.205577337741851807e+01 -1.921517681765865859e+01
-2.185050766170024872e+01 -1.963672459589970742e+01
-2.205718739330768585e+01 -1.902924147519198428e+01
-2.173057556152343750e+01 -1.903753743852887936e+01
-2.131389245328803739e+01 -1.793610224785742702e+01
-2.167030424500505248e+01 -1.828196408686699925e+01
-2.166958583891391754e+01 -1.929523261800989076e+01
-2.186904676755269250e+01 -1.869739197910606165e+01
-2.189996737738450250e+01 -1.838593502787800560e+01
-2.220339012642701348e+01 -1.949205810992748766e+01
-2.207582692305247107e+01 -1.943699533289128922e+01
-2.209959467748801032e+01 -1.914964009569836989e+01
-2.210487291713555535e+01 -1.911581844478458692e+01
-2.191012064119179925e+01 -1.898977506315553399e+01
-2.196576052655776223e+01 -1.946542267985158148e+01
-2.202091385920842370e+01 -1.950719768970043688e+01
-2.182295014460881433e+01 -1.926781519357260208e+01
-2.192293550322453299e+01 -1.862534993654721660e+01
-2.205477580924828729e+01 -1.994830156301523161e+01
-2.210807625452677527e+01 -1.911977271290568581e+01
-2.200169154815375805e+01 -1.843818907923512640e+01
-2.160467945784330368e+01 -1.923413372039794922e+01
-2.203942545379201690e+01 -1.938242522152987490e+01
-2.212901394565900048e+01 -1.941026231840059424e+01
-2.218810231486956397e+01 -1.939573856452842904e+01
-2.204467480381329736e+01 -1.955364794545359430e+01
-2.201201050480206689e+01 -1.982277409442059479e+01
-2.215934537847836694e+01 -1.762479522011496869e+01
-2.213177507619063178e+01 -1.864870374852960921e+01
-2.197384784619013587e+01 -1.945754484696821862e+01
-2.198535540203253547e+01 -1.959066667185201283e+01
-2.227067130307356635e+01 -1.908203032109644681e+01
-2.215833836793899536e+01 -1.947344410883916055e+01
-2.215667200088500977e+01 -1.953393107575255527e+01
-2.186610103026032448e+01 -1.929877753691239661e+01
-2.206473611543576041e+01 -1.926158097502473154e+01
-2.210605214039484778e+01 -1.877376223229742536e+01
-2.197876179218292236e+01 -1.925204294378107406e+01
-2.213686649004618445e+01 -1.925338320298628503e+01
-2.194017538925011834e+01 -1.745626118895295420e+01
-2.205592220028241357e+01 -1.938680746183766956e+01
-2.222931743164857110e+01 -1.935827339469612340e+01
-2.191656358291705331e+01 -1.877977760116775485e+01
-2.189434641599655151e+01 -1.832789853331330576e+01
-2.170363099873065948e+01 -1.916328681599010153e+01
-2.208620551725228509e+01 -1.895498577960125886e+01
-2.193756685157616815e+01 -1.968609153450309535e+01
-2.221234990656375885e+01 -1.951684294118509655e+01
-2.197526414692401886e+01 -1.890813460907378740e+01
-2.203437005480130395e+01 -1.961791952554281693e+01
-2.227804208298524102e+01 -1.951172800187940837e+01
-2.216633769373099128e+01 -1.876751591323257884e+01
-2.194818829496701440e+01 -1.868848853916316699e+01
-2.212207169830799103e+01 -1.975230817670945882e+01
-2.212589710950851440e+01 -1.926222910199846439e+01
-2.215926990409692010e+01 -1.924910558973039798e+01
-2.223673916359742364e+01 -1.932946971794227409e+01
-2.209528640906016150e+01 -1.909672635561459941e+01
-2.220917094250519952e+01 -1.977137923550296250e+01
-2.206623833378155908e+01 -1.859068734305245485e+01
-2.223190039892991265e+01 -1.875898751345547666e+01
-2.212314623594284058e+01 -1.952750420260738906e+01
-2.205470855534076691e+01 -1.867976747240339108e+01
-2.208602956434090814e+01 -1.855730214057030736e+01
-2.209426190952460090e+01 -1.908801289347859154e+01
-2.221336493392785272e+01 -1.952566294236616784e+01
-2.217731460432211676e+01 -1.966490378937163896e+01
-2.220856161415576935e+01 -1.953204334556282262e+01
-2.189313338696956635e+01 -1.754771090173101911e+01
-2.214975968499978265e+01 -1.951595895940607406e+01
-2.215553078552087030e+01 -1.960439133334469375e+01
-2.233129764099915704e+01 -1.971535156299541569e+01
-2.210205265879631042e+01 -1.864923279006759671e+01
-2.212298592925071716e+01 -1.858455919290517855e+01
-2.203062495092551032e+01 -1.883007975987025517e+01
-2.218697900076707086e+01 -1.895454464949570550e+01
-2.213750303785006324e+01 -1.935586082161247035e+01
-2.215415364007155219e+01 -1.964334547364866523e+01
-2.212027745445569238e+01 -1.875127142125910140e+01
-2.193212766448656836e+01 -1.892839077540806514e+01
-2.196570498992999276e+01 -1.923807773342380401e+01
-2.211183389524618903e+01 -1.960969612815163288e+01
-2.215108733375867089e+01 -1.940160291845148421e+01
-2.188695693016052246e+01 -1.935385780829887992e+01
-2.155466667066017905e+01 -1.938715653605275335e+01
-2.181866197474300861e+01 -1.937894090429529115e+01
-2.200694274405638495e+01 -1.966205491648091908e+01
-2.214840125540892402e+01 -1.926168545809658994e+01
-2.194493218262990197e+01 -1.960405420328115511e+01
-2.208992590755224228e+01 -1.908506383524312611e+01
-2.185339175661404809e+01 -1.964275736622996149e+01
-2.201896775762240210e+01 -1.984578426162918063e+01
-2.199342097838719567e+01 -1.909794453212193233e+01
-2.196757368743419647e+01 -1.941910164077560452e+01
-2.216387100021044532e+01 -1.978392170001934147e+01
-2.215214611093203345e+01 -1.850457935828667289e+01
-2.188703478624423227e+01 -1.892150446656462393e+01
-2.209763027727603912e+01 -1.961031344029810697e+01
-2.224206249415874481e+01 -1.928900399146142064e+01
-2.211988643308480462e+01 -1.932129526757574567e+01
-2.219483878711859504e+01 -1.959520034046916237e+01
-2.185595865050951758e+01 -1.939619713325005179e+01
-2.192374011874198914e+01 -1.848141117839070091e+01
-2.221485905845959863e+01 -1.950744304409274932e+01
-2.211292841533819953e+01 -1.962805066789899655e+01
-2.220851236581802368e+01 -1.955689321245466061e+01
-2.198341277241706848e+01 -1.942471341962938070e+01
-2.200652554134527961e+01 -1.878943934997954912e+01
-2.233757953345775604e+01 -1.933633756018304339e+01
-2.237614786128203193e+01 -1.895335507083248672e+01
-2.217267229159672937e+01 -1.918035562936361771e+01
-2.224333799382050714e+01 -1.935873346204881429e+01
-2.212380233903725824e+01 -1.890310298622428675e+01
-2.224988854428132257e+01 -1.965562268046589622e+01
-2.226769325137138367e+01 -1.959302326301475716e+01
-2.204018718004226685e+01 -1.937826025331175117e+01
-2.207225275039672852e+01 -1.883063917036180257e+01
-2.228830321133136749e+01 -1.955877453940255251e+01
-2.206549229721228400e+01 -1.933908986426019183e+01
-2.228766513367493829e+01 -1.954335148303539782e+01
-2.233772001663843909e+01 -1.865564119661009101e+01
-2.202689502139886102e+01 -1.961596308126078014e+01
-2.196674221754074097e+01 -1.903359906085125886e+01
-2.221054124583800515e+01 -1.933293768647429189e+01
-2.235690868397553643e+01 -1.820537331816437998e+01
-2.154060115416844567e+01 -1.925835313425435658e+01
-2.193588059147198877e+01 -1.855292294242165241e+01
-2.211570910116036615e+01 -1.946930311871813402e+01
-2.203570628662903985e+01 -1.887241541874873008e+01
-2.218918578326702118e+01 -1.911349063724666308e+01
-2.215005239347616950e+01 -1.931852200743439951e+01
-2.217840694884459296e+01 -1.930371291916091891e+01
-2.209317074219385901e+01 -1.944978936926111146e+01
-2.231788800160090247e+01 -1.927048089906766748e+01
-2.230266314744949341e+01 -1.913703052718917874e+01
-2.224754821260770044e+01 -1.944264929635184203e+01
-2.219484319289525232e+01 -1.970125619467202682e+01
-2.239692192276318750e+01 -1.954996988370821143e+01
-2.208297522366046906e+01 -1.907091662171599111e+01
-2.169185667733351508e+01 -1.859693068962592477e+01
-2.223765418926874915e+01 -1.867253116508582877e+01
-2.223075394332408905e+01 -1.885332640115316849e+01
-2.220896188914775848e+01 -1.965676697817715635e+01
-2.205600162843863288e+01 -1.963368617714225550e+01
-2.226631085077921668e+01 -1.938913763962782966e+01
-2.218654770155747613e+01 -1.916860865308092698e+01
-2.223528875907262048e+01 -1.972318771907261592e+01
-2.214688075085480889e+01 -1.910801353702297334e+01
-2.213245184719562531e+01 -1.931569598557113210e+01
-2.243123692770798883e+01 -1.881755511791675062e+01
-2.212242627143859863e+01 -1.795742373033003503e+01
-2.198853551099697867e+01 -1.896934238037505693e+01
-2.208052224914233008e+01 -1.857427194521024560e+01
-2.222595227758089820e+01 -1.950560459533295088e+01
-2.240487095713615417e+01 -1.955720554698597269e+01
-2.235612823069095612e+01 -1.983606305060448705e+01
-2.217618212600548944e+01 -1.960566613581273288e+01
-2.215751164158185205e+01 -1.953997730899166640e+01
-2.229189289112885675e+01 -1.921752851659601546e+01
-2.212392554680506507e+01 -1.941914477905669756e+01
-2.238048987587292871e+01 -1.789196797160359154e+01
-2.198931967715422431e+01 -1.817387349264962282e+01
-2.224397659301757812e+01 -1.939351145013586120e+01
-2.218554205695788184e+01 -1.889532713456587487e+01
-2.220001379648844519e+01 -1.926760869211964788e+01
-2.232900085548559943e+01 -1.909771422596720925e+01
-2.231018730501333991e+01 -1.932573521601689492e+01
-2.201501722137133399e+01 -1.936019533330744125e+01
-2.223206422229607782e+01 -1.911387036682723561e+01
-2.212721962233384332e+01 -1.877123402929925433e+01
-2.211226220925648889e+01 -1.962395445092931823e+01
-2.219295596083005151e+01 -1.906543980635605706e+01
-2.233298560976982117e+01 -1.905791963849748782e+01
-2.196123657623926917e+01 -1.822811157672436266e+01
-2.207018610586722573e+01 -1.859588907910631761e+01
-2.205046197275320807e+01 -1.872602148179884196e+01
-2.232989052434762201e+01 -1.946555880757121315e+01
-2.237373639643192291e+01 -1.937785781513560934e+01
-2.232255593935648719e+01 -1.854444714335652122e+01
-2.202578712999820709e+01 -1.973866390872311172e+01
-2.218043175836404046e+01 -1.917329063663234834e+01
-2.238798513511816779e+01 -1.956519474921288548e+01
-2.224801950653393945e+01 -1.861565612198470632e+01
-2.205372003465890884e+01 -1.963944956544157705e+01
-2.222630697985490045e+01 -1.953558508142248229e+01
-2.193756702542304993e+01 -1.944958888710319300e+01
-2.167180826266606530e+01 -1.814999347538142871e+01
-2.221795014043648919e+01 -1.931063567817985316e+01
-2.213259948045015335e+01 -1.903707101747587060e+01
-2.217962018152077874e+01 -1.799863879711596937e+01
-2.235217983524004737e+01 -1.966015845459777012e+01
-2.230709222952524939e+01 -1.923843759066098613e+01
-2.231481330593426904e+01 -1.966929994310651608e+01
-2.223276754717032233e+01 -1.850501440717028245e+01
-2.233998525142669678e+01 -1.955908566016655570e+01
-2.228845657408237457e+01 -1.908408993559998379e+01
-2.206081430862347403e+01 -1.890969332162435990e+01
-2.229491184651851654e+01 -1.940527596411767064e+01
-2.247192383805910865e+01 -1.944453806691355524e+01
-2.242646875480810920e+01 -1.928180619029255638e+01
-2.211345536261796951e+01 -1.953589050491134671e+01
-2.208825390040874481e+01 -1.973612267630440797e+01
-2.222035245100657264e+01 -1.910403158757593900e+01
-2.196200585116942605e+01 -1.954332127509179173e+01
-2.244403980175654212e+01 -1.948359449807699662e+01
-2.198786130547523499e+01 -1.928913308428479567e+01
-2.225168496370315552e+01 -1.918739762244286595e+01
-2.215470571815967560e+01 -1.938744652735722696e+01
-2.205401745438575745e+01 -1.951290977775276403e+01
-2.253500125805537024e+01 -1.964400562682709150e+01
-2.233351733287175378e+01 -1.935538400922502689e+01
-2.234510300556818763e+01 -1.933034704877184495e+01
-2.228720501065254211e+01 -1.976600788165996647e+01
-2.238028921186923981e+01 -1.961678542099989997e+01
-2.230099290609359741e+01 -1.841300075085132093e+01
-2.243117837607860565e+01 -1.977865361548089496e+01
-2.229730278253555298e+01 -1.970027566885019255e+01
-2.231849262118339539e+01 -1.942664324772822226e+01
-2.241721419493357459e+01 -1.975154605469146318e+01
-2.227732187012831488e+01 -1.935716764028970260e+01
-2.204648374021053314e+01 -1.933862471890140000e+01
-2.235115146140257636e+01 -1.941591856077119971e+01
-2.209270428617795190e+01 -1.985824059820794574e+01
-2.242366044720013818e+01 -1.959855047448888854e+01
-2.204167426129182061e+01 -1.960905688149588499e+01
-2.202264214058716973e+01 -1.934876243789474515e+01
-2.195877916117509088e+01 -1.970766404387238779e+01
-2.229849599798520288e+01 -1.949114014266373118e+01
-2.239049027363459388e+01 -1.975696686335972529e+01
-2.258214034636815271e+01 -1.926212637765067015e+01
-2.231012603143851081e+01 -1.910501073862051058e+01
-2.232761620978514472e+01 -1.975081490851068011e+01
-2.215681306024392327e+01 -1.947750043249749652e+01
-2.236881358424822608e+01 -1.894611514698375387e+01
-2.237506208320458612e+01 -1.866810953462278633e+01
-2.229871383309364319e+01 -1.957074654566777383e+01
-2.223968660831451416e+01 -1.921640159557392025e+01
-2.244193963209788123e+01 -1.917506715848848486e+01
-2.225463263193766394e+01 -1.888375741785222672e+01
-2.193574096759160241e+01 -1.937114893925654258e+01
-2.212710788225134095e+01 -1.933970935623367282e+01
-2.234351548552513123e+01 -1.926183762488427220e+01
-2.218610273301601410e+01 -1.907694342229273587e+01
-2.209558486441771308e+01 -1.960236602634578418e+01
-2.226883511741955957e+01 -1.918668442267876273e+01
-2.241167143483956536e+01 -1.941045852760215951e+01
-2.223143284519513330e+01 -1.945283653209735775e+01
-2.234145660201708594e+01 -1.939878426588974847e+01
-2.237492991983890533e+01 -1.965306424475335589e+01
-2.229345280428727349e+01 -1.950540283748081904e+01
-2.253675149877865991e+01 -1.912650650817078457e+01
-2.230318077405293664e+01 -1.948413848876953125e+01
-2.213882453242937842e+01 -1.945249727174833154e+01
-2.231255042552947998e+01 -1.950842705020656709e+01
-2.227426676948865136e+01 -1.940388189043317624e+01
-2.224772379299004754e+01 -1.903624543276700010e+01
-2.225381248692671576e+01 -1.922631713322230596e+01
-2.220465605954329291e+01 -1.915050630445604085e+01
-2.253138082722822944e+01 -1.967130221329726325e+01
-2.233109224339326104e+01 -1.902871125704282207e+01
-2.219346543153126916e+01 -1.967252145494733639e+01
-2.221637842555840692e+01 -1.903797372595056459e+01
-2.251672522723674774e+01 -1.954797193601534033e+01
-2.218091732263565063e+01 -1.871359453572855358e+01
-2.225965285797913751e+01 -1.921759155818394404e+01
-2.226141087214152137e+01 -1.904193725833644990e+01
-2.245927268763383111e+01 -1.911336932244238795e+01
-2.228371527294318000e+01 -1.918988764131223945e+01
-2.216436100006103516e+01 -1.979061520564091836e+01
-2.257083728909492493e+01 -1.956834949146617575e+01
-2.235051268835862359e+01 -1.907175831980519476e+01
-2.255316651364167413e+01 -1.932302451443362656e+01
-2.253321003417174140e+01 -1.920916459467503756e+01
-2.235193021595478058e+01 -1.953694738660539798e+01
-2.229691668848196784e+01 -1.932996201205563125e+01
-2.202941537151734153e+01 -1.886701944276883935e+01
-2.228542658686637878e+01 -1.905108017116398145e+01
-2.222401214142640313e+01 -1.937709909909731465e+01
-2.234463479121525964e+01 -1.932729359416218529e+01
-2.227194669842720032e+01 -1.972709441494632188e+01
-2.214083619415760040e+01 -1.918187973716042194e+01
-2.237497197091579437e+01 -1.948447078853458692e+01
-2.236657106379668036e+01 -1.886946457701844082e+01
-2.252102026343345642e+01 -1.957094637140050963e+01
-2.229214177529017249e+01 -1.922727726032207585e+01
-2.234203205009301385e+01 -1.943845549496737490e+01
-2.260997130970160285e+01 -1.921273575819931878e+01
-2.229910762608051300e+01 -1.954254095894949828e+01
-2.194303111980358878e+01 -1.945680896957199124e+01
-2.211317793528239051e+01 -1.908539921896798219e+01
-2.250369673470656195e+01 -1.972135057077779408e+01
-2.237091578543186188e+01 -1.915647659054050322e+01
-2.232579052944977960e+01 -1.901538752270983323e+01
-2.234051687022050103e+01 -1.962189027860567236e+01
-2.242640406886736670e+01 -1.887785744357418594e+01
-2.224961884816487512e+01 -1.866162681579589844e+01
-2.257033858696619788e+01 -1.852420728856867171e+01
-2.247615592181682587e+01 -1.934586716936780348e+01
-2.254707430799802026e+01 -1.944595064435686282e+01
-2.211984814206759253e+01 -1.938894903505003242e+01
-2.221577879289786139e+01 -1.968300875131185990e+01
-2.248719209929307183e+01 -1.889494602401535062e+01
-2.230887975295384607e+01 -1.963000384244051943e+01
-2.231742719809214393e+01 -1.954282452224136790e+01
-2.227144525448481360e+01 -1.952114745548793096e+01
-2.221629857023556909e+01 -1.885042762756347656e+01
-2.240107343097527703e+01 -1.935929921385529795e+01
-2.244794617593288422e+01 -1.940045035969127341e+01
-2.245358045895894250e+01 -1.948103927017806569e+01
-2.240673956274986267e+01 -1.933641156283291807e+01
-2.215619813402493676e+01 -1.919646944318498782e+01
-2.244418329993883887e+01 -1.935251343714726602e+01
-2.233240662018458167e+01 -1.945074657341102409e+01
-2.203434272979696473e+01 -1.776717521617938900e+01
-2.222067283342282096e+01 -1.946691779347209206e+01
-2.224017036457856378e+01 -1.955670216795686045e+01
-2.249917842447757721e+01 -1.934488938071510944e+01
-2.231524769465128699e+01 -1.910096619345925006e+01
-2.237513614694277564e+01 -1.960432684266721992e+01
-2.235852028429508209e+01 -1.937471475229634876e+01
-2.229803203543027124e+01 -1.947708127405736178e+01
-2.225738292932510376e+01 -1.916572856903076172e+01
-2.209338117390871048e+01 -1.931398555210658330e+01
-2.232488964498043060e+01 -1.968168804862282428e+01
-2.246638404826323310e+01 -1.966612933518050710e+01
-2.231695171693960944e+01 -1.802200780596051999e+01
-2.227308346331119537e+01 -1.960349265011874209e+01
-2.219119786471128464e+01 -1.894085534826501771e+01
-2.244155869632959366e+01 -1.938226604461669922e+01
-2.250101838509241858e+01 -1.940769132391199037e+01
-2.246737627188364783e+01 -1.972341263758671914e+01
-2.237304164965947351e+01 -1.937274260335154352e+01
-2.251742234826087952e+01 -1.909471281472738724e+01
-2.230535123248894891e+01 -1.962073474735408496e+01
-2.215987719347079477e+01 -1.885678641827075452e+01
-2.231476215831935406e+01 -1.922850872634293040e+01
-2.236992523074150085e+01 -1.925053916039404811e+01
-2.260054273903369904e+01 -1.933068643297468014e+01
-2.234077049791812897e+01 -1.962895933374181823e+01
-2.246416759987672052e+01 -1.931474675760640736e+01
-2.237565098702907562e+01 -1.920910716366458360e+01
-2.239897040526072303e+01 -1.975180333620541973e+01
-2.239442345499992371e+01 -1.962257682503043910e+01
-2.251079372564951697e+01 -1.938004804586435270e+01
-2.252888319889704505e+01 -1.885180621952205371e+01
-2.201098141819238663e+01 -1.909676844113833027e+01
-2.230532265206177911e+01 -1.916378285048843821e+01
-2.236394380778074265e+01 -1.981773635319300908e+01
-2.237359806398550788e+01 -1.956605166893500680e+01
-2.256825298070907593e+01 -1.956870491473705798e+01
-2.251833562552928925e+01 -1.976808242054728737e+01
-2.246420172353585443e+01 -1.952334543946501455e+01
-2.254258590936660767e+01 -1.945218745144930850e+01
-2.239478522042433539e+01 -1.972461798283961087e+01
-2.247463598847389221e+01 -1.961473124367850218e+01
-2.250739745299021521e+01 -1.913067587319906693e+01
-2.203971702357133111e+01 -1.875416296178644515e+01
-2.238907117644945899e+01 -1.901854806132130804e+01
-2.245348166177670279e+01 -1.927469320421095134e+01
-2.245701024432976922e+01 -1.971677513865681419e+01
-2.256640037894248962e+01 -1.950593046708540612e+01
-2.244791333377361298e+01 -1.946494992986902162e+01
-2.240359655022621155e+01 -1.963417947447145195e+01
-2.257004484534263611e+01 -1.929368796905913896e+01
-2.226567172010739526e+01 -1.957030536602069759e+01
-2.237609698375066003e+01 -1.926158184200138379e+01
-2.246541853745778283e+01 -1.947150514032933444e+01
-2.250240807731946191e+01 -1.961421502100957071e+01
-2.236718154450257501e+01 -1.956335254768272591e+01
-2.207539859414100647e+01 -1.922046170915876218e+01
-2.242238564789295197e+01 -1.936695396745359687e+01
-2.242720919847488403e+01 -1.846797531920594082e+01
-2.264400192598501960e+01 -1.877378115715918483e+01
-2.257222911715507507e+01 -1.977567109194668760e+01
-2.280635348955790320e+01 -1.915606254726261426e+01
-2.252770513296127319e+01 -1.933293873923165407e+01
-2.238755531112353125e+01 -1.923607421230960313e+01
-2.250973270336787024e+01 -1.925455313843566074e+01
-2.238656061391035834e+01 -1.950781910140792874e+01
-2.229858065644900122e+01 -1.962535183151046780e+01
-2.251231183608372888e+01 -1.959059666968011371e+01
-2.255965975920359412e+01 -1.973925414642730303e+01
-2.247139954566955566e+01 -1.934353219069443597e+01
-2.234688660502433777e+01 -1.877457917201054727e+01
-2.246160266300042352e+01 -1.803710847086720648e+01
-2.259187170366446296e+01 -1.959634144275219469e+01
-2.226434200008710107e+01 -1.819747634986778451e+01
-2.232030947009722510e+01 -1.932612617913778763e+01
-2.268407977620760718e+01 -1.904685704119793854e+01
-2.250493778288364410e+01 -1.908036670437106963e+01
-2.255403899153073510e+01 -1.944434869444215508e+01
-2.265762360394001007e+01 -1.881693708741819648e+01
-2.266035677492618561e+01 -1.936640417421018867e+01
-2.263448412716388702e+01 -1.979210726007238463e+01
-2.254369130730628967e+01 -1.963167845738398398e+01
-2.258130240688721457e+01 -1.882483243322991839e+01
-2.219069787859916687e+01 -1.944015943849241523e+01
-2.253577863673369208e+01 -1.967005195865383271e+01
-2.197749218593041221e+01 -1.867229771304440078e+01
-2.232481303066015244e+01 -1.913309294217592793e+01
-2.215251731127500534e+01 -1.948814437915752507e+01
-2.242060088614622870e+01 -1.872955635615757686e+01
-2.255653129518032074e+01 -1.877033244789420863e+01
-2.215142271916071692e+01 -1.931026474841229401e+01
-2.251077826817830285e+01 -1.951093557283475732e+01
-2.206873513261477271e+01 -1.930105590820312500e+01
-2.234349609911441803e+01 -1.947919096265520267e+01
-2.222366060068209848e+01 -1.891045290463930684e+01
-2.261881147325038910e+01 -1.900914595963119069e+01
-2.249732151130835334e+01 -1.947880358510203180e+01
-2.261349962155024329e+01 -1.952671900662508975e+01
-2.247595337033271790e+01 -1.955160578195150833e+01
-2.235683075090249261e+01 -1.980107028763015720e+01
-2.242798967162768164e+01 -1.881042329367105026e+01
-2.254376853505770484e+01 -1.911253358172131911e+01
-2.246254819631576538e+01 -1.918486974146458834e+01
-2.253837096691131592e+01 -1.872211394371924342e+01
-2.240136765191952506e+01 -1.911322103227887936e+01
-2.250158361593882361e+01 -1.963800151626785251e+01
-2.248573300242424011e+01 -1.887528545825512438e+01
-2.256335001687208930e+01 -1.931311315065854473e+01
-2.256562323868274689e+01 -1.952297904274680462e+01
-2.251121567686398706e+01 -1.787783848155628519e+01
-2.242323621114094934e+01 -1.911146059903231631e+01
-2.242288341621557990e+01 -1.944686988731483268e+01
-2.232987510164578637e+01 -1.923199298165061322e+01
-2.262439543008804321e+01 -1.897973253819849759e+01
-2.256783462564150611e+01 -1.914940811751724681e+01
-2.259358556071917334e+01 -1.974047019264914837e+01
-2.256291201213995734e+01 -1.945692028937401830e+01
-2.247640976309776306e+01 -1.957541282455642673e+01
-2.255228782693545142e+01 -1.860419211449561061e+01
-2.248619009554386139e+01 -1.951629238624077445e+01
-2.243980182707309723e+01 -1.927758839842561045e+01
-2.245207933584849158e+01 -1.932370175943746204e+01
-2.256518417596817017e+01 -1.922149765955937539e+01
-2.272931098937988281e+01 -1.811393267148500996e+01
-2.239920632541179657e+01 -1.952231280834643812e+01
-2.222326605518658837e+01 -1.954240645371474372e+01
-2.258117184539635858e+01 -1.944234861646379642e+01
-2.267720572650432587e+01 -1.856353889812122659e+01
-2.265958835681279382e+01 -1.929875507602443818e+01
-2.287088966866334161e+01 -1.945002334148852796e+01
-2.253545630971590796e+01 -1.961591228881439619e+01
-2.228923592716455460e+01 -1.900383707764860830e+01
-2.221793930977582932e+01 -1.950588239942278079e+01
-2.250841353336970130e+01 -1.910775200732342682e+01
-2.255604729056358337e+01 -1.843814422557880306e+01
-2.242939736445744714e+01 -1.899427773116470775e+01
-2.252903589606285095e+01 -1.967044590045879460e+01
-2.270041458805402002e+01 -1.889057174286284990e+01
-2.199065909286339959e+01 -1.925539349890374652e+01
-2.255861369768778601e+01 -1.968126223923324147e+01
-2.279151777923107147e+01 -1.969594390670974704e+01
-2.246771769225597382e+01 -1.914331162440312539e+01
-2.221028404931227485e+01 -1.870608905693153190e+01
-2.245552304883797845e+01 -1.922109546909084443e+01
-2.257625088592370233e+01 -1.952726977212088499e+01
-2.280233827233314514e+01 -1.927729015845757132e+01
-2.256394757827122888e+01 -1.946774680893142673e+01
-2.251158667107423028e+01 -1.961960224052528190e+01
-2.243452707926432410e+01 -1.917989911661519642e+01
-2.266770524779955664e+01 -1.947196078610110703e+01
-2.236273267865180969e+01 -1.930322048880837116e+01
-2.239282017201185226e+01 -1.930793360920695534e+01
-2.210195515118539333e+01 -1.838324486125599222e+01
-2.207748348017533502e+01 -1.867181045978100329e+01
-2.246123454968134681e+01 -1.912645232213007773e+01
-2.248138066629568854e+01 -1.970888628278459720e+01
-2.260284735759099206e+01 -1.944914618405428897e+01
-2.270824908216794213e+01 -1.951077141699853001e+01
-2.263197495539982995e+01 -1.952031639644077998e+01
-2.258102727929751197e+01 -1.943735127634816351e+01
-2.272716186443964759e+01 -1.936051549539937611e+01
-2.223744391401608667e+01 -1.950684374028986312e+01
-2.259420456985632697e+01 -1.920020705384093418e+01
-2.242609775066375732e+01 -1.934049949398288604e+01
-2.276470617949962616e+01 -1.927624464654303083e+01
-2.268707404534022132e+01 -1.923937422269350606e+01
-2.252744964758555213e+01 -1.972244304805607129e+01
-2.266568177441756049e+01 -1.936202301917138158e+01
-2.239262348413467407e+01 -1.934392536460579137e+01
-2.269587955872217933e+01 -1.924972091402326413e+01
-2.234003107746442041e+01 -1.877736473702764997e+01
-2.246024611095587531e+01 -1.915942676965292435e+01
-2.236991040905316552e+01 -1.766186948256058997e+01
-2.265502656499544898e+01 -1.874858828953334111e+01
-2.274150929848353186e+01 -1.969739871520500785e+01
-2.252153619130452356e+01 -1.900998737130846195e+01
-2.258962675929069519e+01 -1.923411747077842904e+01
-2.248136137177546701e+01 -1.869578058069402360e+01
-2.269058273235956946e+01 -1.925397371316885042e+01
-2.212749195595582208e+01 -1.916731881476068011e+01
-2.265896877149740973e+01 -1.794705160794320165e+01
-2.266305353740851203e+01 -1.930777119661306429e+01
-2.243257508675257483e+01 -1.798887285009607240e+01
-2.257726311683654785e+01 -1.930619006961970996e+01
-2.261042867104212561e+01 -1.913358836669426566e+01
-2.236223575472831726e+01 -1.924330907053761663e+01
-2.242184104522069177e+01 -1.908963558116516523e+01
-2.264913651347160339e+01 -1.855172188251049548e+01
-2.249287866552670678e+01 -1.767949568451225062e+01
-2.252746765812237939e+01 -1.890434760551947946e+01
-2.241281406084696570e+01 -1.920489398535195846e+01
-2.262610769768555841e+01 -1.930519164692271872e+01
-2.263510836164156714e+01 -1.924530201453667289e+01
-2.252881818513075629e+01 -1.909428870213496054e+01
-2.243023924529552460e+01 -1.956067403570398255e+01
-2.255531014005343238e+01 -1.956419765175163050e+01
-2.252117232978343964e+01 -1.946669990985424548e+01
-2.214806219438711921e+01 -1.944190318863113376e+01
-2.265138828506072244e+01 -1.858165079587465840e+01
-2.241855275630950928e+01 -1.948733978766899710e+01
-2.260904116431872168e+01 -1.936481970006769515e+01
-2.285733640690644464e+01 -1.956477868711793633e+01
-2.259220854441324988e+01 -1.972142786793894587e+01
-2.228853956609964371e+01 -1.846670171811983252e+01
-2.255724312365055084e+01 -1.936411354758522663e+01
-2.253388122717539588e+01 -1.948830478222339124e+01
-2.238753790656725684e+01 -1.922978735589361676e+01
