# Train Val
2.825706462065378677e+00 2.528577029705047607e+00
1.803038378556569343e+00 1.517755270004272461e+00
6.069626808166503906e-01 -3.997606039047241211e-01
-1.114889959494272942e+00 -3.037353754043579102e+00
-3.553506533304850112e+00 -5.195881605148315430e+00
-4.743450482686360381e+00 -5.893082857131958008e+00
-5.913388649622599580e+00 -7.296277523040771484e+00
-6.501937707265217803e+00 -6.688438892364501953e+00
-7.012848297754923799e+00 -7.065639972686767578e+00
-7.216623306274414062e+00 -7.221778869628906250e+00
-7.444446484247843721e+00 -6.960010766983032227e+00
-7.441402514775593779e+00 -7.637602567672729492e+00
-7.450672864913940430e+00 -7.813312292098999023e+00
-7.527846018473307588e+00 -7.895837783813476562e+00
-7.535386006037394502e+00 -7.373670816421508789e+00
-7.521249771118164062e+00 -8.385834932327270508e+00
-7.558333396911621094e+00 -7.437151432037353516e+00
-7.541539589564005830e+00 -7.571451902389526367e+00
-7.540990114212036133e+00 -7.724143743515014648e+00
-7.560690244038899444e+00 -7.226113080978393555e+00
-7.554424762725830078e+00 -8.089974403381347656e+00
-7.505187352498372100e+00 -7.399918556213378906e+00
-7.584639469782511689e+00 -7.480231046676635742e+00
-7.552129983901977539e+00 -7.798099756240844727e+00
-7.570723056793212891e+00 -7.734862089157104492e+00
-7.575420777002970674e+00 -7.136539220809936523e+00
-7.610327402750651338e+00 -7.210450887680053711e+00
-7.544294198354084990e+00 -8.117602586746215820e+00
-7.556631644566853545e+00 -7.567800998687744141e+00
-7.539829413096110322e+00 -8.393497705459594727e+00
-7.603622913360595703e+00 -7.480586290359497070e+00
-7.602057456970214844e+00 -7.013424396514892578e+00
-7.592456102371215820e+00 -7.357266902923583984e+00
-7.587438583374023438e+00 -7.906544446945190430e+00
-7.640759468078613281e+00 -7.664934635162353516e+00
-7.575601418813069365e+00 -8.005246877670288086e+00
-7.593922615051269531e+00 -8.077955245971679688e+00
-7.494005282719929717e+00 -8.127059936523437500e+00
-7.616781711578369141e+00 -7.524684667587280273e+00
-7.635951439539591767e+00 -8.015569686889648438e+00
-7.610773007074992158e+00 -7.311778306961059570e+00
-7.611223459243774414e+00 -7.327509403228759766e+00
-7.639336744944254853e+00 -7.594856023788452148e+00
-7.631850242614746094e+00 -7.222523927688598633e+00
-7.628392299016316436e+00 -7.609126806259155273e+00
-7.506832838058471680e+00 -7.926312923431396484e+00
-7.503905852635701201e+00 -7.434324979782104492e+00
-7.631240288416544892e+00 -8.551429748535156250e+00
-7.625573873519897461e+00 -8.072875738143920898e+00
-7.643156925837199189e+00 -8.373540163040161133e+00
-7.535318771998087861e+00 -7.659990310668945312e+00
-7.714160760243733428e+00 -7.962257862091064453e+00
-7.634299914042155244e+00 -7.535725593566894531e+00
-7.698112169901530244e+00 -7.895859718322753906e+00
-7.688033342361450195e+00 -7.799290895462036133e+00
-7.673765341440836885e+00 -7.759884119033813477e+00
-7.691319147745768525e+00 -8.232026576995849609e+00
-7.704382737477620147e+00 -7.382478952407836914e+00
-7.735918839772542022e+00 -7.780889749526977539e+00
-7.734432379404704072e+00 -8.477678775787353516e+00
-7.690247535705566406e+00 -7.706248760223388672e+00
-7.747414350509643555e+00 -7.439608335494995117e+00
-7.739757458368937471e+00 -7.859932422637939453e+00
-7.740554889043171904e+00 -7.983203172683715820e+00
-7.755913893381754853e+00 -8.180189132690429688e+00
-7.759554465611775420e+00 -7.907388925552368164e+00
-7.769615809122721650e+00 -7.975826740264892578e+00
-7.791941324869791963e+00 -7.581220626831054688e+00
-7.808712959289550781e+00 -8.899341106414794922e+00
-7.837291161219279267e+00 -8.961050748825073242e+00
-7.823936621348063447e+00 -7.917366743087768555e+00
-7.854533036549885772e+00 -8.035974979400634766e+00
-7.862617651621500947e+00 -8.170311927795410156e+00
-7.824033816655476592e+00 -7.444363355636596680e+00
-7.915491342544555664e+00 -8.330084562301635742e+00
-7.761693636576334931e+00 -7.850880622863769531e+00
-7.811247428258259795e+00 -7.752168178558349609e+00
-7.840918302536010742e+00 -7.822143793106079102e+00
-7.924288749694824219e+00 -8.197879791259765625e+00
-7.902524550755818389e+00 -7.651532649993896484e+00
-7.921308755874633789e+00 -6.941174507141113281e+00
-7.994180281956990264e+00 -7.427026987075805664e+00
-7.940025250116984346e+00 -7.396114587783813477e+00
-8.064985831578573183e+00 -8.611104965209960938e+00
-7.791646718978881836e+00 -7.898083686828613281e+00
-7.978001276652018525e+00 -8.018446207046508789e+00
-8.047516584396362305e+00 -8.005498886108398438e+00
-8.011399507522583008e+00 -7.897986173629760742e+00
-8.098034699757894472e+00 -7.570233106613159180e+00
-8.188602288564046816e+00 -7.803453445434570312e+00
-8.152726332346597715e+00 -8.557411432266235352e+00
-7.983556667963664033e+00 -6.896106719970703125e+00
-7.894735892613728545e+00 -7.606489896774291992e+00
-8.004134416580200195e+00 -8.192495346069335938e+00
-8.172366778055826231e+00 -7.756953954696655273e+00
-8.211911598841348692e+00 -7.720021486282348633e+00
-8.278005043665567442e+00 -7.700862646102905273e+00
-8.256335735321044922e+00 -8.089052438735961914e+00
-8.241661866505941347e+00 -6.904765367507934570e+00
-8.299643437067667051e+00 -8.280735969543457031e+00
-8.037125587463378906e+00 -8.172494411468505859e+00
-8.347892284393310547e+00 -7.445557594299316406e+00
-8.276031812032064394e+00 -7.952838182449340820e+00
-8.475956439971923828e+00 -7.975082159042358398e+00
-8.225873152414957090e+00 -6.964948654174804688e+00
-8.487087408701578184e+00 -8.142572879791259766e+00
-8.544572989145914121e+00 -7.969307899475097656e+00
-8.519951661427816347e+00 -7.738327026367187500e+00
-8.496549844741821289e+00 -8.701725721359252930e+00
-8.244462172190347715e+00 -8.321240901947021484e+00
-8.298839410146078066e+00 -8.453758955001831055e+00
-8.432564258575439453e+00 -7.266873836517333984e+00
-8.282896200815835996e+00 -7.327114105224609375e+00
-8.570710341135660215e+00 -7.888413667678833008e+00
-8.193737904230752989e+00 -8.078021764755249023e+00
-8.223994334538778261e+00 -7.607651472091674805e+00
-8.763928413391113281e+00 -8.130891561508178711e+00
-8.727574348449707031e+00 -7.604820489883422852e+00
-8.819121201833089785e+00 -7.737725734710693359e+00
-8.486808935801187559e+00 -7.612439155578613281e+00
-8.692006587982177734e+00 -8.230309724807739258e+00
-8.674847523371377989e+00 -7.158988237380981445e+00
-8.504436254501342773e+00 -7.142967462539672852e+00
-8.472844680150350527e+00 -8.158148288726806641e+00
-8.530039628346761660e+00 -6.884975194931030273e+00
-8.257171233495077090e+00 -7.390759944915771484e+00
-8.548900842666625977e+00 -7.308886766433715820e+00
-8.363887627919515566e+00 -7.388484954833984375e+00
-8.498109658559164004e+00 -7.802519798278808594e+00
-8.918137550354003906e+00 -7.469964981079101562e+00
-8.788518587748209043e+00 -6.635374784469604492e+00
-8.364945729573568300e+00 -8.051827907562255859e+00
-8.791618824005126953e+00 -8.203521728515625000e+00
-9.004626115163167910e+00 -7.820438385009765625e+00
-9.097816467285156250e+00 -7.174337387084960938e+00
-8.876013120015462832e+00 -7.532018423080444336e+00
-8.817572911580404238e+00 -7.880326747894287109e+00
-9.121251742045084043e+00 -6.808991909027099609e+00
-9.236960411071777344e+00 -9.411576509475708008e+00
-8.974132855733236269e+00 -8.912748813629150391e+00
-9.210466861724853516e+00 -7.356086492538452148e+00
-9.213372230529785156e+00 -7.423381567001342773e+00
-9.207201798756917910e+00 -7.623042583465576172e+00
-8.970990975697835879e+00 -7.156557798385620117e+00
-8.902446905771890684e+00 -7.042436599731445312e+00
-9.192272186279296875e+00 -8.021827459335327148e+00
-9.504504362742105528e+00 -6.604768753051757812e+00
-8.919276873270669981e+00 -6.556220531463623047e+00
-9.054113070170084043e+00 -7.483968257904052734e+00
-9.323782444000244141e+00 -7.516892433166503906e+00
-9.136110782623291016e+00 -7.839070796966552734e+00
-9.303132057189941406e+00 -6.408902168273925781e+00
-9.285336732864379883e+00 -7.607082366943359375e+00
-9.009074529012044863e+00 -8.630373716354370117e+00
-9.502683957417806582e+00 -7.130689859390258789e+00
-9.481883684794107481e+00 -7.120335340499877930e+00
-9.194436550140380859e+00 -7.053193569183349609e+00
-8.171690781911214785e+00 -6.923849821090698242e+00
-9.027900060017904238e+00 -6.884185791015625000e+00
-8.893321593602498965e+00 -7.575780391693115234e+00
-9.061375935872396425e+00 -8.851666688919067383e+00
-8.944042523701986269e+00 -8.307611703872680664e+00
-9.132536411285400391e+00 -6.735443592071533203e+00
-9.349192142486572266e+00 -8.200232744216918945e+00
-9.548939069112142519e+00 -7.406564950942993164e+00
-9.666864554087320371e+00 -7.659887313842773438e+00
-9.647594451904296875e+00 -7.942437171936035156e+00
-9.702660878499349550e+00 -7.424793720245361328e+00
-9.201829671859741211e+00 -7.154623270034790039e+00
-9.000937143961587950e+00 -7.686500787734985352e+00
-9.345063686370849609e+00 -7.179815769195556641e+00
-9.451946894327798887e+00 -7.467685937881469727e+00
-8.840887228647867246e+00 -7.739181041717529297e+00
-9.423903465270996094e+00 -5.569646358489990234e+00
-9.310991923014322325e+00 -8.851391077041625977e+00
-9.832054615020751953e+00 -8.405979156494140625e+00
-1.001914008458455463e+01 -7.245359897613525391e+00
-9.850094636281331972e+00 -7.565204143524169922e+00
-9.925504684448242188e+00 -7.259123325347900391e+00
-9.927662849426269531e+00 -7.119866609573364258e+00
-9.915112018585205078e+00 -7.883110523223876953e+00
-9.850529511769613222e+00 -8.714719533920288086e+00
-9.879889965057373047e+00 -7.090208768844604492e+00
-1.005955886840820312e+01 -6.496509790420532227e+00
-1.018674707412719727e+01 -6.468221664428710938e+00
-1.008645423253377338e+01 -6.565397977828979492e+00
-9.886882464090982481e+00 -6.427107095718383789e+00
-1.007109959920247455e+01 -6.999346733093261719e+00
-9.588956991831460996e+00 -7.647328376770019531e+00
-9.174830118815103575e+00 -7.828877449035644531e+00
-9.961268583933511778e+00 -7.720597982406616211e+00
-9.862548351287841797e+00 -6.754214525222778320e+00
-1.029288705190022846e+01 -8.507222414016723633e+00
-9.995674928029378847e+00 -8.469761610031127930e+00
-1.016956138610839844e+01 -7.588353633880615234e+00
-9.975060304005941347e+00 -6.795980453491210938e+00
-1.024964729944864850e+01 -8.081287860870361328e+00
-1.018735313415527344e+01 -8.889626502990722656e+00
-1.042841990788777728e+01 -6.680026054382324219e+00
-1.020788669586181641e+01 -6.858501434326171875e+00
-1.051024707158406635e+01 -6.994322061538696289e+00
-1.022590049107869525e+01 -6.734901666641235352e+00
-1.013197819391886334e+01 -7.025388479232788086e+00
-1.058081563313802143e+01 -6.811257123947143555e+00
-1.021807114283243756e+01 -6.750818252563476562e+00
-1.014508152008056641e+01 -6.064298391342163086e+00
-1.009226846694946289e+01 -7.577392578125000000e+00
-9.569798628489175840e+00 -7.257648468017578125e+00
-9.432660420735677675e+00 -7.144321680068969727e+00
-1.023424545923868756e+01 -8.062678813934326172e+00
-1.035801426569620709e+01 -8.718638896942138672e+00
-1.039055585861206055e+01 -6.417092084884643555e+00
-1.021765836079915424e+01 -6.471704483032226562e+00
-1.025566307703653912e+01 -6.255091428756713867e+00
-1.066302855809529682e+01 -7.916050910949707031e+00
-1.079190174738566022e+01 -6.947174072265625000e+00
-1.035479784011840820e+01 -7.566193580627441406e+00
-1.041569375991821289e+01 -6.401698589324951172e+00
-1.104184198379516602e+01 -7.193757295608520508e+00
-1.056174691518147846e+01 -7.752002716064453125e+00
-1.062274138132731061e+01 -7.656975984573364258e+00
-1.033617019653320312e+01 -7.238632440567016602e+00
-9.921172936757406191e+00 -7.078071117401123047e+00
-9.809232711791992188e+00 -7.324403047561645508e+00
-1.066250006357828717e+01 -8.236393451690673828e+00
-1.060152816772460938e+01 -7.225751399993896484e+00
-1.087260691324869732e+01 -6.951457500457763672e+00
-1.088528728485107422e+01 -6.342734813690185547e+00
-1.026164245605468750e+01 -6.556000232696533203e+00
-1.062657960255940814e+01 -8.881820917129516602e+00
-1.021748654047648053e+01 -4.753944396972656250e+00
-9.469938278198242188e+00 -8.561438798904418945e+00
-1.047928905487060547e+01 -7.923527717590332031e+00
-1.076342725753784180e+01 -7.549908399581909180e+00
-1.059410556157430072e+01 -6.537424802780151367e+00
-1.036922041575113873e+01 -8.161525011062622070e+00
-1.069337860743204693e+01 -7.026860713958740234e+00
-1.095384136835733990e+01 -7.000373840332031250e+00
-1.092746957143147846e+01 -6.417013406753540039e+00
-1.084229516983032227e+01 -8.585464477539062500e+00
-1.088364903132120709e+01 -6.619146585464477539e+00
-1.113339440027872662e+01 -6.841453552246093750e+00
-1.087173557281494141e+01 -8.204291582107543945e+00
-1.103928136825561523e+01 -8.171632528305053711e+00
-1.141091330846150775e+01 -8.086052894592285156e+00
-1.113835763931274414e+01 -6.715791463851928711e+00
-1.091073147455851178e+01 -6.435022115707397461e+00
-1.128677924474080463e+01 -8.333687067031860352e+00
-1.122170448303222656e+01 -6.978348255157470703e+00
-1.081541458765665631e+01 -7.801369428634643555e+00
-1.078739070892333984e+01 -5.560498237609863281e+00
-1.076288811365763287e+01 -6.274814605712890625e+00
-1.073374334971109967e+01 -6.225608587265014648e+00
-1.099184894561767578e+01 -7.975912094116210938e+00
-1.096826664606730084e+01 -6.835359811782836914e+00
-1.147076543172200580e+01 -8.452381849288940430e+00
-1.122166601816813092e+01 -7.971405744552612305e+00
-1.086931324005126953e+01 -7.154192209243774414e+00
-1.110733286539713482e+01 -7.172314882278442383e+00
-1.113297700881958008e+01 -7.826889991760253906e+00
-1.083019415537516217e+01 -7.452383756637573242e+00
-1.121840620040893555e+01 -6.816604137420654297e+00
-1.059797843297322650e+01 -5.697459697723388672e+00
-1.041913938522338867e+01 -6.920930147171020508e+00
-1.076150989532470703e+01 -6.996368646621704102e+00
-1.113092072804768939e+01 -8.471847057342529297e+00
-1.165861749649047852e+01 -8.589629650115966797e+00
-1.114427932103474994e+01 -7.341028690338134766e+00
-1.155429379145304303e+01 -8.618292331695556641e+00
-1.106869284311930279e+01 -8.247684717178344727e+00
-1.090968799591064453e+01 -6.728102684020996094e+00
-1.073681465784708600e+01 -7.782678604125976562e+00
-1.148722362518310547e+01 -7.142421722412109375e+00
-1.166691350936889648e+01 -6.359637260437011719e+00
-1.177070538202921490e+01 -6.269437551498413086e+00
-1.132748587926228900e+01 -6.675828218460083008e+00
-1.150483290354410748e+01 -6.301998376846313477e+00
-1.167555014292399029e+01 -8.141864299774169922e+00
-1.130318323771158795e+01 -6.076471090316772461e+00
-1.113470586140950580e+01 -6.107342004776000977e+00
-1.167452859878540039e+01 -6.933643579483032227e+00
-1.189546664555867572e+01 -6.364521265029907227e+00
-1.160602060953775982e+01 -6.004149436950683594e+00
-1.130785878499349018e+01 -5.615429639816284180e+00
-1.131059916814168353e+01 -6.649565458297729492e+00
-1.202096573511759381e+01 -7.751157283782958984e+00
-1.182669973373413086e+01 -8.214666366577148438e+00
-1.179423411687215228e+01 -7.889168739318847656e+00
-1.206333208084106445e+01 -5.968156099319458008e+00
-1.196765422821044922e+01 -5.914144039154052734e+00
-1.158105087280273438e+01 -5.507013320922851562e+00
-1.175767326354980469e+01 -7.063452482223510742e+00
-1.155401976903279682e+01 -7.777230739593505859e+00
-1.137479384740193744e+01 -4.550401329994201660e+00
-1.086357657114664654e+01 -6.955312252044677734e+00
-1.106723101933797260e+01 -5.735003709793090820e+00
-1.166372187932332416e+01 -5.685743570327758789e+00
-1.205273516972859760e+01 -8.854085445404052734e+00
-1.182568677266438861e+01 -7.809689998626708984e+00
-1.217273044586181641e+01 -7.204152584075927734e+00
-1.213472032546997070e+01 -7.165682315826416016e+00
-1.216787624359130859e+01 -7.517154693603515625e+00
-1.187208016713460346e+01 -6.600001811981201172e+00
-1.233322509129842182e+01 -7.601276874542236328e+00
-1.227992471059163471e+01 -7.153860092163085938e+00
-1.232772000630696674e+01 -5.628183603286743164e+00
-1.163299814860025982e+01 -5.433261632919311523e+00
-1.159296639760335346e+01 -6.517320156097412109e+00
-1.171948591868082623e+01 -5.715702295303344727e+00
-1.199929173787434955e+01 -6.671489000320434570e+00
-1.208085664113362689e+01 -6.282507658004760742e+00
-1.260176785786946674e+01 -7.372678995132446289e+00
-1.233081801732381244e+01 -5.940285921096801758e+00
-1.219369792938232422e+01 -7.985610008239746094e+00
-1.148150936762491803e+01 -5.736930847167968750e+00
-1.171386957168579102e+01 -8.185555458068847656e+00
-1.192653814951578717e+01 -6.228075027465820312e+00
-1.247264480590820312e+01 -6.649048328399658203e+00
-1.227043167750040631e+01 -5.919286251068115234e+00
-1.219397163391113281e+01 -7.491492271423339844e+00
-1.258289670944213867e+01 -5.727062940597534180e+00
-1.247216637929280658e+01 -5.969510793685913086e+00
-1.259379482269287109e+01 -6.501425504684448242e+00
-1.261782089869181256e+01 -6.478097915649414062e+00
-1.234310833613077740e+01 -6.965121269226074219e+00
-1.203999026616414447e+01 -7.284626007080078125e+00
-1.255888684590657611e+01 -7.248456239700317383e+00
-1.260395701726277728e+01 -5.934573888778686523e+00
-1.251956192652384381e+01 -6.854601621627807617e+00
-1.235531854629516602e+01 -5.702969312667846680e+00
-1.258272314071655273e+01 -5.838912248611450195e+00
-1.244997612635294537e+01 -6.680763006210327148e+00
-1.185088221232096295e+01 -7.285099983215332031e+00
-1.219233957926432232e+01 -5.359911561012268066e+00
-1.262733014424641986e+01 -6.983240127563476562e+00
-1.172909243901570697e+01 -5.457620859146118164e+00
-1.236852041880289654e+01 -6.326535701751708984e+00
-1.241357215245564838e+01 -5.988375425338745117e+00
-1.263504266738891602e+01 -7.054442882537841797e+00
-1.270002285639444928e+01 -6.449818372726440430e+00
-1.248133643468221088e+01 -8.381319522857666016e+00
-1.250863504409790039e+01 -5.778075456619262695e+00
-1.279994948705037494e+01 -6.504853010177612305e+00
-1.269164737065633197e+01 -7.123318195343017578e+00
-1.290351676940917969e+01 -5.957669258117675781e+00
-1.299304310480753522e+01 -6.741480827331542969e+00
-1.278281911214192768e+01 -6.536527395248413086e+00
-1.277961476643880268e+01 -6.990771532058715820e+00
-1.245478757222493549e+01 -5.654944181442260742e+00
-1.271359697977701764e+01 -7.612193107604980469e+00
-1.252532100677490234e+01 -6.066747188568115234e+00
-1.203770065307617188e+01 -5.160343885421752930e+00
-1.269195763270060162e+01 -8.580965518951416016e+00
-1.244714355468750000e+01 -6.181009769439697266e+00
-1.256886657079060932e+01 -6.067039251327514648e+00
-1.272182226181030273e+01 -6.901701927185058594e+00
-1.237675412495931049e+01 -6.086230039596557617e+00
-1.244462649027506451e+01 -6.321264028549194336e+00
-1.237519693374633789e+01 -7.058691978454589844e+00
-1.259377384185791016e+01 -8.255911827087402344e+00
-1.282441552480061908e+01 -7.360269069671630859e+00
-1.319240283966064453e+01 -6.571538448333740234e+00
-1.294746510187784772e+01 -6.553885459899902344e+00
-1.294947465260823627e+01 -5.935573577880859375e+00
-1.294807640711466412e+01 -5.189752578735351562e+00
-1.332132434844970703e+01 -5.411784648895263672e+00
-1.276892805099487305e+01 -6.098973274230957031e+00
-1.318242232004801373e+01 -5.474432706832885742e+00
-1.294273742039998432e+01 -9.759431123733520508e+00
-1.219118102391560932e+01 -6.256007432937622070e+00
-1.236096461613973041e+01 -5.489391803741455078e+00
-1.297346480687459369e+01 -6.726305007934570312e+00
-1.285918887456258197e+01 -7.954825401306152344e+00
-1.302932961781819721e+01 -6.936350345611572266e+00
-1.302238639195760150e+01 -6.522461414337158203e+00
-1.261824909845987897e+01 -5.483642816543579102e+00
-1.322674576441446881e+01 -5.901597976684570312e+00
-1.282116651535034180e+01 -7.064261674880981445e+00
-1.328741168975830078e+01 -6.614784240722656250e+00
-1.304223887125650982e+01 -6.637410163879394531e+00
-1.325714874267578125e+01 -5.386257171630859375e+00
-1.327563285827636719e+01 -6.011054039001464844e+00
-1.319970528284708600e+01 -9.724104404449462891e+00
-1.356335735321044922e+01 -5.500386714935302734e+00
-1.280425008138020893e+01 -8.583738088607788086e+00
-1.208969688415527344e+01 -5.390220880508422852e+00
-1.208995660146077533e+01 -6.368694305419921875e+00
-1.301932779947916607e+01 -6.002207756042480469e+00
-1.252688805262247662e+01 -6.742561578750610352e+00
-1.242252333958943744e+01 -5.679837942123413086e+00
-1.263282410303751568e+01 -6.104769229888916016e+00
-1.294977331161499023e+01 -6.049074888229370117e+00
-1.252368577321370502e+01 -6.493727684020996094e+00
-1.255473550160725971e+01 -6.068237304687500000e+00
-1.272359164555867572e+01 -8.818813800811767578e+00
-1.232850297292073627e+01 -5.426520586013793945e+00
-1.330704577763875385e+01 -7.735318660736083984e+00
-1.274507061640421490e+01 -7.207362651824951172e+00
-1.229475752512613873e+01 -9.181819438934326172e+00
-1.257497358322143555e+01 -5.753607034683227539e+00
-1.269290256500244141e+01 -6.149387359619140625e+00
-1.273249181111653705e+01 -6.364890813827514648e+00
-1.337873522440592389e+01 -5.366586208343505859e+00
-1.357057189941406250e+01 -5.396690249443054199e+00
-1.340202713012695312e+01 -5.801678180694580078e+00
-1.343831205368041992e+01 -7.881400823593139648e+00
-1.333133967717488666e+01 -7.108145952224731445e+00
-1.370923535029093365e+01 -6.518131256103515625e+00
-1.390919129053751568e+01 -6.933311939239501953e+00
-1.354026476542154889e+01 -7.277708530426025391e+00
-1.409533357620239258e+01 -6.354556322097778320e+00
-1.407991520563761334e+01 -5.609027862548828125e+00
-1.377924378712972064e+01 -5.305908322334289551e+00
-1.364031028747558594e+01 -5.419629335403442383e+00
-1.340892489751180072e+01 -9.616217136383056641e+00
-1.286328967412312885e+01 -5.484376192092895508e+00
-1.193738349278767963e+01 -6.882039308547973633e+00
-1.329942576090494732e+01 -6.439244508743286133e+00
-1.370794820785522461e+01 -5.604178190231323242e+00
-1.341819508870442768e+01 -6.559700012207031250e+00
-1.371708726882934570e+01 -5.778119087219238281e+00
-1.388387695948282818e+01 -8.183216571807861328e+00
-1.341531833012898822e+01 -6.017879962921142578e+00
-1.378467718760172467e+01 -7.456437110900878906e+00
-1.380683962504068951e+01 -5.295660495758056641e+00
-1.426523971557617188e+01 -5.456482410430908203e+00
-1.410799996058146100e+01 -6.326890468597412109e+00
-1.370392465591430664e+01 -6.522284984588623047e+00
-1.304817581176757812e+01 -4.527106404304504395e+00
-1.312350082397460938e+01 -6.000143051147460938e+00
-1.343158292770385742e+01 -5.145513296127319336e+00
-1.368069664637247662e+01 -6.180155038833618164e+00
-1.399110523859659772e+01 -5.616886615753173828e+00
-1.428737592697143555e+01 -7.180053710937500000e+00
-1.416407871246337891e+01 -5.615901231765747070e+00
-1.400718434651692768e+01 -6.024926900863647461e+00
-1.363635174433390240e+01 -5.176937103271484375e+00
-1.285323937733968158e+01 -5.629739284515380859e+00
-1.306389713287353516e+01 -6.917822122573852539e+00
-1.405707836151123047e+01 -5.723410129547119141e+00
-1.390994087855021100e+01 -5.133852720260620117e+00
-1.414530086517333984e+01 -5.382617950439453125e+00
-1.446359841028849225e+01 -6.203137397766113281e+00
-1.424911975860595703e+01 -6.747818470001220703e+00
-1.417075490951538086e+01 -5.287124633789062500e+00
-1.426916662851969342e+01 -7.608323574066162109e+00
-1.416535917917887311e+01 -5.691245317459106445e+00
-1.335392951965332031e+01 -4.951061844825744629e+00
-1.365241670608520508e+01 -5.149817943572998047e+00
-1.417241446177164654e+01 -6.255291700363159180e+00
-1.440310351053873639e+01 -6.881690979003906250e+00
-1.418622398376464844e+01 -5.862783193588256836e+00
-1.376486237843831439e+01 -6.599055290222167969e+00
-1.429486958185831647e+01 -6.096287727355957031e+00
-1.310989904403686523e+01 -6.516235589981079102e+00
-1.352583551406860352e+01 -6.716035604476928711e+00
-1.344860378901163678e+01 -5.084422945976257324e+00
-1.447470219930013080e+01 -7.827314853668212891e+00
-1.461006784439086914e+01 -6.200860500335693359e+00
-1.439839410781860352e+01 -7.395721435546875000e+00
-1.376724561055501361e+01 -6.134250402450561523e+00
-1.444986136754353900e+01 -6.544401407241821289e+00
-1.450205691655476947e+01 -5.403799295425415039e+00
-1.421494499842325787e+01 -6.524671792984008789e+00
-1.470922803878784180e+01 -5.817167043685913086e+00
-1.474710655212402344e+01 -3.839454114437103271e+00
-1.405713017781575580e+01 -5.569420337677001953e+00
-1.386214574178059955e+01 -5.884142875671386719e+00
-1.367605447769165039e+01 -7.372987985610961914e+00
-1.379689868291219135e+01 -5.729867696762084961e+00
-1.418639294306437115e+01 -4.730494737625122070e+00
-1.452648083368937115e+01 -4.908175587654113770e+00
-1.416924047470092773e+01 -6.369801044464111328e+00
-1.395452769597371478e+01 -6.241393804550170898e+00
-1.458255354563395123e+01 -5.354901790618896484e+00
-1.457172330220540424e+01 -5.459536075592041016e+00
-1.486275545756022076e+01 -7.387206554412841797e+00
-1.507863442103067975e+01 -5.810621023178100586e+00
-1.499284331003824811e+01 -4.912427425384521484e+00
-1.420069932937622070e+01 -5.718254089355468750e+00
-1.389434639612833600e+01 -5.042672753334045410e+00
-1.351231749852498432e+01 -6.411777973175048828e+00
-1.434160137176513672e+01 -4.700995683670043945e+00
-1.325789610544840436e+01 -7.066685199737548828e+00
-1.240851910909016986e+01 -5.784519672393798828e+00
-1.399985281626383404e+01 -5.674928665161132812e+00
-1.465688117345174213e+01 -6.979795217514038086e+00
-1.463732433319091797e+01 -5.109214067459106445e+00
-1.490328311920166016e+01 -4.733976125717163086e+00
-1.499977652231852154e+01 -4.430892944335937500e+00
-1.481605561574300189e+01 -6.049292087554931641e+00
-1.469522587458292584e+01 -5.951533794403076172e+00
-1.491027037302652936e+01 -6.655092239379882812e+00
-1.468019660313924213e+01 -6.230413675308227539e+00
-1.493063974380493164e+01 -5.860299110412597656e+00
-1.473731772104899029e+01 -9.187957763671875000e+00
-1.401282374064127545e+01 -4.582627534866333008e+00
-1.395004574457804303e+01 -6.226931333541870117e+00
-1.485911528269449811e+01 -6.945283651351928711e+00
-1.452994139989217182e+01 -6.519489288330078125e+00
-1.498795477549234967e+01 -5.951872348785400391e+00
-1.483779732386271100e+01 -7.108965873718261719e+00
-1.505372619628906250e+01 -7.542048215866088867e+00
-1.483472315470377545e+01 -7.184921741485595703e+00
-1.478920189539591412e+01 -6.424144506454467773e+00
-1.492858060201009174e+01 -5.849514245986938477e+00
-1.453428888320922852e+01 -6.314484596252441406e+00
-1.410013039906819721e+01 -6.121982097625732422e+00
-1.503078238169352154e+01 -6.975983381271362305e+00
-1.487117671966552734e+01 -6.205055236816406250e+00
-1.361251290639241596e+01 -5.166979789733886719e+00
-1.422593386967976947e+01 -6.387578010559082031e+00
-1.506912597020467182e+01 -7.691320180892944336e+00
-1.514605983098348041e+01 -6.074649095535278320e+00
-1.440137767791748047e+01 -5.642246723175048828e+00
-1.443816359837849994e+01 -4.453199386596679688e+00
-1.498358980814615826e+01 -5.618475914001464844e+00
-1.502265596389770508e+01 -5.746681213378906250e+00
-1.502653169631958008e+01 -5.055475711822509766e+00
-1.481437317530314068e+01 -5.017988443374633789e+00
-1.403069591522216797e+01 -5.176397323608398438e+00
-1.400011952718099018e+01 -8.344375133514404297e+00
-1.459100310007731061e+01 -5.213865041732788086e+00
-1.521231285730997662e+01 -7.589121818542480469e+00
-1.442000802357991596e+01 -6.423453807830810547e+00
-1.409814262390136719e+01 -7.192820549011230469e+00
-1.407894563674926758e+01 -7.195694684982299805e+00
-1.482086340586344342e+01 -4.591917037963867188e+00
-1.419550514221191406e+01 -5.213299036026000977e+00
-1.546085023880004883e+01 -6.562411069869995117e+00
-1.527886374791463275e+01 -4.526333808898925781e+00
-1.498164002100626568e+01 -6.276454687118530273e+00
-1.410799709955851178e+01 -6.744561195373535156e+00
-1.505072371164957623e+01 -5.504210233688354492e+00
-1.554679616292317768e+01 -6.191172599792480469e+00
-1.538578764597574811e+01 -4.694397330284118652e+00
-1.539526367187500000e+01 -4.546487331390380859e+00
-1.543808492024739643e+01 -6.066546916961669922e+00
-1.497183465957641602e+01 -5.649986505508422852e+00
-1.486815166473388672e+01 -4.506161689758300781e+00
-1.485806671778360943e+01 -5.250911951065063477e+00
-1.284487263361612897e+01 -6.591443300247192383e+00
-1.325728813807169537e+01 -6.352414846420288086e+00
-1.436307334899902344e+01 -7.472713947296142578e+00
-1.482346836725870709e+01 -4.803068637847900391e+00
-1.528828477859497070e+01 -6.508438110351562500e+00
-1.516626548767089844e+01 -7.298429250717163086e+00
-1.594211292266845703e+01 -6.050419330596923828e+00
-1.576215950647989850e+01 -5.315690279006958008e+00
-1.593938191731770893e+01 -7.514822959899902344e+00
-1.518572775522867779e+01 -4.578339576721191406e+00
-1.530963134765625000e+01 -5.914183616638183594e+00
-1.594913673400878906e+01 -4.524314403533935547e+00
-1.596976312001546283e+01 -5.160023450851440430e+00
-1.574262253443400006e+01 -6.719055652618408203e+00
-1.581489642461141010e+01 -4.724061608314514160e+00
-1.575718625386556049e+01 -4.747575640678405762e+00
-1.538838338851928711e+01 -4.446219325065612793e+00
-1.545910517374674420e+01 -5.415804386138916016e+00
-1.531026601791381836e+01 -6.148017406463623047e+00
-1.503143946329752545e+01 -4.589780569076538086e+00
-1.563244883219400982e+01 -6.563366413116455078e+00
-1.598493035634358783e+01 -5.733436107635498047e+00
-1.533782688776651959e+01 -5.320483684539794922e+00
-1.511826006571451764e+01 -5.717766523361206055e+00
-1.526224040985107422e+01 -5.512382984161376953e+00
-1.542147795359293561e+01 -6.078951358795166016e+00
-1.513814735412597656e+01 -4.718464612960815430e+00
-1.520166126887003522e+01 -5.448526859283447266e+00
-1.564682753880818744e+01 -5.522132635116577148e+00
-1.588364775975545307e+01 -5.798049688339233398e+00
-1.604432868957519531e+01 -7.583043098449707031e+00
-1.588575506210327148e+01 -5.841285705566406250e+00
-1.611385027567545691e+01 -5.285260677337646484e+00
-1.625838375091552734e+01 -6.597135543823242188e+00
-1.552561108271280865e+01 -5.427229404449462891e+00
-1.568716255823771100e+01 -5.942914724349975586e+00
-1.512793429692586322e+01 -5.528004407882690430e+00
-1.530584859848022461e+01 -5.349985837936401367e+00
-1.558767493565877338e+01 -5.054874181747436523e+00
-1.598310915629068951e+01 -6.085880041122436523e+00
-1.623330450057983398e+01 -6.210589647293090820e+00
-1.585285790761311908e+01 -5.436460733413696289e+00
-1.581376743316650391e+01 -4.016441822052001953e+00
-1.637080876032511512e+01 -5.522835969924926758e+00
-1.624958022435506066e+01 -4.359455585479736328e+00
-1.632218488057454309e+01 -5.267373323440551758e+00
-1.595205465952555279e+01 -5.260511159896850586e+00
-1.523516368865966797e+01 -5.556931018829345703e+00
-1.439425643285115619e+01 -3.967835128307342529e+00
-1.423606379826863666e+01 -6.380748510360717773e+00
-1.469545332590738873e+01 -4.609266877174377441e+00
-1.580450359980265240e+01 -5.893938541412353516e+00
-1.598382329940795898e+01 -5.328556776046752930e+00
-1.601783879597981652e+01 -3.820977449417114258e+00
-1.613607152303059777e+01 -5.214285850524902344e+00
-1.573629474639892578e+01 -5.772686004638671875e+00
-1.599095360438028912e+01 -5.259652614593505859e+00
-1.614788675308227539e+01 -4.633514404296875000e+00
-1.550621557235717773e+01 -4.503714323043823242e+00
-1.617161719004313269e+01 -5.890569210052490234e+00
-1.601021909713745117e+01 -5.299140453338623047e+00
-1.663740603129069129e+01 -4.619942903518676758e+00
-1.648885663350423059e+01 -6.037428617477416992e+00
-1.548757584889729877e+01 -5.673311471939086914e+00
-1.642624346415201941e+01 -6.147707462310791016e+00
-1.663620773951212684e+01 -4.808920145034790039e+00
-1.655793793996175012e+01 -4.430746793746948242e+00
-1.519302558898925781e+01 -4.965096235275268555e+00
-1.518360010782877545e+01 -4.324886322021484375e+00
-1.538606786727905273e+01 -5.390477657318115234e+00
-1.468201653162638287e+01 -3.684787213802337646e+00
-1.560010099411010742e+01 -4.520953059196472168e+00
-1.542952775955200195e+01 -6.148232460021972656e+00
-1.551820770899454693e+01 -5.998054265975952148e+00
-1.586608711878458600e+01 -5.830427169799804688e+00
-1.544587469100952148e+01 -4.446677923202514648e+00
-1.599804798762003522e+01 -6.714593887329101562e+00
-1.633790715535481652e+01 -6.769252777099609375e+00
-1.677036730448405066e+01 -5.079810857772827148e+00
-1.697807502746582031e+01 -3.797236800193786621e+00
-1.659859927495320520e+01 -5.383905649185180664e+00
-1.677583599090576172e+01 -4.026428461074829102e+00
-1.711169910430908203e+01 -4.295452713966369629e+00
-1.708816560109456262e+01 -4.369661808013916016e+00
-1.703372383117675781e+01 -4.484152317047119141e+00
-1.612368440628051758e+01 -6.258244276046752930e+00
-1.604353968302408973e+01 -5.173416852951049805e+00
-1.595509020487467389e+01 -4.097467184066772461e+00
-1.574934784571329693e+01 -4.866504430770874023e+00
-1.578959767023722272e+01 -5.260581016540527344e+00
-1.563426351547241211e+01 -5.760257244110107422e+00
-1.661042563120524207e+01 -5.279155492782592773e+00
-1.648955472310383996e+01 -4.053849577903747559e+00
-1.688619486490885535e+01 -4.230280160903930664e+00
-1.650668907165527344e+01 -4.782270193099975586e+00
-1.629616912206013879e+01 -6.573888063430786133e+00
-1.688907241821289062e+01 -5.801169395446777344e+00
-1.673027261098225793e+01 -5.779274702072143555e+00
-1.657809098561604699e+01 -5.654333829879760742e+00
-1.700939273834228516e+01 -4.214151978492736816e+00
-1.599726057052612305e+01 -5.621225357055664062e+00
-1.703469657897949219e+01 -6.587336301803588867e+00
-1.683460553487141809e+01 -4.573636531829833984e+00
-1.612359793980916223e+01 -4.090577960014343262e+00
-1.616956392923991004e+01 -4.677778482437133789e+00
-1.697189935048421106e+01 -5.445457458496093750e+00
-1.720934581756591797e+01 -5.281649351119995117e+00
-1.693282286326090613e+01 -5.251357793807983398e+00
-1.684810352325439453e+01 -4.906482219696044922e+00
-1.654973936080932617e+01 -3.939154148101806641e+00
-1.609336042404174805e+01 -5.363595485687255859e+00
-1.645758628845214844e+01 -4.694801568984985352e+00
-1.662052281697591027e+01 -5.479338169097900391e+00
-1.665984090169270715e+01 -5.568493366241455078e+00
-1.601066112518310547e+01 -5.607808351516723633e+00
-1.599409135182698627e+01 -4.606408119201660156e+00
-1.663685162862141809e+01 -5.645430803298950195e+00
-1.682645511627197266e+01 -4.130791544914245605e+00
-1.651248359680175781e+01 -7.469415903091430664e+00
-1.699004443486531457e+01 -6.553182125091552734e+00
-1.617970482508341590e+01 -4.591797113418579102e+00
-1.629828882217407227e+01 -6.208535432815551758e+00
-1.701669438680012902e+01 -4.376277923583984375e+00
-1.698261928558349609e+01 -5.987737894058227539e+00
-1.690322907765706262e+01 -4.342326164245605469e+00
-1.569317531585693359e+01 -5.056318998336791992e+00
-1.521331739425659180e+01 -4.817960739135742188e+00
-1.614226563771565637e+01 -4.936566352844238281e+00
-1.698942756652832031e+01 -6.618721008300781250e+00
-1.667092037200927734e+01 -4.539733886718750000e+00
-1.630899031956990441e+01 -5.004079341888427734e+00
-1.468794393539428711e+01 -5.676062583923339844e+00
-1.431150166193644147e+01 -3.526337385177612305e+00
-1.478919696807861328e+01 -4.355204343795776367e+00
-1.615991369883219519e+01 -4.857645511627197266e+00
-1.482596778869628906e+01 -3.698697090148925781e+00
-1.515875768661499023e+01 -6.396400451660156250e+00
-1.523538955052693744e+01 -6.740411520004272461e+00
-1.631345272064208984e+01 -5.527036666870117188e+00
-1.642318153381347656e+01 -5.866346120834350586e+00
-1.736400794982910156e+01 -5.839361190795898438e+00
-1.766004784901936731e+01 -6.320484638214111328e+00
-1.754807853698730469e+01 -6.164875507354736328e+00
-1.773042265574137488e+01 -4.288761615753173828e+00
-1.770441913604736328e+01 -5.220011949539184570e+00
-1.694142913818359375e+01 -7.562439918518066406e+00
-1.661124801635742188e+01 -5.970381259918212891e+00
-1.749510796864827356e+01 -3.903610944747924805e+00
-1.775576432545979699e+01 -3.892334222793579102e+00
-1.768995062510172644e+01 -4.401775836944580078e+00
-1.784744071960449219e+01 -5.574616432189941406e+00
-1.596575498580932617e+01 -3.881901979446411133e+00
-1.713744513193766394e+01 -4.829351425170898438e+00
-1.768735249837239465e+01 -4.036635875701904297e+00
-1.733825524648030481e+01 -5.319659471511840820e+00
-1.678669818242390832e+01 -4.908426523208618164e+00
-1.732337697347005090e+01 -6.178003549575805664e+00
-1.814762115478515625e+01 -5.484136343002319336e+00
-1.790397644042968750e+01 -6.631556987762451172e+00
-1.797403844197591027e+01 -6.916906356811523438e+00
-1.758734321594238281e+01 -5.881943702697753906e+00
-1.691153446833292762e+01 -4.221663594245910645e+00
-1.702629566192626953e+01 -5.139033317565917969e+00
-1.773033316930134973e+01 -4.393687248229980469e+00
-1.810998948415120324e+01 -3.984519004821777344e+00
-1.823068904876708984e+01 -5.163719415664672852e+00
-1.757405535380045691e+01 -4.276037454605102539e+00
-1.709544118245442590e+01 -5.488447189331054688e+00
-1.745915730794270715e+01 -3.911213159561157227e+00
-1.752065849304199219e+01 -4.613833665847778320e+00
-1.783059183756510535e+01 -6.905746936798095703e+00
-1.803250567118326941e+01 -4.812189340591430664e+00
-1.739400943120320520e+01 -3.764590382575988770e+00
-1.667645231882731238e+01 -4.399814128875732422e+00
-1.698897457122802734e+01 -5.475502490997314453e+00
-1.682141224543253699e+01 -6.313650608062744141e+00
-1.762265523274739465e+01 -5.635256052017211914e+00
-1.689831209182739258e+01 -4.022835373878479004e+00
-1.640234597524007043e+01 -5.657469987869262695e+00
-1.660960435867309570e+01 -4.962042093276977539e+00
-1.496533171335856061e+01 -4.499298572540283203e+00
-1.570274734497070312e+01 -4.959783077239990234e+00
-1.704575761159260949e+01 -5.902117013931274414e+00
-1.715814065933227539e+01 -4.305437088012695312e+00
-1.616659100850423059e+01 -6.008686304092407227e+00
-1.692105293273925781e+01 -4.097814798355102539e+00
-1.736959012349446496e+01 -4.844032049179077148e+00
-1.872658983866373816e+01 -6.169186592102050781e+00
-1.826666355133056641e+01 -5.881077766418457031e+00
-1.806950855255126953e+01 -4.196880936622619629e+00
-1.839632860819498816e+01 -5.618811368942260742e+00
-1.837310981750488281e+01 -6.616919755935668945e+00
-1.794626776377360144e+01 -6.358599424362182617e+00
-1.791420777638753137e+01 -4.128666639328002930e+00
-1.700284385681152344e+01 -5.624459743499755859e+00
-1.730739943186442176e+01 -4.298739910125732422e+00
-1.751165803273518762e+01 -4.140498638153076172e+00
-1.779788398742675781e+01 -4.836621761322021484e+00
-1.794569047292073449e+01 -3.651414155960083008e+00
-1.842718346913655481e+01 -5.795377969741821289e+00
-1.797183163960774621e+01 -7.395253658294677734e+00
-1.710054651896158973e+01 -4.303187131881713867e+00
-1.763625844319661340e+01 -4.364878177642822266e+00
-1.812417189280192176e+01 -4.478585481643676758e+00
-1.814146105448405066e+01 -3.755624592304229736e+00
-1.834665266672770301e+01 -4.839382171630859375e+00
-1.848571936289469519e+01 -4.200281023979187012e+00
-1.864331531524658203e+01 -4.216889023780822754e+00
-1.787134933471679688e+01 -3.586879193782806396e+00
-1.813311974207560340e+01 -4.644605159759521484e+00
-1.668443044026692590e+01 -5.168600559234619141e+00
-1.786080169677734375e+01 -3.546175003051757812e+00
-1.711359659830729285e+01 -5.965347290039062500e+00
-1.706344270706176758e+01 -5.332906961441040039e+00
-1.805443636576334754e+01 -6.248355388641357422e+00
-1.803403282165527344e+01 -5.133194684982299805e+00
-1.812931378682454309e+01 -5.266641139984130859e+00
-1.794434992472330848e+01 -6.028210401535034180e+00
-1.748944536844889441e+01 -5.586153507232666016e+00
-1.743818632761637488e+01 -5.347472667694091797e+00
-1.738239669799804688e+01 -5.281640291213989258e+00
-1.727834192911783973e+01 -4.622471332550048828e+00
-1.716364717483520508e+01 -5.226693391799926758e+00
-1.789021396636962891e+01 -3.813524961471557617e+00
-1.808556683858235559e+01 -4.658179998397827148e+00
-1.781013997395833215e+01 -4.181449294090270996e+00
-1.753926022847493371e+01 -5.070612430572509766e+00
-1.862849267323811731e+01 -4.580313205718994141e+00
-1.883093611399332801e+01 -4.881604433059692383e+00
-1.885853958129882812e+01 -4.227596879005432129e+00
-1.807230885823567590e+01 -4.490983247756958008e+00
-1.774089527130126953e+01 -6.583669185638427734e+00
-1.732389100392659387e+01 -4.027800798416137695e+00
-1.817983214060465613e+01 -5.463080406188964844e+00
-1.857828871409098426e+01 -4.101394534111022949e+00
-1.783721955617268762e+01 -3.990684032440185547e+00
-1.808409182230631629e+01 -4.262091636657714844e+00
-1.769059610366821289e+01 -7.090815305709838867e+00
-1.755492019653320312e+01 -5.131650209426879883e+00
-1.884991677602132043e+01 -4.193013072013854980e+00
-1.895191923777262488e+01 -5.920627117156982422e+00
-1.842766348520914832e+01 -4.062484383583068848e+00
-1.852893702189127723e+01 -5.851858854293823242e+00
-1.876369508107503137e+01 -4.551431655883789062e+00
-1.837751960754394531e+01 -6.020003080368041992e+00
-1.903461647033691406e+01 -4.380924940109252930e+00
-1.833784770965576172e+01 -4.138208746910095215e+00
-1.708887894948323449e+01 -4.258290171623229980e+00
-1.771484597524007043e+01 -6.230235099792480469e+00
-1.706897767384846887e+01 -5.200541019439697266e+00
-1.872138818105061731e+01 -3.753772258758544922e+00
-1.880189323425292969e+01 -3.906454324722290039e+00
-1.862989775339762488e+01 -6.234870195388793945e+00
-1.870464515686035156e+01 -4.238538503646850586e+00
-1.885638459523518762e+01 -5.529167175292968750e+00
-1.890874131520589074e+01 -4.554876804351806641e+00
-1.741475868225097656e+01 -4.439251422882080078e+00
-1.879126230875651160e+01 -3.479713320732116699e+00
-1.682160059611002723e+01 -6.135285139083862305e+00
-1.736605040232340613e+01 -5.039644002914428711e+00
-1.692459805806477746e+01 -6.322292089462280273e+00
-1.842248312632242957e+01 -6.069886207580566406e+00
-1.812875938415527344e+01 -5.868598937988281250e+00
-1.838073476155598840e+01 -4.191662311553955078e+00
-1.924719079335530481e+01 -4.164344787597656250e+00
-1.849350166320800781e+01 -4.732671737670898438e+00
-1.710271135965983191e+01 -4.514828681945800781e+00
-1.699584960937500000e+01 -6.407302379608154297e+00
-1.760448567072550574e+01 -3.782951116561889648e+00
-1.681018892923991004e+01 -4.478223323822021484e+00
-1.436907116572062115e+01 -4.610990762710571289e+00
-1.489176289240519147e+01 -4.888237714767456055e+00
-1.620884132385253906e+01 -4.714739322662353516e+00
-1.690943098068237305e+01 -3.617314100265502930e+00
-1.592708889643351178e+01 -4.921615600585937500e+00
-1.821607081095377723e+01 -6.250620126724243164e+00
-1.881381130218505859e+01 -4.282299757003784180e+00
-1.729690965016682824e+01 -5.743535041809082031e+00
-1.840799363454182824e+01 -4.565840005874633789e+00
-1.717442607879638672e+01 -3.922003269195556641e+00
-1.687059243520100793e+01 -5.243923425674438477e+00
-1.802283891042073449e+01 -9.683579325675964355e+00
-1.833479372660319129e+01 -3.346777081489562988e+00
-1.668003527323405066e+01 -5.643929839134216309e+00
-1.611342191696166992e+01 -4.103236675262451172e+00
-1.748211606343587121e+01 -4.592684984207153320e+00
-1.828036753336588660e+01 -6.916398048400878906e+00
-1.840552488962809363e+01 -4.644594430923461914e+00
-1.850233745574951172e+01 -4.328752040863037109e+00
-1.901846726735432824e+01 -5.827377557754516602e+00
-1.862711970011393348e+01 -3.416885852813720703e+00
-1.942325401306152344e+01 -4.809646606445312500e+00
-1.829684575398762902e+01 -3.895203828811645508e+00
-1.908308347066243371e+01 -3.717557191848754883e+00
-1.965316740671793738e+01 -5.904693126678466797e+00
-1.873073895772298059e+01 -4.345876932144165039e+00
-1.817803128560383996e+01 -5.583260536193847656e+00
-1.837521584828694543e+01 -4.550363540649414062e+00
-1.878765614827473840e+01 -4.434754610061645508e+00
-1.720097096761067590e+01 -3.226672708988189697e+00
-1.795570468902587891e+01 -4.494293689727783203e+00
-1.880986913045247277e+01 -4.040028333663940430e+00
-1.955393886566162109e+01 -4.068413734436035156e+00
-1.927542877197265625e+01 -6.203152179718017578e+00
-1.952162170410156250e+01 -4.351239681243896484e+00
-1.813139406840006629e+01 -3.992179512977600098e+00
-1.830768648783366004e+01 -4.022313475608825684e+00
-1.936921977996826172e+01 -4.476238489151000977e+00
-1.954585266113281250e+01 -3.390160441398620605e+00
-1.988872019449869910e+01 -4.618354797363281250e+00
-1.853413454691569129e+01 -6.435356378555297852e+00
-1.924466609954833984e+01 -4.324855804443359375e+00
-1.950297419230143348e+01 -3.957831025123596191e+00
-1.915320110321044922e+01 -4.985351562500000000e+00
-1.880212529500325402e+01 -3.957305550575256348e+00
-1.815919876098632812e+01 -5.179873466491699219e+00
-1.752495098114013672e+01 -4.027020931243896484e+00
-1.822666231791178504e+01 -4.049761295318603516e+00
-1.652848466237385949e+01 -3.390576958656311035e+00
-1.828163464864094934e+01 -3.192718446254730225e+00
-1.829061953226725379e+01 -4.262408733367919922e+00
-1.831464672088623047e+01 -4.427383422851562500e+00
-1.716032218933105469e+01 -4.048794507980346680e+00
-1.784453423817952356e+01 -4.477948904037475586e+00
-1.897197119394938269e+01 -5.444920539855957031e+00
-1.845171197255452356e+01 -5.068667411804199219e+00
-1.962320073445637902e+01 -3.868185281753540039e+00
-1.840778223673502723e+01 -3.761101245880126953e+00
-1.810234069824218750e+01 -5.147196531295776367e+00
