# Train Val
2.543490529060363770e+00 1.139708995819091797e+00
-2.550644477208455219e-01 -2.348284721374511719e+00
-3.695388873418172349e+00 -4.896556536356608369e+00
-5.794736146926879883e+00 -6.517372926076252959e+00
-6.954956054687500000e+00 -7.725816249847412109e+00
-8.136906067530313535e+00 -8.921617825826009707e+00
-9.192424615224203066e+00 -9.719778378804525332e+00
-9.682425578435262636e+00 -1.006769180297851562e+01
-9.918685833613077207e+00 -9.928922017415365175e+00
-1.001552518208821674e+01 -1.015952968597412109e+01
-1.009907333056131939e+01 -1.003737386067708393e+01
-1.014971574147542377e+01 -1.046059926350911518e+01
-1.026516564687093158e+01 -1.031640847524007221e+01
-1.027855428059895893e+01 -1.035631815592447857e+01
-1.030282711982727051e+01 -1.049096075693766217e+01
-1.031387845675150494e+01 -1.053307437896728516e+01
-1.022327574094136615e+01 -1.001458358764648438e+01
-1.035875956217447857e+01 -1.024485015869140625e+01
-1.043008136749267578e+01 -1.035952409108479877e+01
-1.043494391441345215e+01 -1.033135318756103516e+01
-1.049004705746968646e+01 -1.032116190592447857e+01
-1.050325934092203717e+01 -1.073081684112548828e+01
-1.052069743474324603e+01 -1.052837117513020893e+01
-1.057833139101664166e+01 -1.044422372182210346e+01
-1.046441443761189838e+01 -1.055614089965820312e+01
-1.048295394579569439e+01 -1.065676466623941998e+01
-1.055050945281982422e+01 -1.025754578908284564e+01
-1.057914662361145020e+01 -1.083096981048583984e+01
-1.061498594284057617e+01 -1.043146197001139264e+01
-1.061057615280151367e+01 -1.060795338948567768e+01
-1.058779239654541016e+01 -1.080889828999837299e+01
-1.059361584981282611e+01 -1.034436702728271484e+01
-1.057001431783040424e+01 -1.029204082489013672e+01
-1.058189423878987689e+01 -1.038503011067708393e+01
-1.063245058059692383e+01 -1.041962941487630268e+01
-1.057464122772216797e+01 -1.047132682800292969e+01
-1.061451204617818256e+01 -1.055213228861490826e+01
-1.061761800448099713e+01 -1.047737566630045514e+01
-1.061161772410074811e+01 -1.055771923065185547e+01
-1.062973475456237793e+01 -1.094574864705403705e+01
-1.061628874142964740e+01 -1.083093643188476562e+01
-1.060958258310953717e+01 -1.046574878692626953e+01
-1.062689749399820904e+01 -1.071471532185872455e+01
-1.059643173217773438e+01 -1.037872823079427143e+01
-1.056030011177062988e+01 -1.072772566477457623e+01
-1.063292233149210553e+01 -1.051855882008870502e+01
-1.065287295977274518e+01 -1.083603064219156842e+01
-1.065872939427693744e+01 -1.049586804707845111e+01
-1.061740112304687500e+01 -1.052776432037353516e+01
-1.065067895253499408e+01 -1.033227984110514264e+01
-1.070497091611226459e+01 -1.051426124572753906e+01
-1.063652118047078510e+01 -1.079075622558593750e+01
-1.063250986735025982e+01 -1.061234442392984967e+01
-1.067820501327514648e+01 -1.069973786671956439e+01
-1.068191027641296387e+01 -1.046195030212402344e+01
-1.066822441418965717e+01 -1.035255559285481830e+01
-1.062986477216084857e+01 -1.074172910054524799e+01
-1.066790604591369629e+01 -1.098567708333333393e+01
-1.066624935468037982e+01 -1.029727681477864643e+01
-1.065475742022196393e+01 -1.058658568064371686e+01
-1.066299676895141602e+01 -1.072076352437337299e+01
-1.070202024777730365e+01 -1.057541656494140625e+01
-1.067422739664713482e+01 -1.075139681498209576e+01
-1.067238060633341412e+01 -1.047947343190511127e+01
-1.064497216542561908e+01 -1.044571844736734967e+01
-1.063172006607055664e+01 -1.059807046254475971e+01
-1.070220216115315814e+01 -1.085152022043863873e+01
-1.073215452829996686e+01 -1.067250474294026752e+01
-1.071447801589965820e+01 -1.048842970530191998e+01
-1.073241416613260846e+01 -1.059162966410318951e+01
-1.070535882314046283e+01 -1.051127211252848248e+01
-1.075916775067647357e+01 -1.064105097452799420e+01
-1.077812425295511822e+01 -1.088848845163981061e+01
-1.078370579083760639e+01 -1.054570611317952533e+01
-1.079574473698933978e+01 -1.074652131398518939e+01
-1.072309430440266986e+01 -1.064448102315266986e+01
-1.081591534614562988e+01 -1.067632961273193359e+01
-1.082793219884236713e+01 -1.046137841542561908e+01
-1.083017929395039936e+01 -1.082228660583496094e+01
-1.079874332745870014e+01 -1.081401062011718750e+01
-1.087908689181009869e+01 -1.081610457102457623e+01
-1.080759310722351074e+01 -1.036952622731526752e+01
-1.070977433522542377e+01 -1.066013717651367188e+01
-1.082669067382812500e+01 -1.100459480285644531e+01
-1.085226106643676758e+01 -1.063669109344482422e+01
-1.091811283429463764e+01 -1.063263193766275982e+01
-1.084248153368631939e+01 -1.069132200876871686e+01
-1.085808293024698834e+01 -1.065571848551432232e+01
-1.096398909886678119e+01 -1.069388961791992188e+01
-1.100239014625549316e+01 -1.078126239776611328e+01
-1.103935162226358990e+01 -1.076993306477864643e+01
-1.100790588061014752e+01 -1.052939732869466205e+01
-1.096837067604064941e+01 -1.069183540344238281e+01
-1.115421883265177350e+01 -1.098594220479329486e+01
-1.110940543810526471e+01 -1.107779757181803326e+01
-1.121754256884256939e+01 -1.077420870463053326e+01
-1.102902332941691022e+01 -1.100251452128092389e+01
-1.100436870257059674e+01 -1.096469879150390625e+01
-1.098709551493326764e+01 -1.106449254353841205e+01
-1.122809942563374896e+01 -1.086541366577148438e+01
-1.108319314320882221e+01 -1.085594431559244732e+01
-1.145726815859476666e+01 -1.129522832234700580e+01
-1.136275943120320697e+01 -1.114049021402994732e+01
-1.163070559501647949e+01 -1.126378663380940814e+01
-1.164528171221415143e+01 -1.112531916300455670e+01
-1.138533639907836914e+01 -1.120594978332519531e+01
-1.160097169876098633e+01 -1.118690331776936908e+01
-1.167954436937967877e+01 -1.141432984670003314e+01
-1.133713944753011127e+01 -1.141923936208089252e+01
-1.173188551266988178e+01 -1.090702946980794330e+01
-1.162359857559204102e+01 -1.092633056640625000e+01
-1.173569345474243164e+01 -1.164375782012939453e+01
-1.200072304407755475e+01 -1.013970565795898438e+01
-1.128044533729553223e+01 -1.151682790120442768e+01
-1.184190479914347272e+01 -1.162095578511556049e+01
-1.207373126347859760e+01 -1.169325764973958393e+01
-1.222652880350748639e+01 -1.247734260559082031e+01
-1.203561751047770123e+01 -1.204873625437418561e+01
-1.237485480308532715e+01 -1.190145524342854877e+01
-1.240982572237650494e+01 -1.122642103830973248e+01
-1.244231812159220318e+01 -1.206439336140950580e+01
-1.268266781171162982e+01 -1.165544986724853516e+01
-1.269904430707295795e+01 -1.154330762227376361e+01
-1.269282380739847760e+01 -1.191751162211100201e+01
-1.271356789271036725e+01 -1.179926268259684186e+01
-1.270832419395446777e+01 -1.185794448852539062e+01
-1.304730288187662701e+01 -1.224580415089925189e+01
-1.292361450195312500e+01 -1.195565541585286518e+01
-1.255969897905985455e+01 -1.120282141367594342e+01
-1.278234656651814838e+01 -1.175464630126953125e+01
-1.299461150169372559e+01 -1.010372893015543561e+01
-1.152188404401143451e+01 -1.181346193949381451e+01
-1.270464444160461426e+01 -1.249879137674967389e+01
-1.295936640103658100e+01 -1.203042252858479877e+01
-1.325489568710327148e+01 -1.214922809600830078e+01
-1.343808945020039936e+01 -1.223394584655761719e+01
-1.351981592178344727e+01 -1.157101249694824219e+01
-1.355456598599751850e+01 -1.134930483500162701e+01
-1.358814764022827148e+01 -1.215713564554850201e+01
-1.325427754720052143e+01 -1.230516370137532611e+01
-1.344777909914652447e+01 -1.201838207244873047e+01
-1.335586293538411518e+01 -1.209943135579427143e+01
-1.332444906234741211e+01 -1.110321998596191406e+01
-1.318597173690795898e+01 -1.202356433868408203e+01
-1.365921179453531842e+01 -1.177530860900878906e+01
-1.328213485081990619e+01 -1.228677558898925781e+01
-1.396299719810485840e+01 -1.184289105733235736e+01
-1.384503793716430664e+01 -1.134035968780517578e+01
-1.284209060668945312e+01 -1.134603913625081439e+01
-1.354249580701192279e+01 -1.119240252176920514e+01
-1.346297955513000488e+01 -1.232234732309977154e+01
-1.410879023869832416e+01 -1.217406463623046875e+01
-1.420531574885050397e+01 -1.146297836303710938e+01
-1.353267216682434082e+01 -1.244997183481852154e+01
-1.306344938278198242e+01 -1.173775545756022076e+01
-1.335572099685668945e+01 -1.179977448781331439e+01
-1.346309558550516705e+01 -1.329379081726074219e+01
-1.353535866737365723e+01 -1.244806639353434186e+01
-1.371015834808349609e+01 -1.211933930714925189e+01
-1.373614462216695209e+01 -1.171697235107421875e+01
-1.367614308993021588e+01 -1.275844287872314453e+01
-1.388815172513326068e+01 -1.092805131276448627e+01
-1.370071824391683002e+01 -1.103666496276855469e+01
-1.443072573343912701e+01 -1.192312335968017578e+01
-1.470135029157002826e+01 -1.296891339619954486e+01
-1.439738408724466900e+01 -1.269679705301920514e+01
-1.485184979438781738e+01 -1.146795304616292377e+01
-1.476150679588317871e+01 -1.174404684702555279e+01
-1.331534171104431152e+01 -1.306652291615804096e+01
-1.315637914339701275e+01 -1.170804882049560547e+01
-1.456791504224141498e+01 -1.236059633890787701e+01
-1.442734098434448242e+01 -1.186420536041259766e+01
-1.477307558059692383e+01 -1.220914713541666607e+01
-1.461298425992329975e+01 -1.181471570332845111e+01
-1.391824841499328613e+01 -1.243254661560058594e+01
-1.411276706059773822e+01 -1.223889287312825580e+01
-1.452629899978637695e+01 -1.175877316792806049e+01
-1.476200389862060547e+01 -1.215334828694661518e+01
-1.452497593561808209e+01 -1.149081929524739643e+01
-1.509829465548197369e+01 -1.209326044718424420e+01
-1.537720004717508893e+01 -1.197605800628662109e+01
-1.483513879776000977e+01 -1.276064459482828717e+01
-1.444306556383768658e+01 -1.207207361857096295e+01
-1.443213462829589844e+01 -9.375115076700845762e+00
-1.417457000414530377e+01 -1.097519874572753906e+01
-1.439137482643127441e+01 -1.171650536855061908e+01
-1.432812245686849018e+01 -1.174177932739257812e+01
-1.494591410954793353e+01 -1.251989491780599018e+01
-1.531259179115295410e+01 -1.297357908884684186e+01
-1.544115630785624127e+01 -1.197028160095214844e+01
-1.521842924753824811e+01 -1.133979988098144531e+01
-1.515024248758951764e+01 -1.254068692525227924e+01
-1.482665562629699707e+01 -1.277714284261067768e+01
-1.516207766532897949e+01 -1.354755655924479107e+01
-1.564061959584554096e+01 -1.209712346394856830e+01
-1.545823971430460553e+01 -1.241486835479736328e+01
-1.570435905456542969e+01 -1.220926570892333984e+01
-1.430183768272399902e+01 -1.220063495635986328e+01
-1.520232955614725689e+01 -1.275013891855875592e+01
-1.569545189539591412e+01 -1.296343994140625000e+01
-1.585303155581156354e+01 -1.206226094563802143e+01
-1.582640194892883301e+01 -1.194378630320231061e+01
-1.531842509905497174e+01 -1.172783438364664654e+01
-1.475915980339050293e+01 -1.214693387349446674e+01
-1.561788670221964459e+01 -1.238782087961832623e+01
-1.402052672704060932e+01 -1.208362674713134766e+01
-1.497520470619201660e+01 -1.332675488789876361e+01
-1.568524138132731061e+01 -1.322105280558268170e+01
-1.588143388430277447e+01 -1.195142873128255268e+01
-1.590708573659261127e+01 -1.186959266662597656e+01
-1.594803174336751361e+01 -1.292503166198730469e+01
-1.597249507904052734e+01 -1.180806350708007812e+01
-1.589943194389343262e+01 -1.198966312408447266e+01
-1.617305676142374793e+01 -1.265020465850830078e+01
-1.536502043406168561e+01 -1.197612253824869732e+01
-1.440208021799723248e+01 -1.330403423309326172e+01
-1.475942190488179584e+01 -1.187899557749430279e+01
-1.603525559107462684e+01 -1.277267487843831439e+01
-1.572346091270446777e+01 -1.108753490447998047e+01
-1.474678182601928711e+01 -1.265738423665364643e+01
-1.593541717529296875e+01 -1.231205844879150391e+01
-1.600634042421976844e+01 -1.207106685638427734e+01
-1.618370580673217773e+01 -1.303819402058919330e+01
-1.630279072125752649e+01 -1.242074076334635357e+01
-1.566969784100850482e+01 -1.297756258646647076e+01
-1.630807034174601355e+01 -1.267042032877604107e+01
-1.585322372118631939e+01 -1.237948354085286518e+01
-1.546927070617675781e+01 -1.218233585357666016e+01
-1.615721146265665809e+01 -1.275024668375650982e+01
-1.562541596094767193e+01 -1.153063710530599018e+01
-1.491547004381815533e+01 -1.212774531046549420e+01
-1.593770138422648053e+01 -1.236691252390543561e+01
-1.642873088518778601e+01 -1.292901706695556641e+01
-1.638579018910725793e+01 -1.305172379811604877e+01
-1.622315740585327148e+01 -1.290050633748372455e+01
-1.593773984909057617e+01 -1.298351987202962299e+01
-1.608375573158264160e+01 -1.271538734436035156e+01
-1.620031174023946008e+01 -1.219689814249674420e+01
-1.636182276407877723e+01 -1.276969432830810547e+01
-1.633258724212646484e+01 -1.275297578175862689e+01
-1.680581259727478027e+01 -1.356804656982421875e+01
-1.574932829538981061e+01 -1.192678769429524799e+01
-1.588073388735453229e+01 -1.228805414835611920e+01
-1.645173652966817102e+01 -1.269308471679687500e+01
-1.590828267733255963e+01 -1.199884859720865826e+01
-1.639772828420003137e+01 -1.272465324401855469e+01
-1.614332755406697473e+01 -1.251007080078125000e+01
-1.602319248517354211e+01 -1.324176088968912701e+01
-1.593904821077982525e+01 -1.240001964569091797e+01
-1.661817916234334191e+01 -1.343879350026448627e+01
-1.656213760375976562e+01 -1.280739879608154297e+01
-1.678109216690063477e+01 -1.246195030212402344e+01
-1.687317426999409875e+01 -1.289241313934326172e+01
-1.567278035481770893e+01 -1.176807657877604107e+01
-1.591527088483174701e+01 -1.272608184814453125e+01
-1.590336116154988666e+01 -1.201278750101725201e+01
-1.628140298525492469e+01 -1.292044862111409564e+01
-1.688575585683186731e+01 -1.205895296732584576e+01
-1.679701312383015832e+01 -1.224579270680745502e+01
-1.567601450284322162e+01 -1.202686627705891986e+01
-1.560049597422281842e+01 -1.200157737731933594e+01
-1.573095838228861432e+01 -1.253339385986328125e+01
-1.680170631408691406e+01 -1.302679761250813861e+01
-1.642897844314575195e+01 -1.272193972269693951e+01
-1.699834108352661133e+01 -1.355865796407063861e+01
-1.698764673868815223e+01 -1.421806240081787109e+01
-1.675744040807088098e+01 -1.379604021708170514e+01
-1.645979905128479004e+01 -1.263656902313232422e+01
-1.680632416407267371e+01 -1.263786411285400391e+01
-1.651132726669311523e+01 -1.357302570343017578e+01
-1.689071774482727051e+01 -1.225894387563069721e+01
-1.709902389844258508e+01 -1.309003798166910748e+01
-1.731907558441162109e+01 -1.333759117126464844e+01
-1.720820649464925012e+01 -1.266589228312174420e+01
-1.679532488187154016e+01 -1.224956766764322857e+01
-1.691487598419189453e+01 -1.272712326049804688e+01
-1.712636844317118445e+01 -1.284673309326171875e+01
-1.688146177927653113e+01 -1.322852611541748047e+01
-1.726425615946451941e+01 -1.191460609436035156e+01
-1.729767402013142785e+01 -1.238379001617431641e+01
-1.718548536300659180e+01 -1.301234817504882812e+01
-1.699884001413981238e+01 -1.256958611806233783e+01
-1.664700571695963660e+01 -1.247386455535888672e+01
-1.649970698356628418e+01 -1.256531620025634766e+01
-1.574950273831685443e+01 -1.071175066630045514e+01
-1.580592854817708393e+01 -1.300085322062174420e+01
-1.695548820495605469e+01 -1.249233563741048236e+01
-1.712731043497721473e+01 -1.245012474060058594e+01
-1.707937542597452918e+01 -1.257090282440185547e+01
-1.709749523798624793e+01 -1.212095737457275391e+01
-1.688272229830424109e+01 -1.212981923421224018e+01
-1.738908418019612512e+01 -1.286916796366373639e+01
-1.740655501683552941e+01 -1.243283430735270123e+01
-1.735437997182210168e+01 -1.341861184438069721e+01
-1.738266817728678504e+01 -1.329544766743977924e+01
-1.677813649177551270e+01 -1.319394493103027344e+01
-1.752614625295003137e+01 -1.326515452067057232e+01
-1.726575231552124023e+01 -1.197243626912434955e+01
-1.741465568542480469e+01 -1.293053245544433594e+01
-1.659009814262390137e+01 -1.304694525400797467e+01
-1.646992969512939453e+01 -1.140726598103841205e+01
-1.738462813695271691e+01 -1.329770374298095703e+01
-1.727889108657836914e+01 -1.283304246266683002e+01
-1.716583808263142785e+01 -1.364354260762532611e+01
-1.737202684084574500e+01 -1.339996973673502545e+01
-1.735179742177327356e+01 -1.329278373718261719e+01
-1.770242230097452918e+01 -1.222895177205403705e+01
-1.727645889918009559e+01 -1.386119842529296875e+01
-1.701882441838582238e+01 -1.329875055948893170e+01
-1.747972981135050574e+01 -1.206845601399739643e+01
-1.745844912528991699e+01 -1.252407423655191998e+01
-1.749469343821207801e+01 -1.376127243041992188e+01
-1.673007257779439172e+01 -1.185084025065104107e+01
-1.591754635175069232e+01 -1.329993184407552143e+01
-1.709951019287109375e+01 -1.188937091827392578e+01
-1.655646610260009766e+01 -1.340938186645507812e+01
-1.728995752334594727e+01 -1.349937884012858014e+01
-1.754407882690429688e+01 -1.210782305399576764e+01
-1.725545533498128137e+01 -1.217476304372151752e+01
-1.692085234324137488e+01 -1.152466328938802143e+01
-1.698877652486165246e+01 -1.299592908223470111e+01
-1.800394805272420129e+01 -1.216354974110921283e+01
-1.799790477752685547e+01 -1.366770172119140625e+01
-1.763909069697062293e+01 -1.306330394744873047e+01
-1.734626563390095910e+01 -1.386147530873616596e+01
-1.738998905817667762e+01 -1.229405879974365234e+01
-1.737867506345113000e+01 -1.274478212992350201e+01
-1.786915111541748047e+01 -1.481915283203125000e+01
-1.757679859797159949e+01 -1.354772631327311139e+01
-1.768687979380289832e+01 -1.226293818155924420e+01
-1.771624612808227539e+01 -1.279661719004313092e+01
-1.724279944101969519e+01 -1.392990875244140625e+01
-1.817590888341267785e+01 -1.243756071726481061e+01
-1.793948570887247840e+01 -1.326516151428222656e+01
-1.811981836954752723e+01 -1.340097967783609967e+01
-1.790944925944010535e+01 -1.149423281351725201e+01
-1.675294979413350305e+01 -1.200978406270345111e+01
-1.753148651123046875e+01 -1.212925465901692768e+01
-1.810682058334350586e+01 -1.207826646169026752e+01
-1.763050723075866699e+01 -1.223622322082519531e+01
-1.788554143905639648e+01 -1.226276143391927143e+01
-1.789229536056518555e+01 -1.210260518391927143e+01
-1.805142196019490441e+01 -1.251521937052408795e+01
-1.720807989438374719e+01 -1.176907094319661518e+01
-1.752398490905761719e+01 -1.219789187113443951e+01
-1.818469063440958777e+01 -1.358765538533528705e+01
-1.834837039311726770e+01 -1.222801017761230469e+01
-1.767623805999755859e+01 -1.305826123555501361e+01
-1.798013464609782019e+01 -1.182575798034667969e+01
-1.780616680781046668e+01 -1.322144095102945904e+01
-1.753191192944844445e+01 -1.230449263254801373e+01
-1.725574938456217566e+01 -1.266873359680175781e+01
-1.819003915786743164e+01 -1.277947330474853516e+01
-1.792219416300455848e+01 -1.183317852020263672e+01
-1.748943106333414832e+01 -1.215262285868326764e+01
-1.722798260052998742e+01 -1.326014328002929688e+01
-1.680540792147318641e+01 -1.282168006896972656e+01
-1.706362708409627160e+01 -1.155848503112792969e+01
-1.824302148818969727e+01 -1.476688257853190045e+01
-1.811424414316813269e+01 -1.285798994700113873e+01
-1.822965463002522668e+01 -1.272151343027750592e+01
-1.634939583142598352e+01 -1.328722413380940814e+01
-1.739712874094645301e+01 -1.185255750020345111e+01
-1.780142402648925781e+01 -1.293321228027343750e+01
-1.803892787297566613e+01 -1.221769873301188092e+01
-1.800542211532592773e+01 -1.140311177571614643e+01
-1.773317972819010535e+01 -1.229907989501953125e+01
-1.804819885889689246e+01 -1.213825416564941406e+01
-1.822256008783976355e+01 -1.308210563659667969e+01
-1.824503707885742188e+01 -1.234783903757731061e+01
-1.794700241088867188e+01 -1.206376552581787109e+01
-1.734925842285156250e+01 -1.073031393686930279e+01
-1.565429051717122455e+01 -1.256141344706217389e+01
-1.692122729619343957e+01 -1.094737402598063092e+01
-1.716384013493855676e+01 -1.275439484914143939e+01
-1.847214841842651367e+01 -1.223265775044759174e+01
-1.808017587661743164e+01 -1.422519048055013080e+01
-1.755656957626342773e+01 -1.316906197865804096e+01
-1.796368980407714844e+01 -1.410853290557861328e+01
-1.719655028978983680e+01 -1.276863352457682232e+01
-1.858819993336995324e+01 -1.240569464365641217e+01
-1.879739395777384559e+01 -1.281974124908447266e+01
-1.795564810434977332e+01 -1.242670631408691406e+01
-1.740276575088500977e+01 -1.309132862091064453e+01
-1.773443285624186316e+01 -1.256473668416341205e+01
-1.862161938349406043e+01 -1.219738165537516217e+01
-1.830058288574218750e+01 -1.205542119344075580e+01
-1.641072154045104980e+01 -1.212145392100016217e+01
-1.734527039527893066e+01 -1.201298999786376953e+01
-1.796918805440266809e+01 -1.287801837921142578e+01
-1.761162726084391394e+01 -1.231341425577799420e+01
-1.790071773529052734e+01 -1.201852830251058002e+01
-1.765698846181233606e+01 -1.281443436940511127e+01
-1.833601617813110352e+01 -1.242910035451253314e+01
-1.764894676208496094e+01 -1.103179677327474018e+01
-1.791354831059773645e+01 -1.196659882863362689e+01
-1.867031542460123816e+01 -1.174405543009440045e+01
-1.845210107167561731e+01 -1.235390615463256836e+01
-1.828336095809936523e+01 -1.316433842976888080e+01
-1.850190909703572473e+01 -1.195878156026204486e+01
-1.836708259582519531e+01 -1.232179514567057232e+01
-1.811179622014363488e+01 -1.218783887227376361e+01
-1.775353535016377649e+01 -1.216507434844970703e+01
-1.697766685485839844e+01 -1.197279644012451172e+01
-1.808632977803548059e+01 -1.326965999603271484e+01
-1.886292219161987305e+01 -1.207179578145345111e+01
-1.914842160542805871e+01 -1.348677635192871094e+01
-1.892052348454793176e+01 -1.124826145172119141e+01
-1.798844337463378906e+01 -1.201139068603515625e+01
-1.833104832967122277e+01 -1.068742942810058594e+01
-1.785821803410847863e+01 -1.388391558329264264e+01
-1.838215970993041992e+01 -1.229222011566162109e+01
-1.876261806488037109e+01 -1.207760365804036518e+01
-1.787552944819132605e+01 -1.169260533650716205e+01
-1.876647941271464148e+01 -1.277198251088460346e+01
-1.828344170252482215e+01 -1.271786085764566998e+01
-1.851757685343424598e+01 -1.405637137095133404e+01
-1.814361302057902137e+01 -1.264764118194580078e+01
-1.814236164093017578e+01 -1.336894321441650391e+01
-1.778151019414265832e+01 -1.351749674479166607e+01
-1.703009557723999023e+01 -1.128925514221191406e+01
-1.736705048878987512e+01 -1.142425823211669922e+01
-1.788498783111572266e+01 -1.221867942810058594e+01
-1.849286651611328125e+01 -1.262780825297037701e+01
-1.864762147267659387e+01 -1.405933793385823627e+01
-1.910132821400960168e+01 -1.226951662699381451e+01
-1.948333533604939660e+01 -1.254897308349609375e+01
-1.917789093653361121e+01 -1.275803693135579486e+01
-1.858490435282389441e+01 -1.294870313008626361e+01
-1.809361934661865234e+01 -1.272372849782308002e+01
-1.840197722117106238e+01 -1.331704171498616596e+01
-1.918884007136027137e+01 -1.339932441711425781e+01
-1.917900737126668176e+01 -1.201120662689208984e+01
-1.857156944274902344e+01 -1.249846649169921875e+01
-1.900672642389933387e+01 -1.264862759908040424e+01
-1.851507393519083777e+01 -1.176441351572672467e+01
-1.838422759373982629e+01 -1.223071416219075580e+01
-1.808343521753947059e+01 -1.252120208740234375e+01
-1.883561325073242188e+01 -1.215532747904459576e+01
-1.881153504053751746e+01 -1.156036822001139264e+01
-1.875567483901977539e+01 -1.322404098510742188e+01
-1.918927828470866004e+01 -1.221653334299723248e+01
-1.897504107157389441e+01 -1.117402489980061908e+01
-1.806122096379597863e+01 -1.222039540608724018e+01
-1.798133182525634766e+01 -1.288777351379394531e+01
-1.846985371907551965e+01 -1.186948776245117188e+01
-1.895609299341837684e+01 -1.312850888570149799e+01
-1.839128637313842773e+01 -1.227138551076253314e+01
-1.838984966278076172e+01 -1.351806195576985736e+01
-1.884609127044677734e+01 -1.288798046112060547e+01
-1.907228883107503137e+01 -1.404008642832438092e+01
-1.901431798934936523e+01 -1.199581178029378314e+01
-1.919359604517618934e+01 -1.271501509348551373e+01
-1.837115033467610559e+01 -1.199803352355957031e+01
-1.788163439432780066e+01 -1.247868569691975971e+01
-1.695241896311442176e+01 -1.064287535349527936e+01
-1.865777699152628699e+01 -1.281293932596842389e+01
-1.885514958699544152e+01 -1.217016887664794922e+01
-1.942491896947224816e+01 -1.294788169860839844e+01
-1.848930740356445312e+01 -1.195849450429280658e+01
-1.946433623631795129e+01 -1.177364921569824219e+01
-1.832754294077555457e+01 -1.229694430033365826e+01
-1.923280556996663293e+01 -1.255169073740641217e+01
-1.786577288309733191e+01 -1.267955843607584576e+01
-1.869325113296508789e+01 -1.202224604288736920e+01
-1.919878498713175574e+01 -1.245789082845052143e+01
-1.854979149500529090e+01 -1.276046021779378314e+01
-1.901964680353800574e+01 -1.283451970418294330e+01
-1.959136120478312293e+01 -1.204750696818033795e+01
-1.933435233434041223e+01 -1.279777208964029889e+01
-1.931886657079060754e+01 -1.392769559224446674e+01
-1.937339289983113488e+01 -1.313327407836914062e+01
-1.869248867034912109e+01 -1.274138450622558594e+01
-1.944206190109252930e+01 -1.236728064219156842e+01
-1.940066814422607422e+01 -1.217333793640136719e+01
-1.976306517918904504e+01 -1.357520707448323627e+01
-1.927938365936279297e+01 -1.192179107666015625e+01
-1.933517233530680457e+01 -1.335897191365559955e+01
-1.961289405822753906e+01 -1.358711751302083393e+01
-1.951569763819376746e+01 -1.371087328592936139e+01
-1.885498189926147461e+01 -1.269543552398681641e+01
-1.873571999867757043e+01 -1.223256397247314453e+01
-1.884577107429504395e+01 -1.349547259012858014e+01
-1.885986979802449426e+01 -1.213087717692057232e+01
-1.871028184890747070e+01 -1.204215908050537109e+01
-1.872143554687500000e+01 -1.329883639017740826e+01
-1.874151643117268762e+01 -1.358081213633219342e+01
-1.803316434224446496e+01 -1.263702265421549420e+01
-1.968268473943074426e+01 -1.238908958435058594e+01
-1.985754378636677941e+01 -1.362094561258951764e+01
-1.954318571090698242e+01 -1.186527315775553326e+01
-1.936554813385009766e+01 -1.266483370463053326e+01
-1.940136496225992957e+01 -1.149837334950765033e+01
-1.870213619867960730e+01 -1.138700644175211529e+01
-1.826851097742716590e+01 -1.193525568644205670e+01
-1.778264753023783484e+01 -1.241111946105957031e+01
-1.896783781051635742e+01 -1.261771583557128906e+01
-1.835962136586507043e+01 -1.268440151214599609e+01
-1.880817683537800988e+01 -1.146078777313232422e+01
-1.933501513799031457e+01 -1.270680395762125592e+01
-1.978347047170003137e+01 -1.161594867706298828e+01
-1.925230201085408410e+01 -1.100856653849283795e+01
-1.935261996587117395e+01 -1.286509641011556049e+01
-1.911903444925944129e+01 -1.458061345418294330e+01
-1.886751635869343957e+01 -1.345201810201009174e+01
-2.001017030080159387e+01 -1.271104367574056049e+01
-1.951101907094319543e+01 -1.166367944081624408e+01
-1.898831288019816199e+01 -1.109792296091715436e+01
-1.979553683598836145e+01 -1.165377267201741596e+01
-1.994478448232014856e+01 -1.353010241190592389e+01
-2.024439255396525184e+01 -1.277851708730061908e+01
-1.951594829559326172e+01 -1.372410996754964252e+01
-1.916913636525471887e+01 -1.216642125447591205e+01
-1.919155041376749793e+01 -1.196262200673421283e+01
-1.977364428838093957e+01 -1.214044316609700580e+01
-1.970704476038615027e+01 -1.363728713989257812e+01
-1.939844910303751746e+01 -1.297099272410074811e+01
-2.012703784306843957e+01 -1.271989313761393170e+01
-1.979961760838826379e+01 -1.194069671630859375e+01
-1.928217522303263465e+01 -1.351871649424234967e+01
-1.921083498001098633e+01 -1.202116139729817768e+01
-1.898389879862467566e+01 -1.348848152160644531e+01
-1.824737024307250977e+01 -1.335924688975016217e+01
-1.911442661285400391e+01 -1.344653606414794922e+01
-1.971924606959025184e+01 -1.326010990142822266e+01
-1.965148623784383020e+01 -1.314099216461181641e+01
-1.941036876042683801e+01 -1.228395207722981830e+01
-2.001841862996419152e+01 -1.158030446370442768e+01
-1.988143555323282996e+01 -1.278632227579752545e+01
-1.976042763392130652e+01 -1.243295415242513080e+01
-2.006690899531046668e+01 -1.178822453816731830e+01
-2.027653789520263672e+01 -1.150425179799397846e+01
-2.040331141153971473e+01 -1.153253491719563861e+01
-1.937695185343424598e+01 -1.301280530293782611e+01
-1.852597856521606445e+01 -1.234865315755208393e+01
-1.940379635492960730e+01 -1.199824682871500592e+01
-1.877495670318603516e+01 -1.158037281036376953e+01
-1.850281810760498047e+01 -1.172241846720377545e+01
-1.825864895184834680e+01 -1.092876466115315814e+01
-1.672899746894836426e+01 -1.132523632049560547e+01
-1.839981460571289062e+01 -1.170991198221842389e+01
-1.903607781728108606e+01 -1.161156272888183594e+01
-1.896957159042358398e+01 -1.254559071858724018e+01
-1.957625182469685754e+01 -1.215723355611165424e+01
-2.004339583714802941e+01 -1.096213722229003906e+01
-1.938797394434611121e+01 -1.237950070699056049e+01
-2.026190455754597863e+01 -1.150566991170247455e+01
-2.047444375356038293e+01 -1.359650262196858783e+01
-1.889374558130900184e+01 -1.393770440419515033e+01
-1.934712441762288293e+01 -1.198218091328938861e+01
-1.925012222925822059e+01 -1.420933405558268170e+01
-1.925248336791992188e+01 -1.240638637542724609e+01
-1.973063818613688269e+01 -1.224813842773437500e+01
-1.802024157842000207e+01 -1.138794962565104107e+01
-1.912362384796142578e+01 -1.170234171549479107e+01
-1.940279706319173059e+01 -1.138578669230143170e+01
-1.965608628590901574e+01 -1.253621451059977154e+01
-2.040405702590942383e+01 -1.367608451843261719e+01
-2.013250064849853516e+01 -1.297028573354085346e+01
-2.012833754221598426e+01 -1.232513840993245502e+01
-1.957149076461791992e+01 -1.301136080423990826e+01
-1.887129561106364051e+01 -1.114375718434651752e+01
-1.904459063212076941e+01 -1.178734207153320312e+01
-1.957492017745971680e+01 -1.153283913930257221e+01
-2.022925885518391809e+01 -1.174744606018066406e+01
-2.073937161763508996e+01 -1.162778822580973248e+01
-1.988743082682291785e+01 -1.002588971455891986e+01
-1.904438686370849609e+01 -1.273659483591715436e+01
-2.043767452239990234e+01 -1.187142658233642578e+01
-2.064584843317667762e+01 -1.332725652058919330e+01
-2.030707947413126746e+01 -1.190778160095214844e+01
-1.919994672139485559e+01 -1.105892817179361920e+01
-1.986153618494669715e+01 -1.240773677825927734e+01
-2.088210328420003137e+01 -1.135528564453125000e+01
-2.056441624959309777e+01 -1.311222521464029889e+01
-2.040107695261637488e+01 -1.258748467763265033e+01
-2.001006174087524414e+01 -1.300837135314941406e+01
-1.954229704538981238e+01 -1.227994759877522846e+01
-1.963616609573364258e+01 -1.346613629659016986e+01
-1.932749621073405066e+01 -1.227605056762695312e+01
-1.953896999359130859e+01 -1.148123772939046283e+01
-1.891226657231648645e+01 -1.179360294342041016e+01
-2.017543856302897254e+01 -1.197244199117024799e+01
-1.939197365442911902e+01 -1.358384418487548828e+01
-1.924462827046712121e+01 -1.142040952046712299e+01
-2.012981335322062293e+01 -1.225198618570963482e+01
-2.060473124186198035e+01 -1.073814137776692768e+01
-2.053413613637288293e+01 -1.143670908610025982e+01
-2.093345101674397668e+01 -1.101833852132161518e+01
-2.003481117884318152e+01 -1.311047204335530658e+01
-2.016098801294962684e+01 -1.209728749593099018e+01
-1.918587811787923059e+01 -1.147331492106119732e+01
-1.954255660374959191e+01 -1.226117261250813861e+01
-2.043617502848307410e+01 -1.236759694417317768e+01
-1.926332410176594934e+01 -1.260041904449462891e+01
-1.892599407831827918e+01 -1.202730941772460938e+01
-1.935497617721557617e+01 -1.205259068806966205e+01
-1.885399166742960730e+01 -1.203204536437988281e+01
-1.870824948946635047e+01 -1.303125858306884766e+01
-2.058613777160644531e+01 -1.196139335632324219e+01
-2.037668387095133582e+01 -1.279129823048909564e+01
-2.074375740687052527e+01 -1.300484625498453717e+01
-2.111780707041422644e+01 -1.181695874532063861e+01
-2.090330028533935547e+01 -1.157033125559488873e+01
-1.953114318847656250e+01 -1.178850205739339252e+01
-1.967233228683471680e+01 -1.250028673807779889e+01
-2.099765157699584961e+01 -1.164504877726236920e+01
-1.994628810882568359e+01 -1.367862542470296283e+01
-1.994301430384318152e+01 -1.240903536478678326e+01
-2.019886223475138465e+01 -1.159942785898844342e+01
-2.020898866653442383e+01 -1.199494679768880268e+01
-2.078215662638346473e+01 -1.170577430725097656e+01
-2.006201473871866980e+01 -1.303944396972656250e+01
-1.940111748377482215e+01 -1.412995751698811908e+01
-1.952903620402018348e+01 -1.222016906738281250e+01
-1.931873957316080848e+01 -1.206862703959147076e+01
-2.017267751693725586e+01 -1.190675036112467389e+01
-2.018893178304036340e+01 -1.180932331085205078e+01
-2.111143875122070312e+01 -1.190338738759358783e+01
-2.123807907104492188e+01 -1.220139122009277344e+01
-2.068840726216633996e+01 -1.256703154246012311e+01
-2.047393528620402137e+01 -1.232305240631103516e+01
-1.980627441406250000e+01 -1.251974519093831439e+01
-1.988103421529133996e+01 -1.024327214558919330e+01
-1.994663063685099402e+01 -1.318997510274251361e+01
-2.014415264129638672e+01 -1.172431341807047467e+01
-2.093956740697224816e+01 -1.342642815907796283e+01
-2.085384098688761512e+01 -1.257547537485758404e+01
-2.069406509399414062e+01 -1.294598611195882221e+01
-2.045527871449788293e+01 -1.185271867116292377e+01
-2.118520784378051758e+01 -1.267745653788248639e+01
-2.134263181686401367e+01 -1.272520510355631451e+01
-2.145373503367106238e+01 -1.266217835744222064e+01
-2.091111294428507605e+01 -1.205273882548014264e+01
-2.090850353240966797e+01 -1.240157254536946674e+01
-2.000279776255289832e+01 -1.227549362182617188e+01
-2.015414253870646277e+01 -1.211746088663736920e+01
-2.003441588083903113e+01 -1.150158596038818359e+01
-1.956494585673014441e+01 -1.136265850067138672e+01
-1.999330155054728309e+01 -1.245466105143229107e+01
-1.990199867884318152e+01 -1.374320316314697266e+01
-2.086654090881347656e+01 -1.097515710194905658e+01
-2.094216648737589637e+01 -1.302822176615397076e+01
-2.117026758193969727e+01 -1.264439201354980469e+01
-2.145672130584716797e+01 -1.214962641398111920e+01
-1.948596493403116980e+01 -1.213577461242675781e+01
-2.026507600148518762e+01 -1.329503695170084576e+01
-1.966525570551554480e+01 -1.244786612192789654e+01
-2.008606847127278527e+01 -1.225182533264160156e+01
-1.978589232762654504e+01 -1.425688521067301373e+01
-2.009272734324137488e+01 -1.390064493815104107e+01
-2.077426862716674805e+01 -1.399946530659993549e+01
-2.151991701126098633e+01 -1.167226982116699219e+01
-2.108036518096923828e+01 -1.198841762542724609e+01
-2.154177935918172082e+01 -1.171438535054524799e+01
-2.121511936187744141e+01 -1.196267414093017578e+01
-2.084693113962809363e+01 -1.195007991790771484e+01
-2.056225172678629676e+01 -1.123453903198242188e+01
-2.017839749654133996e+01 -1.231741619110107422e+01
-2.116171805063883582e+01 -1.307233365376790424e+01
-2.017556095123291016e+01 -1.495485941569010357e+01
-1.988062771161397180e+01 -1.366027641296386719e+01
-1.973369264602661133e+01 -1.285146236419677734e+01
-2.059628105163574219e+01 -1.190624650319417377e+01
-2.032563447952270508e+01 -1.148905340830484967e+01
-2.049303785959879676e+01 -1.179155095418294330e+01
-2.108754650751749793e+01 -1.360249773661295514e+01
-2.081488513946533203e+01 -1.215855089823404889e+01
-2.112561988830566406e+01 -1.243188603719075580e+01
-2.071133518218994141e+01 -1.190965112050374408e+01
-1.925495100021362305e+01 -1.123557472229003906e+01
-2.039511108398437500e+01 -1.275029722849527936e+01
-2.085131359100341797e+01 -1.262611198425292969e+01
-2.108335129419962684e+01 -1.158931001027425189e+01
-2.138435935974121094e+01 -1.210880406697591205e+01
-2.065677070617675781e+01 -1.110685125986734967e+01
-2.108364200592041016e+01 -1.123857084910074811e+01
-2.088608121871948242e+01 -1.175242137908935547e+01
-2.124873352050781250e+01 -1.197096157073974609e+01
-2.152408568064371863e+01 -1.211664867401123047e+01
-2.158581590652465820e+01 -1.285372161865234375e+01
-2.152563651402791223e+01 -1.150409253438313861e+01
-2.124039189020792762e+01 -1.415939203898111920e+01
-2.109974702199300012e+01 -1.186608473459879498e+01
-2.075727351506550988e+01 -1.280676110585530658e+01
-2.061394294102986535e+01 -1.346280574798583984e+01
-2.148685057957967004e+01 -1.112591361999511719e+01
-1.959794028600056848e+01 -1.096591059366861920e+01
-2.147938458124796668e+01 -1.313957945505777936e+01
-2.131407912572224816e+01 -1.091495736440022846e+01
-2.006754223505656043e+01 -1.088322512308756451e+01
-2.073001050949096680e+01 -1.177516460418701172e+01
-2.079828532536824426e+01 -1.237107404073079486e+01
-2.131843598683675012e+01 -1.238390668233235736e+01
-2.149849176406860352e+01 -1.270580673217773438e+01
-2.009207582473754883e+01 -1.179390207926432232e+01
-2.048442173004150391e+01 -1.210716311136881451e+01
-2.009139696756998816e+01 -1.239858849843343158e+01
-2.082408444086710730e+01 -1.201973025004068951e+01
-2.098722187678019324e+01 -1.118046760559082031e+01
-2.123655382792155066e+01 -1.324782180786132812e+01
-2.159132893880208215e+01 -1.161501948038736920e+01
-1.989874839782714844e+01 -1.034670639038085938e+01
-1.926876831054687500e+01 -1.398935953776041607e+01
-1.996001482009887695e+01 -1.144830036163330078e+01
-2.084418137868245324e+01 -1.144107723236083984e+01
-2.028165801366170129e+01 -1.163754940032958984e+01
-2.062905677159627160e+01 -1.345936616261800189e+01
-2.079514805475870887e+01 -1.282231616973876953e+01
-2.148455556233723840e+01 -1.203208223978678326e+01
-2.063299194971720496e+01 -1.193650817871093750e+01
-2.128782447179158410e+01 -1.227531909942626953e+01
-1.981957340240478516e+01 -1.105371348063150982e+01
-1.961134990056355676e+01 -1.234184614817301373e+01
-2.044965966542561731e+01 -1.148216915130615234e+01
-2.130864842732747277e+01 -1.309216658274332623e+01
-2.085267114639282227e+01 -1.131929620107015033e+01
-2.093328746159871301e+01 -1.235530058542887311e+01
-2.148654429117838660e+01 -1.155693149566650391e+01
-2.148069302241007605e+01 -1.165875371297200580e+01
-2.068818219502766809e+01 -1.214574019114176373e+01
-2.086281887690226355e+01 -1.145074526468912701e+01
-2.070712629954020301e+01 -1.247571627298990826e+01
-2.158040714263916016e+01 -1.250192133585611920e+01
-2.178821802139282227e+01 -1.200724919637044330e+01
-2.166645765304565430e+01 -1.150469080607096295e+01
-2.119354120890299598e+01 -1.156786441802978516e+01
-2.111162869135538855e+01 -1.132378959655761719e+01
-2.024118280410766602e+01 -1.288825162251790424e+01
-2.085411183039347449e+01 -1.201056035359700580e+01
-2.186441294352213660e+01 -1.255877971649169922e+01
-2.177357435226440430e+01 -1.266481908162434955e+01
-2.189819367726643762e+01 -1.142296663920084576e+01
-2.171318515141804895e+01 -1.171344916025797467e+01
-2.151046911875407019e+01 -1.245979722340901752e+01
-2.172746499379475793e+01 -1.133851941426595111e+01
-1.983189582824707031e+01 -1.020100720723470111e+01
-2.014505592981974402e+01 -1.250017388661702533e+01
-2.036692857742309570e+01 -1.174384880065917969e+01
-2.092604796091715613e+01 -1.105329004923502545e+01
-1.966657733917236328e+01 -1.191727097829183002e+01
-2.025002288818359375e+01 -1.173478349049886127e+01
-2.141228278477986535e+01 -1.203716500600179096e+01
-2.123927609125773230e+01 -1.219570287068684955e+01
-2.070325263341267785e+01 -1.143791007995605469e+01
-2.135611645380656043e+01 -1.138971837361653705e+01
-2.214950052897135535e+01 -1.156548563639322857e+01
-2.222495285669962684e+01 -1.269910399119059186e+01
-2.183636951446533203e+01 -1.265572230021158795e+01
-2.183316834767659387e+01 -1.285282198588053326e+01
-2.173726161321004113e+01 -1.132368850708007812e+01
-2.117366377512614051e+01 -1.255180772145589252e+01
-2.100373379389445105e+01 -1.104631710052490234e+01
-2.126766777038574219e+01 -1.133199055989583393e+01
-2.153008492787678918e+01 -1.329220962524414062e+01
-2.030925925572713098e+01 -1.372229703267415424e+01
-2.094913323720296106e+01 -1.153318564097086529e+01
-2.197228368123372277e+01 -1.173910172780354877e+01
-2.094408782323201379e+01 -1.134481143951416016e+01
-2.232567342122395715e+01 -1.227706432342529297e+01
-2.220505730311075965e+01 -1.167947800954183002e+01
-2.226272281010945520e+01 -1.203933207194010357e+01
-2.167623058954874793e+01 -1.266807715098063092e+01
-2.143024921417236328e+01 -1.157302538553873639e+01
-2.104494206110636512e+01 -1.109391085306803326e+01
-2.199137242635091027e+01 -1.182356770833333393e+01
-2.188980658849080285e+01 -1.274087270100911518e+01
-2.049529870351155481e+01 -1.235571893056233783e+01
-2.215344794591267785e+01 -1.133910497029622455e+01
-2.184839518864949426e+01 -1.394478607177734375e+01
-2.216398588816324988e+01 -1.168356323242187500e+01
-2.054595613479614258e+01 -9.739261786142984434e+00
-2.052152824401855469e+01 -1.249942557017008404e+01
-2.160745684305826941e+01 -1.127175013224283795e+01
-2.221107006072998047e+01 -1.189350732167561908e+01
-2.127374124526977539e+01 -1.209380658467610736e+01
-2.000688600540161133e+01 -1.303725274403890033e+01
-2.179083506266276160e+01 -1.113682969411214252e+01
-2.202952337265014648e+01 -1.240148735046386719e+01
-2.120539601643880090e+01 -1.206874879201253314e+01
-2.108905410766601562e+01 -1.210314146677652936e+01
-2.183875465393066406e+01 -1.278125794728597064e+01
-2.173865588506062707e+01 -1.153413613637288471e+01
-2.250950558980305871e+01 -1.100260925292968750e+01
-2.207528988520304480e+01 -1.179419040679931641e+01
-2.147222328186035156e+01 -1.128690179189046283e+01
-2.070194355646769324e+01 -1.205965423583984375e+01
-2.215466197331746301e+01 -1.122609933217366596e+01
-2.242715867360432824e+01 -1.184848499298095703e+01
-2.123745012283325195e+01 -1.245761680603027344e+01
-1.982494274775187293e+01 -1.215740044911702533e+01
-2.100302521387736121e+01 -1.158706696828206439e+01
-2.141818380355834961e+01 -1.135104084014892578e+01
-2.129982376098632812e+01 -1.196872997283935547e+01
-2.172476943333943566e+01 -1.229071935017903705e+01
-2.115617275238037109e+01 -1.126228777567545514e+01
-2.116742102305094519e+01 -1.124261411031087299e+01
-2.169863065083821496e+01 -1.150979900360107422e+01
-2.248780123392741004e+01 -1.128824933369954486e+01
-2.274537452061970910e+01 -1.106320317586263080e+01
-2.232935206095377723e+01 -1.273317686716715436e+01
-2.148346296946207801e+01 -1.220312945048014264e+01
-2.247266324361165246e+01 -1.181207815806070904e+01
-2.190652116139729699e+01 -1.051943556467691998e+01
-2.165651814142863074e+01 -1.141431681315104107e+01
-2.204440848032633582e+01 -1.294692993164062500e+01
-2.208958450953165809e+01 -1.181494808197021484e+01
-2.179989878336588660e+01 -1.372427209218343158e+01
-2.198291714986165246e+01 -1.277048842112223248e+01
-2.234530274073282996e+01 -1.217845471700032611e+01
-2.261816310882568359e+01 -1.153334712982177734e+01
-2.238611284891764441e+01 -1.155266857147216797e+01
-2.229262797037760535e+01 -1.151967302958170514e+01
-2.198303667704264441e+01 -1.209253120422363281e+01
-2.098871628443400184e+01 -1.189310264587402344e+01
-2.023622544606526574e+01 -1.145152441660563092e+01
-2.192452255884806434e+01 -1.272338422139485736e+01
-2.167834711074829102e+01 -1.010359605153401752e+01
-1.910989101727803430e+01 -1.355592981974283795e+01
-2.079408407211303711e+01 -1.171913115183512311e+01
-2.123907486597697059e+01 -1.249088096618652344e+01
-2.039082638422648230e+01 -1.261068503061930279e+01
-2.043783585230509559e+01 -1.253504816691080670e+01
-2.167879629135131836e+01 -1.150529607137044330e+01
-2.170539315541585168e+01 -1.172747802734375000e+01
-2.233634376525878906e+01 -1.169182809193929096e+01
-2.252275562286376953e+01 -1.367778714497884174e+01
-2.232921791076660156e+01 -1.238872337341308594e+01
-2.231091340382893762e+01 -1.109112389882405658e+01
-2.171602439880371094e+01 -1.177342732747395893e+01
-2.143303505579630652e+01 -1.056855169932047467e+01
-2.202126709620157996e+01 -1.192026265462239643e+01
-2.270283683141072473e+01 -1.218383153279622455e+01
-2.200505431493123254e+01 -1.157875442504882812e+01
-2.190689547856648645e+01 -1.024999745686849018e+01
-2.039427534739176551e+01 -1.028237628936767578e+01
-2.111058235168457031e+01 -1.144300365447998047e+01
-2.181004603703816613e+01 -1.128289635976155658e+01
-2.132602310180664062e+01 -1.156849098205566406e+01
-2.079526233673095703e+01 -1.211151218414306641e+01
-2.052115662892659387e+01 -1.206574344635009766e+01
-2.119351466496785363e+01 -1.304527378082275391e+01
-2.189308198293050012e+01 -1.227202733357747455e+01
-2.196640348434448242e+01 -1.200794665018717389e+01
-2.226641019185383996e+01 -1.104766114552815814e+01
-2.247490231196085730e+01 -1.190601634979248047e+01
-2.274115610122680664e+01 -1.128902339935302734e+01
-2.311637926101684570e+01 -1.267750549316406250e+01
-2.269163290659586707e+01 -1.115328756968180279e+01
-2.258315690358479699e+01 -1.129787826538085938e+01
-2.198819382985432824e+01 -1.200018564860025982e+01
-2.226281038920084754e+01 -1.086995728810628314e+01
-2.183207130432128906e+01 -1.122397232055664062e+01
-2.163708845774332801e+01 -1.044730250040690045e+01
-2.218651040395100793e+01 -1.301227251688639264e+01
-2.184689299265543738e+01 -1.293386014302571674e+01
-2.279201968510945520e+01 -1.181155109405517578e+01
-2.285010210673014441e+01 -1.165427017211914062e+01
-2.276146380106608191e+01 -1.207801055908203125e+01
-2.243069632848103723e+01 -1.317140134175618549e+01
-2.204589128494262695e+01 -1.212474822998046875e+01
-2.270687309900919715e+01 -1.141755199432373047e+01
-2.260500399271647254e+01 -1.317737579345703125e+01
-2.298226133982340613e+01 -1.190836238861083984e+01
-2.298459990819295129e+01 -1.208447392781575580e+01
-2.197039699554443359e+01 -1.131696001688639264e+01
-2.257598686218261719e+01 -1.110545794169108014e+01
-2.296707185109456262e+01 -1.173737112681070904e+01
-2.164957300821940223e+01 -1.144688733418782611e+01
-2.156634060541788855e+01 -1.160687605539957623e+01
-2.216071335474650184e+01 -1.237421735127766986e+01
-2.262125555674235144e+01 -1.241535345713297467e+01
-2.266683991750081262e+01 -1.195433298746744732e+01
-2.245294682184855262e+01 -1.011852804819742779e+01
-2.172890551884968957e+01 -1.132349586486816406e+01
-2.209629281361897668e+01 -1.175799687703450580e+01
-2.147589206695556641e+01 -1.141536521911621094e+01
-2.225134658813476562e+01 -1.199613380432128906e+01
-2.270298449198405066e+01 -1.193709182739257812e+01
-2.283742507298787316e+01 -1.107641029357910156e+01
-2.210698143641154090e+01 -1.160823949178059955e+01
-2.049611536661783973e+01 -1.221498203277587891e+01
-2.131250699361165246e+01 -1.318298721313476562e+01
-2.224664386113484582e+01 -1.211674849192301373e+01
-2.311782646179199219e+01 -1.098163604736328125e+01
-2.276018317540486535e+01 -1.231972408294677734e+01
-2.184475151697794715e+01 -1.242165120442708393e+01
-2.172388982772827148e+01 -1.215584564208984375e+01
-2.266155831019083777e+01 -1.211406262715657611e+01
-2.276366424560546875e+01 -1.222664324442545514e+01
-2.302045790354410926e+01 -1.184987290700276752e+01
-2.249530887603759766e+01 -1.129042434692382812e+01
-2.152233282725016394e+01 -1.219342645009358783e+01
-2.225821733474731445e+01 -1.052942180633544922e+01
-2.242949819564819336e+01 -1.195599047342936139e+01
-2.241930135091145715e+01 -1.158365694681803326e+01
-2.306637938817342004e+01 -1.154351997375488281e+01
-2.324788316090901574e+01 -1.146130752563476562e+01
-2.322226905822753906e+01 -1.261396789550781250e+01
-2.267145903905232629e+01 -1.200360171000162701e+01
-2.305607763926188269e+01 -1.113551012674967389e+01
-2.246889432271321496e+01 -1.185403474171956439e+01
-2.305068190892537316e+01 -1.161563364664713482e+01
-2.318672736485799035e+01 -1.141551399230957031e+01
-2.240394719441731652e+01 -1.263025061289469342e+01
-2.308450905481974402e+01 -1.199020417531331439e+01
-2.343519290288289270e+01 -1.145209693908691406e+01
-2.288068151473999023e+01 -1.138642692565917969e+01
-2.195218642552693566e+01 -1.098629840215047260e+01
-2.112337287267049035e+01 -1.193953196207682232e+01
-2.179998747507731238e+01 -1.150074927012125592e+01
-2.291881306966145715e+01 -1.233498668670654297e+01
-2.269357077280680457e+01 -1.307462151845296283e+01
-2.241260639826456824e+01 -1.249146906534830670e+01
-2.198126093546549598e+01 -1.180667432149251361e+01
-2.228642241160074988e+01 -1.064242553710937500e+01
-2.136908070246378699e+01 -1.145395596822102924e+01
-2.157335821787516394e+01 -1.145493888854980469e+01
-2.230605681737263879e+01 -1.184267997741699219e+01
-2.168660354614257812e+01 -1.129447078704833984e+01
-2.142357778549194336e+01 -1.133561515808105469e+01
-2.218451166152954102e+01 -1.134347534179687500e+01
-2.183951187133789062e+01 -1.259914970397949219e+01
-2.273385874430338660e+01 -1.228399149576822857e+01
-2.281388537089030066e+01 -1.221326351165771484e+01
-2.269500001271565637e+01 -1.206989701588948627e+01
-2.285215822855631629e+01 -1.183239173889160156e+01
-2.188969453175862512e+01 -1.258551152547200580e+01
-2.168815247217814246e+01 -1.222274684906005859e+01
-2.267170397440592566e+01 -1.135970942179361920e+01
-2.260399993260701379e+01 -1.179639752705891986e+01
-2.326359351476033410e+01 -1.137146504720052143e+01
-2.366637452443440637e+01 -1.162394873301188092e+01
-2.330809211730957031e+01 -1.080222161610921283e+01
-2.148636213938395301e+01 -1.059568436940511127e+01
-2.177721643447875977e+01 -1.118987162907918353e+01
-2.127417389551798621e+01 -1.022247918446858783e+01
-2.002312135696411133e+01 -9.969158808390298887e+00
-2.051312843958536902e+01 -1.284344895680745502e+01
-2.082495276133219519e+01 -1.261759757995605469e+01
-2.131976890563964844e+01 -1.359454822540283203e+01
-2.196657450993855676e+01 -1.197159798940022846e+01
-2.228451236089070520e+01 -1.229898484547933002e+01
-2.216495021184285363e+01 -1.205906931559244732e+01
-2.179633935292561731e+01 -1.172457631429036518e+01
-2.284500614802042762e+01 -1.230605475107828717e+01
-2.372226683298746863e+01 -1.109257030487060547e+01
-2.371023718516032019e+01 -1.106569735209147076e+01
-2.375073607762654504e+01 -1.151936721801757812e+01
-2.264656543731689453e+01 -1.234539095560709576e+01
-2.287201595306396484e+01 -1.180768458048502545e+01
-2.404967435201008996e+01 -1.317742347717285156e+01
-2.269092750549316406e+01 -1.164784113566080670e+01
-2.374274889628092566e+01 -1.059290726979573627e+01
-2.310137112935383996e+01 -1.130070050557454486e+01
-2.165251715977986535e+01 -1.212988662719726562e+01
-2.205803235371907434e+01 -1.228714370727539062e+01
-2.354965702692667762e+01 -1.033434263865152936e+01
-2.246701812744140625e+01 -1.068774906794230084e+01
-2.144150161743164062e+01 -1.111439355214436908e+01
-2.170638322830200195e+01 -1.264361349741617779e+01
-2.278758414586384973e+01 -1.221840031941731830e+01
-2.320672210057576379e+01 -1.081859143575032611e+01
-2.306445248921712121e+01 -1.139065583546956439e+01
-2.322888278961181641e+01 -1.128104019165039062e+01
-2.325025653839111328e+01 -1.149471505482991596e+01
-2.350986051559448242e+01 -1.104316647847493549e+01
-2.273192087809244910e+01 -9.363979975382486387e+00
-2.167995611826578894e+01 -1.129364204406738281e+01
-2.221742296218872070e+01 -1.136146227518717389e+01
-2.212817239761352539e+01 -1.193580563863118549e+01
-2.214270432790120324e+01 -1.263545258839925189e+01
-2.186795695622761926e+01 -1.261283047993977924e+01
-2.151933892567952356e+01 -1.184538586934407611e+01
-2.237615633010864258e+01 -1.153447723388671875e+01
-2.368359978993733606e+01 -1.253151098887125592e+01
-2.332610114415486535e+01 -1.102915668487548828e+01
-2.251102463404337684e+01 -1.128430398305257221e+01
-2.314458036422729492e+01 -9.553891181945800781e+00
-2.201657215754191199e+01 -1.132529322306315045e+01
-2.338325802485148230e+01 -1.113508478800455670e+01
-2.331451702117919922e+01 -1.140146605173746686e+01
-2.304848464330037316e+01 -1.175653584798177143e+01
-2.311680364608764648e+01 -1.139863459269205670e+01
-2.391197045644124231e+01 -1.073978710174560547e+01
-2.406659539540608606e+01 -1.149562072753906250e+01
-2.433933591842651367e+01 -1.226291433970133404e+01
-2.391888443628947059e+01 -1.171703370412190814e+01
-2.193333228429158410e+01 -1.127926317850748639e+01
-2.308074665069580078e+01 -1.102031326293945312e+01
-2.251417970657348633e+01 -1.199467023213704486e+01
-2.311726045608520508e+01 -1.112925370534261127e+01
-2.374834823608398438e+01 -1.140263398488362689e+01
-2.241679970423380652e+01 -1.090014139811197857e+01
-2.313419866561889648e+01 -1.157658163706461529e+01
-2.348821242650349816e+01 -1.091153685251871686e+01
-2.377635478973388672e+01 -1.112714513142903705e+01
-2.295394690831502160e+01 -1.202930641174316406e+01
-2.275456651051839074e+01 -1.089385668436686139e+01
-2.342182588577270508e+01 -1.097795232137044330e+01
-2.368936427434285363e+01 -1.092285219828287701e+01
-2.364120944341023645e+01 -1.094740072886149029e+01
-2.334177303314208984e+01 -1.172374216715494732e+01
-2.276356426874796668e+01 -1.084764289855957031e+01
-2.166706371307373047e+01 -1.147091197967529297e+01
-2.088876422246297082e+01 -1.190955956776936908e+01
-2.332136376698811731e+01 -1.116025479634602924e+01
-2.336343924204508582e+01 -1.164316749572753906e+01
-2.315332730611165246e+01 -1.069656213124593158e+01
-2.152621428171793738e+01 -1.097891712188720703e+01
-2.135271994272867957e+01 -1.080057875315348248e+01
-2.178583558400471887e+01 -1.191150315602620502e+01
-2.313379875818888465e+01 -1.151154677073160748e+01
-2.368660577138264856e+01 -1.174336814880371094e+01
-2.164275789260864258e+01 -1.101775074005126953e+01
-2.254870812098185340e+01 -1.140286795298258404e+01
-2.371237866083781043e+01 -1.207456556955973248e+01
-2.397817262013753137e+01 -1.056994120279947857e+01
-2.356006161371866980e+01 -1.086381244659423828e+01
-2.132744407653808594e+01 -1.172132746378580670e+01
-2.249519046147664270e+01 -1.071178436279296875e+01
-2.261144447326660156e+01 -1.139551830291748047e+01
-2.285108629862467566e+01 -1.139667097727457623e+01
-2.254933277765909949e+01 -1.254658349355061908e+01
-2.324612474441528320e+01 -1.156550439198811908e+01
-2.382760159174601355e+01 -1.124415842692057232e+01
-2.280944458643595496e+01 -1.134112993876139264e+01
-2.308204571406046668e+01 -1.099681123097737689e+01
-2.352614879608154297e+01 -1.194685395558675189e+01
-2.284256505966186523e+01 -1.173289871215820312e+01
-2.395509497324625769e+01 -1.137512524922688861e+01
-2.416896502176920691e+01 -1.247127532958984375e+01
-2.377377303441365441e+01 -1.104055054982503314e+01
-2.237297089894612512e+01 -1.163697814941406250e+01
-2.318353954950968543e+01 -1.130168565114339252e+01
-2.378529739379882812e+01 -1.146516482035318951e+01
-2.294458913803100586e+01 -1.171336174011230469e+01
-2.370502678553263465e+01 -1.274225425720214844e+01
-2.395456457138061523e+01 -1.140801970163981061e+01
-2.336641073226928711e+01 -1.159921360015869141e+01
-2.285971037546793738e+01 -1.133854770660400391e+01
-2.330727529525756836e+01 -1.217397212982177734e+01
-2.370069424311320105e+01 -1.173156420389811139e+01
-2.320678027470906457e+01 -1.240287748972574811e+01
-2.439549525578816613e+01 -1.152670892079671283e+01
-2.411804533004760742e+01 -1.047499624888102154e+01
-2.307125282287597656e+01 -1.165486844380696674e+01
-2.299382448196411133e+01 -1.156562646230061908e+01
-2.335466527938842773e+01 -1.047181797027587891e+01
-2.198713699976603309e+01 -1.124114004770914654e+01
-2.284375174840291223e+01 -1.154633680979410748e+01
-2.303471644719441613e+01 -1.166129461924234967e+01
-2.331082185109456262e+01 -1.156440671284993549e+01
-2.382595094045003137e+01 -1.204474989573160748e+01
-2.335249344507853309e+01 -1.161409536997477154e+01
-2.281971565882365027e+01 -1.149868456522623639e+01
-2.143693478902180871e+01 -1.216650422414143939e+01
-2.148014783859252930e+01 -1.149144109090169330e+01
-2.289064645767211914e+01 -1.112053298950195312e+01
-2.298081143697102746e+01 -1.072854741414388080e+01
-2.250728638966878137e+01 -1.078931554158528705e+01
-2.322879282633463660e+01 -1.165537166595458984e+01
-2.360538371404011926e+01 -1.149696000417073627e+01
-2.315368541081746301e+01 -1.161369514465332031e+01
-2.392875369389851770e+01 -1.071028010050455670e+01
-2.384382661183675012e+01 -1.217878627777099609e+01
-2.246522124608357629e+01 -1.230661837259928326e+01
-2.280276521046956262e+01 -1.177891572316487689e+01
-2.221686697006225586e+01 -1.191037146250406842e+01
-2.234162839253743371e+01 -1.193561077117919922e+01
-2.222319873174031457e+01 -1.172697575887044330e+01
-2.365297524134318152e+01 -1.209342066446940045e+01
-2.326249186197916785e+01 -1.105288632710774799e+01
-2.378377103805541992e+01 -1.077327473958333393e+01
-2.323518085479736328e+01 -1.204228846232096295e+01
-2.373475535710652551e+01 -1.120375188191731830e+01
-2.325068394343058387e+01 -1.039695421854654889e+01
-2.072875467936198035e+01 -1.083902454376220703e+01
-2.338066752751668176e+01 -1.139704386393229107e+01
-2.400524997711181641e+01 -1.082209904988606830e+01
-2.358756780624389648e+01 -1.196709251403808594e+01
-2.269298156102498254e+01 -1.271891339619954486e+01
-2.437191915512084961e+01 -1.175889714558919330e+01
-2.282036240895589074e+01 -1.018660004933675189e+01
-2.068488693237304688e+01 -1.133567333221435547e+01
-2.084116252263386926e+01 -1.204993216196695904e+01
-2.324363565444946289e+01 -1.135201136271158795e+01
-2.406523497899373254e+01 -1.390330950419108014e+01
-2.301749102274576941e+01 -1.200659497578938861e+01
-2.405062611897786340e+01 -1.164524936676025391e+01
-2.398171885808308801e+01 -1.042487033208211322e+01
-2.259788386027018348e+01 -1.368907928466796875e+01
-2.234376478195190430e+01 -1.260264237721761127e+01
-2.342234436670939246e+01 -1.062120564778645893e+01
-2.401020081837971887e+01 -1.155835056304931641e+01
-2.443587557474772254e+01 -1.163434569040934186e+01
-2.419374831517537316e+01 -1.138327280680338482e+01
-2.368225987752278527e+01 -1.084240690867106061e+01
-2.365969022115071496e+01 -1.053086344401041607e+01
-2.373464043935139856e+01 -1.101109409332275391e+01
-2.407933330535888672e+01 -1.110488637288411518e+01
-2.385159413019816199e+01 -1.097421582539876361e+01
-2.419244766235351562e+01 -1.068581644694010357e+01
-2.438369019826253137e+01 -1.144534810384114643e+01
-2.387191263834635535e+01 -1.048288981119791607e+01
-2.363610712687174598e+01 -1.225103123982747455e+01
-2.421339607238769531e+01 -1.102333482106526752e+01
-2.376159636179606238e+01 -1.138314374287923236e+01
-2.379114341735839844e+01 -1.132708072662353516e+01
-2.387335634231567383e+01 -1.137026087443033795e+01
-2.433300129572550574e+01 -1.062595272064208984e+01
-2.392147270838419715e+01 -1.068554337819417377e+01
-2.366139300664265832e+01 -1.142967796325683594e+01
-2.436909357706705848e+01 -1.173566118876139264e+01
-2.434916718800862512e+01 -1.135717550913492779e+01
-2.430228042602539062e+01 -1.077832539876302143e+01
-2.182446273167927941e+01 -1.141035906473795514e+01
-2.351874891916910926e+01 -1.158918889363606830e+01
-2.336510833104451379e+01 -1.142554632822672467e+01
-2.413442468643188477e+01 -1.170286623636881451e+01
-2.386437622706095496e+01 -1.015874703725179096e+01
-2.454056835174560547e+01 -1.084237448374430279e+01
-2.407848993937174598e+01 -1.142301146189371686e+01
-2.401660903294881066e+01 -1.103048960367838482e+01
-2.409466234842936316e+01 -1.067498111724853516e+01
-2.354579051335652551e+01 -1.122695922851562500e+01
-2.371159060796101770e+01 -1.045604705810546875e+01
-2.367689355214436731e+01 -1.103909206390380859e+01
-2.389030345280965051e+01 -1.086203066507975201e+01
-2.425467109680175781e+01 -1.159314886728922467e+01
-2.463687610626220703e+01 -1.073220380147298236e+01
-2.404355764389038086e+01 -1.046586863199869732e+01
-2.445896577835083008e+01 -1.151015631357828717e+01
-2.429370021820068359e+01 -1.048733711242675781e+01
-2.404307524363199988e+01 -1.226850509643554688e+01
-2.352045154571533203e+01 -1.001637268066406250e+01
-2.168576272328694543e+01 -1.087447706858316998e+01
-2.252613226572672644e+01 -1.131318219502766986e+01
-2.348297977447509766e+01 -1.234353160858154297e+01
-2.332032171885172644e+01 -1.155555661519368549e+01
-2.353369394938151160e+01 -1.132723935445149799e+01
-2.376097202301025391e+01 -1.126071103413899799e+01
-2.444114176432291785e+01 -1.150152079264322857e+01
-2.500949192047119141e+01 -1.110475317637125592e+01
-2.402546501159667969e+01 -1.067854277292887311e+01
-2.386427338918050012e+01 -1.070161501566568951e+01
-2.479190587997436523e+01 -1.031539471944173236e+01
-2.444405444463093957e+01 -1.087856292724609375e+01
-2.304298957188924035e+01 -1.127283064524332623e+01
-2.429708401362101355e+01 -1.057582569122314453e+01
-2.520326948165893555e+01 -1.076262187957763672e+01
-2.430628728866577148e+01 -1.063406403859456439e+01
-2.226112445195515832e+01 -1.013402557373046875e+01
-2.253856388727824012e+01 -1.048931248982747455e+01
-2.345082441965739051e+01 -1.088519605000813861e+01
-2.436375506718953332e+01 -9.944157918294271425e+00
-2.336398537953694543e+01 -9.974282900492349668e+00
-2.166953245798746863e+01 -1.037387816111246686e+01
-2.366152032216389856e+01 -1.106502183278401752e+01
-2.421250708897908410e+01 -1.115021069844563861e+01
-2.486288881301879883e+01 -1.110519536336263080e+01
-2.493393198649088660e+01 -1.062325382232666016e+01
