# Train Val
-7.641575870414574645e+00 -1.100727007939265256e+01
-1.118329745034376721e+01 -1.105601550371218877e+01
-1.122484968105951886e+01 -1.125438489669408604e+01
-1.126721926530202289e+01 -1.127454911745511623e+01
-1.126101947824160199e+01 -1.124331960922632412e+01
-1.126706731816132923e+01 -1.118354217822735208e+01
-1.129002342621485333e+01 -1.132211455320700644e+01
-1.131041579941908459e+01 -1.126522196256197361e+01
-1.133479950328668018e+01 -1.134745739667843623e+01
-1.137689617276191711e+01 -1.139805109072954181e+01
-1.138279599944750409e+01 -1.145707328502948386e+01
-1.147697755694389343e+01 -1.158011250618176646e+01
-1.160508053998152356e+01 -1.174267230889735991e+01
-1.170487926900386810e+01 -1.146492175566844374e+01
-1.179035536944866180e+01 -1.204955736796061139e+01
-1.189770306646823883e+01 -1.200792755224765962e+01
-1.196734997630119324e+01 -1.201653566115941807e+01
-1.207535796860853772e+01 -1.189573503151918032e+01
-1.209721637268861194e+01 -1.193610000610351562e+01
-1.217097691198190113e+01 -1.187841349381666944e+01
-1.226588709652423859e+01 -1.237333510472224241e+01
-1.224780159691969494e+01 -1.236926012772780226e+01
-1.235732277234395404e+01 -1.244001735785068696e+01
-1.248174738883972168e+01 -1.215781292548546411e+01
-1.248692788183689117e+01 -1.258349223014635854e+01
-1.258957160015900989e+01 -1.258347870753361697e+01
-1.252268836895624737e+01 -1.177327896998478884e+01
-1.265494359036286731e+01 -1.259867413838704486e+01
-1.274230695764223675e+01 -1.269523645058656314e+01
-1.278980860610803028e+01 -1.282522111061291881e+01
-1.276385765274365802e+01 -1.284648049183380891e+01
-1.282510732114315033e+01 -1.291691775199694447e+01
-1.271884487072626690e+01 -1.280577970162416079e+01
-1.282969066500663757e+01 -1.279881051870492747e+01
-1.294282120962937732e+01 -1.279693217155260854e+01
-1.295860307415326496e+01 -1.292559119982597160e+01
-1.294480193157990833e+01 -1.286000743279090308e+01
-1.303997976084550281e+01 -1.302250358385917473e+01
-1.303006159265836139e+01 -1.279527495457575803e+01
-1.302829293906688690e+01 -1.243035937578250127e+01
-1.307045182585716248e+01 -1.316143561632205206e+01
-1.318426146606604199e+01 -1.315679545280260854e+01
-1.318063213427861591e+01 -1.313476701883169362e+01
-1.325395266711711884e+01 -1.284224162957607085e+01
-1.324393019080162048e+01 -1.306766884143535989e+01
-1.324422784646352191e+01 -1.337422850193121526e+01
-1.335379017889499664e+01 -1.321646719712477491e+01
-1.336460417509078979e+01 -1.350500921102670482e+01
-1.327378772695859332e+01 -1.315301892696282771e+01
-1.337502716978391071e+01 -1.324008569961939052e+01
-1.348499168952306171e+01 -1.316678409087352186e+01
-1.349789677063624005e+01 -1.341560199933174324e+01
-1.350340625643730164e+01 -1.331532554137401014e+01
-1.347896816829840283e+01 -1.352410270006228643e+01
-1.336387942234675030e+01 -1.349688515296349145e+01
-1.341678005456924438e+01 -1.335731812012501329e+01
-1.372415667275587658e+01 -1.367967033386230469e+01
-1.356265855332215686e+01 -1.349032013232891458e+01
-1.368779341876506805e+01 -1.320028001834184650e+01
-1.368618791798750500e+01 -1.371973350720527840e+01
-1.377661323050657849e+01 -1.340791878333458520e+01
-1.365967944264411926e+01 -1.320452443147316934e+01
-1.371978798011938672e+01 -1.311249554462921907e+01
-1.388608141740163227e+01 -1.380576542096260262e+01
-1.368807579080263714e+01 -1.380603592212383646e+01
-1.368879837791124920e+01 -1.216962401072184186e+01
-1.391585726539293866e+01 -1.392542330423990826e+01
-1.390734725197156330e+01 -1.408722134125538439e+01
-1.384849862754344940e+01 -1.309319921640249440e+01
-1.401440123220284839e+01 -1.407525255741217229e+01
-1.413048158586025238e+01 -1.335328867496588323e+01
-1.389496974150339703e+01 -1.404607582092285156e+01
-1.415141968429088593e+01 -1.406119923713879771e+01
-1.418199778099854846e+01 -1.413737282386192895e+01
-1.412982316315174103e+01 -1.311501683944310948e+01
-1.408473599950472455e+01 -1.377150887709397509e+01
-1.417761577169100384e+01 -1.356752356504782675e+01
-1.411640831828117371e+01 -1.355134937090751457e+01
-1.421097034712632556e+01 -1.417684124677609248e+01
-1.428334992627302746e+01 -1.421212206131372646e+01
-1.417775365213553052e+01 -1.430539417266845703e+01
-1.433952051897843738e+01 -1.360708835797432137e+01
-1.440576154490312000e+01 -1.435463897998516458e+01
-1.438979747891426086e+01 -1.441366635836087795e+01
-1.438079140583674054e+01 -1.420473683186066438e+01
-1.439187144736448865e+01 -1.395026818299904825e+01
-1.440916560093561749e+01 -1.445569889362041849e+01
-1.435445539653301239e+01 -1.431646892351981926e+01
-1.454848339160283466e+01 -1.375324711432823754e+01
-1.441388457516829114e+01 -1.282806799961970334e+01
-1.463666902482509613e+01 -1.451401549119215773e+01
-1.453976844747861286e+01 -1.445234313377967261e+01
-1.459692908823490143e+01 -1.381744401882856366e+01
-1.441890433430671692e+01 -1.422382692190316966e+01
-1.461701960364977460e+01 -1.383063311454577260e+01
-1.453033595780531506e+01 -1.421810079232240298e+01
-1.471070659657319446e+01 -1.411587614890856557e+01
-1.457186511655648609e+01 -1.457879914992894932e+01
-1.466721327106157879e+01 -1.430340876946082496e+01
-1.464655939737955670e+01 -1.392110232817820936e+01
-1.464891903599103351e+01 -1.466852547572209353e+01
-1.479109460115432739e+01 -1.431487626295823290e+01
-1.461777269343535046e+01 -1.421736345535669521e+01
-1.483467084169387817e+01 -1.372455975948235896e+01
-1.457987143099308014e+01 -1.412688120817526816e+01
-1.471519348522027393e+01 -1.460435950450408171e+01
-1.470822395881017108e+01 -1.474768281594300845e+01
-1.484009486436843872e+01 -1.410005112183399767e+01
-1.470674593249956708e+01 -1.460238434718205447e+01
-1.481401878098646741e+01 -1.450172690856151014e+01
-1.484399675826231579e+01 -1.447128383929912943e+01
-1.472738268971443176e+01 -1.457897357451609999e+01
-1.481886234879493713e+01 -1.454283076066237257e+01
-1.470740420619646649e+01 -1.429782192523662943e+01
-1.475936434666315655e+01 -1.489638888530242156e+01
-1.493793210883935352e+01 -1.483403394161126521e+01
-1.495864445964495282e+01 -1.482114584018022541e+01
-1.476936018466949463e+01 -1.395278280209272381e+01
-1.498148115972677807e+01 -1.479402940701215741e+01
-1.495594411094983478e+01 -1.452048228337214475e+01
-1.489962953329086304e+01 -1.479514461908584977e+01
-1.487339549263318439e+01 -1.490448511563814549e+01
-1.482417825361092945e+01 -1.488665177271916384e+01
-1.508152223626772503e+01 -1.481275387299366564e+01
-1.486716011166572571e+01 -1.489756909394875528e+01
-1.496142707765102386e+01 -1.428178471785325243e+01
-1.503129394352436066e+01 -1.482659413264348025e+01
-1.479463574786981006e+01 -1.494420525966546442e+01
-1.506250402828057666e+01 -1.482846463032257844e+01
-1.500966976583003998e+01 -1.491314195975279233e+01
-1.490573020776112934e+01 -1.464291746188432697e+01
-1.507024009029070477e+01 -1.450570862109844583e+01
-1.496168991426626782e+01 -1.460261210417136191e+01
-1.518686806658903699e+01 -1.473386194767096136e+01
-1.511180786291758160e+01 -1.504036380083132940e+01
-1.502939732869466205e+01 -1.495454445863381387e+01
-1.497247784833113293e+01 -1.468314618330735399e+01
-1.510253615180651288e+01 -1.459065936161921506e+01
-1.515226932863394360e+01 -1.503501914097712522e+01
-1.500164194901784320e+01 -1.479579969552847096e+01
-1.518925318618615528e+01 -1.484693172650459481e+01
-1.495960254967212677e+01 -1.485374854161189084e+01
-1.509110558529694934e+01 -1.500683977665045354e+01
-1.510604706406593323e+01 -1.436541170951647572e+01
-1.505164020260175128e+01 -1.513144730298947138e+01
-1.505695056915283203e+01 -1.501657109382825084e+01
-1.524589716891447644e+01 -1.447719251192533108e+01
-1.503423806031545062e+01 -1.492527103424072266e+01
-1.512964399655660053e+01 -1.492720562372452164e+01
-1.514296015103658100e+01 -1.483023100632887648e+01
-1.521411318580309491e+01 -1.459076837392953685e+01
-1.497046024103959461e+01 -1.485245144672882844e+01
-1.522354078292846680e+01 -1.494623925135685916e+01
-1.520084462066491504e+01 -1.466817894960061075e+01
-1.526471615334351917e+01 -1.434285330161070249e+01
-1.489766427377859692e+01 -1.515674622853597064e+01
-1.531579692165056805e+01 -1.471508292662791639e+01
-1.525753300388654132e+01 -1.489877639672694976e+01
-1.531467132270336151e+01 -1.499704960065010262e+01
-1.536780711511770825e+01 -1.478888824658516121e+01
-1.536772697170575519e+01 -1.507877865815773966e+01
-1.528429550925890545e+01 -1.475117685855963323e+01
-1.501413961251576801e+01 -1.378108997834034533e+01
-1.533198499679565430e+01 -1.431405744797144131e+01
-1.536790773769219776e+01 -1.523628816849146084e+01
-1.529356908798217773e+01 -1.493003258338341332e+01
-1.528631744782129864e+01 -1.486531206277700612e+01
-1.538527233898639679e+01 -1.503361540574293898e+01
-1.522019788126150708e+01 -1.487161658360407834e+01
-1.515325467785199542e+01 -1.505168907458965677e+01
-1.540809002021948437e+01 -1.310314643077361296e+01
-1.520351231594880481e+01 -1.533167281517615699e+01
-1.547773567338784595e+01 -1.507368048643454550e+01
-1.525189962983131409e+01 -1.413715223165658763e+01
-1.533689355353514294e+01 -1.517938944009634206e+01
-1.544172471264998059e+01 -1.452582853268354413e+01
-1.548431145151456256e+01 -1.438592360569880491e+01
-1.542225221296151538e+01 -1.527652021554800221e+01
-1.532592689494291882e+01 -1.467709516867613218e+01
-1.533563462396462818e+01 -1.513219092442439084e+01
-1.527151779333750348e+01 -1.531764715145795819e+01
-1.548799695571263690e+01 -1.493458532675718686e+01
-1.538656326134999652e+01 -1.424827925364176373e+01
-1.551130955417951007e+01 -1.490178012847900391e+01
-1.534869854648908039e+01 -1.514334690876496126e+01
-1.551665918529033661e+01 -1.493022495661026383e+01
-1.535806574424107929e+01 -1.467746277344532579e+01
-1.544000475108623505e+01 -1.456504606589292905e+01
-1.549058742821216583e+01 -1.484022519527337458e+01
-1.553782569865385632e+01 -1.448897554935553167e+01
-1.552341646452744861e+01 -1.505221261733617588e+01
-1.546949358284473419e+01 -1.513147048461131483e+01
-1.553995211919148822e+01 -1.496093265826885599e+01
-1.530521924793720245e+01 -1.481374527857853884e+01
-1.539309990902741809e+01 -1.475265143467829709e+01
-1.535093764464060406e+01 -1.528521970602182201e+01
-1.551612327992916107e+01 -1.517794692210662078e+01
-1.544478548069795032e+01 -1.429277270879500961e+01
-1.564737363159656525e+01 -1.512471961975097656e+01
-1.565929987033208270e+01 -1.513530359512720302e+01
-1.563633150855700116e+01 -1.469839113186567303e+01
-1.553507971763610840e+01 -1.467137842911940382e+01
-1.562455217043558697e+01 -1.478052109938401415e+01
-1.559853323797384839e+01 -1.484978531568478388e+01
-1.570333617428938489e+01 -1.489960252321683498e+01
-1.561651754379272461e+01 -1.499038982391357422e+01
-1.534412646293640137e+01 -1.532465878511086466e+01
-1.537305275599161725e+01 -1.487019154964349177e+01
-1.563292953372001648e+01 -1.522490623669746590e+01
-1.556420443455378155e+01 -1.393824804746187596e+01
-1.568059575557708740e+01 -1.446720074384640498e+01
-1.562798540294170380e+01 -1.539947402171599578e+01
-1.570742458105087280e+01 -1.526963823269575116e+01
-1.566723738114039044e+01 -1.532300927088810916e+01
-1.565622331202030182e+01 -1.487786390842535589e+01
-1.565170534948507886e+01 -1.524136778024526784e+01
-1.575483170648415943e+01 -1.500141884730412478e+01
-1.556532378991444965e+01 -1.494489029126289559e+01
-1.546243950724601746e+01 -1.534914119427020651e+01
-1.564974587162335773e+01 -1.521165170425023838e+01
-1.558630471428235431e+01 -1.433773759695199779e+01
-1.568240143358707428e+01 -1.524588949252397541e+01
-1.575370190540949444e+01 -1.528600323505890657e+01
-1.573650489250818829e+01 -1.498406092325846295e+01
-1.581369089086850543e+01 -1.488741500561053854e+01
-1.585251228014628033e+01 -1.488249054933205606e+01
-1.578115292886892895e+01 -1.521833297533866691e+01
-1.571300919353961945e+01 -1.339789160704001425e+01
-1.549497306843598743e+01 -1.497958374023437500e+01
-1.568580387036005597e+01 -1.538420097644512552e+01
-1.588408088187376599e+01 -1.531987234262319753e+01
-1.577164776126543622e+01 -1.531383531521528241e+01
-1.587215165297190289e+01 -1.491995855478140065e+01
-1.554260934392611126e+01 -1.505588577955197138e+01
-1.585576438407103161e+01 -1.525717429625682264e+01
-1.568395285308361053e+01 -1.459109790508563620e+01
-1.577157636980215649e+01 -1.499943840809357454e+01
-1.587268570065498352e+01 -1.518666123121212763e+01
-1.571810501317183117e+01 -1.446201370923947138e+01
-1.572809628148873706e+01 -1.528341953571026224e+01
-1.587106253206729889e+01 -1.509925318986941534e+01
-1.574374584853649139e+01 -1.466313860966609006e+01
-1.584726561109224896e+01 -1.500336999159592821e+01
-1.585597068568070789e+01 -1.496092277918106461e+01
-1.582619822522004505e+01 -1.517542658096704677e+01
-1.604046512146790704e+01 -1.519655807201678854e+01
-1.581832583248615265e+01 -1.533778735918876457e+01
-1.579126350084940533e+01 -1.524298235086294362e+01
-1.598073914647102356e+01 -1.512921171921950148e+01
-1.574005798002084155e+01 -1.531690186720627977e+01
-1.580066255231698413e+01 -1.453487435365334512e+01
-1.586341086030006409e+01 -1.517207194597293096e+01
-1.583019777635733227e+01 -1.534128220876058002e+01
-1.587570618589719196e+01 -1.539422267522567367e+01
-1.600173899034659186e+01 -1.516041574722681240e+01
-1.567249983052412610e+01 -1.520385236006516649e+01
-1.583618874847888947e+01 -1.503193031213222319e+01
-1.591697909931341748e+01 -1.392887193728715900e+01
-1.588093155125776867e+01 -1.531526538653251457e+01
-1.570934151609738727e+01 -1.414819697844676405e+01
-1.604255812863508979e+01 -1.504823921888302607e+01
-1.595923773944377899e+01 -1.413124160277537733e+01
-1.598268333077430725e+01 -1.418646088624611856e+01
-1.579670561353365521e+01 -1.530904065645658108e+01
-1.591834221780300140e+01 -1.499728427789150054e+01
-1.582761131227016449e+01 -1.504936939630752946e+01
-1.598351201415061951e+01 -1.473766219310271453e+01
-1.589802288015683551e+01 -1.486011255704439549e+01
-1.604467798272768775e+01 -1.466538192064334112e+01
-1.584855834146340747e+01 -1.509159027001796538e+01
-1.598839978873729706e+01 -1.477633459140092853e+01
-1.605034231642882148e+01 -1.479824369381635663e+01
-1.605134176214535913e+01 -1.387583035689133837e+01
-1.588641686737537384e+01 -1.411106794308393475e+01
-1.610550084213415900e+01 -1.499830737480750464e+01
-1.586091120044390301e+01 -1.506044783959021949e+01
-1.596859906613826752e+01 -1.433873477348914527e+01
-1.607775241633256158e+01 -1.522485659672663694e+01
-1.588321864604949951e+01 -1.509724582769931978e+01
-1.582473564644654651e+01 -1.370765177408854107e+01
-1.597185861070950885e+01 -1.509955076070932201e+01
-1.606918045878410339e+01 -1.537341763423039431e+01
-1.586045917371908764e+01 -1.534700090457231525e+01
-1.618903485933939734e+01 -1.553662043351393507e+01
-1.605323835213978967e+01 -1.433289618369860463e+01
-1.589667399227619171e+01 -1.489845733153514296e+01
-1.613791342576344690e+01 -1.471204525385147477e+01
-1.578056923051675220e+01 -1.531486139542017177e+01
-1.613087211052576819e+01 -1.510083602024958616e+01
-1.604628915091355523e+01 -1.508505175663874631e+01
-1.611523587505022803e+01 -1.483716935377854540e+01
-1.619521073500315467e+01 -1.539077083881084818e+01
-1.619270908832550049e+01 -1.364950683789375496e+01
-1.610505401094754419e+01 -1.543036294594789126e+01
-1.626652189592520514e+01 -1.522288897098639104e+01
-1.599757867554823498e+01 -1.503340774927383805e+01
-1.614717741310596466e+01 -1.520211085295065878e+01
-1.623127481838067254e+01 -1.521576059781587986e+01
-1.605363136033217231e+01 -1.520256035144512552e+01
-1.609603594740231713e+01 -1.449824284284542841e+01
-1.611654601494471351e+01 -1.505687728294959449e+01
-1.611776345471541205e+01 -1.459491206438113409e+01
-1.609276289244492730e+01 -1.470163430923070713e+01
-1.602820419271786889e+01 -1.557242239438570408e+01
-1.629692801833152771e+01 -1.551657750056340213e+01
-1.610880196591218194e+01 -1.509964280250745006e+01
-1.611925991376240930e+01 -1.531778761056753346e+01
-1.616242157916228095e+01 -1.482427621499086001e+01
-1.615932682653268060e+01 -1.492987036093687436e+01
-1.618872492512067041e+01 -1.490836676573142050e+01
-1.607481529315312585e+01 -1.520641825749323850e+01
-1.621904039382934570e+01 -1.484001411535801118e+01
-1.616095027327537537e+01 -1.511027825184357454e+01
-1.619462664922078332e+01 -1.519154805403489306e+01
-1.615889748434225837e+01 -1.517065955431033331e+01
-1.627933719754219055e+01 -1.518648392114883805e+01
-1.628229113419850549e+01 -1.510034392430232053e+01
-1.606535841524600983e+01 -1.530633552257831198e+01
-1.608383025725682458e+01 -1.537571814121344183e+01
-1.633962201575438300e+01 -1.536720632895445249e+01
-1.615823156138261041e+01 -1.532692261231251329e+01
-1.633802808821201324e+01 -1.521088881370348744e+01
-1.618543085952599725e+01 -1.518572330474853516e+01
-1.633043965200583258e+01 -1.479525656577868276e+01
-1.630656079947948456e+01 -1.460735105856871030e+01
-1.599801362554232220e+01 -1.558336981748923300e+01
-1.637086502214272699e+01 -1.477019050793770027e+01
-1.624298025667667389e+01 -1.512858403034699251e+01
-1.623668489356835565e+01 -1.510963444832043834e+01
-1.628314807514349738e+01 -1.508169269561767578e+01
-1.636611208319664001e+01 -1.524577133472149271e+01
-1.614177169899145881e+01 -1.511736794007130236e+01
-1.641800873974959174e+01 -1.520556085537641522e+01
-1.624140551686286926e+01 -1.515627411084297371e+01
-1.632952246566613397e+01 -1.483434750483586306e+01
-1.635669849316279212e+01 -1.537716885102100939e+01
-1.629230270783106604e+01 -1.521975118685991291e+01
-1.608387099703152856e+01 -1.520323078448955911e+01
-1.628188759585221490e+01 -1.507313535152337458e+01
-1.634147762755553046e+01 -1.528918371445093349e+01
-1.641282310088475427e+01 -1.447905161441900823e+01
-1.620309429367383203e+01 -1.536458113254644964e+01
-1.629616036514441291e+01 -1.506708455697084048e+01
-1.640744325518608093e+01 -1.545566644424047276e+01
-1.630754760404427728e+01 -1.476942959809914591e+01
-1.625545533994833747e+01 -1.480781193268604845e+01
-1.640140268703301629e+01 -1.453392204871544457e+01
-1.642575601239999017e+01 -1.526769293271578221e+01
-1.618188154697418213e+01 -1.508250476152468877e+01
-1.647385427852471551e+01 -1.533037586701222033e+01
-1.650897990167140961e+01 -1.534076930315066534e+01
-1.644767363866170129e+01 -1.522110596681252481e+01
-1.654201887051264563e+01 -1.477581276037754243e+01
-1.627127053836981574e+01 -1.523686986091809459e+01
-1.637604103982448578e+01 -1.520934877640161709e+01
-1.621937768161296844e+01 -1.531843906793838883e+01
-1.638023602465788642e+01 -1.485698438302064517e+01
-1.644472171366214752e+01 -1.515658958141620261e+01
-1.622017638385295868e+01 -1.509395151871901319e+01
-1.637471246719360352e+01 -1.454959869384765625e+01
-1.642990271250407019e+01 -1.378178875262920755e+01
-1.626667390267054358e+01 -1.516401828863681978e+01
-1.634766046206156531e+01 -1.542578261937850570e+01
-1.644682178397973260e+01 -1.494437709221473121e+01
-1.635320030649502954e+01 -1.510342859610533139e+01
-1.629340822498003760e+01 -1.528700153644268411e+01
-1.641349266469478607e+01 -1.532725400191086962e+01
-1.648296504716078559e+01 -1.437992878449268908e+01
-1.636870136360327521e+01 -1.449125923254551118e+01
-1.657055738568305969e+01 -1.524535181583502386e+01
-1.636570807794729987e+01 -1.506690795604999167e+01
-1.633701498806476593e+01 -1.533077912452893443e+01
-1.657627134025096893e+01 -1.498548595721905130e+01
-1.651472443342208862e+01 -1.532853686503874968e+01
-1.641439455250899115e+01 -1.511665517855913166e+01
-1.651481868823369226e+01 -1.428771424904847720e+01
-1.645933513343334198e+01 -1.498392689533722688e+01
-1.649971316258112708e+01 -1.512701266851180648e+01
-1.634588554501533508e+01 -1.533585946987836834e+01
-1.637784638007481774e+01 -1.448534615834554096e+01
-1.639146234591801843e+01 -1.425924203334710505e+01
-1.622262902557849884e+01 -1.461951610369560051e+01
-1.644297265013058862e+01 -1.466037107125306704e+01
-1.652612551053364953e+01 -1.546027198204627418e+01
-1.652809030314286431e+01 -1.491498262454301837e+01
-1.659128633638222894e+01 -1.470833035004444689e+01
-1.660374619563420495e+01 -1.511685960720746991e+01
-1.643212885161240777e+01 -1.504724747095352555e+01
-1.643053391079108039e+01 -1.521295398320907211e+01
-1.660052464902400970e+01 -1.415418810722155385e+01
-1.648101526995499810e+01 -1.525447730529002577e+01
-1.646549899379412452e+01 -1.472757840767884829e+01
-1.637060587108135223e+01 -1.454306942377334977e+01
-1.637946136792500695e+01 -1.486072682111691279e+01
-1.641551788647969445e+01 -1.519805306654710009e+01
-1.658980642755826196e+01 -1.514828618367513080e+01
-1.660255989929040155e+01 -1.537308805416791913e+01
-1.658426538606484613e+01 -1.510793231083796506e+01
-1.649192392826080322e+01 -1.494373627198048204e+01
-1.661239973704020301e+01 -1.523407178047375865e+01
-1.660179010530312738e+01 -1.411620086278670883e+01
-1.666987836857636651e+01 -1.486955576676588819e+01
-1.654090109467506409e+01 -1.436686743222750096e+01
-1.658715038994948188e+01 -1.520013261452699282e+01
-1.661593506733576575e+01 -1.455745983123779297e+01
-1.671005554993947229e+01 -1.545727367890186876e+01
-1.656027199327945709e+01 -1.505247641832400518e+01
-1.658039551476637641e+01 -1.517839189676138112e+01
-1.662292199830214301e+01 -1.529348566593268011e+01
-1.666066291431586066e+01 -1.519154157394017979e+01
-1.667151846488316735e+01 -1.516022577041234776e+01
-1.665517302354176721e+01 -1.516626546321771052e+01
-1.671520580351352692e+01 -1.530174959622896580e+01
-1.646920552849769592e+01 -1.496269568418845175e+01
-1.665498703221480170e+01 -1.489814313252766986e+01
-1.664243302742640296e+01 -1.472168408907376858e+01
-1.656915714840094367e+01 -1.499724158262595175e+01
-1.672690910597642144e+01 -1.472943851275321769e+01
-1.676156601806481561e+01 -1.466425499549278832e+01
-1.661144085228443146e+01 -1.466738047966590308e+01
-1.660296305020650109e+01 -1.518916205870799452e+01
-1.640972505013148108e+01 -1.519739657181959913e+01
-1.661902682979901513e+01 -1.466852334829477122e+01
-1.623576341569423676e+01 -1.335210171723977091e+01
-1.652155462900797644e+01 -1.458017447055914495e+01
-1.670758692423502723e+01 -1.532356944450965308e+01
-1.669234248995780945e+01 -1.497824421907082559e+01
-1.674150486290454865e+01 -1.506736395909235959e+01
-1.646928925315539161e+01 -1.499739050253843686e+01
-1.685360369582970819e+01 -1.523521648309169585e+01
-1.667569117744763574e+01 -1.499546845753987689e+01
-1.670105932652950287e+01 -1.511376901773306081e+01
-1.645779727896054467e+01 -1.485100843967535589e+01
-1.659077083071072778e+01 -1.521687845083383372e+01
-1.686810607711474219e+01 -1.522177180265769003e+01
-1.646033192674319068e+01 -1.469101981627635389e+01
-1.650348426898320398e+01 -1.508068688710530658e+01
-1.682160939276218414e+01 -1.507200754605806736e+01
-1.670772563417752465e+01 -1.539705917162772941e+01
-1.671686990062395850e+01 -1.538887014144506260e+01
-1.660024778048197547e+01 -1.500598834111140256e+01
-1.666553968687852105e+01 -1.522150269532814981e+01
-1.650844636559486389e+01 -1.504546417334140962e+01
-1.685096151133378228e+01 -1.502051355899908636e+01
-1.649547827740510186e+01 -1.529394076420710569e+01
-1.678692115843296051e+01 -1.516188357426569944e+01
-1.677283395826816559e+01 -1.525341982719225697e+01
-1.673372502624988556e+01 -1.505699387574807169e+01
-1.667640277246634284e+01 -1.483985815292749599e+01
-1.673130910595257959e+01 -1.519690371782351690e+01
-1.675570592780907830e+01 -1.499732005290496062e+01
-1.684810413420200348e+01 -1.514048945598113249e+01
-1.684356693923473358e+01 -1.495439563653407866e+01
-1.690540799498558044e+01 -1.502831713358561139e+01
-1.684762359658877173e+01 -1.500567294389773565e+01
-1.680233328044414520e+01 -1.516651539924817271e+01
-1.685969448089599609e+01 -1.487333224369929319e+01
-1.683858969807624817e+01 -1.530907596685947603e+01
-1.666360411544640741e+01 -1.427849427247658731e+01
-1.682983130216598511e+01 -1.518758874061780162e+01
-1.682664943238099298e+01 -1.471522558652437596e+01
-1.666979012389977655e+01 -1.500171822767991259e+01
-1.685876217484474182e+01 -1.486753270564935114e+01
-1.678841736912727356e+01 -1.529073120997502322e+01
-1.693325122197468957e+01 -1.517311083964812468e+01
-1.670984840889771661e+01 -1.518979397798195841e+01
-1.692590393622716149e+01 -1.485152995280730437e+01
-1.693623048563798150e+01 -1.488055111811711306e+01
-1.697046939531962195e+01 -1.524600931314321706e+01
-1.670531873901684961e+01 -1.512579191648043064e+01
-1.683830314874649048e+01 -1.504803312741793064e+01
-1.684291399021943292e+01 -1.500944599738487817e+01
-1.673201711972554406e+01 -1.355940796778752322e+01
-1.675661132236321649e+01 -1.528207270304361920e+01
-1.669278077284495154e+01 -1.496421383588742060e+01
-1.682115645209948340e+01 -1.511325144156431577e+01
-1.706318975488344947e+01 -1.513162204546806144e+01
-1.700895313918590546e+01 -1.509355562161176678e+01
-1.683669349551200867e+01 -1.495153801257793802e+01
-1.664785908659299096e+01 -1.443508334037585072e+01
-1.702444060146808624e+01 -1.506413560035901256e+01
-1.700824741522471228e+01 -1.502478010226518634e+01
-1.700108674665291986e+01 -1.493438302553617092e+01
-1.662787843247254571e+01 -1.447134761321238905e+01
-1.704920073846976081e+01 -1.503187411870711898e+01
-1.696387799580891809e+01 -1.512983737847743804e+01
-1.680873976151148597e+01 -1.415178460341233446e+01
-1.674396337568759918e+01 -1.509756131049914174e+01
-1.673687607049942017e+01 -1.495189189910888672e+01
-1.700635265310605249e+01 -1.484351236392290119e+01
-1.681355674564838409e+01 -1.506468703196599002e+01
-1.712913639843463898e+01 -1.502381229400634766e+01
-1.693043548365433892e+01 -1.497628779289049916e+01
-1.688699627419312677e+01 -1.493475905442849161e+01
-1.705324331919352332e+01 -1.487979221343994141e+01
-1.693157794078191003e+01 -1.502111449608436011e+01
-1.702608153720696649e+01 -1.510834706135285188e+01
-1.698109527925650397e+01 -1.526741438645582960e+01
-1.702108257015546044e+01 -1.475995527169643218e+01
-1.697807961205641547e+01 -1.483445180990757173e+01
-1.699220064282417297e+01 -1.460294730846698386e+01
-1.699027535319328308e+01 -1.499642902765518571e+01
-1.685372621317704400e+01 -1.508475101911104588e+01
-1.691096721589565277e+01 -1.479122781753540039e+01
-1.686947750051816186e+01 -1.524551485746334833e+01
-1.697521359225114068e+01 -1.463026439226590725e+01
-1.669569302101929864e+01 -1.494756822096995741e+01
-1.720523444811503211e+01 -1.491033080907968333e+01
-1.689222084979216376e+01 -1.501540669416769980e+01
-1.687262392044067383e+01 -1.500275949331430247e+01
-1.695477562149365625e+01 -1.497625700632731061e+01
-1.697748187184333801e+01 -1.375215970552884670e+01
-1.708901937802632531e+01 -1.518054717626327133e+01
-1.688276598354180535e+01 -1.528466631815983767e+01
-1.707649343709151069e+01 -1.508193192115196801e+01
-1.700319629410902778e+01 -1.522850030507796859e+01
-1.688113195200761041e+01 -1.531263617980174452e+01
-1.692044396698474884e+01 -1.511998427219879915e+01
-1.721034234265486518e+01 -1.476663609040089220e+01
-1.680813173453013221e+01 -1.505786157265687564e+01
-1.700745399792988977e+01 -1.461326229877960969e+01
-1.697475387156009674e+01 -1.520978345626439854e+01
-1.711301363011201104e+01 -1.472355579718565366e+01
-1.702654344340165338e+01 -1.434898415589943887e+01
-1.698056654135386268e+01 -1.475673088660606957e+01
-1.711575846374034882e+01 -1.508662070983495518e+01
-1.700998205939928809e+01 -1.497153096321301646e+01
-1.711756184697151184e+01 -1.448084623385698322e+01
-1.703320129215717316e+01 -1.488811341310158731e+01
-1.713777606189250946e+01 -1.498947028624705702e+01
-1.713744090000788489e+01 -1.482305432588626104e+01
-1.702007745703061303e+01 -1.460041529093033219e+01
-1.702210563917954644e+01 -1.519169913805448147e+01
-1.690376671651999274e+01 -1.518978219154553599e+01
-1.722175618509451667e+01 -1.501970621255727956e+01
-1.671173945069313049e+01 -1.480850635430751616e+01
-1.722139512995878974e+01 -1.507997285402738186e+01
-1.719075420498847961e+01 -1.484475302084898374e+01
-1.717869989573955536e+01 -1.490302592057448194e+01
-1.731829489767551422e+01 -1.510357974125788694e+01
-1.699452415605385980e+01 -1.385058750250400728e+01
-1.685325588782628259e+01 -1.509491037711119077e+01
-1.704475442071755609e+01 -1.520289291479648774e+01
-1.710203229884306708e+01 -1.489038149515787701e+01
-1.715219700336456299e+01 -1.385587307123037526e+01
-1.712968670328458032e+01 -1.520438067118326764e+01
-1.713641456762949744e+01 -1.510837218700311091e+01
-1.709602104127407074e+01 -1.513928909790821642e+01
-1.720442467927932739e+01 -1.529365440515371510e+01
-1.705842113494873047e+01 -1.498077239745702549e+01
-1.724689666926860809e+01 -1.477332305908203125e+01
-1.708786484102408210e+01 -1.522916424580109407e+01
-1.704025421539942542e+01 -1.484449687370887183e+01
-1.706834663450717926e+01 -1.481912982158171843e+01
-1.702762039999167243e+01 -1.474803231924008173e+01
-1.716705600420634070e+01 -1.506920014894925686e+01
-1.701157533129056176e+01 -1.477622610483414078e+01
-1.707593410213788232e+01 -1.494087614157261079e+01
-1.708075794577598572e+01 -1.503624365879939084e+01
-1.714682661493619165e+01 -1.527287872021014792e+01
-1.732247688869635383e+01 -1.489819712516588979e+01
-1.728841469188531121e+01 -1.504593144930326076e+01
-1.718101803958415985e+01 -1.505153511732052607e+01
-1.713845767577489099e+01 -1.495579147338867188e+01
-1.709612738589445868e+01 -1.456771752773187067e+01
-1.705795260767142096e+01 -1.487632890848013112e+01
-1.706373209754626075e+01 -1.473595743912916944e+01
-1.710956187049547950e+01 -1.473953662774501616e+01
-1.709880508482456207e+01 -1.520871663704896548e+01
-1.710694090525309363e+01 -1.512300273699638176e+01
-1.715815970301628113e+01 -1.477323503983326525e+01
-1.716552949448426446e+01 -1.491267774043939021e+01
-1.715908656517664710e+01 -1.466983780494103051e+01
-1.718179374436537543e+01 -1.512186651963454054e+01
-1.689179800947507104e+01 -1.481116843834901431e+01
-1.709845106303691864e+01 -1.445339956039037510e+01
-1.723611268401145935e+01 -1.433435441286135870e+01
-1.719664935767650604e+01 -1.460109902650881963e+01
-1.727586068709691247e+01 -1.483951558822240635e+01
-1.716908248762289801e+01 -1.513802672655154424e+01
-1.710673019289970398e+01 -1.484060544234055712e+01
-1.708827479183673859e+01 -1.494864016312819288e+01
-1.745463410516579827e+01 -1.499515022375644868e+01
-1.710392842690150061e+01 -1.444942709115835378e+01
-1.710258098443349084e+01 -1.452009731683975602e+01
-1.737920993566513062e+01 -1.458164322681916047e+01
-1.726279311378796777e+01 -1.442246571565285684e+01
-1.727014677723248681e+01 -1.467775893822694400e+01
-1.719996288915475091e+01 -1.503720548825386238e+01
-1.718263935049374780e+01 -1.520548866956661982e+01
-1.707029164830843726e+01 -1.485350772662040519e+01
-1.706828926006953040e+01 -1.492136148306039622e+01
-1.729515745242436608e+01 -1.504956576763055232e+01
-1.725376059611638269e+01 -1.488153340266301150e+01
-1.731266997257868567e+01 -1.494220901146913150e+01
-1.736493559678395471e+01 -1.461562211696918112e+01
-1.733335552116234979e+01 -1.445283675805116275e+01
-1.715788102149963379e+01 -1.506563158524342150e+01
-1.727729429304599762e+01 -1.472580683537018587e+01
-1.698792495826880256e+01 -1.503653831970997423e+01
-1.732028648257255554e+01 -1.505572722508357053e+01
-1.735863972703615943e+01 -1.510836117084209818e+01
-1.729458316167195520e+01 -1.472150264642177397e+01
-1.731745617091655731e+01 -1.506119688963278769e+01
-1.736047796905040741e+01 -1.472528499212020492e+01
-1.726414764424164972e+01 -1.506260808308919330e+01
-1.733499710261821747e+01 -1.424811380337446209e+01
-1.734096658229827881e+01 -1.422682326879256820e+01
-1.731484137475490570e+01 -1.452293603848188397e+01
-1.736712686717510223e+01 -1.463868544651911741e+01
-1.727728922168413916e+01 -1.469365337567451668e+01
-1.722570383548736572e+01 -1.487243762383094214e+01
-1.727101676662762841e+01 -1.488830519945193487e+01
-1.751014258960882941e+01 -1.480456698246491243e+01
-1.731068305671215057e+01 -1.414974684593004994e+01
-1.724511521557966987e+01 -1.471075750008607486e+01
-1.707665952046712121e+01 -1.438371521387344742e+01
-1.730338444809119025e+01 -1.483884637783735272e+01
-1.719489378233750543e+01 -1.460315985557360463e+01
-1.741503005723158637e+01 -1.485726429865910525e+01
-1.729002377390861511e+01 -1.513989675962007908e+01
-1.738385340074698249e+01 -1.456382531386155321e+01
-1.739937040209770203e+01 -1.429465941893748671e+01
-1.738424107432365417e+01 -1.512211885207738682e+01
-1.730948604146639624e+01 -1.494172255198160748e+01
-1.725388317803541938e+01 -1.337429931836250496e+01
-1.729875575502713403e+01 -1.524435390570224946e+01
-1.728810889025529107e+01 -1.518287157401060483e+01
-1.721040190756320953e+01 -1.466752944848476226e+01
-1.751082763075828552e+01 -1.388259767874693296e+01
-1.701986619830131531e+01 -1.487581891279954149e+01
-1.735698117315769196e+01 -1.499530415657239146e+01
-1.725215194125970086e+01 -1.415737181443434523e+01
-1.739016981919606408e+01 -1.472291017190003970e+01
-1.724274439116318902e+01 -1.471033959510998912e+01
-1.741779292623202124e+01 -1.460439540178347784e+01
-1.735907602310180664e+01 -1.431793484321007348e+01
-1.729896982014179230e+01 -1.510161402286627386e+01
-1.766556547582149506e+01 -1.510312351813683129e+01
-1.744702794154484948e+01 -1.467972354399852186e+01
-1.739518803358078003e+01 -1.413624066572922899e+01
-1.728393990298112115e+01 -1.460991776295197297e+01
-1.714899732172489166e+01 -1.502706684210361665e+01
-1.721456112464268884e+01 -1.434041355817745966e+01
-1.737196212510268012e+01 -1.522005247458433530e+01
-1.753885957598686218e+01 -1.470892370664156346e+01
-1.736612710356712341e+01 -1.493738621931809618e+01
-1.743785128494103631e+01 -1.489631166213598057e+01
-1.746567964553833008e+01 -1.499402024195744509e+01
-1.740012934803962708e+01 -1.499028848990415952e+01
-1.716525011758009711e+01 -1.470151135860345271e+01
-1.721271277964115143e+01 -1.484800747113350106e+01
-1.733843132853507996e+01 -1.475692125467153737e+01
-1.740968129038810730e+01 -1.502403156573955911e+01
-1.752537683149178704e+01 -1.457183632483849145e+01
-1.756810588637987891e+01 -1.493459850702530289e+01
-1.732183142006397247e+01 -1.466581112299209977e+01
-1.725610143939654151e+01 -1.485066541035970111e+01
-1.752142789463202277e+01 -1.512049704331618116e+01
-1.752018100023269653e+01 -1.473913900668804544e+01
-1.741463688015937805e+01 -1.525598582243308066e+01
-1.758438897629578790e+01 -1.513391069265512279e+01
-1.723597326874732971e+01 -1.495466665121225169e+01
-1.752711057662963867e+01 -1.499953917967967421e+01
-1.732751017808914185e+01 -1.465186439416347319e+01
-1.745046299695968628e+01 -1.490840046222393411e+01
-1.754304019113381585e+01 -1.517192547137920755e+01
-1.760640283425648889e+01 -1.517557740822816470e+01
-1.735117987294991693e+01 -1.464385580405210874e+01
-1.736934827764828881e+01 -1.478063664069542504e+01
-1.755465035637219628e+01 -1.492302598708715244e+01
-1.746178846061229706e+01 -1.495504371936504739e+01
-1.758457754055659095e+01 -1.457056243603046042e+01
-1.726756732165813446e+01 -1.495754916851337057e+01
-1.748463140428066254e+01 -1.502618877704327005e+01
-1.759716659784317017e+01 -1.509398971459804351e+01
-1.755277896920840064e+01 -1.518321308722862817e+01
-1.752675945063431939e+01 -1.449165473840175444e+01
-1.736231354375680169e+01 -1.500683454366830638e+01
-1.764705917239189148e+01 -1.500582514053735927e+01
-1.754872780044873437e+01 -1.466022623502291111e+01
-1.740874734024206916e+01 -1.454357394193991659e+01
-1.761783299843470374e+01 -1.511233716133313365e+01
-1.746418243646621704e+01 -1.500176728077423860e+01
-1.754369790355364600e+01 -1.461969231336544794e+01
-1.746335159738858422e+01 -1.471818361526880459e+01
-1.741141755382220069e+01 -1.488614385555952069e+01
-1.749587825934092322e+01 -1.502439917050875096e+01
-1.756873107949892798e+01 -1.462335324898744204e+01
-1.731731651723384857e+01 -1.466266050094213291e+01
-1.754071151713530341e+01 -1.496584249154115298e+01
-1.755167014400164405e+01 -1.506666633410331535e+01
-1.741274956862131873e+01 -1.489766585521208953e+01
-1.753572052220503608e+01 -1.495444187751183129e+01
-1.765768977006276330e+01 -1.478723863454965404e+01
-1.765618045131365577e+01 -1.495386546697372054e+01
-1.734242805838584900e+01 -1.508775652371920017e+01
-1.768841677407423774e+01 -1.512289707477276224e+01
-1.749195906519889832e+01 -1.511720478840363313e+01
-1.762905585269133368e+01 -1.506583326290815350e+01
-1.741626540323098382e+01 -1.498859363947159196e+01
-1.743491486211617669e+01 -1.505188692533052830e+01
-1.738060034811496735e+01 -1.433001955961569784e+01
-1.735128640135129174e+01 -1.449766741043482021e+01
-1.767966683705647668e+01 -1.471740475679055216e+01
-1.738429120679696283e+01 -1.503319371052277376e+01
-1.759921381374200067e+01 -1.499177372761261751e+01
-1.757371723651885986e+01 -1.461003129910200116e+01
-1.755013395845890045e+01 -1.478808579078087426e+01
-1.752024484674135962e+01 -1.485790570576985736e+01
-1.748753269016742706e+01 -1.500867161383995629e+01
-1.770863217115402222e+01 -1.457377450894086834e+01
-1.755777381857236108e+01 -1.466461005577674293e+01
-1.748329822222391883e+01 -1.509423099420009429e+01
-1.737891872723897180e+01 -1.505576987144274526e+01
-1.748049661517143250e+01 -1.515009112235827260e+01
-1.771844248970349511e+01 -1.475399648226224514e+01
-1.757954229414463043e+01 -1.517099099281506724e+01
-1.750623753666877747e+01 -1.436188211196508213e+01
-1.746372640629609307e+01 -1.477789296859350010e+01
-1.755410134792327881e+01 -1.465685093708527376e+01
-1.757216194272041321e+01 -1.470094693012726594e+01
-1.761017499367396155e+01 -1.456328137715657611e+01
-1.763679756224155426e+01 -1.485108532049717134e+01
-1.760480832060178003e+01 -1.474802728799673268e+01
-1.782419288158416748e+01 -1.469943706805889505e+01
-1.762425714234511176e+01 -1.460837452228252786e+01
-1.763283564647038659e+01 -1.464027194487742811e+01
-1.755530442794163903e+01 -1.496273828164125064e+01
-1.739855854709943017e+01 -1.499347811478834913e+01
-1.742552596827347955e+01 -1.497572285089737321e+01
-1.754645480215549469e+01 -1.472222812359149557e+01
-1.758768595258394996e+01 -1.498488541138477892e+01
-1.756708723306655884e+01 -1.503360112508138080e+01
-1.768285993734995643e+01 -1.492922592163085938e+01
-1.778430969516436377e+01 -1.450328509012858014e+01
-1.754605528215567389e+01 -1.467356855441362384e+01
-1.761920506755511084e+01 -1.507440496102357486e+01
-1.753934385875860968e+01 -1.475994775234124567e+01
-1.768156047662099084e+01 -1.493514977968656154e+01
-1.768657070398330688e+01 -1.463414030808668898e+01
-1.792543148001034936e+01 -1.462674407469920546e+01
-1.776113925377527991e+01 -1.461381939129951668e+01
-1.793966240684191504e+01 -1.464317580981132316e+01
-1.768337456881999969e+01 -1.510849534548245998e+01
-1.756503880520661554e+01 -1.452064338097205543e+01
-1.762719698746998986e+01 -1.399085602393517114e+01
-1.776627954343954841e+01 -1.462504357558030321e+01
-1.750731516877810279e+01 -1.503023643982716173e+01
-1.761760452389717102e+01 -1.415805958478878779e+01
-1.766999454299608985e+01 -1.459300481356107326e+01
-1.766374793152014533e+01 -1.453656656314165119e+01
-1.774109465380509576e+01 -1.507699484702868276e+01
-1.771703199545542518e+01 -1.467793936607165151e+01
-1.747193704048792640e+01 -1.478097025553385357e+01
-1.785843717058499536e+01 -1.482663382016695408e+01
-1.764760183294614038e+01 -1.444690792377178568e+01
-1.777060338854789734e+01 -1.410719751700376889e+01
-1.754971932371457299e+01 -1.427618701641376120e+01
-1.787320268650849542e+01 -1.503180452493520924e+01
-1.781007712582747260e+01 -1.466352169330303568e+01
-1.754456829528013984e+01 -1.460666866791554064e+01
-1.760442529122034827e+01 -1.358115990956624408e+01
-1.767602448662121972e+01 -1.490625339899307633e+01
-1.794773474335670471e+01 -1.488434224250989146e+01
-1.743888072669506073e+01 -1.498626679640549852e+01
-1.777814087271690369e+01 -1.462789589319473649e+01
-1.743601171672344208e+01 -1.483606539017114834e+01
-1.786974794169266900e+01 -1.455598082909217261e+01
-1.774229654669761658e+01 -1.488675552759415055e+01
-1.777578709522883216e+01 -1.488584711612799261e+01
-1.772467676798502723e+01 -1.475833687415489770e+01
-1.753831571837266168e+01 -1.485712381509634206e+01
-1.754849204917748651e+01 -1.485617909064659692e+01
-1.771593147019545356e+01 -1.475990241613143539e+01
-1.743631696701049805e+01 -1.503571258447109038e+01
-1.794765746096770087e+01 -1.460332144223726658e+01
-1.776266182959079742e+01 -1.480015691121419330e+01
-1.781351550916830817e+01 -1.482186807730259126e+01
-1.787044254938761512e+01 -1.465196580153245165e+01
-1.778182345132033149e+01 -1.439765639182848744e+01
-1.776793044308821479e+01 -1.458848158518473248e+01
-1.789904508988062659e+01 -1.460336553133451076e+01
-1.747336498896281043e+01 -1.475530822460467917e+01
-1.764285949369271478e+01 -1.480362373743301774e+01
-1.783338955044746399e+01 -1.442374838315523533e+01
-1.775798604389031610e+01 -1.435650930649194912e+01
-1.785147007803122321e+01 -1.474526777022924229e+01
-1.760538834830125055e+01 -1.461932996603158763e+01
-1.784639320274193963e+01 -1.445560416197165488e+01
-1.772889819244543830e+01 -1.497885469289926341e+01
-1.758178724348545074e+01 -1.464911200450016970e+01
-1.779605812827746192e+01 -1.478378848540477186e+01
-1.774280443787574768e+01 -1.428187103760548204e+01
-1.781672623256842414e+01 -1.482589323092729572e+01
-1.785371573766072473e+01 -1.483539082453801150e+01
-1.753289402027924737e+01 -1.454753379332713514e+01
-1.768327903747558594e+01 -1.378833587353046042e+01
-1.802485714356104651e+01 -1.453258965565608030e+01
-1.777954515318075934e+01 -1.411091327667236328e+01
-1.760086040198802948e+01 -1.449743305108485991e+01
-1.796205500761668006e+01 -1.445693110197018427e+01
-1.775423338015874108e+01 -1.415860732396443744e+01
-1.739945650597413263e+01 -1.476063065651135631e+01
-1.786154653131961823e+01 -1.457788264445769499e+01
-1.808427286644776544e+01 -1.455404443007249071e+01
-1.773209369679291925e+01 -1.420870949671818728e+01
-1.797277005016803741e+01 -1.446184544685559459e+01
-1.776540079216162482e+01 -1.465999082418588451e+01
-1.786269674698511878e+01 -1.488227411416860768e+01
-1.790353204806645593e+01 -1.423668775803003506e+01
-1.783248982330163201e+01 -1.452544097411326796e+01
-1.786753255625565728e+01 -1.467539985363299948e+01
-1.754169100522994995e+01 -1.470502034211770059e+01
-1.783197034895420074e+01 -1.468821948613875961e+01
-1.785150703291098395e+01 -1.455547315646440509e+01
-1.786147656540076056e+01 -1.434325430943415647e+01
-1.792016234993934631e+01 -1.405828079810509301e+01
-1.781626430153846741e+01 -1.491313494168795017e+01
-1.798905840516090393e+01 -1.467128137441781810e+01
-1.777512870728969574e+01 -1.387776753841302302e+01
-1.755770694712797919e+01 -1.459842459360758404e+01
-1.754536983867486200e+01 -1.399057402977576636e+01
-1.794744068880875787e+01 -1.425855201329940414e+01
-1.788330769042174140e+01 -1.457833400139441871e+01
-1.776080059011777124e+01 -1.458982154650565910e+01
-1.791391349832217017e+01 -1.495983221592047308e+01
