# Train Val
-7.894384935187797048e+00 -8.588017661850173567e+00
-8.591711246718963579e+00 -8.641187451102517514e+00
-8.631749458611011505e+00 -8.661214655095880843e+00
-8.689258103569349245e+00 -8.438595505503865724e+00
-8.903417728841304779e+00 -9.194043357650954817e+00
-9.437176788846651121e+00 -9.384753369665764566e+00
-9.676382207622131304e+00 -1.015372678831026221e+01
-1.010741844276587109e+01 -1.023478560014204497e+01
-1.027151673287153244e+01 -1.064062934726863752e+01
-1.044057736173272133e+01 -1.082547460283551821e+01
-1.060309079289436340e+01 -1.076753789728338084e+01
-1.075404629483819008e+01 -1.098212214878627258e+01
-1.108147196968396564e+01 -1.130230252154461823e+01
-1.104300725832581520e+01 -1.152568595440356702e+01
-1.144047479579846005e+01 -1.144524711757511248e+01
-1.159886255239447017e+01 -1.153999610999961867e+01
-1.174063337594270706e+01 -1.231237779344831118e+01
-1.179222226515412331e+01 -1.219087625478769255e+01
-1.204813823352257351e+01 -1.210922718048095703e+01
-1.201434095948934555e+01 -1.209949540472649865e+01
-1.219592310239871402e+01 -1.243871047280051556e+01
-1.220170835157235523e+01 -1.235166993079247355e+01
-1.248576243718465228e+01 -1.278212610467687860e+01
-1.240994675457477570e+01 -1.276193872674719110e+01
-1.267396946003039737e+01 -1.259639612420812860e+01
-1.264764572928349118e+01 -1.300849684182699662e+01
-1.273919076969226261e+01 -1.297847039358956422e+01
-1.292013792196909527e+01 -1.291634995596749391e+01
-1.291365925222635269e+01 -1.251683472967767052e+01
-1.292416998247305493e+01 -1.319568662519578872e+01
-1.308181787778933902e+01 -1.343347898706213250e+01
-1.309506673117478748e+01 -1.282290540422711977e+01
-1.328089687724908252e+01 -1.237948813995757646e+01
-1.326145167400439639e+01 -1.371837238212684618e+01
-1.332722296317418476e+01 -1.345256256747555490e+01
-1.330155517905950546e+01 -1.372025717698134351e+01
-1.345976643264293671e+01 -1.283824236981280364e+01
-1.357926410933335681e+01 -1.394539576691466465e+01
-1.369176823645830154e+01 -1.394872703799953761e+01
-1.368611960609753986e+01 -1.310903913324529491e+01
-1.377117005735635757e+01 -1.401204652910108628e+01
-1.371884241700172424e+01 -1.360273312903069787e+01
-1.388582330445448498e+01 -1.372290633560775142e+01
-1.363343784709771533e+01 -1.406372735407445340e+01
-1.370213061571121216e+01 -1.391350197482418771e+01
-1.381798359503348728e+01 -1.410164601462227907e+01
-1.389807864526907544e+01 -1.333501839328121896e+01
-1.407531094551086426e+01 -1.400189309305958929e+01
-1.402921189119418521e+01 -1.350762063806707225e+01
-1.398928504685560803e+01 -1.429987964382419285e+01
-1.395320072025060654e+01 -1.432452414871810298e+01
-1.409325768301884274e+01 -1.445669062725909271e+01
-1.415799176941315274e+01 -1.414414840549617658e+01
-1.408436637371778488e+01 -1.317118649668507757e+01
-1.423246964812278748e+01 -1.452182840372060824e+01
-1.408462831626335721e+01 -1.387978197073007536e+01
-1.413487630089124103e+01 -1.353825449014638949e+01
-1.435490525513887405e+01 -1.439510720736020488e+01
-1.429694605370362659e+01 -1.475589755912879930e+01
-1.433402988314628601e+01 -1.401642987635228543e+01
-1.458518235137065311e+01 -1.410088988712855773e+01
-1.442380049824714661e+01 -1.434809847001905503e+01
-1.441554558773835559e+01 -1.288669021408279214e+01
-1.438793928921222687e+01 -1.327494759993119722e+01
-1.440289413432280163e+01 -1.359983710499552956e+01
-1.449906769146521945e+01 -1.447248997626366496e+01
-1.468409657726685147e+01 -1.453643047035514613e+01
-1.462822924554347992e+01 -1.482227891451352519e+01
-1.474024030566215515e+01 -1.462054808728106536e+01
-1.460906239350636859e+01 -1.488347245501233473e+01
-1.499830445398887058e+01 -1.488102992169268646e+01
-1.463015552361806293e+01 -1.486606361339618587e+01
-1.457997759928306003e+01 -1.427815577271696768e+01
-1.456915993491808514e+01 -1.485858544436368156e+01
-1.480184311419725418e+01 -1.510408038597602420e+01
-1.462058679883678813e+01 -1.369609187485335688e+01
-1.487437810748815536e+01 -1.317565699986049133e+01
-1.477293432503938675e+01 -1.523005351772556004e+01
-1.488494664678970913e+01 -1.460356895644943442e+01
-1.497053981075684170e+01 -1.167223779257241745e+01
-1.487345596651236157e+01 -1.403666153201809230e+01
-1.501761652777592282e+01 -1.477360503704516859e+01
-1.475879762073357959e+01 -1.481241281930502396e+01
-1.506104515492916107e+01 -1.510124908794056253e+01
-1.504940208295981030e+01 -1.484391019251439481e+01
-1.506406295299530029e+01 -1.353619648574234624e+01
-1.512859286367893219e+01 -1.521283383802934175e+01
-1.524327781796455383e+01 -1.516032438154344497e+01
-1.511962848156690598e+01 -1.491607859227564425e+01
-1.507865476111570935e+01 -1.499232051898906803e+01
-1.514756540457407574e+01 -1.438106478653944897e+01
-1.507224924862384796e+01 -1.553054809570312500e+01
-1.515929599851369858e+01 -1.459112995940369473e+01
-1.516742535680532455e+01 -1.448984294742732892e+01
-1.530210385719935040e+01 -1.501495872844349222e+01
-1.502317003657420535e+01 -1.491153461902172594e+01
-1.517431369175513645e+01 -1.498445645864907760e+01
-1.531291566540797611e+01 -1.413840386774632840e+01
-1.523280276358127594e+01 -1.525176209288758145e+01
-1.512230488906303982e+01 -1.542080077877292332e+01
-1.508493008216222186e+01 -1.538406145417845039e+01
-1.551816644519567490e+01 -1.287267489247507868e+01
-1.537255080789327621e+01 -1.477337372767460799e+01
-1.537156233688195606e+01 -1.338197220145881872e+01
-1.542689691732327084e+01 -1.473503016186998948e+01
-1.526264085620641708e+01 -1.527334774314583044e+01
-1.559385900944471359e+01 -1.482881391203248711e+01
-1.541023271530866623e+01 -1.525552877203210578e+01
-1.539384896556536297e+01 -1.553216817781522607e+01
-1.541180791705846786e+01 -1.491717093331473265e+01
-1.548004666964212994e+01 -1.529758995848816738e+01
-1.519667184601227383e+01 -1.525678414183777676e+01
-1.541597082962592502e+01 -1.556197726262080216e+01
-1.542714619884888272e+01 -1.522433915076317668e+01
-1.536493387818336487e+01 -1.501513953023142633e+01
-1.547818742692470551e+01 -1.289538643576882038e+01
-1.541679652035236359e+01 -1.571505428908707280e+01
-1.563170463840166668e+01 -1.483013140690791154e+01
-1.561221091697613339e+01 -1.499642487315388450e+01
-1.547427841027577777e+01 -1.542005962520450701e+01
-1.562623606125513653e+01 -1.509593407519452057e+01
-1.552536984781424145e+01 -1.534279218896642938e+01
-1.557252705593903919e+01 -1.544951763400783840e+01
-1.539779750754435916e+01 -1.512855233774556751e+01
-1.563142582774162292e+01 -1.572915664276519365e+01
-1.570338302354017834e+01 -1.421175809340043550e+01
-1.555836528539657593e+01 -1.540175082466819134e+01
-1.573701608677705188e+01 -1.555388697091635208e+01
-1.576653902480999569e+01 -1.316651611823540158e+01
-1.587256577859322171e+01 -1.599517257492263589e+01
-1.553088697294394116e+01 -1.471765050021084953e+01
-1.585494203865528107e+01 -1.336475459012118172e+01
-1.581602636973063092e+01 -1.558279360734023022e+01
-1.577219092349211316e+01 -1.531548394785298939e+01
-1.587097816169261932e+01 -1.452920943421202793e+01
-1.576684147616227527e+01 -1.563939691518808317e+01
-1.579177079846461673e+01 -1.579543127332414976e+01
-1.600380342702070990e+01 -1.618994183973832435e+01
-1.572064510981241803e+01 -1.518555981772286501e+01
-1.592270841697851758e+01 -1.577275910315575480e+01
-1.583539835363626480e+01 -1.537024869547261829e+01
-1.601386372745037079e+01 -1.520073059626987977e+01
-1.598174301534891129e+01 -1.267549842983097186e+01
-1.599165401359399219e+01 -1.473357061906294341e+01
-1.587940417975187302e+01 -1.486964732331114902e+01
-1.597294907023509403e+01 -1.597699081123649378e+01
-1.603243067860603333e+01 -1.615415135916177292e+01
-1.607292596250772476e+01 -1.489028659424224443e+01
-1.583520468076070209e+01 -1.536748909640621896e+01
-1.599707258244355579e+01 -1.571822700252780614e+01
-1.597775723288456540e+01 -1.517205370865858960e+01
-1.591753857582807541e+01 -1.437741431942233739e+01
-1.608933175355195999e+01 -1.597780070366797567e+01
-1.593967593212922473e+01 -1.609620600861388340e+01
-1.610087858388821402e+01 -1.593168274767987214e+01
-1.626248552898566047e+01 -1.488126406731543661e+01
-1.607861849417288980e+01 -1.605117791658872051e+01
-1.592628194391727448e+01 -1.549688230242047915e+01
-1.602983483423789224e+01 -1.524024180622843971e+01
-1.588144786407550235e+01 -1.536435156983214512e+01
-1.629118402053912362e+01 -1.328221753355744639e+01
-1.608744766314824304e+01 -1.481508995650650640e+01
-1.616296923905611038e+01 -1.574911793795499015e+01
-1.610761628796656808e+01 -1.573563247532039533e+01
-1.634188873817523202e+01 -1.602669784000941533e+01
-1.619599820176760474e+01 -1.579089845929827085e+01
-1.633910482376813889e+01 -1.475499252220252977e+01
-1.637408379465341568e+01 -1.513078030672940422e+01
-1.614880118519067764e+01 -1.548785863603864321e+01
-1.623257480065027991e+01 -1.574219396516874170e+01
-1.627743099629878998e+01 -1.464584914120760750e+01
-1.617457369714975357e+01 -1.617261309437937555e+01
-1.635108782351016998e+01 -1.566611251583347020e+01
-1.625127587219079217e+01 -1.603185709420736771e+01
-1.606158430129289627e+01 -1.611974603479558610e+01
-1.609829731533924857e+01 -1.104547345793092461e+01
-1.638511343051989755e+01 -1.552932720679741330e+01
-1.629985467344522476e+01 -1.469769062933983683e+01
-1.632265820850928506e+01 -1.205003592255827627e+01
-1.628591980536778649e+01 -1.626051045702649489e+01
-1.632841227948665619e+01 -1.583189252135041514e+01
-1.636703909188508987e+01 -1.608770751953125000e+01
-1.644591410954793176e+01 -1.537942014421735415e+01
-1.658681225776672363e+01 -1.273202783411199412e+01
-1.627881929526726523e+01 -1.517892722340373268e+01
-1.640472937126954278e+01 -1.581883845391211629e+01
-1.632355551918347558e+01 -1.577818143522584649e+01
-1.658299680302540580e+01 -1.555060932853005085e+01
-1.654311296095450601e+01 -1.588439906727183981e+01
-1.642972363779942313e+01 -1.486072817715731453e+01
-1.627714778731266776e+01 -1.585444750104631773e+01
-1.656613147755463800e+01 -1.649793640978924714e+01
-1.628351895014445105e+01 -1.563533091854739432e+01
-1.655256952593724051e+01 -1.623671774430708581e+01
-1.647885486483573914e+01 -1.635364750453404170e+01
-1.631971774001916131e+01 -1.599774084462747936e+01
-1.659446667134761810e+01 -1.573747003233278008e+01
-1.643090187013149261e+01 -1.619693128164712448e+01
-1.648178512106339255e+01 -1.653424068550010873e+01
-1.654465109358231345e+01 -1.570377887379039450e+01
-1.653208732604980469e+01 -1.605980996961717366e+01
-1.645222023129463196e+01 -1.582134666690578761e+01
-1.658523413290579995e+01 -1.650963102068219968e+01
-1.682221326231956482e+01 -1.640849471401858750e+01
-1.655872984975576401e+01 -1.417730691216208783e+01
-1.665044561773538589e+01 -1.359758578956901331e+01
-1.636999550461769104e+01 -1.599534673814649643e+01
-1.652430389076471329e+01 -1.610610877693473597e+01
-1.661356643587350845e+01 -1.551493092326374779e+01
-1.651497376213471213e+01 -1.618693699774804173e+01
-1.660398362576961517e+01 -1.605465906316583968e+01
-1.666809650510549545e+01 -1.539196254680683040e+01
-1.649316575626532355e+01 -1.627047910318746204e+01
-1.675971967230240622e+01 -1.582811579766211629e+01
-1.684440898398558417e+01 -1.638521785240668649e+01
-1.684071480731169501e+01 -1.630422208216283053e+01
-1.661704633136590203e+01 -1.528663823511693387e+01
-1.672446670134862146e+01 -1.629525613165521136e+01
-1.680264883488416672e+01 -1.536073267305052070e+01
-1.667609017342329025e+01 -1.569795051178374834e+01
-1.690321253240108490e+01 -1.528544231513877882e+01
-1.672963924954335013e+01 -1.522615910814954177e+01
-1.660363496840000153e+01 -1.598002208362926169e+01
-1.678539809832970420e+01 -1.630391343847497865e+01
-1.670482892791430274e+01 -1.612155478341238890e+01
-1.681721822172403336e+01 -1.634554879077069245e+01
-1.673744325588146964e+01 -1.589588009227405863e+01
-1.674947326630353928e+01 -1.647906722031630622e+01
-1.681387665619452676e+01 -1.652516269683837891e+01
-1.675269076724847039e+01 -1.603192913996709024e+01
-1.670642117907603463e+01 -1.608242451060901956e+01
-1.690801458309094230e+01 -1.580414748501467948e+01
-1.667070471495389938e+01 -1.654482664380754642e+01
-1.676114251712958136e+01 -1.638728094720221051e+01
-1.698229919373989105e+01 -1.626411223721194688e+01
-1.670964223146438599e+01 -1.624284068020907412e+01
-1.691373227536678314e+01 -1.651899581760554980e+01
-1.679692605137825012e+01 -1.680573808992063789e+01
-1.681182807187239447e+01 -1.612388833776697084e+01
-1.685359969735145569e+01 -1.625144491567240124e+01
-1.690368773043155670e+01 -1.470194196081780724e+01
-1.693296265602111816e+01 -1.552923208707338887e+01
-1.698993795861800393e+01 -1.641926509064513340e+01
-1.679925557971000671e+01 -1.541117145488788509e+01
-1.682548659046490869e+01 -1.549083652744045558e+01
-1.699104260901610175e+01 -1.454568503738997798e+01
-1.680864443878332892e+01 -1.645631365342573815e+01
-1.687036530673503876e+01 -1.633736630229206810e+01
-1.696171152095000068e+01 -1.633391746917328291e+01
-1.677285832415024558e+01 -1.640695739102054063e+01
-1.686392702907323837e+01 -1.562309728349958071e+01
-1.713768851260344306e+01 -1.598864446367536196e+01
-1.690518917143344879e+01 -1.619909994942801390e+01
-1.691546616703271866e+01 -1.593057493730024810e+01
-1.696754497786362847e+01 -1.535129945928400197e+01
-1.697863889733950415e+01 -1.603332467512650794e+01
-1.716193726410468301e+01 -1.587692977855731868e+01
-1.700101656218369683e+01 -1.644577676599675797e+01
-1.699217542509238044e+01 -1.670430807633833581e+01
-1.706210556626319885e+01 -1.650808143615722656e+01
-1.697965657462676248e+01 -1.654906589953930407e+01
-1.713088505466778955e+01 -1.648243943746987838e+01
-1.708532462517420569e+01 -1.630587938234403467e+01
-1.711752230922381202e+01 -1.635107568022492686e+01
-1.705679701020320138e+01 -1.599720977188704829e+01
-1.703513766328493872e+01 -1.644247788268250332e+01
-1.684414553890625754e+01 -1.621339805404861423e+01
-1.705696837604045868e+01 -1.620476013034969043e+01
-1.702905468394358834e+01 -1.643485214183856868e+01
-1.687060149759054184e+01 -1.604850656336003922e+01
-1.704999421040217200e+01 -1.382599438010872106e+01
-1.720190365364154061e+01 -1.609365457064145488e+01
-1.700185973197221756e+01 -1.625757659565318747e+01
-1.694308581203222275e+01 -1.558236331444282108e+01
-1.716828495264053345e+01 -1.638167152157077666e+01
-1.706911492347717285e+01 -1.392042787972982865e+01
-1.704121062159538269e+01 -1.653435325622558594e+01
-1.725419571499029914e+01 -1.612684345554995957e+01
-1.708727274090051651e+01 -1.607381468933898105e+01
-1.715267067650954047e+01 -1.487735713611949606e+01
-1.726524643103281775e+01 -1.653287980463597506e+01
-1.713918407509724418e+01 -1.649845935771991634e+01
-1.715564502030611038e+01 -1.653919894973953220e+01
-1.724408919612566748e+01 -1.635186345236641969e+01
-1.705623978624741355e+01 -1.630586642723578805e+01
-1.715535949667294702e+01 -1.628947690245393076e+01
-1.710128087798754493e+01 -1.559128809594488807e+01
-1.713116932908694068e+01 -1.612897127324884750e+01
-1.722867884238560876e+01 -1.656365496152407246e+01
-1.714671225349108497e+01 -1.422573395518513450e+01
-1.715615640580654144e+01 -1.652605273506858197e+01
-1.712109326074520865e+01 -1.628599239943863353e+01
-1.728643944611151895e+01 -1.548394011212633714e+01
-1.721270898481209954e+01 -1.624653732002555628e+01
-1.722413532435894012e+01 -1.644832390624207363e+01
-1.730644271026055137e+01 -1.664156339075658053e+01
-1.730257992943127832e+01 -1.649952931837601966e+01
-1.711096221705277642e+01 -1.626020452573702002e+01
-1.734746610373258591e+01 -1.639596152615237656e+01
-1.746423642834027490e+01 -1.593736779844606133e+01
-1.729939571768045425e+01 -1.536705887782109237e+01
-1.731776307026545325e+01 -1.612103844927503005e+01
-1.746535950650771341e+01 -1.662000165666852780e+01
-1.727270517994960031e+01 -1.658871733677851523e+01
-1.732272229840357980e+01 -1.555342972743046737e+01
-1.707227767755587777e+01 -1.674813905938879088e+01
-1.720405210057894507e+01 -1.648769869123186282e+01
-1.700774378515779972e+01 -1.626141206320230026e+01
-1.718095485369364539e+01 -1.519439396300873213e+01
-1.725677881824473658e+01 -1.608142452735405570e+01
-1.733135208735863486e+01 -1.628395343136477891e+01
-1.710167047753930092e+01 -1.622929000854492188e+01
-1.729169386873642722e+01 -1.685326044900076781e+01
-1.727999223023653030e+01 -1.679334178528228350e+01
-1.724229687452316284e+01 -1.655591479214755068e+01
-1.730587428187330445e+01 -1.443221143004182139e+01
-1.735656418402989587e+01 -1.657637311266614333e+01
-1.740308284759521484e+01 -1.570465982115113945e+01
-1.753718519955873489e+01 -1.589122243361039644e+01
-1.719413333634535590e+01 -1.502455123059161224e+01
-1.744681721180677414e+01 -1.644092927660260983e+01
-1.737254604945580283e+01 -1.602506348993870944e+01
-1.738405724118153373e+01 -1.636286344156636829e+01
-1.723587836076815805e+01 -1.647309354063752451e+01
-1.756932014971971512e+01 -1.428445687232079386e+01
-1.729145880291859427e+01 -1.670949118477957640e+01
-1.729792334387699881e+01 -1.639761229923793096e+01
-1.735703692585229874e+01 -1.542350117571942292e+01
-1.741103099534909049e+01 -1.669385070305365915e+01
-1.736241354793310165e+01 -1.685593520820915003e+01
-1.724441302567720413e+01 -1.686037791859019919e+01
-1.747559849172830582e+01 -1.660788645063127689e+01
-1.731839017570018768e+01 -1.670952670605151624e+01
-1.746275943766037742e+01 -1.574597077555470648e+01
-1.730469092975060263e+01 -1.691643843712744655e+01
-1.740743882705767831e+01 -1.686746064718667526e+01
-1.733380139619112015e+01 -1.578241828819374071e+01
-1.755362847199042520e+01 -1.672771557894619932e+01
-1.755366335064172745e+01 -1.708442457620199662e+01
-1.721597486486037454e+01 -1.578463880117837448e+01
-1.761714625855286798e+01 -1.597262797417578817e+01
-1.723001641531785211e+01 -1.654285238934801683e+01
-1.740932075927655021e+01 -1.556164371193229456e+01
-1.733922500908374786e+01 -1.513461843713537469e+01
-1.746075540781021118e+01 -1.610790499154623490e+01
-1.758135730524857721e+01 -1.538684522950804023e+01
-1.753262034058570862e+01 -1.645354579331038991e+01
-1.751659877598285675e+01 -1.635702328867726507e+01
-1.751407657563686371e+01 -1.647445521416602077e+01
-1.741766535242398461e+01 -1.596727519840389142e+01
-1.754769111921389779e+01 -1.645062026729831572e+01
-1.747941683977842331e+01 -1.635015823314716243e+01
-1.733421361943085870e+01 -1.694618261015260430e+01
-1.743573082735141000e+01 -1.683098298853093766e+01
-1.738799725969632348e+01 -1.677310365206235332e+01
-1.758672802895307541e+01 -1.670659841809953861e+01
-1.752961034079392633e+01 -1.571854000586967892e+01
-1.763011842717726907e+01 -1.669030577176577168e+01
-1.761811675876379013e+01 -1.707633761616496315e+01
-1.757863916705052176e+01 -1.620498202683089772e+01
-1.762805644422769547e+01 -1.671080158283184147e+01
-1.772919228424628457e+01 -1.578746351019128547e+01
-1.743079390625159064e+01 -1.705140548557429980e+01
-1.771440726766983786e+01 -1.567158742384477144e+01
-1.766385722408692160e+01 -1.647086866799887162e+01
-1.759903624405463418e+01 -1.591461605220646014e+01
-1.744523590430617332e+01 -1.476616874298492021e+01
-1.772582824279864511e+01 -1.616653578622000609e+01
-1.766430663069089135e+01 -1.582672778042879891e+01
-1.757374355942010880e+01 -1.519450063829298081e+01
-1.767816544820864877e+01 -1.641865937121502839e+01
-1.753399242460727692e+01 -1.660016633318616286e+01
-1.748171949883301934e+01 -1.696684057062322282e+01
-1.775031016270319739e+01 -1.654224991488766250e+01
-1.773011037955681601e+01 -1.631379425990117227e+01
-1.753820508966843406e+01 -1.654902811174268962e+01
-1.764320436616738519e+01 -1.693669556952142230e+01
-1.774750296026468277e+01 -1.628530617503376732e+01
-1.764631202071905136e+01 -1.658499496014087171e+01
-1.761881353209416190e+01 -1.624224584752863265e+01
-1.763879255950450897e+01 -1.678369477507355967e+01
-1.760170501967271051e+01 -1.571065418441574302e+01
-1.783125147720177850e+01 -1.642541297070391693e+01
-1.780553410202264786e+01 -1.666566290174211673e+01
-1.770876262833674630e+01 -1.673933731425892191e+01
-1.761284314344326773e+01 -1.644659105523840026e+01
-1.779204463958740234e+01 -1.644478153872799453e+01
-1.750128416220347205e+01 -1.646531808531129570e+01
-1.741429094970226288e+01 -1.696208690048812429e+01
-1.778498638172944268e+01 -1.693562844511750498e+01
-1.763395841916402063e+01 -1.677591741239869805e+01
-1.787052045265833655e+01 -1.638681086007650833e+01
-1.778234458714723587e+01 -1.707361234937395267e+01
-1.761764913797378540e+01 -1.623438665464327002e+01
-1.784313953667879105e+01 -1.660138753172639170e+01
-1.764109822611014167e+01 -1.694802949335667819e+01
-1.766544696191946784e+01 -1.699021807583895693e+01
-1.761333426833152771e+01 -1.691060265627774228e+01
-1.766574001808961114e+01 -1.701873693837747936e+01
-1.790021299074093619e+01 -1.637105905854856758e+01
-1.748714030285676202e+01 -1.471826361371325120e+01
-1.775715182597438613e+01 -1.607847426773665944e+01
-1.736192342887322226e+01 -1.664542128823020306e+01
-1.777319337924321374e+01 -1.603643016072062721e+01
-1.785785520821809769e+01 -1.602685153019892539e+01
-1.786843171219031134e+01 -1.648001232394924287e+01
-1.770307331283887109e+01 -1.702328703000948096e+01
-1.760123533258835593e+01 -1.702150417922378978e+01
-1.754330261796712875e+01 -1.641074574458134805e+01
-1.772698222349087516e+01 -1.657741843879997035e+01
-1.781379514187574387e+01 -1.651161035314783021e+01
-1.788043755541245261e+01 -1.672305182667521706e+01
-1.788147115459044656e+01 -1.713726779392787236e+01
-1.777709292620420456e+01 -1.692194318152093402e+01
-1.791239263862371445e+01 -1.717812576541652803e+01
-1.782382754981517792e+01 -1.688784326825823001e+01
-1.777589170386393747e+01 -1.470917632363059369e+01
-1.792595982799927512e+01 -1.628493207460874004e+01
-1.780345741162697593e+01 -1.665870811412860775e+01
-1.786577220509449759e+01 -1.698350729261125736e+01
-1.798630439986785134e+01 -1.704417756315949717e+01
-1.790929432461659232e+01 -1.636486091861477021e+01
-1.786251623183488846e+01 -1.643051790262197542e+01
-1.785653674105803290e+01 -1.643085837673831406e+01
-1.787090333551168442e+01 -1.648011857813054704e+01
-1.772813701877991477e+01 -1.513101974090972490e+01
-1.790276020268599311e+01 -1.667972632816859502e+01
-1.773027007281780243e+01 -1.662511071291836728e+01
-1.794384964307149133e+01 -1.709419584893560895e+01
-1.795238831142584601e+01 -1.715139047201577682e+01
-1.788422068705161294e+01 -1.682173035361550006e+01
-1.786819281925757608e+01 -1.695446205139160156e+01
-1.774985687186320504e+01 -1.708938936753706628e+01
-1.799254579593737802e+01 -1.634189720896931419e+01
-1.791290415823459625e+01 -1.690187663536567086e+01
-1.795216075579325476e+01 -1.631553387332272109e+01
-1.781748275707165519e+01 -1.645509503104469928e+01
-1.803281306972106179e+01 -1.684443772303593789e+01
-1.794980559498071671e+01 -1.684507865410346383e+01
-1.810073489199082175e+01 -1.688881336558948831e+01
-1.793024514367182931e+01 -1.462782848655403356e+01
-1.789745971560478210e+01 -1.603703060397853974e+01
-1.781333966801564017e+01 -1.607685989528507520e+01
-1.792037624617417535e+01 -1.456994628906250000e+01
-1.759214413911104202e+01 -1.702825691173602962e+01
-1.793641409029563150e+01 -1.707879802158900517e+01
-1.799877733737230301e+01 -1.631184122159883643e+01
-1.814009504020214081e+01 -1.698334166291472158e+01
-1.795465432604153833e+01 -1.702435128100506745e+01
-1.800134464850028237e+01 -1.684689547798850384e+01
-1.801605064918597421e+01 -1.624486606152026624e+01
-1.780984353025754174e+01 -1.700082409846318399e+01
-1.769482451925675193e+01 -1.590374500720531969e+01
-1.794385866075754166e+01 -1.722997599762755527e+01
-1.821062523126602173e+01 -1.437824915601061448e+01
-1.779789027074972907e+01 -1.591968543808181558e+01
-1.806833998610575875e+01 -1.600138327363249502e+01
-1.792898562302191934e+01 -1.661495676907626162e+01
-1.806441177427768707e+01 -1.653904144485275296e+01
-1.783827959497769555e+01 -1.567270487005060353e+01
-1.790338468303282937e+01 -1.456524141732748490e+01
-1.806866983820994577e+01 -1.662043035185182305e+01
-1.782755964001019677e+01 -1.666270912467659215e+01
-1.803328398118416587e+01 -1.700794729009851380e+01
-1.780071723461151123e+01 -1.592314042673482533e+01
-1.801690085728963098e+01 -1.653014316806545381e+01
-1.812028815845648566e+01 -1.704555548630751716e+01
-1.813089274118344107e+01 -1.639971851992916640e+01
-1.807631643364826957e+01 -1.666669996682699662e+01
-1.778173175950844964e+01 -1.698028928583318375e+01
-1.799999997268120566e+01 -1.642433100861388340e+01
-1.802980403105418006e+01 -1.711688554441774102e+01
-1.822581756611664972e+01 -1.665031548289509544e+01
-1.802304680397113046e+01 -1.683117888809798757e+01
-1.802056433012088021e+01 -1.619195323795467090e+01
-1.817818303902943811e+01 -1.716814744627320977e+01
-1.803206040710210800e+01 -1.619647034731778135e+01
-1.794399132455388823e+01 -1.659513604795778008e+01
-1.812734265873829642e+01 -1.647905158996582031e+01
-1.794728391617536545e+01 -1.629545237801291790e+01
-1.807641553630431375e+01 -1.699771281651088017e+01
-1.815177285919586936e+01 -1.646670408372755290e+01
-1.809719724456469336e+01 -1.648351967799199258e+01
-1.815982937564452371e+01 -1.714411098926098376e+01
-1.815976495047410211e+01 -1.672550378526960202e+01
-1.800582124541203299e+01 -1.704731578331488961e+01
-1.813342810670534888e+01 -1.687432406784652272e+01
-1.801799429456393042e+01 -1.670554261393361273e+01
-1.836890600124995032e+01 -1.572574082907144088e+01
-1.796566540747880936e+01 -1.610690640783929339e+01
-1.798110857730110368e+01 -1.609384936790961618e+01
-1.804573321839173516e+01 -1.678208276822969580e+01
-1.806402798493703088e+01 -1.654538375061827793e+01
-1.819234911352396011e+01 -1.622665929175042621e+01
-1.816231007874011993e+01 -1.654218921413669463e+01
-1.814282902826865396e+01 -1.709399225804713041e+01
-1.802224960674842080e+01 -1.594544161759413647e+01
-1.802234853804111481e+01 -1.647556909338220521e+01
-1.792493314047654351e+01 -1.645716657266988392e+01
-1.822028907885153970e+01 -1.648509861586929759e+01
-1.812591722607612610e+01 -1.662534345899309329e+01
-1.796977707246939460e+01 -1.697568370769550228e+01
-1.816254364450772485e+01 -1.601877309130383864e+01
-1.826295631378889084e+01 -1.587939481611375747e+01
-1.801356755693753442e+01 -1.677131879484498711e+01
-1.826780214657386026e+01 -1.621724131200220853e+01
-1.807811963806549826e+01 -1.711531429786186820e+01
-1.822746141503254691e+01 -1.663211823748303786e+01
-1.814178162813186646e+01 -1.641573676815280791e+01
-1.792392856379349908e+01 -1.653769555029931126e+01
-1.827614816029866418e+01 -1.695517447087672025e+01
-1.823854426791270456e+01 -1.658453185836990329e+01
-1.812789464741945267e+01 -1.703755884046678304e+01
-1.786281669388214866e+01 -1.524381052983271623e+01
-1.819077750543753424e+01 -1.664414087518468932e+01
-1.802578289310137549e+01 -1.510929665008148604e+01
-1.831209135303894797e+01 -1.700893331502939176e+01
-1.817376896987358847e+01 -1.694186833616975107e+01
-1.807783363262812415e+01 -1.686866950988769531e+01
-1.810516097644964972e+01 -1.456152349942690449e+01
-1.814200181762377539e+01 -1.688735651041006136e+01
-1.801408210148413858e+01 -1.714446971942852116e+01
-1.816511224955320358e+01 -1.698812054968499652e+01
-1.806803604712088784e+01 -1.680853566256436338e+01
-1.823648560047149658e+01 -1.676252342818619212e+01
-1.819474142044782639e+01 -1.703028091826996260e+01
-1.838612203051646432e+01 -1.678116514775660306e+01
-1.828267440199851990e+01 -1.667471385311770860e+01
-1.827362925310929498e+01 -1.576294544764927430e+01
-1.803520011156797409e+01 -1.705610016414097529e+01
-1.812965206056833267e+01 -1.576345823956774339e+01
-1.832781286040941993e+01 -1.701254837234298734e+01
-1.806311805794636527e+01 -1.499288744740671930e+01
-1.830215141177177429e+01 -1.671852810351879626e+01
-1.833968676875035086e+01 -1.563813130267254792e+01
-1.828474806000788888e+01 -1.706431621700138379e+01
-1.836709322532017907e+01 -1.685704720484746133e+01
-1.813071967413027963e+01 -1.673403279193036042e+01
-1.824391951908667764e+01 -1.624422344604095869e+01
-1.785223882210751256e+01 -1.572506749784791680e+01
-1.830777281771103659e+01 -1.611355595774464788e+01
-1.818546942373116693e+01 -1.518646775282822681e+01
-1.807050848255554953e+01 -1.708352786225157871e+01
-1.829595003525416175e+01 -1.627713806598217516e+01
-1.845166394114494324e+01 -1.576327258271056309e+01
-1.821000783890485764e+01 -1.698922652702826852e+01
-1.814588667949040612e+01 -1.719219107442087946e+01
-1.829146069784959039e+01 -1.699643114015653467e+01
-1.827854428688685218e+01 -1.659439804027606868e+01
-1.831377010792493820e+01 -1.682529797492089330e+01
-1.815202801177899161e+01 -1.692454922663701211e+01
-1.856082126498222351e+01 -1.620629887766652288e+01
-1.824468869715929031e+01 -1.678050405328923844e+01
-1.814968007306258002e+01 -1.673753738403320312e+01
-1.835592983166376868e+01 -1.667050949938885651e+01
-1.825755676130453864e+01 -1.697371739226502285e+01
-1.840483079353968421e+01 -1.694080983199082269e+01
-1.820574402809143066e+01 -1.624266987342339164e+01
-1.826147778828938684e+01 -1.712484499696013174e+01
-1.831810310482978821e+01 -1.567240094519280724e+01
-1.844090674817562103e+01 -1.700664229207224665e+01
-1.850339069714148721e+01 -1.686769054462383366e+01
-1.828348938624064246e+01 -1.568469628420743156e+01
-1.835279557853937149e+01 -1.690203193565467643e+01
-1.810758066922426224e+01 -1.550709583232929134e+01
-1.842976221690575400e+01 -1.712874496757209997e+01
-1.831557479004065314e+01 -1.637258405809278727e+01
-1.839082659035921097e+01 -1.701965901758763522e+01
-1.824113153666257858e+01 -1.588944170072481299e+01
-1.826229602098464966e+01 -1.585063229598008228e+01
-1.850940785557031631e+01 -1.596390363767549658e+01
-1.820802484701077262e+01 -1.631151461910891953e+01
-1.858548161635796347e+01 -1.717224917473730983e+01
-1.832804634918769082e+01 -1.714150396569982604e+01
-1.846432132273912430e+01 -1.572696973131848708e+01
-1.859035055339336395e+01 -1.581921904427664671e+01
-1.835928057879209518e+01 -1.616267720755044479e+01
-1.847561664134263992e+01 -1.669983715205997754e+01
-1.845862362533807755e+01 -1.614182394201105453e+01
-1.827996616562207421e+01 -1.675402358909705924e+01
-1.851214630653460702e+01 -1.496329940449107809e+01
-1.834621066351731500e+01 -1.680669626013025209e+01
-1.855363494157791138e+01 -1.630654557958825990e+01
-1.837246548632780829e+01 -1.697153171935638838e+01
-1.838642689337332925e+01 -1.628238632152606868e+01
-1.823310305178165436e+01 -1.726508697906097822e+01
-1.841244719425837317e+01 -1.700184317997523564e+01
-1.838264683385689935e+01 -1.657216177358255749e+01
-1.842311606307824334e+01 -1.673508246533282318e+01
-1.846221279104550561e+01 -1.643431517365690908e+01
-1.836139694104592124e+01 -1.663620811313777637e+01
-1.816114135583241662e+01 -1.680909867720170325e+01
-1.843564823269844055e+01 -1.675485119262298994e+01
-1.807400962710380554e+01 -1.681157146800648050e+01
-1.844505310058593750e+01 -1.584143016864727116e+01
-1.855460130423307419e+01 -1.709953446821732825e+01
-1.824668884774049005e+01 -1.681337428402591172e+01
-1.852899626145760337e+01 -1.636202944718398200e+01
-1.793108951548735419e+01 -1.670171809506106797e+01
-1.828236612925926963e+01 -1.727763862114447946e+01
-1.852077788611252984e+01 -1.658885213926241065e+01
-1.838808280726273736e+01 -1.706590231362875443e+01
-1.856397919108470163e+01 -1.713854171703388118e+01
-1.848887457450230798e+01 -1.708134534761503076e+01
-1.853580485532681266e+01 -1.528907521978601203e+01
-1.834818215419848642e+01 -1.698979131277505417e+01
-1.835697831461827079e+01 -1.680650055872929727e+01
-1.842340273410081863e+01 -1.717048636349764834e+01
-1.850687397768099984e+01 -1.550952423392952184e+01
-1.868902609497308731e+01 -1.601172288671716615e+01
-1.855666998277107993e+01 -1.719400179231321601e+01
-1.853044736136992654e+01 -1.674064425678996315e+01
-1.840708204855521402e+01 -1.673544221110158148e+01
-1.832955555121104041e+01 -1.668003674296589622e+01
-1.855253507693608483e+01 -1.695717436307436543e+01
-1.863577903558810434e+01 -1.717599005513377008e+01
-1.833616241564353189e+01 -1.707902041348544131e+01
-1.842851962645848474e+01 -1.644052474529712171e+01
-1.825727581729491433e+01 -1.662651543803029242e+01
-1.858591110259294510e+01 -1.712114488923704414e+01
-1.850410713007052621e+01 -1.574898152537160101e+01
-1.858821259687344352e+01 -1.708009827601445352e+01
-1.864202241351206979e+01 -1.693098872048514281e+01
-1.850665071109930793e+01 -1.695713747941054450e+01
-1.856426616509755334e+01 -1.672338093101204137e+01
-1.856730754673480988e+01 -1.734629017966134157e+01
-1.865135376900434494e+01 -1.713426026430996885e+01
-1.846954396863778314e+01 -1.614535497690176058e+01
-1.830316978196303168e+01 -1.583651621930010833e+01
-1.863856575389702996e+01 -1.695742530327338571e+01
-1.851747515549262246e+01 -1.558286991367092433e+01
-1.841416016966104507e+01 -1.569381364599450812e+01
-1.857950415213902673e+01 -1.669421728555258255e+01
-1.850922366480032721e+01 -1.664233221326555423e+01
-1.866155242919921875e+01 -1.676215337778066683e+01
-1.842872090637683868e+01 -1.708622393670020045e+01
-1.851637546718120575e+01 -1.674548594982593031e+01
-1.870065862437089166e+01 -1.688653965739460716e+01
-1.870641885449488839e+01 -1.726189652975503463e+01
-1.847228118777275085e+01 -1.707228820354907484e+01
-1.866634525855382165e+01 -1.741723749235078955e+01
-1.850771403436859330e+01 -1.615496208141376400e+01
-1.829935028900702676e+01 -1.644923384777911224e+01
-1.840051353474457940e+01 -1.729312143697367077e+01
-1.857663508504629135e+01 -1.702893815721784421e+01
-1.866396136085192481e+01 -1.656572385267777747e+01
-1.874553940196831903e+01 -1.714178730605484446e+01
-1.854712169617414474e+01 -1.701540268241584997e+01
-1.872378646582365036e+01 -1.548586680672385540e+01
-1.839700080454349518e+01 -1.710160923004150391e+01
-1.860731936246156693e+01 -1.614828833047445755e+01
-1.826445717116196832e+01 -1.580608677554440256e+01
-1.844751627991596976e+01 -1.567471204485211977e+01
-1.862370628118515015e+01 -1.718275823221578236e+01
-1.850965207566817483e+01 -1.689455657810359668e+01
-1.863899761190016946e+01 -1.694909653106293135e+01
-1.864473089575767517e+01 -1.683867401271671582e+01
-1.856043624629576883e+01 -1.691383197090842572e+01
-1.847568145891030511e+01 -1.680345911793894587e+01
-1.875919950256745139e+01 -1.614625803216711120e+01
-1.851653970777988434e+01 -1.677255910402768535e+01
-1.867340288559595862e+01 -1.675893699348747035e+01
-1.868874777108430862e+01 -1.573567295074462891e+01
-1.841672890633344650e+01 -1.593975830078125000e+01
-1.851617376506328583e+01 -1.709183212379356576e+01
-1.871736951917409897e+01 -1.695552537348363131e+01
-1.867097700635592261e+01 -1.690920345504562405e+01
-1.877045784890651703e+01 -1.678862425568815908e+01
-1.875582698235909263e+01 -1.704179208928888656e+01
-1.865820180624723434e+01 -1.698080931081400280e+01
-1.868278652429580688e+01 -1.711751807819713278e+01
-1.848630255460739136e+01 -1.653044882687655459e+01
-1.891384296367565909e+01 -1.662213072838721217e+01
-1.869407568623622140e+01 -1.633650113390637770e+01
-1.871127412716547767e+01 -1.534824954689323206e+01
-1.859801546732584754e+01 -1.699088603180724277e+01
-1.867765162885189056e+01 -1.713101442758139115e+01
-1.872987179706494132e+01 -1.684050374216847601e+01
-1.870392539848883828e+01 -1.685750420062572985e+01
-1.872754546006520471e+01 -1.713419965025666514e+01
-1.849050077299277106e+01 -1.734323039612212725e+01
-1.869840301573276520e+01 -1.527785557585877285e+01
-1.870396400739749154e+01 -1.673239078769436006e+01
-1.864483625938494882e+01 -1.714195227932620469e+01
-1.852675315241019049e+01 -1.636713390845757132e+01
-1.853636584679285804e+01 -1.668814334621677276e+01
-1.860732645789782325e+01 -1.635897900222183665e+01
-1.855318736781676492e+01 -1.723906455101904811e+01
-1.858519072830677032e+01 -1.726569474207890664e+01
-1.845373663554589072e+01 -1.712895238554322930e+01
-1.875972031305233756e+01 -1.670051172182157373e+01
-1.852727413674195489e+01 -1.631497101969533148e+01
-1.869619216769933701e+01 -1.502091688924021540e+01
-1.851993151505788049e+01 -1.642787527109121370e+01
-1.861304123699665070e+01 -1.683856322548606244e+01
-1.873780107994874200e+01 -1.531001598804028063e+01
-1.855639549096425256e+01 -1.700861872635878669e+01
-1.863480809579293052e+01 -1.710954349071948499e+01
-1.880357569456100464e+01 -1.705407893193232383e+01
-1.873318812499443808e+01 -1.724446414353011647e+01
-1.850792671740055084e+01 -1.704383274177452279e+01
-1.875911674648523331e+01 -1.717123899831400280e+01
-1.892010665933291236e+01 -1.722166945717551556e+01
-1.858758132159709930e+01 -1.731753234120158425e+01
-1.861333829412857810e+01 -1.640898069158777162e+01
-1.838352713982264319e+01 -1.692701723668482572e+01
-1.829195128629605094e+01 -1.414089506322687306e+01
-1.860299615065256873e+01 -1.608827775484555644e+01
-1.873995534827311715e+01 -1.441947923387799868e+01
-1.866409066567818442e+01 -1.635035425656801777e+01
-1.880900874733924866e+01 -1.716146445583987656e+01
-1.865877916663885117e+01 -1.726119230939196214e+01
-1.875253643095493317e+01 -1.639430212045644808e+01
-1.856091511746247491e+01 -1.698263394987428399e+01
-1.892537028094132623e+01 -1.725838485321441240e+01
-1.879921874403953552e+01 -1.710422754906988629e+01
-1.878411715726057807e+01 -1.653251469599736367e+01
-1.877252443879842758e+01 -1.676395234194668760e+01
-1.869971654812495032e+01 -1.677686830000443763e+01
-1.883515034367640695e+01 -1.701088480515913659e+01
-1.875109424938758096e+01 -1.661427501579383659e+01
-1.873125428706407547e+01 -1.716867619056206351e+01
-1.845228214313586435e+01 -1.686480743854076891e+01
-1.866732840985059738e+01 -1.718414889992057581e+01
-1.862313555429379264e+01 -1.536558047207918953e+01
-1.873740388949711999e+01 -1.659612800548602962e+01
-1.873688299208879471e+01 -1.696697541026325950e+01
-1.870181246598561486e+01 -1.708315909992564841e+01
-1.883321634431679925e+01 -1.715045239089371165e+01
-1.869632134089867392e+01 -1.675071245664125996e+01
-1.855699630081653595e+01 -1.688377053397042360e+01
-1.853693159669637680e+01 -1.689015190322677640e+01
-1.884401941796143731e+01 -1.689273828035825176e+01
-1.865750217437744141e+01 -1.629315910091647979e+01
-1.889351130276918411e+01 -1.696368636094130622e+01
-1.871238591273625573e+01 -1.700809309080049658e+01
-1.856160542120536050e+01 -1.682832004497577572e+01
-1.873401431242625037e+01 -1.619252609896969375e+01
-1.881655397017796716e+01 -1.679130482364010390e+01
-1.876095228145520011e+01 -1.652943306464653617e+01
-1.885804193963607034e+01 -1.663965169485513229e+01
-1.889259600887696067e+01 -1.543128170905175089e+01
-1.868939631183942041e+01 -1.665532778455065355e+01
-1.874703858792781830e+01 -1.700780446188790407e+01
-1.886326612532138824e+01 -1.699986782321682099e+01
-1.892508875330289086e+01 -1.718198857988630124e+01
-1.871634996682405472e+01 -1.617438186298717184e+01
-1.864288351684808731e+01 -1.734550812956574717e+01
-1.866160062203804770e+01 -1.734038588288542471e+01
-1.868722483267386636e+01 -1.703176798139299564e+01
-1.880640246967474738e+01 -1.636015394136503076e+01
-1.888103711853424826e+01 -1.697179567659055976e+01
-1.883014885584513465e+01 -1.719540651742514115e+01
-1.892377665390570840e+01 -1.737103835019198428e+01
-1.885603328794240952e+01 -1.691580383498947171e+01
-1.868511327604452887e+01 -1.693699842923647481e+01
-1.874649618814389029e+01 -1.698382354092288438e+01
-1.889545720567305764e+01 -1.636096013056767617e+01
-1.886054415007432183e+01 -1.704598044110582933e+01
-1.878005223721265793e+01 -1.723269785843886481e+01
-1.887504873176415643e+01 -1.685029332049481354e+01
-1.871690669159094611e+01 -1.609086920998313275e+01
-1.913077924648920813e+01 -1.634257036679750996e+01
-1.867736988017956534e+01 -1.648532807981813164e+01
-1.893906714518864831e+01 -1.740055850883582877e+01
-1.893653782208760461e+01 -1.654943130542705632e+01
-1.898865170776844025e+01 -1.710784923256217738e+01
-1.892207927753527841e+01 -1.581754067656281748e+01
-1.885254089534282684e+01 -1.698745077306574203e+01
-1.876602507879336557e+01 -1.540799818410501842e+01
-1.895815179000298301e+01 -1.663336888845864792e+01
-1.879500200847784797e+01 -1.684940605658989554e+01
-1.877212587992350379e+01 -1.649152992298076725e+01
-1.866615379105011741e+01 -1.693902767478645544e+01
-1.892526432871818542e+01 -1.718255279590557194e+01
-1.897637792428334436e+01 -1.693482946420644808e+01
-1.875142709910869598e+01 -1.653080760658561488e+01
-1.873070976634820184e+01 -1.719144952452028008e+01
-1.898275578767061234e+01 -1.666645377022879515e+01
-1.867372636993725976e+01 -1.720252278563264170e+01
-1.911120751003424445e+01 -1.706714101271195716e+01
-1.861319962888956070e+01 -1.682031144724263783e+01
-1.850711156179507455e+01 -1.705877164122346201e+01
-1.842127769502500811e+01 -1.705374098443365583e+01
-1.885367552191019058e+01 -1.674274037101051960e+01
-1.884205775459607324e+01 -1.714488643794864942e+01
-1.886248758931954583e+01 -1.679450295188210163e+01
-1.915689624597628793e+01 -1.641960916890726452e+01
-1.876802718887726584e+01 -1.535849947743601618e+01
-1.896079191068808356e+01 -1.667796806236366081e+01
-1.904699393858512124e+01 -1.636398132126052829e+01
-1.869150345772504807e+01 -1.685476747735754088e+01
-1.876815923303365707e+01 -1.693722999870002965e+01
-1.892090692619482795e+01 -1.615126360856093513e+01
-1.886063804229100427e+01 -1.625664942605154906e+01
-1.900325754533211509e+01 -1.727974808680546914e+01
-1.891827490677436074e+01 -1.635869562471067695e+01
-1.874361559003591537e+01 -1.677703682788006745e+01
-1.871576465914646903e+01 -1.687017855706152858e+01
-1.889852474878231803e+01 -1.676746660703188496e+01
-1.895344667074580869e+01 -1.694635416006113005e+01
-1.897380977869033813e+01 -1.671649844925125095e+01
-1.890291743725538254e+01 -1.716317988061285504e+01
-1.876802211254835129e+01 -1.637606179869020195e+01
-1.890098385512828827e+01 -1.710371735808137217e+01
-1.890475626289844513e+01 -1.678264583240855856e+01
-1.898406156152486801e+01 -1.691135651724679079e+01
-1.903072534253199777e+01 -1.720360629589526624e+01
-1.872128643840551376e+01 -1.673586906086314841e+01
-1.908939097557837883e+01 -1.718997765825940505e+01
-1.920369369288285455e+01 -1.670755605573777913e+01
-1.872217788050572196e+01 -1.619588388715471439e+01
-1.894015639275312424e+01 -1.722631401210636426e+01
-1.902676727374394616e+01 -1.565065880564900169e+01
-1.894955658912658691e+01 -1.571735445245519891e+01
-1.881978795677423477e+01 -1.631149855527010928e+01
-1.900974816580613336e+01 -1.687500613076346312e+01
-1.884312283247709274e+01 -1.638098815818885612e+01
-1.897068895647923270e+01 -1.721962793771322708e+01
-1.893111209074656287e+01 -1.639382927139083890e+01
-1.866954295337200165e+01 -1.723484071508630677e+01
-1.903955592215061188e+01 -1.586654155285327406e+01
-1.875110569099585334e+01 -1.715279198931409255e+01
-1.884697986642519751e+01 -1.633090330099130583e+01
-1.883492879321177682e+01 -1.678306651425052110e+01
-1.914137372871239862e+01 -1.713861815960376234e+01
-1.904297460367282113e+01 -1.596618547068013783e+01
-1.901078312098979950e+01 -1.640575208292379017e+01
-1.877659121155738831e+01 -1.716447254279991341e+01
-1.893785343567530433e+01 -1.593141253582842864e+01
-1.876382860292990884e+01 -1.578671807128113613e+01
-1.877170075476169586e+01 -1.573143440097957502e+01
-1.899047853797674179e+01 -1.708256867644074717e+01
-1.899273618062337121e+01 -1.721390019453965081e+01
-1.898126170039176941e+01 -1.725007415127444688e+01
-1.895007155587275705e+01 -1.683682486298796377e+01
-1.915483437975247583e+01 -1.665883651337066240e+01
-1.916754507273435593e+01 -1.710598216118750514e+01
-1.905571324129899224e+01 -1.695111105039522315e+01
-1.869278036057949066e+01 -1.703127172395780420e+01
-1.874126603205998620e+01 -1.690778759547642451e+01
-1.882320285836855689e+01 -1.734256644063181696e+01
-1.890551019459962845e+01 -1.704364618078454896e+01
-1.902483194818099221e+01 -1.558186823361879902e+01
-1.875878271212180337e+01 -1.710656745712478610e+01
-1.881704260408878326e+01 -1.680367314970338555e+01
-1.911207186430692673e+01 -1.679073680530894919e+01
-1.894211676965157309e+01 -1.748277861112124043e+01
-1.907001498589913169e+01 -1.680372462334570827e+01
-1.901081069062153617e+01 -1.718600752446558744e+01
-1.904327730089426041e+01 -1.748826539671266289e+01
-1.889497891565163812e+01 -1.668286851164582529e+01
-1.927725997567176819e+01 -1.671584990117457181e+01
-1.891924567272265634e+01 -1.699792121292708913e+01
-1.893875557184219360e+01 -1.682763026596663991e+01
-1.904878239333629608e+01 -1.730450126102992314e+01
-1.890348565081755439e+01 -1.543606806420660682e+01
-1.880986692508061608e+01 -1.685153787786310531e+01
-1.870988341917594155e+01 -1.630784484318324346e+01
-1.884922278424103936e+01 -1.709414291381835938e+01
-1.894870334118604660e+01 -1.704204358683004017e+01
-1.903863872090975562e+01 -1.650347213001994362e+01
-1.905438370878497878e+01 -1.729151980907885999e+01
-1.888983610769112786e+01 -1.669355136078673496e+01
-1.919894605378310004e+01 -1.671209160693280182e+01
-1.894849849864840508e+01 -1.714394887701257630e+01
-1.919067690397302428e+01 -1.674599266052246094e+01
-1.913012496692438802e+01 -1.681788264931022425e+01
-1.905618215352296829e+01 -1.725659982260171432e+01
-1.901462215930223465e+01 -1.670959159306117314e+01
-1.907700537890195847e+01 -1.711035339553634671e+01
-1.898135906706253806e+01 -1.656642824643618184e+01
-1.893383276214202127e+01 -1.669418767210725107e+01
-1.917036209752162179e+01 -1.634821582150149766e+01
-1.898753387232621392e+01 -1.700291923423866081e+01
-1.912465101977189263e+01 -1.718812660118202018e+01
-1.912739788740873337e+01 -1.663766966237650280e+01
-1.847559490861992160e+01 -1.657687034854641084e+01
-1.901313355068365851e+01 -1.729617761636709261e+01
-1.925880150993664941e+01 -1.680797962089637565e+01
-1.910732837518056115e+01 -1.707887742426488131e+01
-1.907454599688450614e+01 -1.699010605007023145e+01
-1.909170586615800858e+01 -1.572715787763719497e+01
-1.914539648592472076e+01 -1.581278743991604152e+01
-1.909958773851394653e+01 -1.696604254338648587e+01
-1.922604146103064338e+01 -1.702238455685702334e+01
-1.912229334066311637e+01 -1.721489829521674508e+01
-1.898644365618626395e+01 -1.734713343830851784e+01
-1.889742841571569443e+01 -1.716210111395105287e+01
-1.911533260842164239e+01 -1.730106961881959649e+01
-1.912981604288021842e+01 -1.730115386417933721e+01
-1.905149618287881097e+01 -1.676892357367973929e+01
-1.916565699627001962e+01 -1.731981844716257868e+01
-1.903503438333670417e+01 -1.715352579835173330e+01
-1.914248010267813882e+01 -1.671424423564564066e+01
-1.912983458489179611e+01 -1.623782461339777328e+01
-1.917424291372299194e+01 -1.726368589525099040e+01
-1.920863011976083001e+01 -1.644345131168117646e+01
-1.899324522664149484e+01 -1.727606464980484446e+01
-1.914799000322818756e+01 -1.692340408671985941e+01
-1.919642296433448792e+01 -1.694202317819966908e+01
-1.905389967312415322e+01 -1.620190264961936322e+01
-1.889723860224087915e+01 -1.689498132235043926e+01
-1.898498866458733758e+01 -1.716024486739913968e+01
-1.903021758794784546e+01 -1.726662909520136679e+01
-1.903364989658196649e+01 -1.680028345677759916e+01
-1.875207781046628952e+01 -1.687039977234679355e+01
-1.913756108283996582e+01 -1.649491431496360150e+01
-1.928886620203654090e+01 -1.717254533396138783e+01
-1.908143675824006280e+01 -1.697162743357868919e+01
-1.914674035459756851e+01 -1.631561889896144990e+01
-1.898673126349846640e+01 -1.752726226658015918e+01
-1.923869647830724716e+01 -1.664286401674344873e+01
-1.921172129362821579e+01 -1.681732181449989127e+01
-1.880059386044740677e+01 -1.608304308606432542e+01
-1.914463510115941247e+01 -1.657914488656180296e+01
-1.899639960875113687e+01 -1.689100860001205007e+01
-1.904626987874507904e+01 -1.739710090686748600e+01
-1.914246433973312378e+01 -1.709575048669591979e+01
-1.908213235189517221e+01 -1.728420217935141068e+01
-1.924157483875751495e+01 -1.685647949615082197e+01
-1.919261983285347739e+01 -1.625438391697871054e+01
-1.892338873942692956e+01 -1.719636798214602891e+01
-1.911226794372002402e+01 -1.703994929326044883e+01
-1.914329667389392853e+01 -1.687945193748969430e+01
-1.917840657134850701e+01 -1.731701081758969707e+01
-1.901779821515083313e+01 -1.719639361988414450e+01
-1.893311331669489661e+01 -1.656586684189833747e+01
-1.899700401226679602e+01 -1.715929016509613447e+01
-1.917981143792470178e+01 -1.620062683155010319e+01
-1.916491167992353439e+01 -1.717815841328014059e+01
-1.926229841013749322e+01 -1.553175775106851120e+01
-1.905120326081911841e+01 -1.718660775717202682e+01
-1.922053518394629279e+01 -1.659491740883170863e+01
-1.899758524199326715e+01 -1.665577990048891621e+01
-1.926986789206663886e+01 -1.717701910687731370e+01
-1.912576204041640082e+01 -1.712467488375576963e+01
-1.924895019580920419e+01 -1.709619540672797555e+01
-1.886513378471136093e+01 -1.731578342635910062e+01
-1.910470329225063324e+01 -1.602021696660425931e+01
-1.936955061058203498e+01 -1.693178396101121663e+01
-1.910229204595088959e+01 -1.573501972099403368e+01
-1.906494894623756409e+01 -1.722800403446345996e+01
-1.922801626722018042e+01 -1.716619803688742962e+01
-1.917612954974174500e+01 -1.697771836565686598e+01
-1.927519566565752029e+01 -1.727399932564079066e+01
-1.889167138934135437e+01 -1.558252857257793522e+01
-1.921460036685069284e+01 -1.686151993739140664e+01
-1.916049407670895377e+01 -1.703491558966698705e+01
-1.918528428673744202e+01 -1.669566533472630709e+01
-1.924451692899068078e+01 -1.716679324112929450e+01
-1.912532052894433221e+01 -1.675278943544858379e+01
-1.927504024157921592e+01 -1.706569862365722656e+01
-1.920844530810912332e+01 -1.661480134493344707e+01
-1.907007495313882828e+01 -1.726367032682740899e+01
-1.927392866214116296e+01 -1.723501190581879072e+01
-1.936793792992830276e+01 -1.725997547050575065e+01
-1.917052308221657952e+01 -1.706266380904556712e+01
-1.916453834871451178e+01 -1.650817469807414284e+01
-1.920049353440602502e+01 -1.732528478449041032e+01
-1.916194603095452109e+01 -1.655256289940375680e+01
-1.901839900513489923e+01 -1.619171758131547278e+01
-1.907850435872872552e+01 -1.704463468279157468e+01
-1.913950328777233878e+01 -1.751933572199437350e+01
-1.904609234879414359e+01 -1.701275258250050726e+01
-1.878519695748885354e+01 -1.738111238355760335e+01
-1.942430771887302399e+01 -1.687568185236546725e+01
-1.909679339577754220e+01 -1.660056913053834649e+01
-1.913429115215937415e+01 -1.725341790682309551e+01
-1.919897028803825378e+01 -1.764560654875520029e+01
-1.938444195439418039e+01 -1.741651838476007796e+01
-1.929284382363160333e+01 -1.719981871022806530e+01
-1.905365212261676788e+01 -1.679675423015247659e+01
-1.922921799868345261e+01 -1.683393087015523548e+01
-1.917104532321294030e+01 -1.684156197386902676e+01
-1.901650495330492774e+01 -1.737305281998275319e+01
-1.918106296658515930e+01 -1.618836272846568747e+01
-1.915544590602318564e+01 -1.538066434240960412e+01
-1.937715699523687363e+01 -1.737063893404873838e+01
-1.925206661224365234e+01 -1.717833271274318818e+01
-1.924782267461220542e+01 -1.676461652037385264e+01
-1.931160855293273926e+01 -1.655293036126471051e+01
-1.919880011926094809e+01 -1.561463079824076061e+01
-1.928614147255818168e+01 -1.717124552540964899e+01
-1.922965105623006821e+01 -1.725674993341619157e+01
-1.913571335126956185e+01 -1.653680722125164948e+01
-1.915029915670553962e+01 -1.737444556843150778e+01
-1.928936736285686493e+01 -1.666228758824335898e+01
-1.922980229556560516e+01 -1.687508654904056016e+01
-1.873072116822004318e+01 -1.705671231158368073e+01
-1.898285179476564011e+01 -1.701370219441203346e+01
-1.906504810104767600e+01 -1.707291435885738906e+01
-1.914677078276872635e+01 -1.548877159960858307e+01
-1.911533702164888382e+01 -1.739062433118943929e+01
-1.944070974737405777e+01 -1.703847436781053304e+01
-1.923857123653094092e+01 -1.612554106774268092e+01
-1.920972031354904175e+01 -1.662815538629308776e+01
-1.931730282058318338e+01 -1.615431132873931475e+01
-1.928861048569281778e+01 -1.685747196147968197e+01
-1.937672837326924125e+01 -1.715923664786598835e+01
-1.923957099517186364e+01 -1.694885312117539300e+01
-1.928574245919783792e+01 -1.726251094372241468e+01
-1.935488065083821496e+01 -1.674047885003027858e+01
-1.920956955105066299e+01 -1.709484935116458360e+01
-1.937987056622902671e+01 -1.725948716448499098e+01
-1.932036126156647882e+01 -1.720366989482532816e+01
-1.938849360495805740e+01 -1.700302655356270876e+01
-1.917227192968130112e+01 -1.741375026455173369e+01
-1.914952953159809113e+01 -1.723496111337240677e+01
-1.910838411251704017e+01 -1.675447503622476120e+01
-1.942461503545443335e+01 -1.719175737554376937e+01
-1.928232358147700509e+01 -1.661195840464009876e+01
-1.936382836103439331e+01 -1.701657847615031471e+01
-1.955098636696736136e+01 -1.712589888139204675e+01
-1.905407777925332269e+01 -1.719799330327418119e+01
-1.937240037322044373e+01 -1.691571911898526182e+01
-1.919548030942678452e+01 -1.697923449726847878e+01
-1.949826706945896149e+01 -1.652659386473816738e+01
-1.924417495230833808e+01 -1.723074138938606481e+01
-1.932830716421206674e+01 -1.710385988904284105e+01
-1.937103367348511895e+01 -1.726893257785152969e+01
-1.913763697197039804e+01 -1.594693899773932166e+01
-1.920178849001725396e+01 -1.744964403920359430e+01
-1.929459812740484992e+01 -1.716761631160587598e+01
-1.939345285793145379e+01 -1.703965386477383603e+01
-1.942959457635879517e+01 -1.708671791522533923e+01
-1.940146603931983194e+01 -1.602633762359619141e+01
-1.946166191498438636e+01 -1.680026127456070384e+01
-1.919181699554125586e+01 -1.715708322648878337e+01
-1.955899684131145477e+01 -1.628834219102735759e+01
-1.939919059971968451e+01 -1.641087321491984596e+01
-1.936863919595877448e+01 -1.708769420524696159e+01
-1.917390584945678711e+01 -1.647003983832025042e+01
-1.937044062465429306e+01 -1.712184300360741673e+01
-1.943135574460029602e+01 -1.667360461841930075e+01
-1.932608101765314856e+01 -1.690853396329012881e+01
-1.913488212476174155e+01 -1.701400725872485609e+01
-1.935514082014560699e+01 -1.708152285489169131e+01
-1.935299082845449448e+01 -1.703111239842005986e+01
-1.931943719089031219e+01 -1.712583884945163604e+01
-1.945833503206570825e+01 -1.683032615463455173e+01
-1.921432185421387473e+01 -1.689936366638579912e+01
-1.945275936027367791e+01 -1.733592048248687334e+01
-1.945940837015708169e+01 -1.676232642632026071e+01
-1.940673978130022803e+01 -1.683007460755187168e+01
-1.930953752497832099e+01 -1.666587824635691462e+01
-1.928091805676619330e+01 -1.658249547884061670e+01
-1.940440932909647742e+01 -1.708908020366321878e+01
-1.937034706523020944e+01 -1.639338432658802347e+01
-1.942593335360288620e+01 -1.665569426796653119e+01
-1.925618809213240823e+01 -1.575323319125485177e+01
-1.929090014348427573e+01 -1.708336657982367868e+01
-1.945206304639577866e+01 -1.730147660243046914e+01
-1.926316697274645051e+01 -1.700679085471413288e+01
-1.945019433895746985e+01 -1.675410201332785931e+01
-1.950859319170315942e+01 -1.686048565901718987e+01
-1.935537543892860413e+01 -1.634706780817601413e+01
-1.935145464291175088e+01 -1.657493624749121608e+01
-1.945225162804126740e+01 -1.725915936061314326e+01
-1.928328819572925568e+01 -1.697045477334555130e+01
-1.925141499936580658e+01 -1.681991421092640238e+01
-1.933170843372742453e+01 -1.677474270857773675e+01
-1.941951889296372613e+01 -1.714112933270342864e+01
-1.951401670277118683e+01 -1.706844308778837060e+01
-1.926934368908405304e+01 -1.730151645858566312e+01
-1.940103750427563867e+01 -1.730049615092091742e+01
-1.925819725791613379e+01 -1.609062734826818541e+01
-1.938813214500745019e+01 -1.694559834220192585e+01
-1.914354214320580283e+01 -1.693854303483839274e+01
-1.931339724610249320e+01 -1.700555984695236234e+01
-1.923875357707341394e+01 -1.671570318395441390e+01
-1.948173953096071997e+01 -1.640602888379778079e+01
-1.938532949735720834e+01 -1.653257403435645045e+01
-1.967951401571432868e+01 -1.680170166956914102e+01
-1.921306399752696237e+01 -1.650040754095300599e+01
-1.933142940203348914e+01 -1.733434357581200658e+01
-1.964179479330778122e+01 -1.661864311664135485e+01
-1.934951528658469400e+01 -1.730101579195493144e+01
-1.936205078909794608e+01 -1.700386597274185618e+01
-1.956810376544793328e+01 -1.696597816417743587e+01
-1.927579857409000397e+01 -1.645419315239051627e+01
-1.938388625035683432e+01 -1.597944819462763810e+01
-1.910545744250218192e+01 -1.719362138772939730e+01
-1.955071191489696503e+01 -1.440859653423358822e+01
-1.934937778611977777e+01 -1.658162570309329453e+01
-1.939525173604488373e+01 -1.698989388849827975e+01
-1.952000961204369744e+01 -1.690562785755504294e+01
-1.938580859204133233e+01 -1.740061892472304450e+01
-1.897514530022938928e+01 -1.686280222062940837e+01
-1.933739709357420722e+01 -1.609032767159598265e+01
-1.962401928504307946e+01 -1.728680079323904906e+01
-1.932940773665904999e+01 -1.673386754618062611e+01
-1.944987619171540061e+01 -1.702942801141119489e+01
-1.951271831989288330e+01 -1.678770376180673551e+01
-1.950842363138993463e+01 -1.711256857042188884e+01
-1.963741485526164254e+01 -1.732815955521224538e+01
-1.950397946933905402e+01 -1.551349950765634489e+01
-1.944600886354843894e+01 -1.665635302159693509e+01
-1.953333867589632789e+01 -1.698125487488585605e+01
-1.935079197585582733e+01 -1.704695961692116413e+01
-1.939722919464111328e+01 -1.698058696845909310e+01
-1.954412132998307428e+01 -1.543323358312829718e+01
-1.935899344086647034e+01 -1.697564790155980319e+01
-1.957174194852511206e+01 -1.693859274975665130e+01
-1.933362762878338614e+01 -1.713841917607691556e+01
-1.933693383385737619e+01 -1.735088345911595553e+01
-1.929446806261936942e+01 -1.709698135821850329e+01
-1.933170028030872345e+01 -1.674588073383678122e+01
-1.953113197783629218e+01 -1.690622795402229528e+01
-1.940481939911842346e+01 -1.659125730588838721e+01
-1.931838591645161429e+01 -1.690653426925857516e+01
-1.941118809084097663e+01 -1.709066216357342682e+01
-1.954593321432669839e+01 -1.654777098321295270e+01
-1.945914188275734702e+01 -1.696799180414769381e+01
-1.947779036810000619e+01 -1.689456107399680462e+01
-1.947839032858610153e+01 -1.681767498363148050e+01
-1.948254700253407279e+01 -1.586270162656709815e+01
-1.962165823082129279e+01 -1.687051567473968916e+01
-1.926114137470722198e+01 -1.706941064611658021e+01
-1.940428251524766168e+01 -1.642666832812420807e+01
-1.962151878575484076e+01 -1.703880613500421859e+01
-1.946224701652924338e+01 -1.674551490684608268e+01
-1.943067909777164459e+01 -1.731286739993404922e+01
-1.947152402251958847e+01 -1.679172076188124763e+01
-1.949430398394664010e+01 -1.705570821638231038e+01
-1.918457729369401932e+01 -1.667942567305131263e+01
-1.944904930392901221e+01 -1.680505851646522331e+01
-1.951074327528476715e+01 -1.717676047535685768e+01
-1.942200845976670465e+01 -1.699199453576818541e+01
-1.956586389243602753e+01 -1.694835229353471107e+01
-1.931674053519964218e+01 -1.666902561930866966e+01
-1.934960245837767800e+01 -1.696242494706983805e+01
-1.926868079106013099e+01 -1.667862863664503337e+01
-1.952360725899537286e+01 -1.671268647676938457e+01
-1.948113748182852945e+01 -1.683251702940309258e+01
-1.949216214567422867e+01 -1.609312211073838128e+01
-1.949299696584542474e+01 -1.669038333521260853e+01
-1.957699810465176782e+01 -1.680026822275929632e+01
-1.933283980935811996e+01 -1.726308041114311820e+01
-1.923675180971622467e+01 -1.544322354452950563e+01
-1.935224166264136514e+01 -1.724190863076742630e+01
-1.946683264523744583e+01 -1.701936360148640404e+01
-1.943787145862976828e+01 -1.683799355989926738e+01
-1.957079554845889291e+01 -1.723426701186539134e+01
-1.900355729181319475e+01 -1.697019849504743405e+01
-1.929700840885440627e+01 -1.725870537448238906e+01
-1.940984704593817511e+01 -1.719017797940737324e+01
-1.928954043487707892e+01 -1.545759609767368836e+01
-1.929539214819669724e+01 -1.711899714036421472e+01
-1.961161670088768005e+01 -1.721049737311028949e+01
-1.950925115495920181e+01 -1.673158139067810879e+01
-1.950250057131052017e+01 -1.664771018090186061e+01
-1.928792787839968881e+01 -1.684273126527860498e+01
-1.942060774068037787e+01 -1.724428563303761663e+01
-1.966211705406506738e+01 -1.748251968235164355e+01
-1.959223221987485886e+01 -1.698123732480135928e+01
-1.941619740426540375e+01 -1.717275396569982604e+01
-1.952562931428353110e+01 -1.682159392864673109e+01
-1.955410807828108588e+01 -1.691750179637562113e+01
-1.942260676622390747e+01 -1.712884016160841227e+01
-1.941696323951085290e+01 -1.710010533518605413e+01
-1.945656895637512207e+01 -1.687795403715852061e+01
-1.955227198203404626e+01 -1.698081931820163604e+01
-1.955181432763735572e+01 -1.712708099167068454e+01
-1.940560491134722909e+01 -1.698225762008072337e+01
-1.962493782242139062e+01 -1.613818020015568067e+01
-1.935640643785397330e+01 -1.718386105128697139e+01
-1.949920973678429803e+01 -1.637246290429845885e+01
-1.964818949997425079e+01 -1.663715714293640957e+01
-1.949393845597903052e+01 -1.652288940974644404e+01
-1.956561328719059745e+01 -1.679617735627409658e+01
-1.945006240407625953e+01 -1.716426215233740749e+01
-1.947818988064924994e+01 -1.647225320494020195e+01
-1.951534445087115088e+01 -1.642414488111223392e+01
-1.956135634829600534e+01 -1.697547723101331130e+01
-1.941301951805750647e+01 -1.698073818157245540e+01
-1.918917397658030310e+01 -1.711400693422788066e+01
-1.959144524236520013e+01 -1.718980105511553802e+01
-1.929592179631193360e+01 -1.559389022728065477e+01
-1.935940797875325003e+01 -1.726562548302984723e+01
-1.935010044152538100e+01 -1.695615367146281471e+01
-1.940261656294266501e+01 -1.558960068690312362e+01
-1.932784109562635422e+01 -1.687469198796656400e+01
-1.947346196571985999e+01 -1.709694925531164245e+01
-1.957199319203694543e+01 -1.575788136271687279e+01
-1.961190591255823890e+01 -1.681538081478763047e+01
-1.965574792275826255e+01 -1.664579699875472585e+01
-1.931089736521244049e+01 -1.712265652495545254e+01
-1.961285437643527985e+01 -1.685522002678412790e+01
-1.981575518846511841e+01 -1.669590793956409769e+01
-1.956107284625371179e+01 -1.658386584690638799e+01
-1.948805632938941201e+01 -1.621639750839828054e+01
-1.954709536085526267e+01 -1.581079216746540794e+01
-1.953046067555745324e+01 -1.690818306068321419e+01
-1.961249590168396750e+01 -1.563231395126937251e+01
-1.947938958058754721e+01 -1.714573640947218180e+01
-1.960651472955942154e+01 -1.693008931890710755e+01
-1.962719572087128839e+01 -1.711360543734067363e+01
-1.957226500163475791e+01 -1.652679790150035544e+01
-1.976001908878485480e+01 -1.599325983864920531e+01
-1.944876129180192947e+01 -1.569321468898228211e+01
-1.936714725693066796e+01 -1.716795980775511055e+01
-1.961088046183188638e+01 -1.639076058276287995e+01
-1.945070556799570838e+01 -1.704189389711850566e+01
-1.962947567800680915e+01 -1.724008210912927552e+01
-1.954306914905707160e+01 -1.684658704485212155e+01
-1.958695921798546991e+01 -1.734894777273202848e+01
-1.956454360733429709e+01 -1.673280792731743460e+01
-1.940663769841194153e+01 -1.712162136721920547e+01
-1.960431253165006638e+01 -1.719589573996407594e+01
-1.969451361894607544e+01 -1.662838811378974313e+01
-1.953656917065382004e+01 -1.712917300633021611e+01
-1.949205319583415985e+01 -1.703729449928581019e+01
-1.964003769556681434e+01 -1.700644863425911169e+01
-1.979468474288781366e+01 -1.711141027723039798e+01
-1.952917838096618652e+01 -1.630051846937699622e+01
-1.964733408888180932e+01 -1.678574436980408535e+01
-1.961624192198117456e+01 -1.704588833102932099e+01
-1.964543168246746063e+01 -1.716221990213765736e+01
-1.960915016382932663e+01 -1.695000208817519294e+01
-1.957247775793075562e+01 -1.710006367076526956e+01
-1.961724308878183365e+01 -1.658214077392181807e+01
-1.966539623836676398e+01 -1.735691709642286540e+01
-1.955431111156940460e+01 -1.660981121310939912e+01
-1.939746486147244653e+01 -1.673295525142124873e+01
-1.935980339845021447e+01 -1.694247025328797207e+01
-1.965824118504921714e+01 -1.703111284429376937e+01
-1.970416117459535599e+01 -1.721646851378601895e+01
-1.960717146098613739e+01 -1.555219023568289671e+01
-1.977455500264962396e+01 -1.676457978533460036e+01
-1.947086815784374991e+01 -1.727627222878592406e+01
-1.958667928725481033e+01 -1.719744341714041624e+01
-1.955364277462164679e+01 -1.708984201604669906e+01
-1.961709279318650445e+01 -1.707042550421380511e+01
-1.959794712811708450e+01 -1.709083496440540628e+01
-1.982522005339463433e+01 -1.653581294765720244e+01
-1.966626823693513870e+01 -1.613918570729045143e+01
-1.957498249411582947e+01 -1.684152676223160228e+01
-1.942048032830158988e+01 -1.722333891980059661e+01
-1.960385524233182153e+01 -1.698508672590379476e+01
-1.976320485273997107e+01 -1.617696586212554521e+01
-1.953749625384807587e+01 -1.689875227445131856e+01
-1.939038033038377762e+01 -1.694275935284503021e+01
-1.932681284348170081e+01 -1.703119602451076631e+01
-1.947079411894083023e+01 -1.707032739961302070e+01
-1.961687161276737967e+01 -1.691213846825933942e+01
-1.971329229076703271e+01 -1.728191586283894310e+01
-1.960803152372439584e+01 -1.647348976135253906e+01
-1.950063347071409225e+01 -1.704040410921171045e+01
-1.944153005381425103e+01 -1.697088510339910172e+01
-1.973174570004145423e+01 -1.532934687973616938e+01
-1.988116073360045633e+01 -1.697783684420895156e+01
-1.956800858676433563e+01 -1.731583255916446973e+01
-1.967360622435808182e+01 -1.509277309070933981e+01
-1.948842755705118179e+01 -1.699937064926345798e+01
-1.953075569868087769e+01 -1.722051805025571269e+01
-1.937456168234348297e+01 -1.680319118499755859e+01
-1.930585699776808539e+01 -1.694527858882755567e+01
-1.964626656224330148e+01 -1.675564258129565687e+01
-1.964620082577069482e+01 -1.668856596017812777e+01
-1.965751388172308722e+01 -1.526060711873042131e+01
-1.959430366257826606e+01 -1.689461285727364626e+01
-1.985879934330781182e+01 -1.699456622383811322e+01
-1.932376994440953055e+01 -1.654583348856343861e+01
-1.966159076988697052e+01 -1.665952766715706090e+01
-1.950092435628175735e+01 -1.612772696358817015e+01
-1.947629978259404382e+01 -1.720914876615846367e+01
-1.968492968380451202e+01 -1.700778454619568691e+01
-1.963023571421702584e+01 -1.706155907024036722e+01
-1.965415996313095093e+01 -1.652919869608693304e+01
-1.987041037281354150e+01 -1.698087094046852741e+01
-1.983559659620125970e+01 -1.691690736002736273e+01
-1.975244877487421036e+01 -1.647913448531906155e+01
-1.955863236884276191e+01 -1.706361415169455853e+01
-1.930868467688560486e+01 -1.703706938260561543e+01
-1.910928846150636673e+01 -1.726458023120830632e+01
-1.961092020571231842e+01 -1.707962718567290850e+01
-1.991685648759206018e+01 -1.692801883003928509e+01
-1.971984880169232568e+01 -1.634103202819824219e+01
-1.939380726714928826e+01 -1.699599237565870524e+01
-1.951013484845558921e+01 -1.716998453264112712e+01
-1.933361832797527313e+01 -1.697931626555207529e+01
-1.974802854657173157e+01 -1.656376972446193818e+01
-1.968432531754175940e+01 -1.687606353264350290e+01
-1.989830621580282966e+01 -1.703579817189798717e+01
-1.969795998434225837e+01 -1.711453312712830410e+01
-1.979023384302854538e+01 -1.667848645247422112e+01
-1.960643875598907471e+01 -1.684232533442509805e+01
-1.943675057838360587e+01 -1.712218704471340303e+01
-1.950102503101031104e+01 -1.691487361858417415e+01
-1.971715268741051474e+01 -1.655189015029312571e+01
-1.970287878811359406e+01 -1.693310602609213333e+01
-1.973319431642691413e+01 -1.648784072677810641e+01
-1.980875074863433838e+01 -1.703146565424931680e+01
-1.970719677209854126e+01 -1.693656147300422887e+01
-1.985876681407292565e+01 -1.678207573333343916e+01
-1.976443740725517273e+01 -1.663840120488947250e+01
-1.951093472788731376e+01 -1.684386995241239404e+01
-1.958166489501794061e+01 -1.683863951943137494e+01
-1.963397905230522156e+01 -1.700391516747412624e+01
-1.955608750879764557e+01 -1.700912349255053968e+01
-1.998069740335146705e+01 -1.688352166212998284e+01
-1.999431705226500711e+01 -1.668900102144711894e+01
-1.943160597483317176e+01 -1.711006523726822337e+01
-1.974593575795491418e+01 -1.693464904636531543e+01
-1.987842086454232415e+01 -1.705620786741182471e+01
-1.967733177791039267e+01 -1.682437769159093932e+01
-1.977408861865599832e+01 -1.605556878176602353e+01
-1.959247837960720062e+01 -1.722355940434839994e+01
-1.970146239052216330e+01 -1.562447653188333874e+01
-1.970895692954460898e+01 -1.670774989933162402e+01
-1.982651306192080298e+01 -1.689464618014050856e+01
-1.976532337069511414e+01 -1.680933217878465413e+01
-1.982664141307274619e+01 -1.686356091189693984e+01
-1.960183574755986413e+01 -1.688082452253861732e+01
-1.978928528974453727e+01 -1.700631261800790739e+01
-1.970896293719609460e+01 -1.688781325848071546e+01
-1.943951889624198159e+01 -1.686994934082031250e+01
-1.959768528491258621e+01 -1.713002150399344359e+01
-1.976233000308275223e+01 -1.655649778440401221e+01
-1.979512556890646735e+01 -1.590898249985335688e+01
-1.964972842484712601e+01 -1.723191148584539079e+01
-1.972003651658694068e+01 -1.699434570213416862e+01
-1.981502474099397659e+01 -1.700048102341689216e+01
-1.942538079619407654e+01 -1.701380927841384860e+01
-1.975385627647240838e+01 -1.632285253103677292e+01
-1.954346918811400613e+01 -1.696293954106120339e+01
-1.942681248982747277e+01 -1.632443592765114460e+01
-1.982996693750222406e+01 -1.703219988438990384e+01
-1.978693224489688873e+01 -1.714507756914411374e+01
-1.971732983489831170e+01 -1.667249009516331881e+01
-1.962814589838187018e+01 -1.722539021132828196e+01
-1.975680982073147973e+01 -1.648447514818860427e+01
-1.979636527349551400e+01 -1.702441966069208945e+01
-1.993853956957658013e+01 -1.685116885544417897e+01
-1.970209248363971710e+01 -1.552365044185093446e+01
-1.985149563848972321e+01 -1.702972819588401165e+01
-1.963277124613523483e+01 -1.685657234935017357e+01
-1.972756915042797843e+01 -1.709411910911659049e+01
-1.969375503808259964e+01 -1.685363249345259362e+01
-1.971797414869070053e+01 -1.698884170086352796e+01
-1.986494942009449005e+01 -1.720938686271766471e+01
-1.982693442950646201e+01 -1.669105685840953512e+01
-1.983066218098004541e+01 -1.723843075393082103e+01
-1.969651141266028205e+01 -1.684108870370047484e+01
-1.979461325705051422e+01 -1.694663667059564105e+01
-1.960614319642384729e+01 -1.710753658839634639e+01
-1.966549225648244104e+01 -1.681837031129118643e+01
-1.960789511849482736e+01 -1.708566580190286999e+01
-1.975301832457383355e+01 -1.720336691125646666e+01
-1.975177965064843377e+01 -1.667053373757894974e+01
-1.968251674870650092e+01 -1.698434122506674271e+01
-1.932948245604832849e+01 -1.706801654766132259e+01
-1.946106435358524323e+01 -1.643518418151062832e+01
-1.974420785158872604e+01 -1.676289419694380456e+01
-1.974770317971706390e+01 -1.710553169250488281e+01
-1.930241119613249978e+01 -1.601575131849808997e+01
-1.927559745808442315e+01 -1.647360862385142966e+01
-1.966608507682879647e+01 -1.715612541545521097e+01
-1.982019096612930298e+01 -1.710380981494854069e+01
-1.953921056290467462e+01 -1.724848468582351657e+01
-1.998208573460578918e+01 -1.619023163287670641e+01
-1.968064066022634506e+01 -1.734467311958213998e+01
-1.974008860935767373e+01 -1.711791607002159310e+01
-1.985403394699096680e+01 -1.708371480718835755e+01
-1.992679357031981269e+01 -1.700608760041075840e+01
-1.969055048127968988e+01 -1.739638142771535101e+01
-1.983494933694601059e+01 -1.671873061687915296e+01
-1.955101964374383172e+01 -1.698891723930061559e+01
-1.981081531941890717e+01 -1.695102290364054909e+01
-1.983168161412080011e+01 -1.692034884861537236e+01
-1.987334221104780951e+01 -1.681835429699389906e+01
-1.962254271904627601e+01 -1.715493327301818027e+01
-1.999546459317207336e+01 -1.667997251238141843e+01
-1.968206298102935037e+01 -1.665540989343222122e+01
-1.973059568305810174e+01 -1.702420728856867171e+01
-1.976312535752852639e+01 -1.711511094229561891e+01
-1.980320299665133277e+01 -1.679521004565350495e+01
-1.974797751878698548e+01 -1.675864772053508034e+01
-1.985070177912712097e+01 -1.578045248056386995e+01
-1.977686094244321069e+01 -1.690356217421494378e+01
-1.988211272905270377e+01 -1.675121459713230010e+01
-1.986720191438992700e+01 -1.683486591685901956e+01
-1.989333985249201575e+01 -1.706275694710867796e+01
-1.997016107042630395e+01 -1.707233556524499818e+01
-1.945681179066498956e+01 -1.699416881412654590e+01
-1.954607150579492370e+01 -1.690109198434012328e+01
-2.000341787437598029e+01 -1.694338968202665185e+01
-1.994939275085926056e+01 -1.685935663248037386e+01
-1.984245767941077432e+01 -1.684808428875811614e+01
-1.980975273251533508e+01 -1.531885109938584399e+01
-1.980060381193955621e+01 -1.674935184825550394e+01
-1.989250010251998901e+01 -1.707617435207614776e+01
-1.981445961693922797e+01 -1.692144494242482367e+01
-1.990071973204612732e+01 -1.632677630635051003e+01
-1.975897030284007272e+01 -1.697575992732853223e+01
-1.985169074932734290e+01 -1.673293573206121110e+01
-1.950816541413466254e+01 -1.609202789950680312e+01
-1.955538854748010635e+01 -1.728449718673507718e+01
-1.961098826179901877e+01 -1.704284880997298757e+01
-1.982263930638631066e+01 -1.706658001689167747e+01
-1.990787973999977112e+01 -1.704258237566266843e+01
-1.977365036805470666e+01 -1.698160427886170254e+01
-1.998118830720583716e+01 -1.683199569157191533e+01
-1.968431660036246100e+01 -1.636784008571079951e+01
-1.981709105024735251e+01 -1.682151320073511869e+01
-1.988851215442021569e+01 -1.686743888607272979e+01
-1.992073372006416321e+01 -1.714332731668051224e+01
-1.959813493738571921e+01 -1.664013699122837764e+01
-1.973606404165427008e+01 -1.646634513062316074e+01
-1.995582743485768518e+01 -1.662334281128722324e+01
-1.971213124195734778e+01 -1.725532007836676129e+01
-1.979297318806250772e+01 -1.709158201341505290e+01
-1.957620302587747574e+01 -1.707963190450296764e+01
-1.990348546952009201e+01 -1.700542666695334759e+01
-1.957674868404865265e+01 -1.714108607056853018e+01
-1.990321891258160392e+01 -1.620591916666402454e+01
-1.986291429152091226e+01 -1.712337737888484668e+01
-1.993395387629668036e+01 -1.706272171070049382e+01
-1.991945505638917169e+01 -1.665399148866727685e+01
-1.950921466946601868e+01 -1.730869436883306989e+01
-1.993033149590094766e+01 -1.694042133975338515e+01
-1.971829114357630530e+01 -1.685798197907286777e+01
-1.985194269816080848e+01 -1.685508986881800908e+01
-1.989886418730020523e+01 -1.708936195868950492e+01
-1.975033677369356155e+01 -1.732653980750542289e+01
-1.979802448550860206e+01 -1.666353666627561836e+01
-1.980921982725461206e+01 -1.635826726393266028e+01
-1.975733689467112342e+01 -1.601596271217643519e+01
-1.978108954429626465e+01 -1.712496233605719098e+01
-1.990412695209185401e+01 -1.716396323117342959e+01
-2.005334219833214959e+01 -1.692625118850113353e+01
-1.972928617149591446e+01 -1.719778522887787275e+01
-1.963950198640425882e+01 -1.698407119899601270e+01
-1.994360027710596839e+01 -1.717521676150235166e+01
-1.962722635269165039e+01 -1.718005888802664671e+01
-1.972979634006818017e+01 -1.671040295935296527e+01
-1.988352268934249878e+01 -1.731548074003937998e+01
-1.997386588901281357e+01 -1.697434437739384805e+01
-1.992951127886772156e+01 -1.728978251172350511e+01
-1.985394194473822793e+01 -1.696183992361093473e+01
-2.003426766892274102e+01 -1.711853502942370042e+01
-1.979018916189670563e+01 -1.701065244303121204e+01
-1.997728717078765115e+01 -1.743653107927991286e+01
-1.998071030279000482e+01 -1.651537138455874043e+01
-1.982124669849872589e+01 -1.657095343106752949e+01
-1.980970122913519660e+01 -1.719372753044227409e+01
-1.994445085277159890e+01 -1.741868659428187627e+01
-1.974078780598938465e+01 -1.731000664946320811e+01
-1.998232141633828363e+01 -1.690514124833144294e+01
-1.950156339506308356e+01 -1.692392595712240677e+01
-1.966568879286448279e+01 -1.718023168885862617e+01
-1.976638294508059701e+01 -1.676563390508874818e+01
-2.000355315208435059e+01 -1.655742788934088239e+01
-1.974201872696479043e+01 -1.643554552499350052e+01
-1.991168027619520942e+01 -1.650961385454450436e+01
-1.996363564829031745e+01 -1.699654852879511679e+01
-1.985440913339455804e+01 -1.681767421573787402e+01
-1.963233015437920770e+01 -1.724443212732091979e+01
-1.991257160653670510e+01 -1.675273102599305020e+01
-1.992060450216134271e+01 -1.679711242774864388e+01
-1.974694413691759109e+01 -1.702542949032473985e+01
-2.001602392892042914e+01 -1.673977012138862008e+01
-1.994023994108041009e+01 -1.677925138349656820e+01
-1.987482844044764718e+01 -1.653218912149404574e+01
-1.924399438500404358e+01 -1.687900782250738629e+01
-1.991784913341204444e+01 -1.709891580606435824e+01
-1.985464644680420676e+01 -1.677526478953175726e+01
-1.995367481311162194e+01 -1.739264046062122659e+01
-1.984780851503213128e+01 -1.696131059720918799e+01
-1.999072647839784622e+01 -1.700864645722624502e+01
