# Train Val
-6.033042766280093616e+00 -9.868233283360799746e+00
-9.963645433975479193e+00 -1.001482049624125104e+01
-1.006878913459131297e+01 -1.022052299976348877e+01
-1.015148969423973035e+01 -1.023829321066538434e+01
-1.026505498562828933e+01 -1.018416873613993268e+01
-1.022211879794880574e+01 -1.024835916360219379e+01
-1.030373041508561549e+01 -1.020166556040445904e+01
-1.029305934097807373e+01 -1.013727982838948627e+01
-1.029915464530556868e+01 -1.019795119762420654e+01
-1.031090420383518058e+01 -1.030148820082346539e+01
-1.033156032885535325e+01 -1.030731284618377686e+01
-1.044525585336200280e+01 -1.003134047985076904e+01
-1.057317995620986117e+01 -1.087778298060099225e+01
-1.100595334424810900e+01 -1.130337413152058978e+01
-1.149832741688873838e+01 -1.202227552731831928e+01
-1.197381961143623030e+01 -1.209007596969604492e+01
-1.259233982280149355e+01 -1.111425713698069195e+01
-1.327036438149920983e+01 -1.389536329110463519e+01
-1.356340102017936111e+01 -1.300663880507151227e+01
-1.377442691285731513e+01 -1.311709058284759521e+01
-1.380630941714270676e+01 -1.312413962682088275e+01
-1.401564069521629285e+01 -1.225969358285268207e+01
-1.437305732500755262e+01 -1.373210263252258301e+01
-1.422179091986963329e+01 -1.474331529935201068e+01
-1.420192139027482447e+01 -1.344132018089294434e+01
-1.393255519058744873e+01 -1.438953967889150043e+01
-1.457536782248545570e+01 -1.434958561261495014e+01
-1.452813930834754075e+01 -1.489240960280100445e+01
-1.481684693643602202e+01 -1.457296101252237897e+01
-1.468695387597811397e+01 -1.446520241101582904e+01
-1.456440551402205053e+01 -1.338197608788808246e+01
-1.478985847052881297e+01 -1.416290370623270611e+01
-1.454499475026534761e+01 -1.406563095251719098e+01
-1.484454085463184470e+01 -1.333197395006815533e+01
-1.475268153821007644e+01 -1.486352388064066510e+01
-1.511917927305577081e+01 -1.298426985740661621e+01
-1.485343874106972883e+01 -1.337817895412445068e+01
-1.480100546044818444e+01 -1.450222035249074359e+01
-1.447458729501497920e+01 -1.489155427614847760e+01
-1.514225466776702334e+01 -1.515788018703460693e+01
-1.535112799628306313e+01 -1.457285233338673969e+01
-1.516014540397514665e+01 -1.439083512624104877e+01
-1.512989449096938266e+01 -1.466696596145629883e+01
-1.535646677825410400e+01 -1.464328241348266602e+01
-1.522385129282029936e+01 -1.521065545082092285e+01
-1.528178180274316844e+01 -1.212763075033823590e+01
-1.478489904080407058e+01 -1.374708835283915143e+01
-1.523814969951823528e+01 -1.473255920410156250e+01
-1.555064925500902007e+01 -1.565277655919392963e+01
-1.529355570421380506e+01 -1.491613499323526959e+01
-1.495435228994337251e+01 -1.530984564622243305e+01
-1.560489595542519758e+01 -1.513941927750905414e+01
-1.522496315584344373e+01 -1.562939723332723041e+01
-1.532886653835490520e+01 -1.499706129233042340e+01
-1.550417219582250539e+01 -1.509638643264770508e+01
-1.535811977063195144e+01 -1.451113740603129010e+01
-1.561998650179070935e+01 -1.539995336532592773e+01
-1.565405272629301514e+01 -1.551964918772379498e+01
-1.578384286266262215e+01 -1.483575820922851562e+01
-1.557977600420935715e+01 -1.497518730163574219e+01
-1.560179586733801926e+01 -1.580903220176696777e+01
-1.569731806900541748e+01 -1.531590493520100971e+01
-1.553191977840358895e+01 -1.511439545949300189e+01
-1.565097150964252037e+01 -1.395798389116922955e+01
-1.583696177854376330e+01 -1.480134896437327008e+01
-1.559309413877584127e+01 -1.530894935131072998e+01
-1.549803193140838076e+01 -1.549168463548024555e+01
-1.570439867245948840e+01 -1.529398612181345563e+01
-1.572918374659651342e+01 -1.563382200400034527e+01
-1.545733610250182011e+01 -1.483337612946828266e+01
-1.551012557239855738e+01 -1.531298093001047711e+01
-1.569863302424802676e+01 -1.566550584634145160e+01
-1.573105051557896417e+01 -1.451819602648417096e+01
-1.556473938085265019e+01 -1.548510972658793072e+01
-1.596558066545906662e+01 -1.396252703666687012e+01
-1.552531413708702956e+01 -1.583878910541534424e+01
-1.574711897413609307e+01 -1.536351335048675537e+01
-1.556189882149130632e+01 -1.362897487481435199e+01
-1.572927837048546706e+01 -1.269653240839640240e+01
-1.557139394242884833e+01 -1.578628500302632709e+01
-1.592260242720781704e+01 -1.522816967964172363e+01
-1.574921466536441095e+01 -1.487910799185434918e+01
-1.589078759338896241e+01 -1.513757395744323730e+01
-1.591465738264180807e+01 -1.592236534754435162e+01
-1.563624993017164400e+01 -1.508063236872355084e+01
-1.594660334667917034e+01 -1.486495316028594971e+01
-1.568310238143144986e+01 -1.265286040306091309e+01
-1.576689148757417236e+01 -1.586805232365926166e+01
-1.583346688545356429e+01 -1.596263138453165631e+01
-1.586755677401009201e+01 -1.565001221497853656e+01
-1.614262809591778236e+01 -1.534991097450256348e+01
-1.583050849882222799e+01 -1.581151203314463238e+01
-1.617984029802225265e+01 -1.395736169815063477e+01
-1.620980518147096916e+01 -1.501982859770456891e+01
-1.587683301052804730e+01 -1.576265386740366559e+01
-1.575673773329136651e+01 -1.558025419712066650e+01
-1.595109474052817156e+01 -1.561354855696360211e+01
-1.587509018687878637e+01 -1.513579110304514508e+01
-1.577871632980088101e+01 -1.439519762992858887e+01
-1.589359330322782959e+01 -1.514422496159871478e+01
-1.619265830314765608e+01 -1.457869184017181396e+01
-1.604201548786486597e+01 -1.334060136477152447e+01
-1.571314387402292034e+01 -1.404993446667989154e+01
-1.595368795071617996e+01 -1.578947377204895020e+01
-1.586296928535073469e+01 -1.495340255896250348e+01
-1.599366506479554317e+01 -1.594667359193166156e+01
-1.552113830437094499e+01 -1.505134212970733643e+01
-1.587825569055848263e+01 -1.565739015738169293e+01
-1.632159120753659920e+01 -1.579173342386881451e+01
-1.612551376375101242e+01 -1.474895222981770893e+01
-1.615262863191507492e+01 -1.540400528907775879e+01
-1.629216271739895205e+01 -1.563340504964192768e+01
-1.643478053303088160e+01 -1.521104482809702496e+01
-1.641480030447749883e+01 -1.487041485309600830e+01
-1.625908937292583900e+01 -1.592297291755676270e+01
-1.593255501278376229e+01 -1.554811298847198486e+01
-1.633202147079726529e+01 -1.545410668849945068e+01
-1.608451275098121869e+01 -1.556100575129191022e+01
-1.605222151643138773e+01 -1.573655108610788922e+01
-1.619316615896709877e+01 -1.413559703032175641e+01
-1.616152429580688477e+01 -1.492329446474711041e+01
-1.637996008436558526e+01 -1.595766989390055279e+01
-1.652381600363779768e+01 -1.581476628780364990e+01
-1.629460646742481345e+01 -1.571104967594146729e+01
-1.616866436651197603e+01 -1.628023465474446496e+01
-1.652556437961125724e+01 -1.476231356461842914e+01
-1.631847017094240471e+01 -1.518610954284667969e+01
-1.619876879352634091e+01 -1.630754558245341101e+01
-1.643057500709921470e+01 -1.428383592764536481e+01
-1.622662566880048374e+01 -1.555125621954599957e+01
-1.648746957617290931e+01 -1.509727915128072162e+01
-1.647982531886989932e+01 -1.597363726298014264e+01
-1.652633582131337420e+01 -1.592017650604248047e+01
-1.652470941058659903e+01 -1.550497873624165912e+01
-1.619703860202078260e+01 -1.407454764842987061e+01
-1.643488810426097757e+01 -1.290237657229105572e+01
-1.623305660183146770e+01 -1.499246092637380023e+01
-1.628898938227507998e+01 -1.555268458525339703e+01
-1.639145326614379883e+01 -1.614514191945393762e+01
-1.631686288219387393e+01 -1.620986739794413367e+01
-1.627985734454655997e+01 -1.392882752418518066e+01
-1.643227587716054217e+01 -1.468972194194793701e+01
-1.639578348095134075e+01 -1.376488761107126813e+01
-1.646723579956313444e+01 -1.570866024494171143e+01
-1.669688735573978633e+01 -1.574089193344116211e+01
-1.659868920859643993e+01 -1.525489107767740826e+01
-1.632058141191127021e+01 -1.622836053371429443e+01
-1.615733037560672969e+01 -1.545260453224182129e+01
-1.622047522108433526e+01 -1.490030777454376221e+01
-1.636812210891206476e+01 -1.504684591293334961e+01
-1.655248153815835366e+01 -1.524222719669342041e+01
-1.646484227907859577e+01 -1.449183611075083356e+01
-1.685548651420463884e+01 -1.632872470219929895e+01
-1.682574209924471731e+01 -1.539168643951416016e+01
-1.680687724129628435e+01 -1.542779680093129535e+01
-1.663727978528556051e+01 -1.600123480955759803e+01
-1.696747215723587132e+01 -1.523326051235198975e+01
-1.640818613666598935e+01 -1.419642118612925152e+01
-1.683712705515198849e+01 -1.551317417621612549e+01
-1.674853842945422144e+01 -1.611278255780537805e+01
-1.683461499618271517e+01 -1.575767954190572162e+01
-1.685802489620144229e+01 -1.533144076665242572e+01
-1.682564806534072233e+01 -1.581888051827748676e+01
-1.651485459279205870e+01 -1.297807617982228656e+01
-1.645766133777165763e+01 -1.571788342793782611e+01
-1.643529318954984930e+01 -1.578974525133768658e+01
-1.668137197979426034e+01 -1.617212482293446740e+01
-1.681855976783623063e+01 -1.573549977938334088e+01
-1.672440676769967638e+01 -1.550251921017964740e+01
-1.697522763074454488e+01 -1.554546006520589252e+01
-1.670055264133517881e+01 -1.604826752344767371e+01
-1.693851668955916168e+01 -1.565185038248697857e+01
-1.689042496277114225e+01 -1.593673936525980572e+01
-1.675569218296115537e+01 -1.466636554400126080e+01
-1.678968309952040983e+01 -1.453672230243682861e+01
-1.680381107330322266e+01 -1.616901814937591553e+01
-1.674318123671968195e+01 -1.433322179317474365e+01
-1.670463578175690245e+01 -1.488634188969930072e+01
-1.696125260045972993e+01 -1.497799487908681293e+01
-1.708006003751593127e+01 -1.545882133642832379e+01
-1.648760064981751583e+01 -1.608011929194132605e+01
-1.637166955915548172e+01 -1.665396567185719690e+01
-1.709166040258892494e+01 -1.545766882101694684e+01
-1.699858659808918659e+01 -1.616180435816447059e+01
-1.709743359937506213e+01 -1.613567082087199012e+01
-1.715475073507276704e+01 -1.559137988090515137e+01
-1.703085759534674182e+01 -1.562435921033223529e+01
-1.704599025693990555e+01 -1.642487351099650184e+01
-1.719026141247506700e+01 -1.583057653903961182e+01
-1.683638870109945884e+01 -1.540723319848378559e+01
-1.658530159319861497e+01 -1.506976600488026996e+01
-1.683121425014431338e+01 -1.655706866582234582e+01
-1.696066415916055092e+01 -1.599000577131907086e+01
-1.697114194449731883e+01 -1.641895449161529541e+01
-1.702075329473463228e+01 -1.619396070639292518e+01
-1.712425790398807735e+01 -1.437011925379435162e+01
-1.717880767886921589e+01 -1.607727340857188025e+01
-1.677983763258335870e+01 -1.577123606204986572e+01
-1.721858810166181186e+01 -1.558305728435516357e+01
-1.707628542689953832e+01 -1.460594554742177387e+01
-1.698233481584969340e+01 -1.512646540006001850e+01
-1.698889104390548610e+01 -1.621538372834523400e+01
-1.714715401600983213e+01 -1.489292601744333844e+01
-1.712844758922770794e+01 -1.594706900914510150e+01
-1.691239664110086593e+01 -1.603709173202514648e+01
-1.731230279146614848e+01 -1.628056097030639648e+01
-1.689158973047288725e+01 -1.592401814460754395e+01
-1.722686381259207167e+01 -1.603808013598124305e+01
-1.712807588253991042e+01 -1.459013195832570453e+01
-1.673711060669462469e+01 -1.591817498207092285e+01
-1.743889984033875606e+01 -1.606609563032786170e+01
-1.729373004072803610e+01 -1.562381668885548969e+01
-1.738986488115989459e+01 -1.528061350186665912e+01
-1.704838071435184688e+01 -1.478093624114990234e+01
-1.720871423462689975e+01 -1.549074498812357525e+01
-1.756970665010355148e+01 -1.580000444253285785e+01
-1.734001925840216174e+01 -1.583050656318664551e+01
-1.701881702875686742e+01 -1.625873307387034217e+01
-1.730993945719832183e+01 -1.559695076942443848e+01
-1.736491571846654836e+01 -1.578835729757944684e+01
-1.723237612287876885e+01 -1.573913113276163678e+01
-1.706946783550715097e+01 -1.615958877404530725e+01
-1.729922649415872726e+01 -1.611377835273742676e+01
-1.753675268464169434e+01 -1.585194742679595947e+01
-1.757589843717672196e+01 -1.532161696751912494e+01
-1.727701002864514379e+01 -1.648031993707020959e+01
-1.741526002398991935e+01 -1.623321247100830078e+01
-1.739350116050849593e+01 -1.634505991141001502e+01
-1.770357276625552245e+01 -1.584118934472401996e+01
-1.733512105780132728e+01 -1.473643330732981305e+01
-1.678668176521689048e+01 -1.600990207990010461e+01
-1.730571479312444083e+01 -1.561237037181854248e+01
-1.705751987230979694e+01 -1.573894095420837402e+01
-1.731560328047154229e+01 -1.631396917502085486e+01
-1.749729693137993181e+01 -1.470865480105082135e+01
-1.745273309642985637e+01 -1.625586795806884766e+01
-1.767185418080475401e+01 -1.669432202974955359e+01
-1.742974770271171892e+01 -1.614434083302815637e+01
-1.738241670091273505e+01 -1.649232045809428016e+01
-1.761821912506879428e+01 -1.643863968054453650e+01
-1.752599142365536622e+01 -1.614700774351755896e+01
-1.765427302506010321e+01 -1.615525217851002893e+01
-1.768988842883352675e+01 -1.664536464214324951e+01
-1.766843559782383721e+01 -1.634384091695149621e+01
-1.757125505350403927e+01 -1.656853409608205041e+01
-1.734768133648371347e+01 -1.661654448509216309e+01
-1.753634469791994377e+01 -1.514158709843953510e+01
-1.775094041177781889e+01 -1.542001159985860248e+01
-1.740219971285027967e+01 -1.495130042235056500e+01
-1.743647273920350216e+01 -1.661490110556284705e+01
-1.734234780780339591e+01 -1.516495879491170307e+01
-1.754938638816445717e+01 -1.620566797256469727e+01
-1.777501162027908421e+01 -1.473831816514333148e+01
-1.755520894971944657e+01 -1.682812265555064002e+01
-1.769201281919317736e+01 -1.580587406953175922e+01
-1.775290462526224289e+01 -1.614211157957712928e+01
-1.780067167443744225e+01 -1.628282888730366906e+01
-1.764896750854233431e+01 -1.661182920138041297e+01
-1.768885481559624040e+01 -1.343189398447672467e+01
-1.761037591352301135e+01 -1.610711697737376014e+01
-1.733537982682050327e+01 -1.540522940953572650e+01
-1.761582291328300798e+01 -1.686425952116648475e+01
-1.778607943906622424e+01 -1.607167931397755822e+01
-1.790015564934682146e+01 -1.527075163523356061e+01
-1.790227331549434453e+01 -1.642774844169616699e+01
-1.784258722046674350e+01 -1.556229003270467182e+01
-1.777877387353929350e+01 -1.521538682778676410e+01
-1.744624584812228818e+01 -1.648376937707265100e+01
-1.761813193660671573e+01 -1.654167830944061279e+01
-1.750004504090648538e+01 -1.607721539338429650e+01
-1.758960522635508283e+01 -1.565836135546366314e+01
-1.795467220726659718e+01 -1.616390633583068848e+01
-1.783287945440260103e+01 -1.689308818181355676e+01
-1.760090340598154768e+01 -1.479462107022603412e+01
-1.764487381304724778e+01 -1.688789061705271521e+01
-1.775212714631678779e+01 -1.649028909206390381e+01
-1.801187815100459844e+01 -1.615601579348246375e+01
-1.772719438197249175e+01 -1.576483503977457623e+01
-1.769477218692585652e+01 -1.644061144193013391e+01
-1.777230072829683039e+01 -1.586651082833608051e+01
-1.801059427099712806e+01 -1.640682216485341272e+01
-1.765967358573008283e+01 -1.675340171655019006e+01
-1.762344913159386550e+01 -1.583479233582814594e+01
-1.784495533118813881e+01 -1.645516737302144250e+01
-1.790576732764809975e+01 -1.655992484092712402e+01
-1.800042747238935092e+01 -1.489967346191406250e+01
-1.787445019867460516e+01 -1.678754599889119348e+01
-1.801406255010831003e+01 -1.641225834687550744e+01
-1.796588045055583294e+01 -1.681188257535298547e+01
-1.781380470728469945e+01 -1.459898396333058734e+01
-1.781763503511073310e+01 -1.582037913799285889e+01
-1.784408388299457116e+01 -1.543899679183959961e+01
-1.777687715271772007e+01 -1.603355046113331994e+01
-1.776650238845308039e+01 -1.589332290490468402e+01
-1.813637812662932802e+01 -1.634150020281473914e+01
-1.823662954265788372e+01 -1.605200338363647461e+01
-1.802776904833518756e+01 -1.599757246176401715e+01
-1.815762034917282008e+01 -1.598417655626932721e+01
-1.790923124248698528e+01 -1.634780919551849365e+01
-1.807366617655349827e+01 -1.671109656492869178e+01
-1.806757882489996447e+01 -1.636160163084666053e+01
-1.833905673431137728e+01 -1.686369578043619910e+01
-1.831470824904360839e+01 -1.544513225555419922e+01
-1.818439553955854038e+01 -1.674087178707122803e+01
-1.805080276424601848e+01 -1.656062455972035607e+01
-1.805526880490577923e+01 -1.671749540170033654e+01
-1.814260444802753014e+01 -1.668901101748148719e+01
-1.787921942694712385e+01 -1.641513741016387939e+01
-1.757844780259213380e+01 -1.575231881936391254e+01
-1.792601175631507004e+01 -1.467411069075266461e+01
-1.791817676414877525e+01 -1.516586593786875348e+01
-1.839072099782652714e+01 -1.529612012704213519e+01
-1.789414499573788575e+01 -1.490715591112772564e+01
-1.801491456112619005e+01 -1.566725524266560932e+01
-1.834475629612551018e+01 -1.652802407741546631e+01
-1.824483189340365286e+01 -1.693797258536021033e+01
-1.827057305028883150e+01 -1.659285374482472619e+01
-1.847841581247620724e+01 -1.682911149660746375e+01
-1.834616762904797582e+01 -1.415679772694905658e+01
-1.815303098549276939e+01 -1.524358916282653809e+01
-1.824615189988734443e+01 -1.619848001003265381e+01
-1.833095636206158119e+01 -1.638193658987681189e+01
-1.830415750762163540e+01 -1.434921646118164062e+01
-1.811522123369119797e+01 -1.560666016737619977e+01
-1.836507642875283608e+01 -1.687205461661021033e+01
-1.835031863390389262e+01 -1.604644020398457727e+01
-1.859973573684692383e+01 -1.403579560915629010e+01
-1.804493637408240403e+01 -1.640113258361816406e+01
-1.845339926218582249e+01 -1.606704405943552771e+01
-1.788871796656463076e+01 -1.625812113285064697e+01
-1.844299503908318982e+01 -1.602146740754445275e+01
-1.840542043265649852e+01 -1.620675643285115441e+01
-1.841744116605338277e+01 -1.678704977035522461e+01
-1.844766188476045343e+01 -1.623272899786631385e+01
-1.834436693029888588e+01 -1.591719555854797363e+01
-1.865383243560791016e+01 -1.594545594851175885e+01
-1.815177484286033405e+01 -1.671018946170806885e+01
-1.846884400965803863e+01 -1.671407234668731689e+01
-1.844121375326382761e+01 -1.488813273111979107e+01
-1.828324859425173088e+01 -1.698939939339955529e+01
-1.848799640849485115e+01 -1.637152314186096191e+01
-1.823931837081909180e+01 -1.596926331520080566e+01
-1.815765583717216813e+01 -1.631954669952392578e+01
-1.828875589370727539e+01 -1.523196772734324078e+01
-1.856630241264731040e+01 -1.619838945070902625e+01
-1.858297971951759564e+01 -1.585279305775960346e+01
-1.865751003814956022e+01 -1.628838364283243934e+01
-1.832087493346909213e+01 -1.650255477428436279e+01
-1.798432644342971898e+01 -1.693861234188079834e+01
-1.867767150523298980e+01 -1.561955730120340924e+01
-1.858769121008404213e+01 -1.623747809727986535e+01
-1.835027649443028253e+01 -1.400178647041320801e+01
-1.845970632262148925e+01 -1.507057654857635498e+01
-1.882616337275100804e+01 -1.627707374095916748e+01
-1.888634351956642377e+01 -1.507054797808329205e+01
-1.830616555779667110e+01 -1.558762534459432025e+01
-1.818915201445757290e+01 -1.599170585473378559e+01
-1.858966466936014328e+01 -1.655300903320312500e+01
-1.865378136554006971e+01 -1.617308819293975830e+01
-1.865555064152863096e+01 -1.653781386216481408e+01
-1.831282758712768555e+01 -1.678547962506612024e+01
-1.817426962771658339e+01 -1.611052735646565637e+01
-1.851761104292788573e+01 -1.496716876824696918e+01
-1.872336163763272410e+01 -1.622619664669036865e+01
-1.854040272761199404e+01 -1.312875767548879047e+01
-1.837221188464407362e+01 -1.635729157924652100e+01
-1.887895730390387072e+01 -1.657114473978678504e+01
-1.851331827196024093e+01 -1.552771147092183490e+01
-1.855171437990867389e+01 -1.600957123438517371e+01
-1.875333330994945413e+01 -1.602491565545399865e+01
-1.842637053990768337e+01 -1.565914134184519391e+01
-1.864047624297061034e+01 -1.635277871290842810e+01
-1.873876859373965331e+01 -1.636523608366648475e+01
-1.891243644488059772e+01 -1.662747693061828613e+01
-1.844156047045174418e+01 -1.599744363625844379e+01
-1.882049917770644498e+01 -1.521751372019449811e+01
-1.876337982436357876e+01 -1.564079117774963379e+01
-1.856853653212725064e+01 -1.616899704933166504e+01
-1.872412425380642276e+01 -1.700208409627278527e+01
-1.869672183667199050e+01 -1.633001701037089148e+01
-1.887580184613243972e+01 -1.535286378860473633e+01
-1.870090643026060917e+01 -1.674931764602661133e+01
-1.901567097841683207e+01 -1.607991802692413330e+01
-1.888722222538317652e+01 -1.640598416328430176e+01
-1.858677190037096949e+01 -1.640870054562886438e+01
-1.905772263316784887e+01 -1.634265343348185340e+01
-1.866589910701169686e+01 -1.634762549400329590e+01
-1.872019691790564622e+01 -1.663247096538543701e+01
-1.868964305974669315e+01 -1.654168931643168250e+01
-1.885705997176089355e+01 -1.649527510007222375e+01
-1.890633478003033119e+01 -1.645767943064371863e+01
-1.879230491185592555e+01 -1.547865053017934223e+01
-1.860018035112801371e+01 -1.631903326511383057e+01
-1.878967759568812568e+01 -1.524453783035278320e+01
-1.874129504672551505e+01 -1.616815177599589148e+01
-1.893879437850693392e+01 -1.611560753981272498e+01
-1.897769909389948495e+01 -1.498970544338226318e+01
-1.905802797058881382e+01 -1.570266711711883545e+01
-1.886310098939022950e+01 -1.487548740704854389e+01
-1.875291445295689385e+01 -1.651764106750488281e+01
-1.886078811904131314e+01 -1.613173993428548059e+01
-1.920597561335159398e+01 -1.525349466005961041e+01
-1.901207377546924704e+01 -1.452585721015930176e+01
-1.904905146259372373e+01 -1.645515557130177697e+01
-1.906520365052304200e+01 -1.530020876725514789e+01
-1.911419389207484443e+01 -1.591853566964467426e+01
-1.873431111998477050e+01 -1.500447583198547363e+01
-1.888935299242957200e+01 -1.615764915943145752e+01
-1.878998884104066036e+01 -1.688716300328572473e+01
-1.902863124265509143e+01 -1.675196305910746375e+01
-1.911906014458607928e+01 -1.648258550961812219e+01
-1.938094360545530037e+01 -1.568842422962188721e+01
-1.915288362664691491e+01 -1.646990736325581750e+01
-1.904719019744355890e+01 -1.601086103916168213e+01
-1.868109539807852926e+01 -1.628173724810282508e+01
-1.894231667761075144e+01 -1.599523182710011859e+01
-1.887713956024687079e+01 -1.586749879519144635e+01
-1.923871210065938797e+01 -1.479230995972951312e+01
-1.879652371649014597e+01 -1.573356974124908447e+01
-1.859771407660791454e+01 -1.632881685098012170e+01
-1.904959121801085331e+01 -1.667644552389780799e+01
-1.894020502446061371e+01 -1.532891420523325543e+01
-1.933584551892037950e+01 -1.636497545242309570e+01
-1.887930473230652950e+01 -1.594598881403605084e+01
-1.918482335947327755e+01 -1.623813128471374512e+01
-1.912264625096725368e+01 -1.636012883981068811e+01
-1.933195312952591038e+01 -1.651329437891642371e+01
-1.894502317299276939e+01 -1.604373256365458289e+01
-1.874542174096835012e+01 -1.632622810204823693e+01
-1.902258616786892276e+01 -1.602805189291636268e+01
-1.894807594105348869e+01 -1.633245778083801270e+01
-1.877006549350285880e+01 -1.558845547835032086e+01
-1.855771613525131869e+01 -1.542457890510559082e+01
-1.910156466597217673e+01 -1.651763757069905481e+01
-1.913769000263537379e+01 -1.562404878934224506e+01
-1.935020776522361530e+01 -1.391645614306131939e+01
-1.874904651156926505e+01 -1.578353687127431293e+01
-1.919942585896637510e+01 -1.610303493340810022e+01
-1.869626315973572872e+01 -1.567921829223632812e+01
-1.868640877028643033e+01 -1.616051359971364221e+01
-1.938920323323395323e+01 -1.471311040719350238e+01
-1.921568417953232455e+01 -1.637100164095560828e+01
-1.921859128596419097e+01 -1.606456867853800574e+01
-1.932202596987708176e+01 -1.582480096817016602e+01
-1.879089858168262595e+01 -1.603363855679829797e+01
-1.910855470269413203e+01 -1.628974644343058387e+01
-1.909536020634537934e+01 -1.633229343096415320e+01
-1.926098251342773438e+01 -1.545952113469441791e+01
-1.948074219590526468e+01 -1.683410632610321045e+01
-1.918131934182118670e+01 -1.486098078886667828e+01
-1.931104205826581577e+01 -1.595071506500244141e+01
-1.902900531736471024e+01 -1.598943674564361572e+01
-1.867841077254990267e+01 -1.652990003426869592e+01
-1.958651947571059537e+01 -1.646752075354258338e+01
-1.932061815261840820e+01 -1.425291872024536133e+01
-1.922808451571707167e+01 -1.564454789956410785e+01
-1.933145991826461696e+01 -1.469853921731313129e+01
-1.931835142232603886e+01 -1.643734383583068848e+01
-1.945794596914517527e+01 -1.434278488159179688e+01
-1.907299689923302566e+01 -1.604098673661549768e+01
-1.905002105034003890e+01 -1.657381248474121094e+01
-1.924036100355245438e+01 -1.653074320157368859e+01
-1.945403069964909903e+01 -1.551283526420593262e+01
-1.870699484873626162e+01 -1.631879929701487342e+01
-1.952561018830638773e+01 -1.668062345186869422e+01
-1.936679452152575465e+01 -1.653754186630249023e+01
-1.934789074073403725e+01 -1.633788422743479529e+01
-1.922322334677486211e+01 -1.574823172887166400e+01
-1.976012438434665341e+01 -1.629859467347462854e+01
-1.922953197511575851e+01 -1.669956048329671106e+01
-1.949017215179184603e+01 -1.489435025056203266e+01
-1.959111831147792060e+01 -1.653383819262186805e+01
-1.967806787005925528e+01 -1.680310344696044922e+01
-1.982418440156063966e+01 -1.609217456976572791e+01
-1.923534820039393622e+01 -1.643196725845336914e+01
-1.920548905356455549e+01 -1.548653745651245117e+01
-1.952844816951428442e+01 -1.645753415425618371e+01
-1.944109598256773808e+01 -1.469659825166066547e+01
-1.910401958530232136e+01 -1.627626351515452185e+01
-1.946697474334199640e+01 -1.623586726188659668e+01
-1.949456897024380808e+01 -1.611692913373311242e+01
-1.942328540349410915e+01 -1.611423035462697229e+01
-1.905933094832856867e+01 -1.556831435362497906e+01
-1.924985239061258468e+01 -1.607749497890472412e+01
-1.937393194133952434e+01 -1.634858020146687707e+01
-1.943149944887322889e+01 -1.609824327627817908e+01
-1.940998563928119225e+01 -1.549333377679189105e+01
-1.965912232964725703e+01 -1.615931173165639123e+01
-1.929725955704511264e+01 -1.665894405047098914e+01
-1.980148260472184418e+01 -1.603550473848978797e+01
-1.959562474590237002e+01 -1.646102062861124793e+01
-1.956574834403345164e+01 -1.577232011159261127e+01
-1.978632676399360335e+01 -1.640389513969421387e+01
-1.925674229153132089e+01 -1.486566587289174457e+01
-1.920859637502896433e+01 -1.681811598936716834e+01
-1.984411436824475317e+01 -1.605728884538014611e+01
-1.983849404221874124e+01 -1.597147333621978760e+01
-1.970965097718319825e+01 -1.338931981722513775e+01
-1.927070335614479291e+01 -1.578163444995880127e+01
-1.984053269079176118e+01 -1.611233754952748498e+01
-1.962943515131028960e+01 -1.572462364037831684e+01
-1.972483748096530576e+01 -1.625364136695861816e+01
-1.973958521374201425e+01 -1.628060758113861084e+01
-1.952743810718342488e+01 -1.521959698200225830e+01
-1.957013539136466207e+01 -1.581553467114766498e+01
-1.991300867371640138e+01 -1.575265399614969830e+01
-1.960862096689515255e+01 -1.504508026440938373e+01
-1.996371440564171706e+01 -1.616723108291625977e+01
-1.994593149928723363e+01 -1.597310570875803570e+01
-1.947198953466900306e+01 -1.619087143739064416e+01
-1.936771767826403590e+01 -1.477012654145558734e+01
-1.956593506214982270e+01 -1.653673009077708045e+01
-1.920729650885371953e+01 -1.601207657655080041e+01
-1.967576159461069807e+01 -1.585621174176534076e+01
-1.967890605279954741e+01 -1.649533267815907678e+01
-1.984413753121586055e+01 -1.573243145147959332e+01
-1.977359188209145913e+01 -1.653035950660705566e+01
-1.934690368781655678e+01 -1.656115818023681641e+01
-1.964499604499946273e+01 -1.708572681744893274e+01
-1.925132163096282412e+01 -1.602215135097503662e+01
-1.954315536305055900e+01 -1.592966008186340332e+01
-1.953463598833245740e+01 -1.631213347117106238e+01
-1.996775389525850031e+01 -1.560605271657308002e+01
-1.969178429296461275e+01 -1.647612814108530799e+01
-1.966455380391266416e+01 -1.353700717290242572e+01
-1.959456409034082469e+01 -1.620905800660451135e+01
-1.973742207834276030e+01 -1.613425215085347375e+01
-1.994134752629166840e+01 -1.623720486958821496e+01
-1.988989348330740370e+01 -1.631934114297230920e+01
-1.950293734922247424e+01 -1.578099747498830219e+01
-1.986009814375537985e+01 -1.565249160925547223e+01
-1.957706208956443561e+01 -1.600769571463267127e+01
-1.917529760780981007e+01 -1.544061692555745502e+01
-1.969321921720343127e+01 -1.651709397633870324e+01
-1.924997164839405173e+01 -1.644673740863800049e+01
-2.016622787410929973e+01 -1.590505119164784809e+01
-2.012353529364375859e+01 -1.625150370597839355e+01
-2.028451098425913557e+01 -1.587608345349629779e+01
-1.982743960719997744e+01 -1.581973493099212646e+01
-1.989539379184529011e+01 -1.614489587148030481e+01
-1.965770085383269716e+01 -1.613572148482004920e+01
-1.989862627902273573e+01 -1.646463791529337684e+01
-1.978842188140093228e+01 -1.555289681752522846e+01
-1.965525425086587319e+01 -1.570569988091786762e+01
-1.946523612232531519e+01 -1.520178270339965820e+01
-2.019534363180904180e+01 -1.482755037148793598e+01
-2.016980712696657463e+01 -1.640016889572143555e+01
-2.022515393919863769e+01 -1.551043518384297748e+01
-1.996618877022953242e+01 -1.600806156794230262e+01
-1.966084569187487574e+01 -1.634676877657572547e+01
-1.970404917506848363e+01 -1.645833973089854041e+01
-2.026374706171326778e+01 -1.562454628944396973e+01
-1.985695186711974003e+01 -1.498591812451680561e+01
-2.028673353033550697e+01 -1.522683346271514893e+01
-1.977154175709869932e+01 -1.609280570348103723e+01
-1.997246129634016754e+01 -1.499977735678354840e+01
-1.982718430535268084e+01 -1.580038448174794574e+01
-2.011827087402343750e+01 -1.655046832561492920e+01
-2.042949180279747878e+01 -1.617260328928629676e+01
-2.036226802761271770e+01 -1.508069503307342529e+01
-2.026703747248245335e+01 -1.606445554892222205e+01
-1.994785945698366447e+01 -1.645016105969746789e+01
-1.992809463759600064e+01 -1.568319038550058941e+01
-2.020545367871300613e+01 -1.609676170349121094e+01
-1.987534526243048205e+01 -1.600351329644520959e+01
-2.017664002563993719e+01 -1.574002583821614643e+01
-2.057807184477983853e+01 -1.562925895055135150e+01
-2.014999384799246229e+01 -1.582990002632141113e+01
-2.018227436582920831e+01 -1.577741316954294781e+01
-2.000749602560269480e+01 -1.609091822306315223e+01
-2.004756647853528051e+01 -1.637729688485463342e+01
-1.995274826631707654e+01 -1.544275379180908203e+01
-2.052998542785644531e+01 -1.589002001285552979e+01
-2.004006650084156149e+01 -1.610768822828928748e+01
-1.986353668115906856e+01 -1.580233736832936664e+01
-1.971023345397690463e+01 -1.480945646762847900e+01
-2.029389159962282463e+01 -1.536927592754364014e+01
-2.025296915991831526e+01 -1.613356733322143555e+01
-2.041247136714094879e+01 -1.614528930187225342e+01
-2.047256443864208109e+01 -1.550869774818420410e+01
-2.003716680559061203e+01 -1.598258050282796283e+01
-2.001591071435960600e+01 -1.642051208019256592e+01
-1.996780936192658018e+01 -1.626939618587493896e+01
-2.007054333767648302e+01 -1.531870313485463519e+01
-2.017608222314866850e+01 -1.443967521190643311e+01
-2.025151702104988871e+01 -1.609108221530914307e+01
-2.002290614176604677e+01 -1.542644719282785992e+01
-2.021966256933697181e+01 -1.572564494609832764e+01
-1.994581961227675748e+01 -1.531699963410695453e+01
-2.006652148295257021e+01 -1.555891398588816266e+01
-2.037180726002838682e+01 -1.601969234148661414e+01
-2.013359155493267494e+01 -1.481616449356079102e+01
-2.031485890533964422e+01 -1.578456755479176898e+01
-2.021886341450577973e+01 -1.508535981178283691e+01
-2.000610019392886230e+01 -1.587723890940348248e+01
-2.032134023763365605e+01 -1.574788204828898053e+01
-1.982040962930453176e+01 -1.583389798800150494e+01
-2.016999335208181776e+01 -1.552199498812357525e+01
-2.032493468462410746e+01 -1.553283143043518066e+01
-2.004957203945870958e+01 -1.609004322687784949e+01
-2.043019504870398606e+01 -1.608980782826741418e+01
-2.025779985977431608e+01 -1.616619181632995605e+01
-2.029402930049572973e+01 -1.525327209631601910e+01
-2.035592350717318411e+01 -1.567180645465850830e+01
-2.065011502928652831e+01 -1.615326142311096191e+01
-2.004756937188617272e+01 -1.576089255015055279e+01
-2.038694250785698259e+01 -1.578256316979726215e+01
-1.939621261014776721e+01 -1.529018954435984234e+01
-2.000584806021997508e+01 -1.583342814445495605e+01
-2.060684398069220080e+01 -1.612926566600799561e+01
-2.032706952499130892e+01 -1.513390990098317523e+01
-2.032245003975043929e+01 -1.588247692584991455e+01
-2.063796820883023386e+01 -1.596716825167337994e+01
-2.022258451429464188e+01 -1.564405604203542133e+01
-2.056882769374524145e+01 -1.588170961538950543e+01
-2.079574774079403809e+01 -1.588896425565083881e+01
-2.044489390163098363e+01 -1.639135022958119592e+01
-2.050220549308647477e+01 -1.587836007277170758e+01
-2.017064985986483450e+01 -1.605315093199412146e+01
-2.056876618983381988e+01 -1.615563809871673584e+01
-2.044206470554157917e+01 -1.477342490355173688e+01
-2.056077446371822148e+01 -1.575827765464782715e+01
-2.020549499382406822e+01 -1.644117836157480994e+01
-2.060283166271145205e+01 -1.547663537661234479e+01
-2.028945745047876414e+01 -1.606887622674306115e+01
-2.036037862098823226e+01 -1.502274115880330463e+01
-2.026350376969676859e+01 -1.506044511000315289e+01
-2.043310005381955818e+01 -1.600828647613525391e+01
-2.031990330906237574e+01 -1.628201933701832971e+01
-2.042439735541909585e+01 -1.530885656674703021e+01
-2.037751291565976075e+01 -1.561690672238667865e+01
-2.046904914661989494e+01 -1.586523179213205914e+01
-2.041368886979959640e+01 -1.591183725992838482e+01
-2.045987474312216392e+01 -1.523912668228149414e+01
-2.046879464488918643e+01 -1.619044633706410607e+01
-2.071295416557182634e+01 -1.542004223664601703e+01
-2.082927370071411133e+01 -1.504289265473683734e+01
-2.025107715089442451e+01 -1.559716113408406635e+01
-2.066473996437202132e+01 -1.626563398043314734e+01
-1.998519389104034971e+01 -1.589021972815195660e+01
-2.053989413633184924e+01 -1.640592133998870850e+01
-2.042139772641456830e+01 -1.605222157637278357e+01
-2.091167931637521349e+01 -1.529433075586954693e+01
-2.069580608303263958e+01 -1.572059126694997211e+01
-2.096078717506538069e+01 -1.585683282216390033e+01
-2.024579995365466090e+01 -1.583886516094207764e+01
-2.067841552475751499e+01 -1.486083499590555768e+01
-2.064703068490755911e+01 -1.566406722863515277e+01
-2.096505630622475991e+01 -1.600435137748718262e+01
-2.044030503095206441e+01 -1.614162218570709229e+01
-2.103521919250488281e+01 -1.581225017706553082e+01
-2.067089069495767006e+01 -1.517271129290262799e+01
-2.052430664482763234e+01 -1.551000829537709613e+01
-2.058492854490118518e+01 -1.609434326489766320e+01
-2.095752665956141669e+01 -1.488143253326416016e+01
-2.078775898884918760e+01 -1.479726592699686627e+01
-2.031708209797487541e+01 -1.573623402913411518e+01
-2.063646334308688779e+01 -1.536946948369344135e+01
-2.049006656064825549e+01 -1.592795864741007428e+01
-2.061844615612999831e+01 -1.580507441361745258e+01
-2.065852983119124175e+01 -1.567656151453653912e+01
-2.087130245919955129e+01 -1.567085142930348773e+01
-2.094010464619782041e+01 -1.606914190451304236e+01
-2.071009997998253738e+01 -1.536727861563364606e+01
-2.078051087007684217e+01 -1.548760422070821186e+01
-2.041796288247835989e+01 -1.602742036183675012e+01
-2.045608158434851731e+01 -1.505861425399780273e+01
-2.033528090331514093e+01 -1.574756650129953961e+01
-2.022407298977092083e+01 -1.628406679630279541e+01
-2.120622615490929519e+01 -1.561016166210174561e+01
-2.096266316559355047e+01 -1.554286885261535645e+01
-2.105757346395718699e+01 -1.564304888248443604e+01
-2.064065398200083479e+01 -1.567293258508046527e+01
-2.095745356608245302e+01 -1.545913128058115582e+01
-2.091451454162597656e+01 -1.561107659339904785e+01
-2.045401626522258098e+01 -1.539381519953409772e+01
-2.063867496231855014e+01 -1.498306282361348529e+01
-2.068068454225184638e+01 -1.543584326903025250e+01
-2.097127650955976108e+01 -1.517225297292073627e+01
-2.026888276762881347e+01 -1.513773473103841205e+01
-2.094867150258209776e+01 -1.596138012409210205e+01
-2.065976204306392461e+01 -1.603455630938212195e+01
-2.084107623666019649e+01 -1.562183415889739990e+01
-1.994373563992775189e+01 -1.597324546178182025e+01
-2.076560739743507611e+01 -1.531277644634246826e+01
-2.082073492114826863e+01 -1.554423069953918457e+01
-2.090367089287709490e+01 -1.582804846763610840e+01
-2.086380687002408152e+01 -1.587974206606546979e+01
-2.114775764336020103e+01 -1.476964557170867920e+01
-2.051285360627255372e+01 -1.568394601345062256e+01
-2.032825993683378485e+01 -1.573305336634317975e+01
-2.136660887831348532e+01 -1.574587726593017578e+01
-2.058704905590768419e+01 -1.596282688776651959e+01
-2.083977207895052786e+01 -1.550177931785583496e+01
-2.036546248904729239e+01 -1.519090191523233990e+01
-2.085525580583992777e+01 -1.612673962116241455e+01
-2.049508880356610874e+01 -1.501867759227752686e+01
-2.052016572628991042e+01 -1.479708015918731689e+01
-2.079760106943421505e+01 -1.561277282238006592e+01
-2.105445793927725973e+01 -1.578621490796407123e+01
-2.090514485310700010e+01 -1.531509089469909668e+01
-2.042402091268765574e+01 -1.435643951098124127e+01
-2.082350325180312467e+01 -1.621264370282490930e+01
-2.076726074542029465e+01 -1.604739248752593994e+01
-2.089071498482914180e+01 -1.568966329097747803e+01
-2.094136676141771147e+01 -1.576505935192108154e+01
-2.051911208589198310e+01 -1.410769418875376324e+01
-2.066283032045526014e+01 -1.564904963970184326e+01
-2.131353548017598953e+01 -1.515923329194386859e+01
-2.063744037434206291e+01 -1.566909853617350201e+01
-2.092572792505813695e+01 -1.537122980753580670e+01
-2.103300501936573141e+01 -1.626292522748311242e+01
-2.058176102072505742e+01 -1.568324955304463764e+01
-2.073454963554770103e+01 -1.575728364785512348e+01
-2.126385294380834523e+01 -1.549142142136891742e+01
-2.103982275623386045e+01 -1.575981994469960590e+01
-2.045121577634649768e+01 -1.343804379304250141e+01
-2.125314922656043137e+01 -1.608398874600728234e+01
-2.109938689409676371e+01 -1.559592052300771137e+01
-2.093831369432352218e+01 -1.589918343226114850e+01
-2.019267846770205566e+01 -1.514270579814910889e+01
-2.085980460603358466e+01 -1.423043604691823383e+01
-2.109336088471493653e+01 -1.565832773844400982e+01
-2.096847218982243888e+01 -1.541017178694407086e+01
-2.102590948848401098e+01 -1.560851299762725830e+01
-2.057300233840942383e+01 -1.500840711593627930e+01
-2.116084478669247559e+01 -1.622888934612274170e+01
-2.123636745194257358e+01 -1.632842874526977539e+01
-2.147650749400510506e+01 -1.517909105618794818e+01
-2.136023143186407580e+01 -1.609453757603963098e+01
-2.150023546057232338e+01 -1.578992756207784076e+01
-2.110560371916172784e+01 -1.492129619916280170e+01
-2.080834859104479762e+01 -1.543407038847605328e+01
-2.078768418198924905e+01 -1.597351380189259906e+01
-2.083711498066530510e+01 -1.591140727202097516e+01
-2.138288004923674990e+01 -1.505321268240610699e+01
-2.120403097443661622e+01 -1.575137547651926617e+01
-2.030077145463329202e+01 -1.558503023783365826e+01
-2.075631778523073478e+01 -1.513556611537933350e+01
-2.128089552410578378e+01 -1.551935231685638428e+01
-2.082258047491817265e+01 -1.471321837107340436e+01
-2.063778998488086813e+01 -1.521793981393178363e+01
-2.104972564567953697e+01 -1.556773157914479633e+01
-2.070707018900725771e+01 -1.522252746423085590e+01
-2.088324671276545175e+01 -1.535111681620279889e+01
-2.139553889581712554e+01 -1.653515251477559289e+01
-2.110912023964574757e+01 -1.532041331132253070e+01
-2.098452506631107539e+01 -1.540538609027862549e+01
-2.066081177986274398e+01 -1.511821480592091937e+01
-2.077569455615544669e+01 -1.541689538955688477e+01
-2.088539737766071980e+01 -1.513688993453979492e+01
-2.041245782173286116e+01 -1.602422539393107215e+01
-2.059340313733634176e+01 -1.541626632213592529e+01
-2.105882984096720989e+01 -1.534620344638824463e+01
-2.115030697644766988e+01 -1.593553920586903949e+01
-2.115643385709342184e+01 -1.536426063378651996e+01
-2.120477870359259143e+01 -1.539943337440490723e+01
-2.074385494296833699e+01 -1.579523559411366840e+01
-2.085784525790457167e+01 -1.599604101975758930e+01
-2.089885048947091661e+01 -1.526018583774566650e+01
-2.071003538875256567e+01 -1.570936012268066406e+01
-2.130899152917377037e+01 -1.562157094478607178e+01
-2.106875245045807432e+01 -1.537847093741098981e+01
-2.128643622640835886e+01 -1.526670173803965191e+01
-2.116979280568785526e+01 -1.570725615819295307e+01
-2.137209895505743518e+01 -1.561496102809906006e+01
-2.113614449258578176e+01 -1.477953926722208600e+01
-2.117551000239485504e+01 -1.558220966657002826e+01
-2.154806020704366532e+01 -1.540137887001037598e+01
-2.109345738362457823e+01 -1.584516016642252545e+01
-2.108561924756583394e+01 -1.540546727180480957e+01
-2.117484437004994646e+01 -1.551239915688832660e+01
-2.085208954245357305e+01 -1.511942303180694580e+01
-2.098593653662729963e+01 -1.525408701101938824e+01
-2.082859782849327956e+01 -1.578896331787109375e+01
-2.134226128206414685e+01 -1.543453105290730853e+01
-2.099655881978697636e+01 -1.533916799227396588e+01
-2.137934311365676976e+01 -1.530479256312052350e+01
-2.105867888563770407e+01 -1.544147300720214844e+01
-2.082821338459596916e+01 -1.567318924268086811e+01
-2.107325623399120218e+01 -1.563281778494516949e+01
-2.119206873037047245e+01 -1.558940625190734863e+01
-2.125034575543160997e+01 -1.578151214122772217e+01
-2.151041425284692821e+01 -1.524761946996053119e+01
-2.130548601635431893e+01 -1.566583987077077289e+01
-2.082928080477957167e+01 -1.581797583897908588e+01
-2.108438398878453057e+01 -1.554644242922464947e+01
-2.132089797521041774e+01 -1.422246424357096295e+01
-2.075227692167637628e+01 -1.431175545851389508e+01
-2.079314010426149650e+01 -1.559208369255065918e+01
-2.048242775868561338e+01 -1.555415550867716412e+01
-2.173253212944936053e+01 -1.572511629263559918e+01
-2.091888689590712858e+01 -1.570127443472544293e+01
-2.096280076948263016e+01 -1.492152249813079834e+01
-2.104613528817386836e+01 -1.558649969100952148e+01
-2.143094077352749949e+01 -1.559848268826802631e+01
-2.161255674847101815e+01 -1.505996795495351215e+01
-2.166058624396890053e+01 -1.437906698385874371e+01
-2.123755388744806893e+01 -1.448605831464131732e+01
-2.091057342593952839e+01 -1.549672977129618268e+01
-2.132694535336251818e+01 -1.532681417465209961e+01
-2.120691936298952385e+01 -1.533347841103871723e+01
-2.122200922238624798e+01 -1.545116134484609027e+01
-2.119038749953447720e+01 -1.554169015089670758e+01
-2.160520542274087319e+01 -1.484881937503814697e+01
-2.159100744279764328e+01 -1.513411331176757812e+01
-2.183241874888791756e+01 -1.558348083496093750e+01
-2.127451576620845586e+01 -1.491530207792917828e+01
-2.066472881123171135e+01 -1.503104194005330463e+01
-2.131432470224671505e+01 -1.524943681557973285e+01
-2.117720166707443141e+01 -1.547088869412740131e+01
-2.183484067755230384e+01 -1.502450708548227887e+01
-2.068139601561982843e+01 -1.511473480860392193e+01
-2.093833608142400138e+01 -1.563306216398874859e+01
-2.168357845888299451e+01 -1.536970635255177875e+01
-2.131962260553392241e+01 -1.549404680728912354e+01
-2.126178728523900929e+01 -1.563267620404561420e+01
-2.114731956740557095e+01 -1.563534911473592182e+01
-2.145798453638109038e+01 -1.500884600480397602e+01
-2.157783430713718076e+01 -1.567448846499125104e+01
-2.085400426185737288e+01 -1.514171298344930072e+01
-2.153318631446967757e+01 -1.520781052112579346e+01
-2.118170405242402765e+01 -1.563622975349426270e+01
-2.150809865078683458e+01 -1.535423652331034283e+01
-2.082271276086063594e+01 -1.573698556423187256e+01
-2.113374015032234965e+01 -1.493577317396799664e+01
-2.145914308903580903e+01 -1.539455934365590473e+01
-2.155352747642387712e+01 -1.563644977410634418e+01
-2.190586381039376818e+01 -1.538942790031433105e+01
-2.171635710182836476e+01 -1.528698261578877826e+01
-2.128318495669607557e+01 -1.538755194346109967e+01
-2.136842388217732136e+01 -1.481635852654775043e+01
-2.116885015519998703e+01 -1.574865559736887555e+01
-2.145703086206468413e+01 -1.489562253157297711e+01
-2.100244486533989274e+01 -1.565952277183532715e+01
-2.126539560091697467e+01 -1.572895379861195941e+01
-2.170970262107202586e+01 -1.565773065884908100e+01
-2.144252166101487944e+01 -1.569058648745218854e+01
-2.165295274378889800e+01 -1.534400439262390137e+01
-2.187643961179054486e+01 -1.529517213503519635e+01
-2.140407993833897393e+01 -1.568473593393961529e+01
-2.152652672589835348e+01 -1.524284176031748395e+01
-2.126041388107558561e+01 -1.509765076637268066e+01
-2.138676449403924451e+01 -1.518221640586853027e+01
-2.174125643907967387e+01 -1.407642682393391986e+01
-2.078631995896161655e+01 -1.547762155532836914e+01
-2.160032736244848195e+01 -1.499446737766265869e+01
-2.122594760636151889e+01 -1.534011709690093994e+01
-2.180132933794441996e+01 -1.560393468538920025e+01
-2.168072645542985200e+01 -1.550160022576650043e+01
-2.172058917708315917e+01 -1.569977422555287738e+01
-2.167817390571206460e+01 -1.536981467405954938e+01
-2.136810417498572434e+01 -1.437716976801554303e+01
-2.127529747203244881e+01 -1.492750147978464703e+01
-2.152535721407098279e+01 -1.525941093762715717e+01
-2.156562787395412784e+01 -1.551831233501434326e+01
-2.170647082894535274e+01 -1.531437675158182721e+01
-2.164673971725722623e+01 -1.500809379418691059e+01
-2.128550560999724794e+01 -1.461966435114542584e+01
-2.133059742491123956e+01 -1.520969990889231305e+01
-2.160174146749205448e+01 -1.568777370452880859e+01
-2.125338531752764126e+01 -1.544891122976938824e+01
-2.087981342057050327e+01 -1.596926081180572510e+01
-2.203643499794652882e+01 -1.494892426331838031e+01
-2.143204821570444807e+01 -1.543523701032002826e+01
-2.149691589808059788e+01 -1.503059180577596088e+01
-2.130753111435195279e+01 -1.504389293988545795e+01
-2.219381429381289550e+01 -1.497703599929809570e+01
-2.090332598605398573e+01 -1.561594680945078473e+01
-2.153650188446044922e+01 -1.530300553639729877e+01
-2.092543013621184755e+01 -1.435463678836822510e+01
-2.189237997087381515e+01 -1.538929224014282227e+01
-2.163861751556396484e+01 -1.511658541361490826e+01
-2.174477540032338396e+01 -1.546917613347371478e+01
-2.140063743268029128e+01 -1.543716764450073242e+01
-2.195144834356792884e+01 -1.537986846764882465e+01
-2.166406909490035915e+01 -1.580742478370666504e+01
-2.166034591804116616e+01 -1.530835560957590680e+01
-2.190021125340865993e+01 -1.525913484891255756e+01
-2.171506657034663945e+01 -1.531566818555196186e+01
-2.168862287876969575e+01 -1.454951016108194928e+01
-2.182062231484106007e+01 -1.514415836334228516e+01
-2.112612902107885304e+01 -1.554634678363800049e+01
-2.198413858575336022e+01 -1.527000570297241211e+01
-2.134290441416077755e+01 -1.570798365275065045e+01
-2.191537089267019667e+01 -1.522806843121846576e+01
-2.116906612202272697e+01 -1.573410459359486957e+01
-2.180279581425553559e+01 -1.438086609045664410e+01
-2.130749114085051943e+01 -1.534289749463399311e+01
-2.200685368554066912e+01 -1.478777138392130475e+01
-2.117056596077094710e+01 -1.520321893692016602e+01
-2.159005638704461560e+01 -1.493480579058329205e+01
-2.185401240849899196e+01 -1.551171688238779645e+01
-2.189555779149976900e+01 -1.506854895750681500e+01
-2.113123177673857001e+01 -1.483670453230539898e+01
-2.133177282042422362e+01 -1.542042386531829834e+01
-2.205609623860504698e+01 -1.508628952503204346e+01
-2.198716268701068444e+01 -1.464561394850412945e+01
-2.112759310512219457e+01 -1.460333851973215680e+01
-2.161866695598020272e+01 -1.425605463981628418e+01
-2.178100624731031587e+01 -1.517209366957346539e+01
-2.138684348736779128e+01 -1.545973694324493408e+01
-2.159819795317568847e+01 -1.532066921393076520e+01
-2.172007502539683088e+01 -1.556105009714762311e+01
-2.193675088074247626e+01 -1.313251217206319232e+01
-2.164015032881397360e+01 -1.513307003180185895e+01
-2.130646017042257157e+01 -1.565509875615437885e+01
-2.207972191956083563e+01 -1.490172203381856342e+01
-2.150741627256748956e+01 -1.512862463792165180e+01
-2.155629447355108752e+01 -1.478514166673024555e+01
-2.161013163550425276e+01 -1.530217699209848981e+01
-1.962234665983814352e+01 -1.559391566117604633e+01
-2.177616670576192703e+01 -1.498083217938741107e+01
-2.138767565711069807e+01 -1.550634892781575580e+01
-2.186819724713341628e+01 -1.555262188116709332e+01
-2.174340130110918423e+01 -1.551575116316477398e+01
-2.207932887643070430e+01 -1.506424264113108258e+01
-2.198592829300185514e+01 -1.516685330867767334e+01
-2.188902221291752070e+01 -1.519718964894612689e+01
-2.225111594442593699e+01 -1.487253912289937396e+01
-2.181092530589992862e+01 -1.565369677543640137e+01
-2.204419966875496684e+01 -1.458496034145355225e+01
-2.112250725697662901e+01 -1.529175933202107807e+01
-2.158640311936200717e+01 -1.489188396930694580e+01
-2.135740200947907041e+01 -1.520665335655212402e+01
-2.202539452051712132e+01 -1.447919205824534039e+01
-2.157520935899120218e+01 -1.531803977489471436e+01
-2.166436329534498384e+01 -1.540161196390787701e+01
-2.172345778901698310e+01 -1.502783397833506207e+01
-2.159531884274240099e+01 -1.548294750849405865e+01
-2.205594447507696643e+01 -1.453113385041554828e+01
-2.169100615937831122e+01 -1.340279360612233539e+01
-2.147620951119115773e+01 -1.562004689375559430e+01
-2.154502068535756365e+01 -1.553124741713205914e+01
-2.199317195051807516e+01 -1.524223657449086566e+01
-2.217715473498328294e+01 -1.505844692389170270e+01
-2.177484222994012342e+01 -1.554254599412282367e+01
-2.171743822905976984e+01 -1.518063879013061523e+01
-2.173407645144705214e+01 -1.498146426677703857e+01
-2.214044624263957317e+01 -1.474863616625467877e+01
-2.211715509123721191e+01 -1.533345317840576172e+01
-2.215578218233787311e+01 -1.487103088696797748e+01
-2.202120744575888267e+01 -1.506983486811319928e+01
-2.208600920337741513e+01 -1.544741642475128174e+01
-2.189746764554815783e+01 -1.532812190055847168e+01
-2.132827351456981546e+01 -1.416689268747965436e+01
-2.212241407168113483e+01 -1.458960294723510742e+01
-2.189641336667335736e+01 -1.523840292294820209e+01
-2.218673006154723026e+01 -1.511379194259643555e+01
-2.156608272811113736e+01 -1.557198822498321533e+01
-2.181650462393033152e+01 -1.484102896849314313e+01
-2.206498611579507241e+01 -1.514546024799346924e+01
-2.182662322157520407e+01 -1.519317428270975689e+01
-2.147509901402360200e+01 -1.513041432698567768e+01
-2.132606910446942905e+01 -1.466395397981007953e+01
-2.175499122425661369e+01 -1.502793693542480469e+01
-2.202430818848690919e+01 -1.509263213475545307e+01
-2.175076353752006852e+01 -1.491596706708272357e+01
-2.165465738005557128e+01 -1.534148021539052387e+01
-2.170185834270412784e+01 -1.531946249802907367e+01
-2.244399696285441692e+01 -1.507677495479583740e+01
-2.178703922336384480e+01 -1.495217756430307965e+01
-2.197668967812748164e+01 -1.429842444260915180e+01
-2.168857262498241312e+01 -1.531234351793924908e+01
-2.118504627680374242e+01 -1.531426731745401959e+01
-2.217569184707382846e+01 -1.508967411518096924e+01
-2.235501546374822013e+01 -1.511669655640920062e+01
-2.166634625903630607e+01 -1.512618748346964459e+01
-2.219220631809557887e+01 -1.514834050337473492e+01
-2.153625721042439167e+01 -1.512902863820393939e+01
-2.193366228523900929e+01 -1.538396608829498291e+01
-2.218114220893989241e+01 -1.403551737467447857e+01
-2.195105030577061456e+01 -1.504368090629577637e+01
-2.229830161595748805e+01 -1.524370749791463275e+01
-2.209665372816182938e+01 -1.489902253945668598e+01
-2.199948668075820279e+01 -1.455308167139689068e+01
-2.206822366229558341e+01 -1.535138575236002545e+01
-2.221017703363450835e+01 -1.493466377258300781e+01
-2.175863094653113450e+01 -1.510935326417287250e+01
-2.153506812402757475e+01 -1.582286858558654785e+01
-2.179231376971228684e+01 -1.560512502988179584e+01
-2.237675078440520693e+01 -1.548879504203796387e+01
-2.220858355699959574e+01 -1.484299623966217041e+01
-2.241224274392855520e+01 -1.454427282015482525e+01
-2.208091543488583497e+01 -1.496141910552978516e+01
-2.209325331348483701e+01 -1.543170106410980225e+01
-2.193380776098219087e+01 -1.528839453061421771e+01
-2.205120207899707907e+01 -1.433851889769236188e+01
-2.173426099550925983e+01 -1.543749892711639404e+01
-2.234798544544284482e+01 -1.514910662174224854e+01
-2.173919336674576996e+01 -1.499399991830190082e+01
-2.235535312911211392e+01 -1.505508593718210797e+01
-2.224851092645677397e+01 -1.524057507514953613e+01
-2.254753132189734544e+01 -1.397370862960815430e+01
-2.230566415948382897e+01 -1.549306364854176898e+01
-2.134006227073022899e+01 -1.551113911469777484e+01
-2.204263999098438376e+01 -1.525829410552978516e+01
-2.235026163974050917e+01 -1.519417301813761334e+01
-2.122285239979372307e+01 -1.514556205272674561e+01
-2.216609885328907126e+01 -1.520919891198476215e+01
-2.179342143818483635e+01 -1.509940330187479596e+01
-2.209832088017867946e+01 -1.548509180545806885e+01
-2.201838844105348869e+01 -1.507673307259877582e+01
-2.219996512138237321e+01 -1.522916742165883441e+01
-2.194631127179679098e+01 -1.506584366162618061e+01
-2.170891116837323764e+01 -1.406657524903615375e+01
-2.150380789223363820e+01 -1.514612420399983783e+01
-2.225071090762898152e+01 -1.474008987347284894e+01
-2.156104731155654264e+01 -1.530773103237152100e+01
-2.230158839791507930e+01 -1.494455830256144147e+01
-2.225406722699181472e+01 -1.472518678506215473e+01
-2.151313162658174249e+01 -1.499929861227671246e+01
-2.265744104223736244e+01 -1.516591735680898090e+01
-2.228402598429534365e+01 -1.531449810663858990e+01
-2.245650165363893791e+01 -1.558269623915354352e+01
-2.236386790518033152e+01 -1.517510346571604352e+01
-2.256523969617940750e+01 -1.396410910288492779e+01
-2.138029722440040814e+01 -1.418215906620025635e+01
-2.226811950489626213e+01 -1.492821049690246582e+01
-2.258799079313116565e+01 -1.530666013558705707e+01
