# Train Val
-9.881606758261719747e+00 -1.143468423323197847e+01
-1.143580157806476016e+01 -1.148721723432664810e+01
-1.147099686662356000e+01 -1.152776453092500830e+01
-1.154672156522671322e+01 -1.170608953996138091e+01
-1.196395833293596844e+01 -1.287390768373167305e+01
-1.407973554233709912e+01 -1.629840070551091813e+01
-1.655786292751630029e+01 -1.714022194255482034e+01
-1.760489002118508139e+01 -1.720311141323733750e+01
-1.808453478664159775e+01 -1.896965378600281582e+01
-1.867461548000574112e+01 -1.693209063542353476e+01
-1.899473393956820289e+01 -2.039026919278231631e+01
-1.933301420261462411e+01 -1.969265330921519919e+01
-1.948395605633656302e+01 -2.054989874208128242e+01
-1.955321758488814154e+01 -2.034375312111594525e+01
-1.948111371695995331e+01 -1.847961958352621537e+01
-1.975422490139802179e+01 -1.867366313934326172e+01
-1.992859850575526437e+01 -2.028273629522943011e+01
-2.005860654513041297e+01 -1.993117277962820921e+01
-2.003349904964367667e+01 -2.009534645080566406e+01
-1.999502381682395935e+01 -1.978801916791246995e+01
-1.996647170186042786e+01 -1.719734429693841449e+01
-1.999295060336589813e+01 -2.077508797583642064e+01
-2.012839933981497964e+01 -2.059019918565626384e+01
-2.023913996666669846e+01 -2.005428556962446862e+01
-2.056470797459284583e+01 -2.135578202582025042e+01
-2.027863101164500037e+01 -2.081021239540793744e+01
-2.039469800144433975e+01 -2.107513350945014352e+01
-2.047858416537443915e+01 -2.003605763323895417e+01
-2.065297509233156958e+01 -2.129167611258370485e+01
-2.055788924793402472e+01 -1.960054598226175671e+01
-2.048360191285610199e+01 -2.101315869913472767e+01
-2.040218177686135093e+01 -2.120582372492009782e+01
-2.053242261956135550e+01 -2.066725148783101673e+01
-2.039378907034794608e+01 -2.148079458459631041e+01
-2.098543332765499869e+01 -2.114258312869381484e+01
-2.071168120950460434e+01 -2.112493532354181625e+01
-2.047062041610479355e+01 -2.107699300097180739e+01
-2.095644165575504303e+01 -1.782151020347297887e+01
-2.061461594204108039e+01 -2.066481644766671266e+01
-2.116663895050684729e+01 -2.084106876323749447e+01
-2.109196914732456207e+01 -2.105547151937113171e+01
-2.111986094216505805e+01 -1.935006488453258200e+01
-2.075315787891547004e+01 -1.733301433959564619e+01
-2.072972302635510644e+01 -2.188944009062531748e+01
-2.129504922529061517e+01 -2.079565447027033187e+01
-2.115536338587601861e+01 -2.144124947585068597e+01
-2.117940473556518555e+01 -1.879277372979498395e+01
-2.113658747573693475e+01 -2.127046760955414229e+01
-2.090291563669840613e+01 -2.187128064539525241e+01
-2.133758967121442041e+01 -2.161233119221476784e+01
-2.132820209860801697e+01 -2.078008098106879586e+01
-2.122802894562482834e+01 -2.157500324001560088e+01
-2.142951137820879737e+01 -1.871231943601137715e+01
-2.079737199594577035e+01 -2.061688621322830173e+01
-2.121526220937569818e+01 -1.951927365885152454e+01
-2.125729357699553290e+01 -1.869143021571171914e+01
-2.104463728765646735e+01 -1.974674588983709000e+01
-2.131261841952800751e+01 -2.069211704700024157e+01
-2.150560837487379828e+01 -2.117950345324231520e+01
-2.130919517576694489e+01 -2.165840713699142484e+01
-2.148223769168059150e+01 -2.193736061492523604e+01
-2.127776928991079330e+01 -2.203710617957177220e+01
-2.145585491508245468e+01 -2.137597828406792289e+01
-2.165540817876656732e+01 -2.237229637046912956e+01
-2.140602833529313287e+01 -1.528361450542103128e+01
-2.126320914179086685e+01 -1.912363680306967240e+01
-2.141977471113204956e+01 -2.156788677364200879e+01
-2.146846509973208228e+01 -2.173004279198584499e+01
-2.155770611763000488e+01 -1.890783676543793135e+01
-2.163901685178279877e+01 -2.162728437200769349e+01
-2.105731702844301978e+01 -2.210666614383845996e+01
-2.152705813199281693e+01 -2.169758370634797373e+01
-2.158264170090357581e+01 -2.219891166687011719e+01
-2.187748917440573493e+01 -2.117737558290555810e+01
-2.156732293466727057e+01 -2.215699141366141234e+01
-2.204523959259192267e+01 -2.149557425759055462e+01
-2.197964088867108146e+01 -2.169091625956745872e+01
-2.178157744308312616e+01 -2.198365838187081422e+01
-2.165825704236825189e+01 -2.107287797060879697e+01
-2.178271192312240601e+01 -2.179120348645495042e+01
-2.183882083495457849e+01 -1.981073725068723945e+01
-2.182368053744236747e+01 -2.185548549503474902e+01
-2.208526157339413842e+01 -2.160689116143560895e+01
-2.206117785473664483e+01 -2.123081913242092256e+01
-2.175030085941155633e+01 -2.149375553874226341e+01
-2.195934322476387024e+01 -1.968393739477380677e+01
-2.160593169430891791e+01 -2.070553034002130843e+01
-2.199613839884598931e+01 -2.223383955522017175e+01
-2.185375872751076898e+01 -2.194057016248826741e+01
-2.213255845010280609e+01 -2.048469584328787718e+01
-2.200800930956999579e+01 -2.134339621159937650e+01
-2.186923904220263282e+01 -2.110898306462672025e+01
-2.208949349323908606e+01 -2.243639594239073887e+01
-2.210758050282796106e+01 -1.973230825151716061e+01
-2.190213409562905511e+01 -2.237605553168755179e+01
-2.200722999374071875e+01 -2.226320670487044850e+01
-2.210001422464847565e+01 -2.086445031847272702e+01
-2.179889561980962753e+01 -2.032544467975566960e+01
-2.213098994394143304e+01 -2.183958282718410615e+01
-2.224743093053499976e+01 -2.156125400592754460e+01
-2.200658552845318994e+01 -2.142010246623646097e+01
-2.212743603189786157e+01 -2.256041073489498672e+01
-2.198798133929570398e+01 -2.108617651307737617e+01
-2.232295536994934082e+01 -2.015166655453768740e+01
-2.228891475001971045e+01 -2.197353600836419574e+01
-2.232274502515792847e+01 -2.163377841107256927e+01
-2.186717699964841088e+01 -2.217061567925787458e+01
-2.206621531645457068e+01 -2.181921355755298109e+01
-2.200490776449441910e+01 -2.068534635568594027e+01
-2.219765404860178748e+01 -2.115542531942392301e+01
-2.250504570206006250e+01 -2.191532769141259251e+01
-2.247666591902573785e+01 -2.131115110818441849e+01
-2.216307556132475653e+01 -2.201491154014290075e+01
-2.249885011216004571e+01 -2.200962932388504001e+01
-2.214717009663581848e+01 -2.156019297513094912e+01
-2.238212604324023047e+01 -1.958848532144125443e+01
-2.247252313296000281e+01 -2.164302059272667123e+01
-2.245087698101997375e+01 -2.099297387259347047e+01
-2.215474125246207038e+01 -1.841297921267422666e+01
-2.234084847072760383e+01 -2.227647553481064691e+01
-2.223815987010796746e+01 -2.288516054525003796e+01
-2.217781228820483008e+01 -2.199055119303913841e+01
-2.247385251522064209e+01 -2.240027338498598652e+01
-2.217787286142508307e+01 -2.173996769298206644e+01
-2.228257098793983459e+01 -2.303406249702750941e+01
-2.218046923478444299e+01 -2.240955637646959886e+01
-2.268743057548999786e+01 -1.895494254223712005e+01
-2.225510685642560205e+01 -2.126689066205705814e+01
-2.239178972939650336e+01 -2.244045755460664893e+01
-2.236400919655958930e+01 -1.975306451475465508e+01
-2.278341768682003021e+01 -2.291136166956517428e+01
-2.235430572926998138e+01 -2.119870841038691367e+01
-2.246104015906651696e+01 -2.280475737831809369e+01
-2.259554656346638879e+01 -2.289006858677058887e+01
-2.266749450812737265e+01 -2.262076506676611842e+01
-2.267472328245639801e+01 -2.209844154506534863e+01
-2.279535016417503357e+01 -2.184122427407797318e+01
-2.241152736792961875e+01 -2.076317306617637826e+01
-2.238245945672194281e+01 -2.107346327893145599e+01
-2.247148801386356354e+01 -2.291685027580756540e+01
-2.250536188979943475e+01 -2.214958953857421875e+01
-2.256522201498349389e+01 -2.244972147260393314e+01
-2.257215860982735833e+01 -2.258273402127352725e+01
-2.266050746043523034e+01 -2.213687554892007370e+01
-2.265394854545593262e+01 -2.302438718622380875e+01
-2.264646128316720208e+01 -2.248408411694811448e+01
-2.256237442294756690e+01 -2.182312846493411485e+01
-2.274628744026025018e+01 -2.123131162470037125e+01
-2.250560969611008844e+01 -2.126180298297436266e+01
-2.242182068030039588e+01 -2.250946906944373893e+01
-2.268812334537506104e+01 -2.281243906392679577e+01
-2.276425830523173133e+01 -2.196570579726974515e+01
-2.293206986288229743e+01 -2.190864622438108711e+01
-2.296143415570259094e+01 -2.239375978940493184e+01
-2.278154897689819336e+01 -2.229517754641446103e+01
-2.246703761816024780e+01 -2.159428606404886608e+01
-2.256839565436045447e+01 -2.013933496351365804e+01
-2.280416947851578513e+01 -2.165045029776436891e+01
-2.277821679413318634e+01 -2.083728121472643480e+01
-2.284790518134832382e+01 -2.297078315933029202e+01
-2.282195267081260681e+01 -2.273944400192855397e+01
-2.273404881358146667e+01 -2.037903748549424066e+01
-2.254777503013610840e+01 -2.277107352715033883e+01
-2.274612193306287011e+01 -2.319191519006506041e+01
-2.297834355632464209e+01 -2.254773962342893867e+01
-2.290955084562301636e+01 -2.236849083838524876e+01
-2.302356740335623542e+01 -2.162926916642622643e+01
-2.268711591263611993e+01 -2.207391192696311322e+01
-2.257449138164520264e+01 -2.290853609357561282e+01
-2.297975043952465057e+01 -2.249596776590718861e+01
-2.271918362379074097e+01 -2.272419910926323539e+01
-2.291643133759498596e+01 -2.266357315360725622e+01
-2.314041565358638763e+01 -2.164554256587833692e+01
-2.268472868700822076e+01 -2.199077492255669242e+01
-2.281883540749549866e+01 -2.229087502615792360e+01
-2.287875116368134698e+01 -2.234730802263532468e+01
-2.292825014392535010e+01 -2.220315242123294297e+01
-2.292786725858847419e+01 -2.225699097769600954e+01
-2.311400205890337745e+01 -2.220300671961400241e+01
-2.311547301212946692e+01 -2.220480720718185452e+01
-2.309483612577120581e+01 -2.125952705779632979e+01
-2.264008766412734985e+01 -2.319996167467786208e+01
-2.275398346285025397e+01 -2.263746833801269531e+01
-2.296086298922697821e+01 -2.250987450488202057e+01
-2.303236474593480310e+01 -2.201017060217919408e+01
-2.325961311161518097e+01 -2.186642795414119433e+01
-2.264776488641897956e+01 -2.311663974415172262e+01
-2.308897148569424829e+01 -2.205900103086000996e+01
-2.297608471910158912e+01 -2.280282134514350290e+01
-2.326331878205140313e+01 -2.286987453312068652e+01
-2.333257876833279809e+01 -2.103356034415108766e+01
-2.314366950094699860e+01 -2.293215469261268424e+01
-2.309523352980613708e+01 -2.279440642022467145e+01
-2.325901214778423309e+01 -2.209322302682059203e+01
-2.309647521873315057e+01 -2.253472736903599483e+01
-2.329639399548371514e+01 -2.197803415570940189e+01
-2.306359508633613586e+01 -2.315015592203511829e+01
-2.300807026525338372e+01 -2.161987009915438662e+01
-2.329549395044644555e+01 -2.331112643650599736e+01
-2.330059871574242791e+01 -2.275304853761350898e+01
-2.320922798415024957e+01 -2.210907029486321917e+01
-2.319737395147482673e+01 -2.342490099622057542e+01
-2.319746007770299911e+01 -2.266295252217874889e+01
-2.327226170400778571e+01 -2.294617011330344525e+01
-2.332866518696149072e+01 -2.307448629899458581e+01
-2.321084877351919928e+01 -2.317162538503671598e+01
-2.321377187222242355e+01 -2.260358166385006484e+01
-2.315958637992541114e+01 -2.072545690660352946e+01
-2.322794289886951447e+01 -2.143036190875164948e+01
-2.313545752565066138e+01 -2.142217794641271666e+01
-2.297761795918146888e+01 -2.269311575456099206e+01
-2.325214960674444953e+01 -2.311652666562563496e+01
-2.302209910253683844e+01 -2.255846357964849958e+01
-2.342002412925164023e+01 -2.243827172068806419e+01
-2.352923216422398767e+01 -2.284323677459320479e+01
-2.354183134684960166e+01 -2.296079358187588682e+01
-2.344706830879052362e+01 -2.304715711420232438e+01
-2.310057148089011392e+01 -2.172485148442255820e+01
-2.334275226294994354e+01 -2.327259744916643314e+01
-2.345754387478033820e+01 -2.190112092897489404e+01
-2.331253162523110589e+01 -2.310482425194281930e+01
-2.324079984923203668e+01 -2.242223127786215287e+01
-2.345781690875689307e+01 -2.321489205298485814e+01
-2.354318050543467322e+01 -2.188033516376049548e+01
-2.341159342229366302e+01 -2.287102322764210882e+01
-2.348146746059258660e+01 -2.334435296987558317e+01
-2.355119981368382653e+01 -2.216606275137368698e+01
-2.359080239137013635e+01 -2.354439049262505179e+01
-2.361473804712295532e+01 -2.322429318861527747e+01
-2.340795983870824060e+01 -2.348361213485916110e+01
-2.343636106948057929e+01 -2.311903287218762770e+01
-2.334000287950038910e+01 -2.159901464140260430e+01
-2.348803937435150146e+01 -2.241331966201980563e+01
-2.347971067329247674e+01 -2.273840958731515016e+01
-2.353171669443448266e+01 -2.263304504790863447e+01
-2.353859893977642059e+01 -2.080408856775853366e+01
-2.345567198594411096e+01 -2.330217547230906305e+01
-2.336952363699674606e+01 -2.362883669370180684e+01
-2.335812347630659858e+01 -2.278021373996486787e+01
-2.317270734409491340e+01 -2.306023124595741081e+01
-2.344313510755698005e+01 -2.343543652125767451e+01
-2.324158384402592858e+01 -2.278276510362501384e+01
-2.345475999017556390e+01 -2.066768789910650739e+01
-2.353184964259465417e+01 -2.332270097113275042e+01
-2.358436384300390998e+01 -2.308280090232948112e+01
-2.367712571223576745e+01 -2.236028644016810674e+01
-2.335070322950680932e+01 -2.053214329558533535e+01
-2.338043265044689178e+01 -2.312724774843686504e+01
-2.348811555902163306e+01 -2.311741921808812350e+01
-2.361074922482172767e+01 -2.280279867989676390e+01
-2.327182417611281195e+01 -2.274157008877048369e+01
-2.369136306643486023e+01 -2.172049547170663786e+01
-2.356047180791695794e+01 -2.276775880293412513e+01
-2.350246772418419638e+01 -2.241245978219168578e+01
-2.347074979543685913e+01 -2.368294396338524876e+01
-2.356349311769008636e+01 -2.338813142652635335e+01
-2.321767302354176721e+01 -2.221337689981832142e+01
-2.352225840091705322e+01 -2.293053514307195329e+01
-2.367687119543552399e+01 -2.258609247826910504e+01
-2.371181415518124780e+01 -2.315862559033678636e+01
-2.366412147382895270e+01 -2.253035327366420049e+01
-2.352207869788010797e+01 -2.228026224111581755e+01
-2.320418951908747474e+01 -2.221966364476588041e+01
-2.375189125537872314e+01 -2.295332549454330007e+01
-2.392259290814399719e+01 -2.349279377677223835e+01
-2.346737006803353509e+01 -2.185078747241528063e+01
-2.352257798115412513e+01 -2.341738809858049564e+01
-2.339957093695799628e+01 -2.270368467058454343e+01
-2.389324929316838464e+01 -2.324136293089235039e+01
-2.383211901783943176e+01 -2.295328967602221937e+01
-2.349043069779872894e+01 -2.325684975958489886e+01
-2.362947324911753455e+01 -2.293192073277064580e+01
-2.349957181761662284e+01 -2.322492559854086380e+01
-2.389448999365170678e+01 -2.330112464706619235e+01
-2.388133388757705688e+01 -2.316336761821400003e+01
-2.370731322467327118e+01 -2.281218123745608750e+01
-2.392469606796900550e+01 -2.269596179119952239e+01
-2.368626418709754944e+01 -1.992222462691269769e+01
-2.353373564779758453e+01 -2.299144900928844137e+01
-2.388180399934450904e+01 -2.282117509222650042e+01
-2.348986007769902429e+01 -2.301663818607082490e+01
-2.365485064188639441e+01 -2.327640065279873838e+01
-2.380946082870165625e+01 -2.296857648081593695e+01
-2.378150210777918616e+01 -2.252564348493303470e+01
-2.358615018924077233e+01 -2.258517401559012328e+01
-2.373779146869977197e+01 -2.254751067966609668e+01
-2.369555792709191522e+01 -2.307873053364939508e+01
-2.378141709168751916e+01 -2.338857640848531361e+01
-2.372619392474492273e+01 -2.371773735888592682e+01
-2.387927132348219672e+01 -2.306140763419015016e+01
-2.348373743395010749e+01 -2.191910520776525573e+01
-2.384666128456592560e+01 -2.200412496343835755e+01
-2.375212038556734839e+01 -2.250715354820350456e+01
-2.377227091789245605e+01 -2.267453649446561670e+01
-2.406871077418327332e+01 -2.333430748481255179e+01
-2.385053727030754089e+01 -2.251997112918209609e+01
-2.375614815453688422e+01 -2.355108441934957142e+01
-2.384217654665311059e+01 -2.264238046670888949e+01
-2.389645138382911682e+01 -2.282120205520035228e+01
-2.376456193625926971e+01 -2.379634659011642484e+01
-2.393782817820708075e+01 -2.208943805446872588e+01
-2.369255158801873407e+01 -2.192205360957554561e+01
-2.396547872821490088e+01 -2.293574045850084886e+01
-2.363142365217208862e+01 -2.369705063956124391e+01
-2.381962982813517371e+01 -2.317535809108189326e+01
-2.397571737567583838e+01 -2.349012917357605801e+01
-2.392988311747710028e+01 -2.329780955128855524e+01
-2.383028797308604041e+01 -2.360057403514911556e+01
-2.385646730164686957e+01 -2.222910419067779131e+01
-2.397764392693837365e+01 -2.344802128184925394e+01
-2.406459927062193671e+01 -2.380574444362095576e+01
-2.385636619726816932e+01 -2.293786997609324274e+01
-2.388053601483504096e+01 -2.368733269827706422e+01
-2.383723587791125098e+01 -2.190655988222592754e+01
-2.415588568150997162e+01 -2.270437069682331810e+01
-2.360965624948342523e+01 -2.233371546361353666e+01
-2.389274108409881592e+01 -2.277219494906338682e+01
-2.410803476969401160e+01 -2.351301621771478167e+01
-2.380404496192932129e+01 -2.345941811103325492e+01
-2.397214833895365516e+01 -2.318264204495913106e+01
-2.365221607685089111e+01 -2.341606060870282136e+01
-2.401375058790047845e+01 -2.352708593591466979e+01
-2.385721297810475150e+01 -2.234157241474498434e+01
-2.388705013692378998e+01 -2.226724204769382354e+01
-2.371204784512519836e+01 -2.324743317938470355e+01
-2.415191475550333777e+01 -2.333603120779062223e+01
-2.416015261411666870e+01 -2.301619698165298900e+01
-2.409089402357737342e+01 -2.292146692647562389e+01
-2.399352468550205231e+01 -2.225840791479333802e+01
-2.406401515503724298e+01 -2.285623321285495635e+01
-2.397395069400469581e+01 -2.306886041319215508e+01
-2.377630730470021447e+01 -2.322983427171583415e+01
-2.410153980553150177e+01 -2.168976358933882409e+01
-2.381198809544245520e+01 -2.301959793288986234e+01
-2.410894059638182441e+01 -2.320954134557154447e+01
-2.413936828076839447e+01 -2.167123102212881136e+01
-2.405016668140888214e+01 -2.378371857977532855e+01
-2.430673878391583642e+01 -2.317279357414740915e+01
-2.424845817188422004e+01 -2.364763824661056546e+01
-2.430535347759723663e+01 -2.294984963652375498e+01
-2.386718595027923584e+01 -2.272428614133364277e+01
-2.404975588123003760e+01 -2.303388214111328125e+01
-2.427368524173895636e+01 -2.360795875648399544e+01
-2.424203131099541864e+01 -2.383120567767651110e+01
-2.433123218516508857e+01 -2.273450086023900241e+01
-2.403755280375480652e+01 -2.351345556432550765e+01
-2.417334252595901489e+01 -2.327186712042077943e+01
-2.390821209053198615e+01 -2.349948149842101230e+01
-2.416918901105721673e+01 -2.247317099880862656e+01
-2.416167032221953193e+01 -2.274655235587776403e+01
-2.401137192547321320e+01 -2.355242731664088041e+01
-2.412339660028616706e+01 -2.266205816145066976e+01
-2.429385246336460114e+01 -2.094967854487431680e+01
-2.365633315344651422e+01 -2.286686430348978405e+01
-2.430354891717433929e+01 -2.269764376305914411e+01
-2.414623379707336426e+01 -2.191886102998411445e+01
-2.420761915544668952e+01 -2.324737785388897038e+01
-2.395184427499771118e+01 -2.176808032741794463e+01
-2.411147653063138208e+01 -2.279332025949057083e+01
-2.441451395054658136e+01 -2.342730140686035156e+01
-2.423525565365950385e+01 -2.321843684803355856e+01
-2.414398876329262933e+01 -2.401133807293780364e+01
-2.427947910626729211e+01 -2.334444256571980247e+01
-2.435744054615497589e+01 -2.147335883549281377e+01
-2.424383835991223535e+01 -2.409744240401627025e+01
-2.426431609690189362e+01 -2.327283579343325215e+01
-2.420931577682495117e+01 -2.332533442509638633e+01
-2.415900903940200806e+01 -2.211895216904677497e+01
-2.376806137959162513e+01 -2.350100603970614443e+01
-2.369157982369263848e+01 -2.322600649548815355e+01
-2.421352217098077020e+01 -2.230425609241832419e+01
-2.404117352267106256e+01 -2.177967487681995706e+01
-2.419283932944138726e+01 -2.386180649794541253e+01
-2.426126970847447595e+01 -2.287288608798732881e+01
-2.425266673664252082e+01 -2.288743965347091702e+01
-2.418283304572105408e+01 -2.357080611934909697e+01
-2.407717399795850000e+01 -2.342809233727393092e+01
-2.425549865762392798e+01 -2.348395472687560215e+01
-2.406406687200069427e+01 -2.375061560296392926e+01
-2.418150263031323632e+01 -2.277696516606714994e+01
-2.402411951124668121e+01 -2.382665151125424785e+01
-2.425178855657577515e+01 -2.274049758911132812e+01
-2.414310494561989984e+01 -2.334881108767026348e+01
-2.421818238993485650e+01 -2.187898625955953236e+01
-2.402964951097965240e+01 -2.068513507347602243e+01
-2.437245092789332190e+01 -2.199706959414791640e+01
-2.407318681975205621e+01 -2.343440392729523936e+01
-2.418359913925329963e+01 -2.379308722855208913e+01
-2.419492164750893792e+01 -2.345214075856394587e+01
-2.409771632154782495e+01 -2.312630697968718252e+01
-2.420513058205445489e+01 -2.376148417088892728e+01
-2.435842008888721466e+01 -2.302810349402489720e+01
-2.437302820881207666e+01 -2.265081918394410820e+01
-2.397402844329674920e+01 -2.103476492151037291e+01
-2.440386689702669898e+01 -2.295980455968287259e+01
-2.444820116957028588e+01 -2.192035135046228334e+01
-2.448262195785840234e+01 -2.389661930133770085e+01
-2.448738856613636017e+01 -2.311068433290952129e+01
-2.413834265371163568e+01 -2.321161733354841061e+01
-2.414000241955121240e+01 -2.293752950197690410e+01
-2.436589515209197998e+01 -2.396047119041541862e+01
-2.422066925962765893e+01 -2.323551068987165280e+01
-2.413011784354845801e+01 -2.320268051345626859e+01
-2.439928892751534661e+01 -2.365151193544462060e+01
-2.414796711007754126e+01 -2.313218736029290667e+01
-2.435645050307114801e+01 -2.372615016590465231e+01
-2.426907012363274774e+01 -2.295147848748541364e+01
-2.438586348295211792e+01 -2.305570728747875719e+01
-2.429989638924598694e+01 -2.317032712465756816e+01
-2.427418700853983680e+01 -2.337727445131772441e+01
-2.458151182532310486e+01 -2.288039115806678581e+01
-2.427875770628452301e+01 -2.054773796378792028e+01
-2.450561065971851349e+01 -2.253522098838508825e+01
-2.428623059391975403e+01 -2.221777344988538161e+01
-2.429545131822426995e+01 -2.311168029091574994e+01
-2.428060976664225379e+01 -2.250919146352000055e+01
-2.448818867901961127e+01 -2.337815849502365140e+01
-2.424266819159189978e+01 -2.344638225010463017e+01
-2.447372216979662696e+01 -2.308651391561929245e+01
-2.445723940432071686e+01 -2.395508823147067901e+01
-2.421332802375157556e+01 -2.400333216283228666e+01
-2.436553854743639747e+01 -2.350630735422109652e+01
-2.436545588076114655e+01 -2.369607957617029115e+01
-2.448469900091489038e+01 -2.340383467736182155e+01
-2.446807906031608582e+01 -2.330042735013094912e+01
-2.456189186871051788e+01 -2.375892443471140680e+01
-2.435218898455302039e+01 -2.256138640564757480e+01
-2.428821581602096558e+01 -2.182453939512178565e+01
-2.444291718304157257e+01 -2.303987812686276015e+01
-2.453173268338044366e+01 -2.331212910738858213e+01
-2.425503447651863098e+01 -2.288882208489752301e+01
-2.431049881875514984e+01 -2.287254078357250719e+01
-2.434402139981587609e+01 -2.376056019671551667e+01
-2.443864949544270715e+01 -2.365275848685920934e+01
-2.408666778604189673e+01 -2.364987038946771136e+01
-2.459646076460679254e+01 -2.409405606752866191e+01
-2.434756640096505365e+01 -2.424243555440531139e+01
-2.460392994185288629e+01 -2.378282170481496038e+01
-2.427239608267943183e+01 -2.411716317511224261e+01
-2.425198890268802643e+01 -2.145133390055074329e+01
-2.453492777049541473e+01 -2.267886634925743294e+01
-2.449619666238625726e+01 -2.362710349590747327e+01
-2.456458651026089868e+01 -2.288043422203559274e+01
-2.452694013714790344e+01 -2.329534129353312721e+01
-2.434155469139416894e+01 -2.323377666225681182e+01
-2.425089077154795447e+01 -2.371084896929852448e+01
-2.429020434121290961e+01 -2.358903550482415667e+01
-2.449503822624683380e+01 -2.277730716358531637e+01
-2.447050894300143042e+01 -2.368273583944741745e+01
-2.452874019245306769e+01 -2.375905383716930075e+01
-2.448137187957763672e+01 -2.276817562053729915e+01
-2.438056843976179877e+01 -2.314286586216517705e+01
-2.428845033049583435e+01 -2.338461457289658441e+01
-2.433044521510601044e+01 -2.321794580484365511e+01
-2.462599908808867255e+01 -2.379333882517628851e+01
-2.435283670822779456e+01 -2.296624624574339180e+01
-2.426411376893520355e+01 -2.386768900883662070e+01
-2.440269430478413781e+01 -2.291605644721489554e+01
-2.445395168662071228e+01 -2.378032057625906859e+01
-2.473503570258617401e+01 -2.333358836483645860e+01
-2.478034937878449639e+01 -2.331539359650054521e+01
-2.431831094870964804e+01 -2.256977413227031803e+01
-2.444517979522546014e+01 -2.290948310455718584e+01
-2.451251006871461868e+01 -2.361474009922572392e+01
-2.455710657934347907e+01 -2.311173211134873284e+01
-2.464024804035822669e+01 -2.284729670239733323e+01
-2.448378516981999198e+01 -2.382072775704520140e+01
-2.465480089187622070e+01 -2.298611611205262051e+01
-2.435685955981413642e+01 -2.411487958338353366e+01
-2.461853195230166236e+01 -2.424319693330046377e+01
-2.447054413457711419e+01 -2.338827694236458044e+01
-2.435262975096702576e+01 -2.393381247582373561e+01
-2.467135424415270606e+01 -2.396204170623382979e+01
-2.438698185483614722e+01 -2.277846224896319427e+01
-2.442970738808314124e+01 -2.412920223582874613e+01
-2.458289049565792084e+01 -2.359520951803628463e+01
-2.459953077634175500e+01 -2.208931094330626621e+01
-2.462451481322447577e+01 -2.379818430813876162e+01
-2.444044017295042792e+01 -2.358763020998471660e+01
-2.452806961039702216e+01 -2.388989745796500941e+01
-2.429584502677122870e+01 -2.330123815908060436e+01
-2.448965415855248651e+01 -2.397277823361483584e+01
-2.465553137163321296e+01 -2.286180610161322946e+01
-2.443616854647795478e+01 -2.373189314309652787e+01
-2.444006750484307489e+01 -2.257589632504946309e+01
-2.465975352128346643e+01 -2.220887719191513909e+01
-2.436373598873615265e+01 -2.343932790880079509e+01
-2.436863497396310052e+01 -2.366765869437874059e+01
-2.447867404917876044e+01 -2.241914692172756318e+01
-2.447273573776086053e+01 -2.354522360764540778e+01
-2.469944146275520325e+01 -2.308058897241369323e+01
-2.471458232402801514e+01 -2.304602298488864776e+01
-2.438758429884910583e+01 -2.327406540164699678e+01
-2.457783789436022559e+01 -2.365724162312297096e+01
-2.449945284922917565e+01 -2.353746817947982350e+01
-2.469325735668341437e+01 -2.378401351284671250e+01
-2.471062241991360864e+01 -2.371804336448768424e+01
-2.461581723888714990e+01 -2.373413331168038454e+01
-2.458531497418880463e+01 -2.362374922517058096e+01
-2.480872505406538764e+01 -2.332266624252517673e+01
-2.438881664971510688e+01 -2.349079194006981908e+01
-2.462644323706626892e+01 -2.351865161548961325e+01
-2.466081062952677527e+01 -2.366845133397486478e+01
-2.464862284560998162e+01 -2.373694931377064066e+01
-2.471593276162942132e+01 -2.375352832249232549e+01
-2.493623327712218085e+01 -2.245284188258183633e+01
-2.445863166948159417e+01 -2.360665207404595023e+01
-2.468212905526161194e+01 -2.351948260022448167e+01
-2.477031341195106506e+01 -2.376589027008452959e+01
-2.468544089794158936e+01 -2.365633547151243476e+01
-2.439197696248690406e+01 -2.273995057638589401e+01
-2.471381701032320777e+01 -2.370008376976112174e+01
-2.453551035622755805e+01 -2.372155407496861201e+01
-2.454248473544915399e+01 -2.319980360006357145e+01
-2.483263611793518066e+01 -2.392882566328172445e+01
-2.470526787141958991e+01 -2.388144998426561116e+01
-2.475814013679822168e+01 -2.408935966739406709e+01
-2.486981477340062341e+01 -2.389973509156858711e+01
-2.471117209891478339e+01 -2.361041216416792565e+01
-2.464116199811299524e+01 -2.200494550729726839e+01
-2.463425927360852441e+01 -2.342057594695648604e+01
-2.476220878461996833e+01 -2.357500046569031582e+01
-2.481314955651760101e+01 -2.296787409348921472e+01
-2.444124546150366584e+01 -2.320174668051979694e+01
-2.480380073686440667e+01 -2.417128759854799824e+01
-2.484182793398698053e+01 -2.335314862139813386e+01
-2.463546027739842614e+01 -2.232191135356952572e+01
-2.482287309567133704e+01 -2.172531786831942568e+01
-2.471798010170459747e+01 -2.384955616740437279e+01
-2.460876532892386237e+01 -2.299909220113382702e+01
-2.476385110616683960e+01 -2.289705043644099902e+01
-2.488463270167509833e+01 -2.241986428297959222e+01
-2.446387017269929132e+01 -2.373697747812642689e+01
-2.497095495462417603e+01 -2.370188069033932265e+01
-2.481896166006724158e+01 -2.398787372143237562e+01
-2.447899276018142700e+01 -2.338700253622872438e+01
-2.481050237019856652e+01 -2.357926165593134726e+01
-2.491467846433321753e+01 -2.345132859960779115e+01
-2.493747786680857459e+01 -2.237535708291190062e+01
-2.476644146939118585e+01 -2.381634516530222712e+01
-2.467679244776566705e+01 -2.389064756616369323e+01
-2.448486348489920417e+01 -2.358401489257812500e+01
-2.479158439735571662e+01 -2.384796645424582806e+01
-2.485761997600396356e+01 -2.396557059845367021e+01
-2.485127736628055573e+01 -2.404127002072024766e+01
-2.476958515246709069e+01 -2.391821140437931348e+01
-2.504791042208671570e+01 -2.372876407573749447e+01
-2.483975531657536706e+01 -2.315904538043133698e+01
-2.475484315057595452e+01 -2.285038927003934717e+01
-2.471688458820183953e+01 -2.405718065237070036e+01
-2.494569932421048364e+01 -2.311226725887942735e+01
-2.477954592307408532e+01 -2.388415126057414284e+01
-2.500347302357355872e+01 -2.322293601097998561e+01
-2.472435459494590759e+01 -2.404875049343356963e+01
-2.465728495021661004e+01 -2.391540237525840951e+01
-2.473677025735378265e+01 -2.215340552391943874e+01
-2.468236026167869568e+01 -2.363302765883408441e+01
-2.464367320636908332e+01 -2.410122963050743294e+01
-2.473246271908283234e+01 -2.301845401912540723e+01
-2.487123855451742926e+01 -2.280050517986347103e+01
-2.467708699901898584e+01 -2.273432372452376882e+01
-2.479101902246475220e+01 -2.366219002859932985e+01
-2.479701276620228967e+01 -2.428363943719244489e+01
-2.483661907911300659e+01 -2.319594347322141914e+01
-2.488892212013403693e+01 -2.384183554215864831e+01
-2.478045752644538879e+01 -2.342536359019093695e+01
-2.472541686892509460e+01 -2.337592258701076631e+01
-2.471307703355948249e+01 -2.119168817842161445e+01
-2.487031344572703162e+01 -2.422622913509220410e+01
-2.488112607101599494e+01 -2.380310371943882686e+01
-2.495573947330315789e+01 -2.078932608567275153e+01
-2.484822869300842285e+01 -2.335920249641715785e+01
-2.488580958048502723e+01 -2.324474884627701243e+01
-2.500633090237776557e+01 -2.391400984974650612e+01
-2.496569364766279975e+01 -2.357602988899528285e+01
-2.476077222824096680e+01 -2.384686660766601562e+01
-2.477008786300818244e+01 -2.353555746202345134e+01
-2.486123064657052240e+01 -2.307215856576894808e+01
-2.471401450037956238e+01 -2.394744833413656693e+01
-2.461340139806270599e+01 -2.404879376795384616e+01
-2.499024807910124579e+01 -2.370122476057572669e+01
-2.501963226497173309e+01 -2.291046768039851855e+01
-2.489053362111250678e+01 -2.386543405210817070e+01
-2.480621969699859619e+01 -2.421230531667734098e+01
-2.486471565564473352e+01 -2.397391185512790557e+01
-2.494475640853245935e+01 -2.230301954839136869e+01
-2.501138037443161011e+01 -2.379485207099419242e+01
-2.488153712948163232e+01 -2.296375705669452572e+01
-2.499097699920336524e+01 -2.398222819241610537e+01
-2.472308268149693689e+01 -2.319447990516563607e+01
-2.458268433312575141e+01 -2.280248748482047816e+01
-2.503621415793895721e+01 -2.397043389159363613e+01
-2.499270032842953881e+01 -2.411677633013044186e+01
-2.478209538261095801e+01 -2.329861309001972103e+01
-2.463034502168496331e+01 -2.335421850774195462e+01
-2.473856565852959832e+01 -2.326576017404531527e+01
-2.470205230017502984e+01 -2.407682716072379847e+01
-2.484672970573107520e+01 -2.368079957095059385e+01
-2.494785821437835693e+01 -2.385136079168939105e+01
-2.480904411276181420e+01 -2.311159864648595885e+01
-2.490954320629437646e+01 -2.382341862963391677e+01
-2.471943768858909607e+01 -2.395612637408368073e+01
-2.485725703835487366e+01 -2.403126839229038936e+01
-2.479125050703684607e+01 -2.382415461849856797e+01
-2.470190361638863763e+01 -2.376168186633617907e+01
-2.466296689709027490e+01 -2.397539574759347047e+01
-2.500638843576113501e+01 -2.346199340324897165e+01
-2.491168294350306311e+01 -2.347772719643332806e+01
-2.510678674528996268e+01 -2.278481374468122311e+01
-2.502254382769266883e+01 -2.316328145312024489e+01
-2.471479210754235467e+01 -2.311296153378177110e+01
-2.483626248439152917e+01 -2.385159148179091559e+01
-2.503775590658187866e+01 -2.389287284751991081e+01
-2.486638679603735724e+01 -2.359939057486397829e+01
-2.471963882942994317e+01 -2.381780458425546598e+01
-2.477620544532934943e+01 -2.383963418935800505e+01
-2.479337227841218194e+01 -2.283034285012777787e+01
-2.496207876503467560e+01 -2.338772070253050117e+01
-2.497415794432163239e+01 -2.255003057207380124e+01
-2.474852762122948846e+01 -2.387062553306678581e+01
-2.485243897140026093e+01 -2.403680230425549880e+01
-2.471322660644849023e+01 -2.392592786813711214e+01
-2.487127869824568549e+01 -2.431478227887834720e+01
-2.506500432888666907e+01 -2.409076938381442901e+01
-2.499017831186453620e+01 -2.417582717499175615e+01
-2.489226218064625940e+01 -2.303708163174716006e+01
-2.476195136706034461e+01 -2.322426989171412259e+01
-2.489788253605365753e+01 -2.373143092068758975e+01
-2.502015551924705505e+01 -2.417942314643364554e+01
-2.515262151757876197e+01 -2.409378647494625625e+01
-2.492907966673374176e+01 -2.329080397122866231e+01
-2.494914961357911309e+01 -2.358681436018510169e+01
-2.483985411127408227e+01 -2.367593004796412259e+01
-2.490813305477301398e+01 -2.382120143593131800e+01
-2.509784686565399170e+01 -2.344372211803089456e+01
-2.483834651112556458e+01 -2.385231751280945645e+01
-2.479235392312208930e+01 -2.380516012612875443e+01
-2.498381692171096802e+01 -2.361705055484523896e+01
-2.507058269282181939e+01 -2.299469524234920215e+01
-2.492705305417378625e+01 -2.363534934799392673e+01
-2.479427039126555243e+01 -2.393134382173612451e+01
-2.507910157243410865e+01 -2.432512173095306807e+01
-2.472871269285678864e+01 -2.399412555199164743e+01
-2.529109488427639008e+01 -2.366368927893700658e+01
-2.500231791536013404e+01 -2.339068331037248782e+01
-2.510888329148292542e+01 -2.392855874594155807e+01
-2.490283113718032837e+01 -2.255708378630799160e+01
-2.482014843821525574e+01 -2.359209427276215010e+01
-2.510082020362218103e+01 -2.329642726848651790e+01
-2.499281569818655768e+01 -2.346541762661624375e+01
-2.505936439832051477e+01 -2.429758255203048734e+01
-2.490402414401372155e+01 -2.185140549052845316e+01
-2.483026391764481744e+01 -2.380659100916478366e+01
-2.481547269721825799e+01 -2.294842202322823610e+01
-2.529519721865653992e+01 -2.366508179206352835e+01
-2.496972488363583764e+01 -2.416861935404988060e+01
-2.506961748500664910e+01 -2.384900779228705758e+01
-2.488728177050749579e+01 -2.411574948298466836e+01
-2.496622295677661896e+01 -2.381569516813600274e+01
-2.480021641155083856e+01 -2.353412147621055794e+01
-2.483102644979953766e+01 -2.375274546734698333e+01
-2.495862909654776374e+01 -2.382940666396896390e+01
-2.480526366829872131e+01 -2.279776159509435729e+01
-2.500690947473049164e+01 -2.340415746515447282e+01
-2.495535201827685157e+01 -2.412123668967903356e+01
-2.504770735402901849e+01 -2.266658408920486423e+01
-2.504592354098955909e+01 -2.421529467694170989e+01
-2.487463158369064331e+01 -2.356770032412045879e+01
-2.485408756633599481e+01 -2.350217150403307542e+01
-2.484886218607425690e+01 -2.429519779651196032e+01
-2.513670331239700317e+01 -2.399586284934700231e+01
-2.516944307585557183e+01 -2.391427206064199495e+01
-2.511734924217065057e+01 -2.405958653734876052e+01
-2.496180259684721747e+01 -2.421762473861892673e+01
-2.498455330729484558e+01 -2.363696920716917305e+01
-2.511704570055007935e+01 -2.289302739230069150e+01
-2.510426740845044336e+01 -2.429014275290749225e+01
-2.517206472655137262e+01 -2.322508243461707877e+01
-2.504703433563311776e+01 -2.372752521564434147e+01
-2.488331869244575500e+01 -2.394434329441615361e+01
-2.493296933174133301e+01 -2.340343895206203584e+01
-2.502561489244301995e+01 -2.248119431037407523e+01
-2.502038461963335791e+01 -2.364681697201419297e+01
-2.505465370913346490e+01 -2.394933472670517816e+01
-2.510679040352503577e+01 -2.322953292301722783e+01
-2.509673887987931451e+01 -2.380342468658050947e+01
-2.504662876824538031e+01 -2.304897703443254642e+01
-2.502389898399512091e+01 -2.359367108035397109e+01
-2.482209409773349762e+01 -2.380318276293866120e+01
-2.493292838335037231e+01 -2.434060324631728278e+01
-2.509704614182313165e+01 -2.411760088685270986e+01
-2.488779176771640778e+01 -2.300559897237009821e+01
-2.522951801121234894e+01 -2.376572923536424398e+01
-2.512815533081690589e+01 -2.397533674363966227e+01
-2.519946492214997491e+01 -2.375497161567985316e+01
-2.508588982621828833e+01 -2.397004949891721992e+01
-2.493174430727958679e+01 -2.365477138370662402e+01
-2.513692468901475152e+01 -2.376526059732808704e+01
-2.488739018142223358e+01 -2.426870569006189271e+01
-2.518828451633453369e+01 -2.267972340521874486e+01
-2.505830794076124945e+01 -2.427018111092703734e+01
-2.525020437439282617e+01 -2.409649229668951520e+01
-2.501871551573276520e+01 -2.444465780877447614e+01
-2.508592653771241388e+01 -2.431976826159985094e+01
-2.502833387752373895e+01 -2.349597621273684922e+01
-2.511050898830096045e+01 -2.189850343976701907e+01
-2.528067791958649835e+01 -2.372146133323768424e+01
-2.509206200142701348e+01 -2.346369701236873340e+01
-2.501558924714724341e+01 -2.297143947304069300e+01
-2.516372617582480231e+01 -2.204647700817553968e+01
-2.518131457269191742e+01 -2.365873730647099649e+01
-2.541513945659001550e+01 -2.370337899938806459e+01
-2.488897080222765723e+01 -2.403984215971711436e+01
-2.507100887099901954e+01 -2.393438957263897038e+01
-2.532005324959754944e+01 -2.403490065289782152e+01
-2.501970751583576202e+01 -2.329784053951114942e+01
-2.525039074818293372e+01 -2.391834873348087598e+01
-2.507908844451109687e+01 -2.383735168754280309e+01
-2.519162968794504920e+01 -2.409506380403196601e+01
-2.511240837971369544e+01 -2.339091361652721091e+01
-2.515201122562090674e+01 -2.380904135765967311e+01
-2.532315291464328766e+01 -2.407794590739460716e+01
-2.492747071882088861e+01 -2.349611896663517285e+01
-2.502974134683609009e+01 -2.130926221376889629e+01
-2.527651300529639045e+01 -2.390868885486156969e+01
-2.510723625620206079e+01 -2.273866187752067347e+01
-2.503818737963835517e+01 -2.396067582167588128e+01
-2.513366700708866119e+01 -2.376425317045930186e+01
-2.514048766096432885e+01 -2.409693564377822028e+01
-2.518023081620534143e+01 -2.325497877442991523e+01
-2.506660281121730804e+01 -2.412180293690074606e+01
-2.521204154193401337e+01 -2.260966276193594027e+01
-2.515260592103004456e+01 -2.407910751986813125e+01
-2.511481454968452454e+01 -2.401823372035831738e+01
-2.515397987266381463e+01 -2.427094204394848376e+01
-2.532627041637897491e+01 -2.316956574576241579e+01
-2.527627041935920715e+01 -2.363270061047046156e+01
-2.507572055856386939e+01 -2.403167796444583360e+01
-2.499530602494875708e+01 -2.349594039421576852e+01
-2.508303877711296082e+01 -2.340147008524312611e+01
-2.499352729320526123e+01 -2.299982690191888324e+01
-2.509491013983885566e+01 -2.332560857549890443e+01
-2.539230611920356750e+01 -2.421053620127888450e+01
-2.509952381253242493e+01 -2.379169491359165889e+01
-2.506023440758387366e+01 -2.292012176265964385e+01
-2.503330214321613312e+01 -2.343028145331841117e+01
-2.525950368742148200e+01 -2.362472816566368294e+01
-2.502499088644981384e+01 -2.351759572462601966e+01
-2.522019979854424676e+01 -2.383436222819538841e+01
-2.494728722671667853e+01 -2.428230003257850456e+01
-2.531069464981555939e+01 -2.389315132042030143e+01
-2.514434801042079926e+01 -2.436269362561114349e+01
-2.519413160781065741e+01 -2.319448223361721162e+01
-2.544269314905007562e+01 -2.293471767375995540e+01
-2.527325567603111267e+01 -2.323760064855798646e+01
-2.523129080732663354e+01 -2.453060786755053968e+01
-2.546009659767150879e+01 -2.270648676389223652e+01
-2.485410529375076294e+01 -2.394525966396579619e+01
-2.517812051375706872e+01 -2.435910346291282025e+01
-2.514238553742567817e+01 -2.391906137590284587e+01
-2.533126694957415381e+01 -2.424320634618982240e+01
-2.535719644526640693e+01 -2.396607074489841338e+01
-2.515703153113524237e+01 -2.410655141805673551e+01
-2.523988196750481805e+01 -2.375124156010615195e+01
-2.502965914706389228e+01 -2.349826238062474459e+01
-2.516350416342417518e+01 -2.344457007073736676e+01
-2.485433245201905450e+01 -2.224757608190759584e+01
-2.502533337473869324e+01 -2.308946572340927972e+01
-2.547745553652445594e+01 -2.383722082360998229e+01
-2.512736547986666480e+01 -2.387199846490636901e+01
-2.544209985931714257e+01 -2.345628366841898327e+01
-2.524686310688654700e+01 -2.421262344756683760e+01
-2.520705993970235070e+01 -2.330506769403234557e+01
-2.535963318745295325e+01 -2.418895406846876384e+01
-2.519535638888676843e+01 -2.395048381755878353e+01
-2.548606804013252258e+01 -2.288683165513075934e+01
-2.502552153170108795e+01 -2.442597062247140016e+01
-2.526210518181324005e+01 -2.425009905827509726e+01
-2.522915003200371942e+01 -2.290259745213892728e+01
-2.515460906426111976e+01 -2.292064000414563552e+01
-2.512881173193454742e+01 -2.331952138380570716e+01
-2.510801550745964050e+01 -2.366914127399395085e+01
-2.523750988145669183e+01 -2.378452767954244251e+01
-2.513099080324172974e+01 -2.423126250428038730e+01
-2.530671397844950476e+01 -2.244957568428733197e+01
-2.541279942293961724e+01 -2.293255367526760224e+01
-2.529566061993439874e+01 -2.424763300511744291e+01
-2.542082355419794837e+01 -2.381659465641170215e+01
-2.541398414969444275e+01 -2.336389110614727116e+01
-2.523982288936774054e+01 -2.398500789295543356e+01
-2.523452457288901130e+01 -2.374710214292848320e+01
-2.496573457618554315e+01 -2.393637870194076100e+01
-2.538298501571019372e+01 -2.420558389440759584e+01
-2.537642853955427924e+01 -2.409325981140136719e+01
-2.473016815880934516e+01 -2.369003560945585107e+01
-2.525599761307239532e+01 -2.430395502858347712e+01
-2.516724616289138794e+01 -2.360736695822183151e+01
-2.522756838301817695e+01 -2.237091074361429577e+01
-2.542518186569213867e+01 -2.400409616742815189e+01
-2.498731460670630256e+01 -2.415902266564307155e+01
-2.529053989052772522e+01 -2.328967765709022331e+01
-2.520479092498620233e+01 -2.363195397017837962e+01
-2.538484418888886651e+01 -2.384947115415102559e+01
-2.548279031117757043e+01 -2.389643292612843695e+01
-2.541466080645720282e+01 -2.274406180443701686e+01
-2.536320702731609344e+01 -2.404060710560191794e+01
-2.511489204565684119e+01 -2.372610617303228864e+01
-2.525159738957881927e+01 -2.303788192550857516e+01
-2.522324153284231940e+01 -2.219040764152229528e+01
-2.489057820041974267e+01 -2.343522042113465176e+01
-2.521543282270431519e+01 -2.416450171037153893e+01
-2.541326949000358582e+01 -2.223107352814117021e+01
-2.514458798865477362e+01 -2.331292410020704509e+01
-2.521699188152949134e+01 -2.297266957666966647e+01
-2.526775374511877814e+01 -2.277874859896573057e+01
-2.528341090679168701e+01 -2.423089555022004404e+01
-2.530720861256122589e+01 -2.436869340128712835e+01
-2.548358625173568726e+01 -2.436912311207164450e+01
-2.549252804617087165e+01 -2.344578864357688275e+01
-2.533847712477048120e+01 -2.416059724386636276e+01
-2.513293142120043555e+01 -2.395861215715284587e+01
-2.532335976262887201e+01 -2.351134066148237878e+01
-2.478216075400511542e+01 -2.424323537752225732e+01
-2.522265716393788537e+01 -2.428742979718493089e+01
-2.502724585433800897e+01 -2.362026697629458027e+01
-2.504580229024092475e+01 -2.368319281045492630e+01
-2.536934116482734680e+01 -2.318469811724378005e+01
-2.520589522023995599e+01 -2.311752519979105358e+01
-2.537248223523299018e+01 -2.326831884508009196e+01
-2.530345107118288794e+01 -2.378528931853059092e+01
-2.532176291942596436e+01 -2.332868340727570811e+01
-2.521106534699599067e+01 -2.248313244906338682e+01
-2.519187036653359613e+01 -2.410685637090113431e+01
-2.537471314767996589e+01 -2.393533894922826022e+01
-2.527328756451606750e+01 -2.386873713406649600e+01
-2.546662439405918121e+01 -2.440651771000453252e+01
-2.551824317872524261e+01 -2.364843891193340397e+01
-2.525609673559665680e+01 -2.393633286364666901e+01
-2.538334398468335351e+01 -2.367556433244185143e+01
-2.526754922668139258e+01 -2.365848635388659105e+01
-2.522322649260361871e+01 -2.307701561667702350e+01
-2.491131437818209449e+01 -2.228874154524369544e+01
-2.549994559089342872e+01 -2.416702022800197724e+01
-2.536356394986311713e+01 -2.331781298154360371e+01
-2.530382657547791680e+01 -2.294972147260393314e+01
-2.537561268111069879e+01 -2.331032032161564160e+01
-2.523408425350983819e+01 -2.397884811054576559e+01
-2.515025708079338074e+01 -2.408039820039427070e+01
-2.528733872870604316e+01 -2.340650178240491286e+01
-2.542838177084922791e+01 -2.309769344329833984e+01
-2.538263697922229767e+01 -2.386864075103363447e+01
-2.519424639145533362e+01 -2.253180414670473652e+01
-2.540364923079808435e+01 -2.297940609671852741e+01
-2.542463713387648383e+01 -2.266581582403802386e+01
-2.498906052609284600e+01 -2.343616260181773825e+01
-2.511748755971590796e+01 -2.388986869911094857e+01
-2.530925572415192804e+01 -2.280462319510323610e+01
-2.510801200568675995e+01 -2.300699413596809606e+01
-2.541458756724993506e+01 -2.420890196267660599e+01
-2.535640799005826196e+01 -2.203408048060033053e+01
-2.533896228671073914e+01 -2.360113594748757038e+01
-2.528870469331741333e+01 -2.405109777079000111e+01
-2.528106939792633057e+01 -2.345333100603772536e+01
-2.545083062350749969e+01 -2.387533447959206256e+01
-2.517553859949111938e+01 -2.366951504001369599e+01
-2.529791844884554664e+01 -2.348704672479010114e+01
-2.565487524370352546e+01 -2.346716764375760889e+01
-2.531256672739982605e+01 -2.351090319744952239e+01
-2.509276839097340783e+01 -2.409919603768881302e+01
-2.528042088449001312e+01 -2.413416463678533219e+01
-2.534098431468009949e+01 -2.383561764754258050e+01
-2.540782524148623267e+01 -2.392784829573197669e+01
-2.543971673150857171e+01 -2.408715312511889906e+01
-2.544990194340546807e+01 -2.399926185607910156e+01
-2.539621408780415734e+01 -2.374515226289823389e+01
-2.519823062419891357e+01 -2.197193334009740084e+01
-2.532722475131352624e+01 -2.379402045460490456e+01
-2.529511530200640479e+01 -2.419261342828923844e+01
-2.556070341666539392e+01 -2.295950570044579564e+01
-2.530012600123882294e+01 -2.359134204666336032e+01
-2.541032418111960212e+01 -2.286568865837988795e+01
-2.565085169176260749e+01 -2.396067644094491911e+01
-2.549537839492161950e+01 -2.341624396187918578e+01
-2.527700223028659821e+01 -2.428607172780222712e+01
-2.534797515471776208e+01 -2.326351470451850290e+01
-2.554693703850110253e+01 -2.410504648282930518e+01
-2.520612565179665765e+01 -2.352043647270697946e+01
-2.535824372867743293e+01 -2.346717500067376605e+01
-2.517926838994026184e+01 -2.312674615290257663e+01
-2.545024883250395575e+01 -2.399169165128237324e+01
-2.567233247061570367e+01 -2.407712590849244805e+01
-2.561573113997777185e+01 -2.429646410260881595e+01
-2.538473398983478546e+01 -2.369541921244039173e+01
-2.554609070221583167e+01 -2.373535500563584222e+01
-2.540823254485924920e+01 -2.367160732715160876e+01
-2.544726072748501977e+01 -2.208343186316552220e+01
-2.517908815046151361e+01 -2.230119970247342920e+01
-2.545914572974045953e+01 -2.341567186875776940e+01
-2.552375328044096747e+01 -2.369648212581486035e+01
-2.542926666140556335e+01 -2.397773128360896777e+01
-2.555599000553290168e+01 -2.391859973560680075e+01
-2.539017192025979242e+01 -2.407354901053688678e+01
-2.536818675696849823e+01 -2.423276336471755954e+01
-2.545925068855285645e+01 -2.252078669411795531e+01
-2.531887834270795068e+01 -2.175254799483658275e+01
-2.495448885361353675e+01 -2.372005283058463831e+01
-2.551834002137184143e+01 -2.289406791290679521e+01
-2.548231085141499719e+01 -2.343310307837151996e+01
-2.551296911140282830e+01 -2.417233429945908441e+01
-2.552540743350982666e+01 -2.306866510812338333e+01
-2.556868824362754822e+01 -2.365537811873794993e+01
-2.524947358171145240e+01 -2.418628321065531139e+01
-2.541326592365900794e+01 -2.389513033086603500e+01
-2.537930556138356408e+01 -2.409901081431995706e+01
-2.550592675805091858e+01 -2.418290980450518646e+01
-2.540680480003356934e+01 -2.398834439067097435e+01
-2.527234488228956977e+01 -2.372151419404265127e+01
-2.543697800238927087e+01 -2.283641863488531598e+01
-2.524013138810793677e+01 -2.239623093295406875e+01
-2.522945264478524408e+01 -2.372129031590052861e+01
-2.550113226473331451e+01 -2.424853736084777012e+01
-2.543683291474978247e+01 -2.428109378319281930e+01
-2.545034113029639045e+01 -2.382507781239299050e+01
-2.553860746324062347e+01 -2.244771476844688607e+01
-2.535475232203801355e+01 -2.314637462814132718e+01
-2.550782997409502784e+01 -2.421854826691862783e+01
-2.554646014670531073e+01 -2.401705954910872975e+01
-2.536039177576700965e+01 -2.430805154280228919e+01
-2.549183028439680854e+01 -2.383662251063755733e+01
-2.506549776097138604e+01 -2.377650085052886553e+01
-2.538280655443668365e+01 -2.390963615070689841e+01
-2.542230317493279657e+01 -2.375544354822728366e+01
-2.552017973860104760e+01 -2.393008801844212741e+01
-2.531116299827893457e+01 -2.410940736299985332e+01
-2.535829396049181739e+01 -2.421559098479035654e+01
-2.550095090766747674e+01 -2.396744425885088958e+01
-2.551032910247643670e+01 -2.423168186088661002e+01
-2.558658355971177301e+01 -2.372514239224520693e+01
-2.542384911080201348e+01 -2.413411224662483434e+01
-2.552690685292084893e+01 -2.402079366708730745e+01
-2.567071855564912042e+01 -2.316399961942202168e+01
-2.538956647117932519e+01 -2.359061535921963682e+01
-2.546186110874016961e+01 -2.394332899366106204e+01
-2.558720464011033258e+01 -2.436643793675806791e+01
-2.563671928147475043e+01 -2.384214822348062057e+01
-2.511353013416131219e+01 -2.150255698662299508e+01
-2.545152421792348107e+01 -2.380692878326812334e+01
-2.538613186279932776e+01 -2.367523390286928731e+01
-2.563405698041121283e+01 -2.391283996383865329e+01
-2.542501282195250312e+01 -2.387616065879920768e+01
-2.533706909418106079e+01 -2.297277766388732090e+01
-2.557945521672566613e+01 -2.434105149801675338e+01
-2.568167647222677985e+01 -2.411142069333559590e+01
-2.555761770407358924e+01 -2.426477533811098652e+01
-2.546088051299254218e+01 -2.401481732455166807e+01
-2.523411521315574646e+01 -2.399790668487548828e+01
-2.548326314489046851e+01 -2.397668187029950104e+01
-2.559159635504086694e+01 -2.413172511311320534e+01
-2.556963231787085533e+01 -2.395136810897232493e+01
-2.559680115679899970e+01 -2.412059947422572392e+01
-2.546736443042755127e+01 -2.415838048365208834e+01
-2.555389570196469506e+01 -2.185652148259150351e+01
-2.548167506853739539e+01 -2.378120494198489610e+01
-2.548218607405821601e+01 -2.353005404286570368e+01
-2.540671200553576270e+01 -2.357894871451637897e+01
-2.559881412486235419e+01 -2.344513031104942513e+01
-2.529869098464648047e+01 -2.320297222632866507e+01
-2.557320180535316467e+01 -2.432656771176821309e+01
-2.564683014651139459e+01 -2.343500993158910006e+01
-2.551840861638386926e+01 -2.335925372235186614e+01
-2.553058415651321411e+01 -2.424692731089406195e+01
-2.566449722150961676e+01 -2.357068068021303731e+01
-2.554968031744162360e+01 -2.334301441985291348e+01
-2.555013060073057929e+01 -2.393175315856933594e+01
-2.551391961673895636e+01 -2.381901935478309440e+01
-2.536633264025052270e+01 -2.370220689649705648e+01
-2.571494400501251221e+01 -2.381552443566260280e+01
-2.533246078093846521e+01 -2.406827882048371592e+01
-2.568015222748120507e+01 -2.412108685134293040e+01
-2.547010817627112189e+01 -2.414923915615329619e+01
-2.524784725904464722e+01 -2.393839327081457213e+01
-2.560625022153059760e+01 -2.407789547412426501e+01
-2.545691173772017279e+01 -2.387073690241033219e+01
-2.552170158425967017e+01 -2.421814790948644713e+01
-2.566141116122404853e+01 -2.316714091115183649e+01
-2.540006433924039086e+01 -2.244095953408773880e+01
-2.557094748814900598e+01 -2.337231772286551390e+01
-2.551472462217013160e+01 -2.369027432528408994e+01
-2.559240383903185645e+01 -2.335539966434627246e+01
-2.553652790685494622e+01 -2.426940068331631650e+01
-2.571447034180164337e+01 -2.425146478182309551e+01
-2.587800202767054358e+01 -2.403905529170841504e+01
-2.562014944354693213e+01 -2.418460326999812793e+01
-2.536602629224459449e+01 -2.374923032289975566e+01
-2.573517060279846191e+01 -2.294911338756610775e+01
-2.458504142115513602e+01 -2.410523496355329343e+01
-2.516042545686165610e+01 -2.441743359008392744e+01
-2.562011268734931946e+01 -2.401420387664398604e+01
-2.562799598276615143e+01 -2.332254489056475677e+01
-2.554182750980059424e+01 -2.332399038835005456e+01
-2.580984279016653815e+01 -2.400410966749315023e+01
-2.560376809537410736e+01 -2.397930089529458542e+01
-2.554265354077021399e+01 -2.301812119917435950e+01
-2.545441866417725763e+01 -2.389275791118671322e+01
-2.574427884320418158e+01 -2.422093184582598724e+01
-2.550142729779084405e+01 -2.316496180249498948e+01
-2.553763964772224426e+01 -2.330232200374851104e+01
-2.552433336774508277e+01 -2.410229318792169906e+01
-2.562828356524308404e+01 -2.403996821812220830e+01
-2.558260187506675720e+01 -2.421662315764984541e+01
-2.542122065027554711e+01 -2.358188126303932819e+01
-2.559718240300814429e+01 -2.259075262639429837e+01
-2.546724563340346137e+01 -2.330003349502365140e+01
-2.561921621362368384e+01 -2.355070138906503630e+01
-2.562688343226909637e+01 -2.378486338528719912e+01
-2.547036511699358741e+01 -2.336079674262505179e+01
-2.576078615089257440e+01 -2.357863510429084997e+01
-2.567695455749829492e+01 -2.343443001090706090e+01
-2.558137414356072625e+01 -2.250115151838822669e+01
-2.583733864128589630e+01 -2.398132253622079801e+01
-2.544579588373501977e+01 -2.226127701301079398e+01
-2.553024433553218842e+01 -2.404479036702738171e+01
-2.570631365478038788e+01 -2.310558111017400407e+01
-2.579084703326225281e+01 -2.416413515264337875e+01
-2.562391313910484314e+01 -2.244733734873982200e+01
-2.541597075760364532e+01 -2.366322618955141621e+01
-2.558631683886051178e+01 -2.405571125080059147e+01
-2.546615522106488427e+01 -2.412383376777946253e+01
-2.561037224531173706e+01 -2.371918128372787038e+01
-2.572328524291515350e+01 -2.404388763378192806e+01
-2.561080043017864227e+01 -2.402792495876163770e+01
-2.534037073949972907e+01 -2.254989622784899339e+01
-2.542575282851855079e+01 -2.445496772171615163e+01
-2.567865153153737268e+01 -2.418529721049519310e+01
-2.539278336366017541e+01 -2.343362629878056680e+01
-2.565304160118103027e+01 -2.421254091138963460e+01
-2.558190283179283142e+01 -2.415301196606128187e+01
-2.562188168366749963e+01 -2.379386064603731299e+01
-2.582977003355820855e+01 -2.418268367222377080e+01
-2.558283279836177826e+01 -2.394708306448800172e+01
-2.581876109540462494e+01 -2.242747480219060563e+01
-2.542252680162588874e+01 -2.347899372546703844e+01
-2.581131814420223236e+01 -2.385471294452617741e+01
-2.551263720293839654e+01 -2.318016832525080062e+01
-2.570401245355606079e+01 -2.428605628323245469e+01
-2.545038852095603943e+01 -2.411239393655355912e+01
-2.567536198099454126e+01 -2.358813533535251494e+01
-2.570239677031834802e+01 -2.374434967784138450e+01
-2.570284288128216943e+01 -2.372196081087186670e+01
-2.551216635107994080e+01 -2.367719209349000664e+01
-2.547462676962216577e+01 -2.142649121717973060e+01
-2.560856446623802185e+01 -2.380339899930087100e+01
-2.556602451205253601e+01 -2.364019753096939525e+01
-2.558436492085456848e+01 -2.380243824054668522e+01
-2.541887619098027429e+01 -2.335985679131049508e+01
-2.563171401619911194e+01 -2.421774708140980081e+01
-2.596167454620202264e+01 -2.404810112792176113e+01
-2.553497835497061530e+01 -2.396654374258858766e+01
-2.566063105066617211e+01 -2.410235286068606797e+01
-2.572168988982836524e+01 -2.237166731698172484e+01
-2.561873054007689277e+01 -2.293283796929693708e+01
-2.555185380578041077e+01 -2.420679213783957806e+01
-2.567868107060591498e+01 -2.404842657857127008e+01
-2.561132123569647590e+01 -2.316233290635146247e+01
-2.562500963111718377e+01 -2.364894096572677640e+01
-2.555419486264387885e+01 -2.414755828659255954e+01
-2.571439585089683533e+01 -2.301902099708458138e+01
-2.575654187301794806e+01 -2.413080752979625387e+01
-2.568861994644005975e+01 -2.383767717534845687e+01
-2.565315778056780616e+01 -2.378619568069259671e+01
-2.546603870888550958e+01 -2.362353532964533187e+01
-2.581373473505179206e+01 -2.429171589442661983e+01
-2.576422889033953467e+01 -2.403784808864841338e+01
-2.587762721876303473e+01 -2.428603521569982604e+01
-2.584495748082796851e+01 -2.398352135001838903e+01
-2.541669203341007233e+01 -2.412389481532109414e+01
-2.556015839676062384e+01 -2.347691459160346383e+01
-2.569895969331264496e+01 -2.390365168336149893e+01
-2.569973224898179254e+01 -2.389436952169839401e+01
-2.580042503277460852e+01 -2.392421113051377191e+01
-2.571336853007475653e+01 -2.356674030848911983e+01
-2.557754173874855042e+01 -2.379818212831175117e+01
-2.575662083427111426e+01 -2.417847389369816113e+01
-2.562315618991851807e+01 -2.352934926516049785e+01
-2.572913213570912561e+01 -2.376320167640587044e+01
-2.565009966989358148e+01 -2.346060214104590358e+01
-2.570569926500320435e+01 -2.367514636299826947e+01
-2.571896633505821228e+01 -2.345756426724520693e+01
-2.558988623817761621e+01 -2.253209937702525778e+01
-2.538687743246555328e+01 -2.397282612788212930e+01
-2.569243216017882148e+01 -2.360956509082348376e+01
-2.569552761813004693e+01 -2.344086585106787624e+01
-2.550539021193981171e+01 -2.348439521294135446e+01
-2.578955030441284180e+01 -2.414905746261795016e+01
-2.539036145309607306e+01 -2.410221106046206074e+01
-2.564578001201152802e+01 -2.365290390361439066e+01
-2.582967364788055420e+01 -2.443861292554186448e+01
-2.574085268874963006e+01 -2.433116729538162204e+01
-2.564940768977006158e+01 -2.300172608858579082e+01
-2.567308015127976617e+01 -2.356803581931374225e+01
-2.574154149989287177e+01 -2.314605457751781969e+01
-2.557132243861754617e+01 -2.385855928643957213e+01
-2.576931268473466119e+01 -2.317411921860335866e+01
-2.560087699194749078e+01 -2.425780898255187168e+01
-2.583495026330153266e+01 -2.369206927658675710e+01
-2.579533727963765344e+01 -2.380655898057021247e+01
-2.557349878797928611e+01 -2.399382142896775960e+01
-2.544010574618975440e+01 -2.413550000376515570e+01
-2.572085981070995331e+01 -2.358010482788085938e+01
-2.589157637457052985e+01 -2.388271172015697985e+01
-2.585807777941226959e+01 -2.417582301350383034e+01
-2.588011899093786994e+01 -2.290653434357085771e+01
-2.576826722919940948e+01 -2.390903257394765902e+01
-2.565591250856717309e+01 -2.414760339414918633e+01
-2.566907566289107123e+01 -2.347440169693587819e+01
-2.557529740532239160e+01 -2.411726218384581699e+01
-2.583614431321620941e+01 -2.405632809230259639e+01
-2.576096021135647973e+01 -2.377983092023180589e+01
-2.563394688566525659e+01 -2.350558220256458597e+01
-2.554383674263954163e+01 -2.428928375244140625e+01
-2.544303896029790124e+01 -2.335902661162537441e+01
-2.562738989293575287e+01 -2.380166268039059219e+01
-2.578665306170781335e+01 -2.393483590460443011e+01
-2.577243429919083795e+01 -2.385494653280679245e+01
-2.585580728948116302e+01 -2.353057400591961823e+01
-2.589022453129291534e+01 -2.439925597550033132e+01
-2.584990008672078332e+01 -2.334586681019176169e+01
-2.577820195257663727e+01 -2.390907976224825049e+01
-2.584764962891737738e+01 -2.445666394914899655e+01
-2.589161241551240167e+01 -2.157201084533295088e+01
-2.571349048117796698e+01 -2.388291159543124209e+01
-2.572649083534876624e+01 -2.398287869738294020e+01
-2.557437119881312171e+01 -2.360651452200753297e+01
-2.587941513955593109e+01 -2.382106471371341172e+01
-2.574731273452441016e+01 -2.391869770396839456e+01
-2.547249047458171844e+01 -2.425199392244413232e+01
-2.586972160140673438e+01 -2.391616053395457087e+01
-2.590525409082571784e+01 -2.427310890346378613e+01
-2.564018914103507996e+01 -2.334467365215351009e+01
-2.571458718677361688e+01 -2.424975491808606520e+01
-2.553834167122840881e+01 -2.413603668708305960e+01
-2.569397141039371490e+01 -2.357294827002983695e+01
-2.572667029500007629e+01 -2.395887439281909437e+01
-2.588106281061967096e+01 -2.304968975116680241e+01
-2.580134616295496741e+01 -2.332392961328679704e+01
-2.561135454475879669e+01 -2.417072558712649766e+01
-2.588324929277102271e+01 -2.345570679454060325e+01
-2.545566649734973907e+01 -2.399843627137023105e+01
-2.578810108701388160e+01 -2.397780396102310618e+01
-2.566245453556378564e+01 -2.365865547626049548e+01
-2.588182232280572137e+01 -2.389010615163035212e+01
-2.577879833181698999e+01 -2.320386351548232184e+01
-2.577994268139203271e+01 -2.344447412119283314e+01
-2.555169650912284851e+01 -2.376682293879521524e+01
-2.560445709526538849e+01 -2.426341044438349570e+01
-2.573380270103613654e+01 -2.277192882438758659e+01
-2.557687849303086480e+01 -2.361813809035660228e+01
-2.584315030276775360e+01 -2.421637511562991563e+01
-2.537044730285803595e+01 -2.400067376471185199e+01
-2.585433414081732550e+01 -2.413909721374511719e+01
-2.567898270984490594e+01 -2.383071094364314746e+01
-2.576880090932051459e+01 -2.339675412859235593e+01
-2.568091572821140289e+01 -2.413679174943403893e+01
-2.594024246434370795e+01 -2.404453537680885944e+01
-2.582299480338891229e+01 -2.410178761668019476e+01
-2.552825800577799598e+01 -2.406989143421123600e+01
-2.578656298915545264e+01 -2.387692354871080980e+01
-2.589216728508472443e+01 -2.306165519318023271e+01
-2.591241320470969001e+01 -2.426461964148979789e+01
-2.590092362960179528e+01 -2.264568888676630820e+01
-2.576151810586452484e+01 -2.337713450890082711e+01
-2.589581398665904999e+01 -2.398385275803603278e+01
-2.611840167641639709e+01 -2.437444592760754958e+01
-2.535472690314054489e+01 -2.383459655959884671e+01
-2.577132257819175720e+01 -2.373964312169459134e+01
-2.584999894102414331e+01 -2.388941270654851579e+01
-2.572909617175658425e+01 -2.414958353166456462e+01
-2.562291256586710730e+01 -2.400131879534040280e+01
-2.581430914998054504e+01 -2.417430250985281859e+01
-2.574253669381141663e+01 -2.396468330977798900e+01
-2.554856227835019311e+01 -2.391794035032198096e+01
-2.560884299377600470e+01 -2.405627206084016123e+01
-2.579853377242882928e+01 -2.406318253356140957e+01
-2.591260032355785370e+01 -2.393641390119280032e+01
-2.580432666838169098e+01 -2.400987176771287679e+01
-2.574141503373781958e+01 -2.409590482092523089e+01
-2.564821816484133521e+01 -2.356245989613718805e+01
-2.599519073963165283e+01 -2.314516353607177734e+01
-2.554891544580459595e+01 -2.275577620716838112e+01
-2.550388373434543610e+01 -2.295888630755536042e+01
-2.559578945736090461e+01 -2.321030265015441074e+01
-2.576353578269481659e+01 -2.433360681905374889e+01
-2.581323268016179284e+01 -2.359034841710871078e+01
-2.571625956396261969e+01 -2.253030554040685729e+01
-2.560897443691889563e+01 -2.425634676450258809e+01
-2.569006121655305108e+01 -2.377929241626293688e+01
-2.573169134557247162e+01 -2.388716539159997865e+01
-2.584357503553231439e+01 -2.323154989465490416e+01
-2.577221709738175193e+01 -2.432231242935379001e+01
-2.598537869006395340e+01 -2.383664092769870635e+01
-2.573289935787518701e+01 -2.323739287141081533e+01
-2.568425310651461402e+01 -2.376363662620643424e+01
-2.576211943229039392e+01 -2.398233879386604528e+01
-2.597873961925506592e+01 -2.367806773990779590e+01
-2.583204183975855628e+01 -2.382313069430264463e+01
-2.583556700746218482e+01 -2.439076037221140680e+01
-2.577342438697814941e+01 -2.387095040160340176e+01
-2.594390832384427270e+01 -2.427708570059243698e+01
-2.586523825426896295e+01 -2.423099989705271540e+01
-2.539461497465769568e+01 -2.431884042318765182e+01
-2.616678055127461633e+01 -2.421912681282340785e+01
-2.587889513870080194e+01 -2.426332860178761663e+01
-2.577314920723438263e+01 -2.356804064961222878e+01
-2.580304309229056159e+01 -2.390780616116214219e+01
-2.594196843604246894e+01 -2.343153235200163564e+01
-2.576567640900611877e+01 -2.292941068674062777e+01
-2.565384432673454285e+01 -2.353804868227475566e+01
-2.582840880751609802e+01 -2.310596710056453418e+01
-2.577645289401213446e+01 -2.441830000939307155e+01
-2.583595502376556396e+01 -2.406518891569855967e+01
-2.585361893475055695e+01 -2.375042642865862064e+01
-2.575559114416440210e+01 -2.346115979281338682e+01
-2.566600591440995416e+01 -2.423719019704050837e+01
-2.606863370041052619e+01 -2.410829253010935602e+01
-2.602255550523598870e+01 -2.394283781423197155e+01
-2.589135283231735229e+01 -2.408343959164309922e+01
-2.566084685921669006e+01 -2.321174101396040612e+01
-2.539165937403837958e+01 -2.287958591015307874e+01
-2.539883290727933129e+01 -2.327507923175762272e+01
-2.606111343701680383e+01 -2.429537287625399600e+01
-2.582270142436027527e+01 -2.448403147908000221e+01
-2.573323093851407251e+01 -2.410608687958159990e+01
-2.594123313327630242e+01 -2.226760388659192458e+01
-2.591963294148445129e+01 -2.362242393989067679e+01
-2.588760579129059991e+01 -2.389345317691951465e+01
-2.575378409524758538e+01 -2.402596446446009892e+01
-2.581976575652758399e+01 -2.435580226353236455e+01
-2.579284835855166236e+01 -2.396756216767546377e+01
-2.579924618204434594e+01 -2.401028489447259417e+01
-2.590730586151282111e+01 -2.328732666411957197e+01
-2.594527328511079034e+01 -2.384808116764217090e+01
-2.568868775665760040e+01 -2.390683020554579841e+01
-2.566402667760848999e+01 -2.374554320744105596e+01
-2.586258981625239173e+01 -2.373745551666656084e+01
-2.602082475026448449e+01 -2.380791572471717643e+01
-2.594686214625835419e+01 -2.419605589532232770e+01
-2.610818066696326056e+01 -2.282201998574393187e+01
-2.577729319532712182e+01 -2.399469667905336934e+01
-2.578820600608984748e+01 -2.414410430115538730e+01
-2.591017051041126251e+01 -2.376486985095135651e+01
-2.517781892418861389e+01 -2.208421286050375443e+01
-2.591141075392564019e+01 -2.387372455349216338e+01
-2.591793093085289001e+01 -2.395781384505234612e+01
-2.594796425104141235e+01 -2.403608102922315837e+01
-2.603006519873936853e+01 -2.167263587109454193e+01
-2.549838497738043586e+01 -2.411240798157530918e+01
-2.589851132531960687e+01 -2.319848476756702738e+01
