# Train Val
2.959579189618428696e+00 2.793943047523498535e+00
2.016672372817993164e+00 1.206620454788208008e+00
1.016458908716837639e+00 6.303551197052001953e-01
-4.447630643844604492e-01 -2.239734649658203125e+00
-2.511193792025248062e+00 -3.572323918342590332e+00
-3.726342161496480454e+00 -4.326583385467529297e+00
-4.886437575022379853e+00 -6.078955173492431641e+00
-5.915512482325236299e+00 -6.539703130722045898e+00
-6.529866218566894531e+00 -6.641034841537475586e+00
-7.059368689854939483e+00 -7.872942924499511719e+00
-7.592586517333984375e+00 -8.479461908340454102e+00
-8.115941365559896425e+00 -8.327815055847167969e+00
-8.559610366821289062e+00 -8.680002689361572266e+00
-8.983435471852621035e+00 -9.228641510009765625e+00
-9.265944480895996094e+00 -9.695052623748779297e+00
-9.477274258931478457e+00 -9.732426643371582031e+00
-9.669028123219808535e+00 -1.082098007202148438e+01
-9.729519049326578184e+00 -1.014929342269897461e+01
-9.793550650278726621e+00 -1.018269634246826172e+01
-9.892587820688882871e+00 -9.818853378295898438e+00
-9.925447305043539004e+00 -1.029149389266967773e+01
-1.001161130269368549e+01 -1.000966882705688477e+01
-1.008277940750122070e+01 -9.976909637451171875e+00
-1.004377222061157227e+01 -9.851107597351074219e+00
-1.000336233774820904e+01 -1.016766929626464844e+01
-9.927127997080484434e+00 -1.007677555084228516e+01
-1.005760367711385150e+01 -1.050856399536132812e+01
-1.010871839523315430e+01 -9.854514598846435547e+00
-1.006957562764485736e+01 -9.961836814880371094e+00
-1.009897136688232422e+01 -1.020261764526367188e+01
-1.020519574483235736e+01 -9.836051940917968750e+00
-1.016691064834594727e+01 -1.040783166885375977e+01
-1.017161083221435547e+01 -9.558626174926757812e+00
-1.018614673614501953e+01 -1.036231803894042969e+01
-1.021460405985514264e+01 -1.013393497467041016e+01
-1.027784935633341412e+01 -1.000469303131103516e+01
-1.024357779820760150e+01 -1.066073846817016602e+01
-1.024189917246500592e+01 -1.112766981124877930e+01
-1.026453193028767963e+01 -9.986012458801269531e+00
-1.027805487314859967e+01 -1.027061319351196289e+01
-1.034290917714436908e+01 -1.013723134994506836e+01
-1.031099541982015033e+01 -1.067992448806762695e+01
-1.031978750228881836e+01 -9.641629219055175781e+00
-1.032017501195271869e+01 -9.965955257415771484e+00
-1.029959869384765625e+01 -1.060253953933715820e+01
-1.038712120056152344e+01 -1.047320652008056641e+01
-1.037612422307332416e+01 -1.017463874816894531e+01
-1.038048013051350971e+01 -1.065237522125244141e+01
-1.035873174667358398e+01 -9.824061870574951172e+00
-1.034490362803141217e+01 -1.060687828063964844e+01
-1.031477069854736328e+01 -1.076302433013916016e+01
-1.025341320037841797e+01 -1.106822109222412109e+01
-1.033516232172648053e+01 -1.007576847076416016e+01
-1.031244595845540424e+01 -1.074478816986083984e+01
-1.031858205795288086e+01 -1.016702651977539062e+01
-1.037989234924316406e+01 -1.044395542144775391e+01
-1.036534118652343750e+01 -1.061068582534790039e+01
-1.037554200490315814e+01 -1.033895730972290039e+01
-1.040159066518147846e+01 -1.017993736267089844e+01
-1.040508778889974018e+01 -1.046113586425781250e+01
-1.039688253402709961e+01 -1.026409339904785156e+01
-1.037153863906860352e+01 -1.079688358306884766e+01
-1.040680535634358783e+01 -1.038792705535888672e+01
-1.043749618530273438e+01 -1.081507396697998047e+01
-1.041301027933756451e+01 -1.065632438659667969e+01
-1.043512678146362305e+01 -1.065755367279052734e+01
-1.042822662989298443e+01 -1.043043375015258789e+01
-1.043165763219197650e+01 -1.083535242080688477e+01
-1.043010934193929096e+01 -1.107241773605346680e+01
-1.045977099736531635e+01 -1.025347614288330078e+01
-1.042099889119466205e+01 -1.080064582824707031e+01
-1.044051202138265033e+01 -1.047187423706054688e+01
-1.041829299926757812e+01 -1.079409360885620117e+01
-1.044998550415039062e+01 -1.124831914901733398e+01
-1.035501321156819721e+01 -1.069361925125122070e+01
-1.040355745951334576e+01 -1.068292379379272461e+01
-1.042513624827066998e+01 -1.013270711898803711e+01
-1.044180885950724225e+01 -1.029056453704833984e+01
-1.038337087631225586e+01 -1.025745964050292969e+01
-1.035968621571858783e+01 -1.059352827072143555e+01
-1.046617587407430072e+01 -1.033907890319824219e+01
-1.045781580607096295e+01 -1.076127910614013672e+01
-1.046177482604980469e+01 -1.138450670242309570e+01
-1.046598688761393170e+01 -1.081011915206909180e+01
-1.044329452514648438e+01 -1.120817518234252930e+01
-1.045194053649902344e+01 -1.099863052368164062e+01
-1.049862957000732422e+01 -1.042614555358886719e+01
-1.045835526784261127e+01 -1.031808757781982422e+01
-1.043057394027709961e+01 -9.907210350036621094e+00
-1.043642091751098633e+01 -1.019173145294189453e+01
-1.038043260574340820e+01 -1.015864849090576172e+01
-1.041120004653930664e+01 -1.026287269592285156e+01
-1.045514933268229107e+01 -1.066760444641113281e+01
-1.043009487787882428e+01 -1.110227775573730469e+01
-1.042919858296712299e+01 -9.890447139739990234e+00
-1.049942954381307025e+01 -1.044178152084350586e+01
-1.051750135421752930e+01 -1.128096055984497070e+01
-1.050915718078613281e+01 -1.062668800354003906e+01
-1.053108135859171490e+01 -1.109422349929809570e+01
-1.049669965108235736e+01 -1.096089935302734375e+01
-1.049678182601928711e+01 -1.050016403198242188e+01
-1.048701095581054688e+01 -1.038380193710327148e+01
-1.054310798645019531e+01 -1.044430160522460938e+01
-1.055023845036824603e+01 -1.038634204864501953e+01
-1.057988993326822857e+01 -1.085843610763549805e+01
-1.055350065231323242e+01 -9.836721897125244141e+00
-1.056052366892496686e+01 -1.015319919586181641e+01
-1.052985827128092389e+01 -9.967892646789550781e+00
-1.059324216842651367e+01 -1.019244670867919922e+01
-1.061864519119262695e+01 -1.094220781326293945e+01
-1.059981187184651752e+01 -1.034948587417602539e+01
-1.062750434875488281e+01 -1.034664535522460938e+01
-1.062508646647135357e+01 -1.046995258331298828e+01
-1.062131547927856445e+01 -1.041147041320800781e+01
-1.062308629353841205e+01 -1.122011089324951172e+01
-1.069169553120931049e+01 -1.091821622848510742e+01
-1.070074844360351562e+01 -1.136713695526123047e+01
-1.069325288136800189e+01 -9.830722808837890625e+00
-1.063961696624755859e+01 -1.113552761077880859e+01
-1.059624576568603516e+01 -1.156326055526733398e+01
-1.045252180099487305e+01 -1.036216831207275391e+01
-1.058326148986816406e+01 -1.112181711196899414e+01
-1.053295993804931641e+01 -1.123547744750976562e+01
-1.047142076492309570e+01 -1.079500770568847656e+01
-1.065355173746744732e+01 -1.064211225509643555e+01
-1.069866243998209576e+01 -1.021141910552978516e+01
-1.076515261332193951e+01 -1.101312637329101562e+01
-1.073675394058227539e+01 -1.042754650115966797e+01
-1.082172266642252545e+01 -1.070066928863525391e+01
-1.083422056833902936e+01 -1.150682830810546875e+01
-1.068333975474039654e+01 -1.016809034347534180e+01
-1.063071902592976947e+01 -1.055682182312011719e+01
-1.075319862365722656e+01 -1.050438213348388672e+01
-1.085481103261311908e+01 -1.037612438201904297e+01
-1.086553668975830078e+01 -9.922354698181152344e+00
-1.088575681050618549e+01 -1.107295513153076172e+01
-1.090861415863037109e+01 -1.047186470031738281e+01
-1.102421919504801373e+01 -1.189180564880371094e+01
-1.099760023752848248e+01 -1.048521995544433594e+01
-1.105455271402994732e+01 -1.067086696624755859e+01
-1.096763594945271869e+01 -1.053889322280883789e+01
-1.118784332275390625e+01 -1.007584142684936523e+01
-1.113534609476725201e+01 -1.001295804977416992e+01
-1.101592890421549420e+01 -1.164013910293579102e+01
-1.104994710286458393e+01 -1.075273370742797852e+01
-1.106993103027343750e+01 -1.025043392181396484e+01
-1.099375089009602924e+01 -1.013673877716064453e+01
-1.104162391026814838e+01 -1.103119468688964844e+01
-1.015714724858601947e+01 -1.119578409194946289e+01
-1.074095853169759174e+01 -1.000417280197143555e+01
-1.098384443918863873e+01 -1.069867897033691406e+01
-1.097950998942057232e+01 -1.011707496643066406e+01
-1.109072128931681256e+01 -1.072854185104370117e+01
-1.092098792394002338e+01 -1.127939796447753906e+01
-1.118970998128255268e+01 -1.117192983627319336e+01
-1.118659162521362305e+01 -1.034517240524291992e+01
-1.133635791142781635e+01 -9.947332859039306641e+00
-1.141732899347941022e+01 -9.776545524597167969e+00
-1.138428370157877545e+01 -1.089308595657348633e+01
-1.128631766637166400e+01 -1.064243364334106445e+01
-1.157271846135457416e+01 -1.158352947235107422e+01
-1.159338378906250000e+01 -1.003655242919921875e+01
-1.163473256429036518e+01 -1.137128734588623047e+01
-1.160719664891560932e+01 -1.185284805297851562e+01
-1.138492933909098248e+01 -1.000973606109619141e+01
-1.158754920959472656e+01 -1.044786167144775391e+01
-1.142133919397989850e+01 -1.033077573776245117e+01
-1.125166845321655273e+01 -1.015473794937133789e+01
-1.164044936498006244e+01 -1.156910610198974609e+01
-1.184662262598673443e+01 -1.156002998352050781e+01
-1.184461498260498047e+01 -1.066115093231201172e+01
-1.176692231496175189e+01 -1.123479747772216797e+01
-1.185153818130493164e+01 -1.012144231796264648e+01
-1.153213755289713482e+01 -1.184870862960815430e+01
-1.139085149765014648e+01 -9.547687530517578125e+00
-1.185178804397583008e+01 -9.833174705505371094e+00
-1.185190693537394147e+01 -1.011783885955810547e+01
-1.150539191563924213e+01 -1.035643434524536133e+01
-1.198927323023478131e+01 -1.045627593994140625e+01
-1.213756291071573834e+01 -1.038316535949707031e+01
-1.220465087890625000e+01 -1.075665044784545898e+01
-1.199021466573079486e+01 -1.014720773696899414e+01
-1.220013936360677143e+01 -1.127612113952636719e+01
-1.200446637471516986e+01 -1.035937595367431641e+01
-1.191189893086751361e+01 -9.946225166320800781e+00
-1.170853614807128906e+01 -1.064267730712890625e+01
-1.206045516331990619e+01 -1.098060369491577148e+01
-1.235587263107299805e+01 -1.030954504013061523e+01
-1.246487824122110943e+01 -1.042028856277465820e+01
-1.247053686777750592e+01 -1.000427961349487305e+01
-1.258873542149861713e+01 -1.138228416442871094e+01
-1.200623178482055664e+01 -9.168414115905761719e+00
-1.158883221944173236e+01 -9.557550907135009766e+00
-1.244420735041300397e+01 -1.112624979019165039e+01
-1.220577255884806256e+01 -1.142646312713623047e+01
-1.159469858805338482e+01 -1.053920984268188477e+01
-1.220196946461995502e+01 -1.158542251586914062e+01
-1.253178151448567768e+01 -1.117366981506347656e+01
-1.257589483261108398e+01 -1.104859447479248047e+01
-1.257242314020792584e+01 -9.408183097839355469e+00
-1.285504802068074603e+01 -1.084488201141357422e+01
-1.275123532613118549e+01 -1.011189842224121094e+01
-1.289151525497436523e+01 -9.258210659027099609e+00
-1.266086101531982422e+01 -1.052035093307495117e+01
-1.267928679784139057e+01 -1.088686180114746094e+01
-1.315817674001058002e+01 -1.088644313812255859e+01
-1.282764482498168945e+01 -1.007522964477539062e+01
-1.309308083852132221e+01 -1.033150196075439453e+01
-1.336262432734171490e+01 -9.396638393402099609e+00
-1.256520239512125592e+01 -9.510277271270751953e+00
-1.280754597981770893e+01 -8.886283397674560547e+00
-1.282270574569702148e+01 -9.975020408630371094e+00
-1.352305014928182025e+01 -1.026590871810913086e+01
-1.323001321156819721e+01 -1.098083400726318359e+01
-1.339738686879475971e+01 -9.444332599639892578e+00
-1.310886112848917584e+01 -9.317987442016601562e+00
-1.219971768061319928e+01 -8.705166816711425781e+00
-1.230372842152913471e+01 -9.422525882720947266e+00
-1.316930135091145893e+01 -1.032325839996337891e+01
-1.376010386149088482e+01 -8.618818044662475586e+00
-1.392100365956624408e+01 -9.956113338470458984e+00
-1.388294092814127545e+01 -1.006327676773071289e+01
-1.371194060643514057e+01 -1.087940168380737305e+01
-1.382702096303304096e+01 -1.116945600509643555e+01
-1.402494764328002930e+01 -9.758692741394042969e+00
-1.384499613444010357e+01 -8.651949644088745117e+00
-1.372555589675903320e+01 -9.129430294036865234e+00
-1.380416472752889057e+01 -9.190339088439941406e+00
-1.372138182322184186e+01 -9.274539470672607422e+00
-1.354651546478271484e+01 -9.811707496643066406e+00
-1.349121665954589844e+01 -8.670871257781982422e+00
-1.416091807683308978e+01 -9.162522315979003906e+00
-1.367219845453898053e+01 -8.938582897186279297e+00
-1.378796227773030658e+01 -9.611828804016113281e+00
-1.438200124104817768e+01 -1.089717960357666016e+01
-1.429643615086873432e+01 -9.757894039154052734e+00
-1.343983952204386334e+01 -1.035746288299560547e+01
-1.345926268895467182e+01 -8.989566802978515625e+00
-1.277794090906778912e+01 -9.616700172424316406e+00
-1.322105423609415631e+01 -8.622380256652832031e+00
-1.294122425715128522e+01 -9.899447441101074219e+00
-1.353356695175170898e+01 -1.155528831481933594e+01
-1.331864341100057025e+01 -1.095568943023681641e+01
-1.290470345815022846e+01 -1.064651155471801758e+01
-1.324986489613850971e+01 -8.896864414215087891e+00
-1.409105443954467773e+01 -1.063852262496948242e+01
-1.436588748296101947e+01 -8.388666629791259766e+00
-1.484674406051635742e+01 -8.348210811614990234e+00
-1.489269018173217773e+01 -1.059403705596923828e+01
-1.494979333877563477e+01 -8.790003299713134766e+00
-1.349794006347656250e+01 -8.974221229553222656e+00
-1.318573665618896484e+01 -9.885135650634765625e+00
-1.294880278905232807e+01 -9.923892021179199219e+00
-1.194526672363281250e+01 -9.259818553924560547e+00
-1.387603950500488281e+01 -1.162382268905639648e+01
-1.369410816828409772e+01 -8.780822753906250000e+00
-1.401562309265136719e+01 -1.220746994018554688e+01
-1.447125482559204102e+01 -1.001702404022216797e+01
-1.461970774332682232e+01 -8.589968681335449219e+00
-1.400858386357625385e+01 -8.309492111206054688e+00
-1.435232671101888080e+01 -9.220722198486328125e+00
-1.490208911895751953e+01 -8.577111005783081055e+00
-1.441774304707845111e+01 -8.713453769683837891e+00
-1.361818663279215436e+01 -8.717852115631103516e+00
-1.426597897211710553e+01 -1.056590414047241211e+01
-1.482728544871012311e+01 -8.833382844924926758e+00
-1.507930278778076172e+01 -9.499888420104980469e+00
-1.469759480158487897e+01 -8.402536392211914062e+00
-1.464511632919311523e+01 -9.600365638732910156e+00
-1.467928902308146100e+01 -1.032033920288085938e+01
-1.455204709370931049e+01 -1.058166027069091797e+01
-1.523496182759602924e+01 -1.011993980407714844e+01
-1.479710149765014648e+01 -9.611938476562500000e+00
-1.419382206598917584e+01 -9.066841125488281250e+00
-1.446740309397379498e+01 -1.206285095214843750e+01
-1.444901053110758404e+01 -9.236157894134521484e+00
-1.439723253250122070e+01 -1.188787460327148438e+01
-1.469328022003173828e+01 -1.089807319641113281e+01
-1.544915374120076557e+01 -8.273595809936523438e+00
-1.569808801015218158e+01 -1.166314315795898438e+01
-1.558611758550008197e+01 -7.411301612854003906e+00
-1.495527680714925189e+01 -9.985472202301025391e+00
-1.536352427800496478e+01 -9.175636291503906250e+00
-1.559247986475626568e+01 -9.672842025756835938e+00
-1.562970383961995502e+01 -9.557377815246582031e+00
-1.560298379262288471e+01 -8.915827751159667969e+00
-1.577121607462565045e+01 -8.497062444686889648e+00
-1.590483458836873432e+01 -9.593365669250488281e+00
-1.571861537297566791e+01 -8.020168781280517578e+00
-1.568302679061889648e+01 -9.914325714111328125e+00
-1.528321313858032227e+01 -9.750180721282958984e+00
-1.520936298370361328e+01 -9.364372253417968750e+00
-1.574863322575887103e+01 -9.188868999481201172e+00
-1.443875201543172260e+01 -8.356211185455322266e+00
-1.393857208887735943e+01 -9.849314689636230469e+00
-1.359566068649291992e+01 -9.600159645080566406e+00
-1.429845746358235736e+01 -8.519142150878906250e+00
-1.457485437393188477e+01 -9.189805030822753906e+00
-1.446223719914754291e+01 -7.974816799163818359e+00
-1.522365379333496094e+01 -8.144972801208496094e+00
-1.563276783625284772e+01 -1.260776519775390625e+01
-1.563571866353352924e+01 -1.069722127914428711e+01
-1.575034411748250385e+01 -9.292873382568359375e+00
-1.606529188156127930e+01 -9.374583244323730469e+00
-1.561746756235758404e+01 -7.880240440368652344e+00
-1.597714503606160541e+01 -8.659002780914306641e+00
-1.589993063608805279e+01 -1.023379039764404297e+01
-1.603720442454020301e+01 -9.431191444396972656e+00
-1.628500254948933801e+01 -9.345463275909423828e+00
-1.645179367065429688e+01 -9.119532108306884766e+00
-1.620402860641479492e+01 -1.056781244277954102e+01
-1.599247328440348248e+01 -8.272382736206054688e+00
-1.613302564620971680e+01 -1.078917694091796875e+01
-1.526446406046549420e+01 -9.172643661499023438e+00
-1.557077407836914062e+01 -1.142199134826660156e+01
-1.612367534637451172e+01 -1.020504140853881836e+01
-1.645223633448282996e+01 -9.241262435913085938e+00
-1.644024880727132043e+01 -1.082765769958496094e+01
-1.646101140975952148e+01 -1.020447444915771484e+01
-1.651638428370157996e+01 -7.627017974853515625e+00
-1.599888912836710553e+01 -7.385537147521972656e+00
-1.547334019343058209e+01 -7.612828493118286133e+00
-1.522134383519490619e+01 -7.969177007675170898e+00
-1.527013508478800397e+01 -1.094377040863037109e+01
-1.620341730117797852e+01 -8.625252008438110352e+00
-1.624048360188801965e+01 -8.274311304092407227e+00
-1.625797907511393348e+01 -8.365703105926513672e+00
-1.633493550618489465e+01 -8.717016696929931641e+00
-1.645555241902669152e+01 -9.455051898956298828e+00
-1.613393211364746094e+01 -1.015357589721679688e+01
-1.618763128916422644e+01 -9.236754417419433594e+00
-1.677693176269531250e+01 -8.920605659484863281e+00
-1.653008429209391394e+01 -7.987726688385009766e+00
-1.541315666834513287e+01 -9.000263214111328125e+00
-1.435500240325927734e+01 -9.881686210632324219e+00
-1.477673864364624023e+01 -9.192664146423339844e+00
-1.459708007176717182e+01 -8.424389362335205078e+00
-1.223028246561686139e+01 -6.463880062103271484e+00
-1.317077096303304096e+01 -9.455170631408691406e+00
-1.461510388056437115e+01 -1.034302139282226562e+01
-1.540986092885335346e+01 -9.941007614135742188e+00
-1.525720914204915424e+01 -9.071730136871337891e+00
-1.571488269170125385e+01 -8.199522972106933594e+00
-1.611431360244750977e+01 -9.188367843627929688e+00
-1.658368778228759766e+01 -8.120644569396972656e+00
-1.663990926742553711e+01 -8.866944313049316406e+00
-1.625779549280802527e+01 -8.822080135345458984e+00
-1.575599304835001568e+01 -9.340446233749389648e+00
-1.610568761825561523e+01 -8.827514648437500000e+00
-1.685477447509765625e+01 -9.991633415222167969e+00
-1.680819002787272254e+01 -8.566042423248291016e+00
-1.708024676640828332e+01 -9.627802371978759766e+00
-1.684340254465739051e+01 -7.749114751815795898e+00
-1.579332605997721295e+01 -1.003245639801025391e+01
-1.712008253733317176e+01 -7.875562667846679688e+00
-1.702555783589680871e+01 -7.964002132415771484e+00
-1.701446851094563684e+01 -8.959434509277343750e+00
-1.672685003280639648e+01 -8.722758769989013672e+00
-1.673804060618082801e+01 -8.827493667602539062e+00
-1.686560344696044922e+01 -7.198776721954345703e+00
-1.609959872563679895e+01 -9.027293205261230469e+00
-1.717150847117106238e+01 -8.887205600738525391e+00
-1.752967532475789270e+01 -8.126967906951904297e+00
-1.642751057942708215e+01 -7.984690189361572266e+00
-1.730527210235595703e+01 -8.919475078582763672e+00
-1.739676507314046106e+01 -8.867886066436767578e+00
-1.687413962682088098e+01 -9.357206821441650391e+00
-1.692120361328125000e+01 -1.003341865539550781e+01
-1.621501477559407434e+01 -7.036537647247314453e+00
-1.539545408884684186e+01 -9.836339950561523438e+00
-1.591794761021932025e+01 -1.116811323165893555e+01
-1.676669470469157019e+01 -7.499733448028564453e+00
-1.729776922861735144e+01 -8.506524562835693359e+00
-1.607466443379719934e+01 -8.203348875045776367e+00
-1.651895634333292762e+01 -8.393201828002929688e+00
-1.648243872324625769e+01 -9.145704746246337891e+00
-1.742629528045654297e+01 -7.744470119476318359e+00
-1.657624562581380090e+01 -8.189931631088256836e+00
-1.667144902547200402e+01 -1.043788290023803711e+01
-1.616911252339680871e+01 -8.251940250396728516e+00
-1.650942913691202918e+01 -8.973795652389526367e+00
-1.688371006647745887e+01 -9.284603595733642578e+00
-1.677482477823893348e+01 -7.659913539886474609e+00
-1.687768824895222863e+01 -8.010624408721923828e+00
-1.744025421142578125e+01 -9.511665821075439453e+00
-1.735666147867838660e+01 -1.035285902023315430e+01
-1.746264076232910156e+01 -7.629183053970336914e+00
-1.760269546508789062e+01 -8.684943199157714844e+00
-1.673566246032714844e+01 -7.596237182617187500e+00
-1.726658693949381629e+01 -8.539033889770507812e+00
-1.717106850941975793e+01 -8.935670852661132812e+00
-1.642988236745198449e+01 -9.464246749877929688e+00
-1.589345979690551758e+01 -9.969226360321044922e+00
-1.720847924550374231e+01 -7.687681198120117188e+00
-1.734097989400227746e+01 -1.156957626342773438e+01
-1.706743907928466797e+01 -6.974312543869018555e+00
-1.688096284866333008e+01 -8.619199752807617188e+00
-1.534596014022827148e+01 -8.114642620086669922e+00
-1.579349311192830463e+01 -1.043073797225952148e+01
-1.679677518208821496e+01 -8.029734611511230469e+00
-1.725681495666503906e+01 -8.124210834503173828e+00
-1.716276931762695312e+01 -7.678222179412841797e+00
-1.753555043538411340e+01 -7.644736766815185547e+00
-1.779015763600667199e+01 -7.790977716445922852e+00
-1.770545482635498047e+01 -8.823265552520751953e+00
-1.758559799194335938e+01 -7.373499870300292969e+00
-1.773403422037760535e+01 -8.312023162841796875e+00
-1.832331116994221887e+01 -7.688703060150146484e+00
-1.829934247334798059e+01 -6.958366394042968750e+00
-1.810023752848307410e+01 -1.015622520446777344e+01
-1.841786766052246094e+01 -8.214718818664550781e+00
-1.770627276102701941e+01 -7.724800586700439453e+00
-1.737276713053385535e+01 -6.941495656967163086e+00
-1.700176302591959754e+01 -6.938407897949218750e+00
-1.624594322840372840e+01 -8.770497322082519531e+00
-1.727032470703125000e+01 -8.359339475631713867e+00
-1.791402339935302734e+01 -7.686887741088867188e+00
-1.769185670216878137e+01 -1.169682264328002930e+01
-1.801824855804443359e+01 -7.523031234741210938e+00
-1.823179690043131629e+01 -7.561240911483764648e+00
-1.848859055836995324e+01 -8.874670505523681641e+00
-1.840264542897542199e+01 -9.500716209411621094e+00
-1.850387986501057824e+01 -7.843278169631958008e+00
-1.803293736775716027e+01 -1.045384645462036133e+01
-1.743246237436930457e+01 -1.126710367202758789e+01
-1.776533317565917969e+01 -8.111766815185546875e+00
-1.743416086832682410e+01 -7.487908124923706055e+00
-1.623473485310872277e+01 -8.855571269989013672e+00
-1.670984427134196082e+01 -7.541049957275390625e+00
-1.710821787516276160e+01 -8.342222690582275391e+00
-1.667815081278483191e+01 -8.218794822692871094e+00
-1.860887400309244910e+01 -8.153781414031982422e+00
-1.890176773071289062e+01 -7.578432559967041016e+00
-1.863532447814941406e+01 -9.114891767501831055e+00
-1.873743947347005090e+01 -8.465007781982421875e+00
-1.879047520955403527e+01 -9.216942787170410156e+00
-1.882174237569173059e+01 -7.900010824203491211e+00
-1.883979447682698449e+01 -9.015186786651611328e+00
-1.876523335774739465e+01 -7.168122768402099609e+00
-1.851216157277425012e+01 -1.132613730430603027e+01
-1.891155529022216797e+01 -9.584712505340576172e+00
-1.871039740244547644e+01 -1.060168290138244629e+01
-1.924941730499267578e+01 -1.061220026016235352e+01
-1.840703964233398438e+01 -9.656862258911132812e+00
-1.785791365305582801e+01 -8.543669462203979492e+00
-1.755657354990641394e+01 -1.007341670989990234e+01
-1.769983927408854285e+01 -1.014897966384887695e+01
-1.664648628234863281e+01 -8.904233932495117188e+00
-1.709169737497965613e+01 -7.767937898635864258e+00
-1.740842692057291785e+01 -1.197388219833374023e+01
-1.895869096120198449e+01 -7.071636915206909180e+00
-1.810362052917480469e+01 -9.125380516052246094e+00
-1.857424577077229699e+01 -8.370156288146972656e+00
-1.959732627868652344e+01 -8.885938644409179688e+00
-1.914482529958089074e+01 -7.445441961288452148e+00
-1.960611883799235144e+01 -1.201022672653198242e+01
-1.961043135325114051e+01 -1.092418122291564941e+01
-1.967005507151285926e+01 -8.703985691070556641e+00
-1.965231895446777344e+01 -8.524405002593994141e+00
-1.777723280588785926e+01 -8.912045478820800781e+00
-1.816607189178466797e+01 -8.897124290466308594e+00
-1.922195339202880859e+01 -7.960488319396972656e+00
-1.958114337921142578e+01 -7.273502588272094727e+00
-1.979572455088297644e+01 -9.999317646026611328e+00
-1.941771602630615234e+01 -7.306246280670166016e+00
-1.886897754669189453e+01 -7.165790557861328125e+00
-1.937255382537841797e+01 -1.042069053649902344e+01
-1.943860467274983606e+01 -7.355917930603027344e+00
-1.899096647898356238e+01 -8.194963455200195312e+00
-1.911933167775471887e+01 -8.493962764739990234e+00
-1.948454093933105469e+01 -9.174596548080444336e+00
-1.886951510111491004e+01 -6.817453861236572266e+00
-1.772503248850504676e+01 -7.874213933944702148e+00
-1.849869267145792762e+01 -8.385991573333740234e+00
-1.881188488006591797e+01 -8.693968772888183594e+00
-1.898741372426350793e+01 -8.342999458312988281e+00
-1.873304017384846887e+01 -8.910378456115722656e+00
-1.915986124674479285e+01 -8.898566722869873047e+00
-1.942460314432780066e+01 -8.514870643615722656e+00
-1.941653537750244141e+01 -7.597817182540893555e+00
-1.884907182057698449e+01 -7.066916465759277344e+00
-1.811609872182210168e+01 -7.574409484863281250e+00
-1.880845292409260949e+01 -1.171077013015747070e+01
-1.920819695790608606e+01 -8.291888713836669922e+00
-1.948984940846760949e+01 -7.853629112243652344e+00
-1.988775698343912879e+01 -7.737987518310546875e+00
-1.934795252482096473e+01 -8.022391080856323242e+00
-1.956193478902180871e+01 -9.267804145812988281e+00
-1.904708480834960938e+01 -1.195039105415344238e+01
-1.790485731760660926e+01 -7.599061965942382812e+00
-1.877280298868815223e+01 -7.609615325927734375e+00
-1.956777159372965613e+01 -1.020074343681335449e+01
-1.918121719360351562e+01 -1.100324106216430664e+01
-1.836147181193033973e+01 -7.333098888397216797e+00
-1.821344725290934363e+01 -6.712041378021240234e+00
-1.835885079701741418e+01 -8.276556968688964844e+00
-1.932999102274576941e+01 -9.230334281921386719e+00
-1.911685371398925781e+01 -7.536131620407104492e+00
-1.952230612436930457e+01 -8.051675558090209961e+00
-1.949843311309814453e+01 -7.724230051040649414e+00
-1.988314342498779297e+01 -7.005278587341308594e+00
-1.948513698577880859e+01 -6.966498851776123047e+00
-2.006118075052897254e+01 -8.766585826873779297e+00
-1.917366441090901574e+01 -8.676540374755859375e+00
-1.956551869710286340e+01 -6.205189347267150879e+00
-1.878048261006673059e+01 -8.816681623458862305e+00
-2.010754108428955078e+01 -7.254615783691406250e+00
-2.045848019917805871e+01 -7.761692047119140625e+00
-1.993727525075276574e+01 -8.387329339981079102e+00
-1.997743161519368371e+01 -7.906959056854248047e+00
-2.021801185607910156e+01 -7.488430023193359375e+00
-2.038221963246663293e+01 -7.975737571716308594e+00
-2.045060793558756629e+01 -7.252486228942871094e+00
-2.051196448008219519e+01 -7.969056367874145508e+00
-2.025910123189290246e+01 -8.312581062316894531e+00
-2.013692188262939453e+01 -1.238607835769653320e+01
-2.070589605967203894e+01 -8.447083711624145508e+00
-1.964143149058024207e+01 -6.894832134246826172e+00
-1.979065895080566406e+01 -7.027103424072265625e+00
-1.924851512908935547e+01 -8.294058799743652344e+00
-2.043419551849365234e+01 -9.776141643524169922e+00
-2.052333672841389856e+01 -9.248260498046875000e+00
-1.994647057851155481e+01 -7.957552671432495117e+00
-2.072913678487141809e+01 -1.031510019302368164e+01
-2.023815027872721473e+01 -9.743608951568603516e+00
-2.079806359608967981e+01 -7.966183662414550781e+00
-1.996817525227864465e+01 -6.834685325622558594e+00
-1.917236232757568359e+01 -1.103756713867187500e+01
-1.908447265625000000e+01 -8.836483478546142578e+00
-1.993856747945149621e+01 -6.774437189102172852e+00
-1.918483384450276574e+01 -7.578699588775634766e+00
-2.018268680572509766e+01 -7.297957420349121094e+00
-2.086419105529785156e+01 -7.798604965209960938e+00
-2.027553749084472656e+01 -9.902976512908935547e+00
-1.902699375152587891e+01 -9.061138153076171875e+00
-1.873072910308837891e+01 -8.694172382354736328e+00
-1.952945041656494141e+01 -9.563261985778808594e+00
-1.987378025054931641e+01 -1.032582092285156250e+01
-2.071102905273437500e+01 -7.012753486633300781e+00
-2.048932011922200402e+01 -7.880087852478027344e+00
-1.999250984191894531e+01 -9.468743801116943359e+00
-1.855555152893066406e+01 -9.462706089019775391e+00
-1.869449806213378906e+01 -8.126837015151977539e+00
-2.047262605031331262e+01 -7.044409275054931641e+00
-2.072970740000407019e+01 -7.434912681579589844e+00
-2.085796419779459754e+01 -9.650434017181396484e+00
-2.054492886861165246e+01 -6.987379789352416992e+00
-2.023848088582356652e+01 -7.142833709716796875e+00
-2.008360894521077356e+01 -1.056042742729187012e+01
-1.817893346150716027e+01 -8.223549365997314453e+00
-1.876175149281819543e+01 -6.889696598052978516e+00
-2.067471726735432824e+01 -7.299247980117797852e+00
-2.045352331797282019e+01 -6.727498531341552734e+00
-1.987210877736409387e+01 -7.406704902648925781e+00
-1.949170716603596887e+01 -8.509586811065673828e+00
-2.039585208892822266e+01 -7.155319690704345703e+00
-2.040471490224202356e+01 -7.633846759796142578e+00
-2.094883918762207031e+01 -7.323461532592773438e+00
-2.083991813659667969e+01 -1.183173704147338867e+01
-2.118655427296956262e+01 -9.503994464874267578e+00
-2.086897023518880090e+01 -9.777862548828125000e+00
-2.121730709075927734e+01 -8.544606685638427734e+00
-2.024757258097330848e+01 -8.124198436737060547e+00
-2.098545392354329309e+01 -7.417144775390625000e+00
-2.061030515034993371e+01 -7.980369091033935547e+00
-1.962246958414713660e+01 -6.774602174758911133e+00
-2.081755574544270715e+01 -9.007089376449584961e+00
-2.138769404093424598e+01 -7.419083118438720703e+00
-2.143615150451660156e+01 -1.022136068344116211e+01
-2.104413318634033203e+01 -9.012524366378784180e+00
-1.969699637095133582e+01 -7.114862203598022461e+00
-1.955289204915364465e+01 -6.400832891464233398e+00
-1.893345832824707031e+01 -6.303480625152587891e+00
-1.805173365275065223e+01 -6.602334737777709961e+00
-1.893027114868164062e+01 -9.898548126220703125e+00
-1.984874598185221473e+01 -9.243213176727294922e+00
-2.018676026662190637e+01 -8.911297321319580078e+00
-2.043729273478190223e+01 -7.013398408889770508e+00
-2.083094024658203125e+01 -9.207019329071044922e+00
-2.114107704162597656e+01 -7.625333786010742188e+00
-2.000689093271891394e+01 -8.752614498138427734e+00
-2.023973115285237512e+01 -9.292699813842773438e+00
-2.055648803710937500e+01 -8.638864994049072266e+00
-2.073410797119140625e+01 -7.485145568847656250e+00
-2.075875536600748816e+01 -1.014096593856811523e+01
-2.019904677073160926e+01 -9.825923442840576172e+00
-1.953680706024169922e+01 -8.322299003601074219e+00
-1.999716409047444543e+01 -8.451893806457519531e+00
-2.148801263173421106e+01 -8.019423007965087891e+00
-2.194428666432698449e+01 -1.020596885681152344e+01
-2.138800080617268762e+01 -8.673523902893066406e+00
-2.127553494771321496e+01 -8.746620178222656250e+00
-2.175698661804199219e+01 -9.288991928100585938e+00
-2.110346285502116004e+01 -9.188304424285888672e+00
-2.082841714223225793e+01 -8.042324542999267578e+00
-2.113451766967773438e+01 -7.105567455291748047e+00
-2.113112195332844934e+01 -6.628225684165954590e+00
-2.060095310211181641e+01 -7.790441989898681641e+00
-2.124250793457031250e+01 -1.027941370010375977e+01
-2.036349105834960938e+01 -7.626612186431884766e+00
-2.087750212351481238e+01 -7.034895420074462891e+00
-2.063639863332112512e+01 -6.652358770370483398e+00
-2.053714243570963660e+01 -6.772384166717529297e+00
-2.151775741577148438e+01 -8.614914894104003906e+00
-2.064575990041096887e+01 -6.668665409088134766e+00
-2.021269734700520715e+01 -9.659689903259277344e+00
-2.188832855224609375e+01 -8.503723621368408203e+00
-2.108152834574381629e+01 -1.047147130966186523e+01
-2.141303730010986328e+01 -6.876238822937011719e+00
-2.181142584482828894e+01 -9.221975326538085938e+00
-2.132666842142741004e+01 -7.938100337982177734e+00
-2.133242893218994141e+01 -1.051069402694702148e+01
-2.181513055165608606e+01 -8.820930719375610352e+00
-1.996322313944498816e+01 -8.847217559814453125e+00
-2.111433029174804688e+01 -7.222160577774047852e+00
-2.186859639485676965e+01 -9.405079364776611328e+00
-2.215797805786132812e+01 -9.988596439361572266e+00
-2.225918960571289062e+01 -9.672393321990966797e+00
-2.166492303212483606e+01 -1.017225503921508789e+01
-2.107911650339762488e+01 -7.458163261413574219e+00
-2.061076227823893348e+01 -7.439247846603393555e+00
-2.152768421173095703e+01 -8.627724170684814453e+00
-2.122706158955891809e+01 -7.045041561126708984e+00
-2.064473088582356652e+01 -7.298091650009155273e+00
-2.127991644541422644e+01 -8.529750823974609375e+00
-2.073297341664632043e+01 -6.820549964904785156e+00
-2.103073120117187500e+01 -6.711735010147094727e+00
-1.799943272272745887e+01 -1.013902473449707031e+01
-1.893253421783447266e+01 -6.628367185592651367e+00
-1.993983554840087891e+01 -9.758982896804809570e+00
-2.016171073913574219e+01 -8.145207881927490234e+00
-2.151922829945882043e+01 -8.478981018066406250e+00
-2.202499516805012902e+01 -8.193068504333496094e+00
-2.147638320922851562e+01 -9.763296604156494141e+00
-2.206666660308837891e+01 -7.619705677032470703e+00
-2.276011021931966027e+01 -1.048354339599609375e+01
-2.190174833933512488e+01 -6.549302577972412109e+00
-2.045522721608479699e+01 -7.433585166931152344e+00
-2.004913838704426965e+01 -7.069923639297485352e+00
-2.021854559580485144e+01 -8.120228767395019531e+00
-2.064649359385172644e+01 -7.737214326858520508e+00
-2.069088935852050781e+01 -9.728831768035888672e+00
-2.044001038869221887e+01 -1.077260351181030273e+01
-2.068699550628662109e+01 -7.316361904144287109e+00
-2.146237087249755859e+01 -9.593194723129272461e+00
-2.255622863769531250e+01 -8.135576248168945312e+00
-2.207636769612630090e+01 -8.697209596633911133e+00
-2.249795977274576941e+01 -8.820465564727783203e+00
-2.272118282318115234e+01 -7.232083320617675781e+00
-2.269843260447184363e+01 -7.077277183532714844e+00
-2.319880135854085168e+01 -7.336323738098144531e+00
-2.298040962219238281e+01 -8.781192064285278320e+00
-2.257808303833007812e+01 -8.357112169265747070e+00
-2.320731576283772668e+01 -7.934382677078247070e+00
-2.303433736165364465e+01 -9.208359003067016602e+00
-2.152564334869384766e+01 -6.753996849060058594e+00
-2.042354774475097656e+01 -8.194686889648437500e+00
-1.859852155049641809e+01 -6.850245237350463867e+00
-2.010049883524576941e+01 -1.031830501556396484e+01
-2.125216643015543738e+01 -9.051276445388793945e+00
-2.263587411244710168e+01 -8.384643554687500000e+00
-2.199514230092366418e+01 -8.754539489746093750e+00
-2.245824813842773438e+01 -8.736709117889404297e+00
-2.277790037790934363e+01 -8.391200065612792969e+00
-2.129868443806966027e+01 -6.528219699859619141e+00
-2.175273482004801551e+01 -7.229482889175415039e+00
-2.264327112833658973e+01 -9.642428874969482422e+00
-2.020531749725341797e+01 -6.426018238067626953e+00
-1.888496685028076172e+01 -7.427381992340087891e+00
-2.104351743062337121e+01 -8.087790012359619141e+00
-2.177749443054199219e+01 -9.130100250244140625e+00
-2.176418399810791016e+01 -7.477728366851806641e+00
-2.141874122619628906e+01 -8.615924835205078125e+00
-2.204940191904703894e+01 -6.293401718139648438e+00
-2.159167544047037879e+01 -9.143374443054199219e+00
-2.144579728444417199e+01 -6.640065431594848633e+00
-2.160007794698079309e+01 -7.265297412872314453e+00
-2.124384339650471887e+01 -8.000026941299438477e+00
-2.189155101776123047e+01 -6.706049680709838867e+00
-2.208674526214599609e+01 -6.413321733474731445e+00
-2.158287334442138672e+01 -7.631387233734130859e+00
-2.169372177124023438e+01 -6.695952177047729492e+00
-2.261884085337321082e+01 -8.734944343566894531e+00
-2.265693759918212891e+01 -7.524348735809326172e+00
-2.311342080434163293e+01 -8.982631683349609375e+00
-2.295767370859782019e+01 -8.378190517425537109e+00
-2.298218472798665246e+01 -7.064627170562744141e+00
-2.283813158671061316e+01 -6.664834976196289062e+00
-2.331168365478515625e+01 -7.046706676483154297e+00
-2.352709706624348840e+01 -6.855738162994384766e+00
-2.316056791941324988e+01 -8.759950637817382812e+00
-2.314358170827229699e+01 -8.020728111267089844e+00
-2.290126005808512488e+01 -7.901037454605102539e+00
-2.259065055847167969e+01 -7.166532754898071289e+00
-2.226642799377441406e+01 -7.531251907348632812e+00
-2.308779207865397254e+01 -8.383089065551757812e+00
-2.162825202941894531e+01 -7.850142955780029297e+00
-1.979135799407958984e+01 -8.836037635803222656e+00
-1.956030241648356238e+01 -7.206574201583862305e+00
-1.913123226165771484e+01 -9.034744739532470703e+00
-2.003855609893798828e+01 -7.253672122955322266e+00
-2.145233980814616004e+01 -8.041425704956054688e+00
-2.260114320119221887e+01 -6.994067430496215820e+00
-2.198223400115966797e+01 -7.541280031204223633e+00
-2.205946000417073449e+01 -8.826320409774780273e+00
-1.998590024312337121e+01 -6.915699720382690430e+00
-1.992852179209391394e+01 -7.601424217224121094e+00
-2.022426160176594934e+01 -6.964013814926147461e+00
-2.173590151468912879e+01 -8.237191200256347656e+00
-2.277442137400309363e+01 -8.092675209045410156e+00
-2.323230902353922644e+01 -1.014789295196533203e+01
-2.297861830393473426e+01 -1.062968349456787109e+01
-2.199971389770507812e+01 -5.991637229919433594e+00
-2.028600947062174598e+01 -6.705794334411621094e+00
-2.192065842946370324e+01 -7.248651981353759766e+00
-2.320870780944824219e+01 -7.361179590225219727e+00
-2.164162127176920691e+01 -7.258540630340576172e+00
-2.151276906331380090e+01 -7.706640720367431641e+00
-2.038397598266601562e+01 -9.270508289337158203e+00
-2.065065542856852332e+01 -9.276658058166503906e+00
-2.220768292744954309e+01 -7.734734058380126953e+00
-2.277511692047119141e+01 -6.974955081939697266e+00
-2.311106046040852746e+01 -9.497094154357910156e+00
-2.249528344472249231e+01 -9.424239158630371094e+00
-2.167227808634440223e+01 -8.782498598098754883e+00
-2.289226786295573035e+01 -6.666159868240356445e+00
-2.294169108072916785e+01 -7.590380907058715820e+00
-2.137543678283691406e+01 -1.030548119544982910e+01
-2.071476936340332031e+01 -9.172144412994384766e+00
-2.211221663157145301e+01 -8.221121788024902344e+00
-2.301816781361897668e+01 -9.939852237701416016e+00
-2.285936959584553918e+01 -7.809050559997558594e+00
-2.301878070831298828e+01 -7.925571918487548828e+00
-2.391928990681966027e+01 -7.093988656997680664e+00
-2.304254309336344519e+01 -6.673980712890625000e+00
-2.180462519327799598e+01 -7.725854635238647461e+00
-2.238399696350097656e+01 -7.087223529815673828e+00
-2.276431592305501184e+01 -7.001524448394775391e+00
-2.225906054178873816e+01 -8.433609485626220703e+00
-2.164459164937337121e+01 -7.158683300018310547e+00
-1.997580591837565223e+01 -6.079314947128295898e+00
-2.073924096425374231e+01 -7.400023460388183594e+00
-2.277441024780273438e+01 -9.461850166320800781e+00
-2.329921023050944129e+01 -7.270447254180908203e+00
-2.295121669769287109e+01 -6.394260406494140625e+00
-2.264509073893229285e+01 -8.666306018829345703e+00
-2.362906964619954309e+01 -7.690275907516479492e+00
-2.299579874674479285e+01 -8.250972986221313477e+00
-2.261381340026855469e+01 -6.514949798583984375e+00
-2.289417235056559363e+01 -1.296284198760986328e+01
-2.366071923573811731e+01 -6.567665576934814453e+00
-2.208573468526204309e+01 -6.459053516387939453e+00
-1.973335456848144531e+01 -7.956331014633178711e+00
-2.036248588562011719e+01 -8.588324069976806641e+00
-2.108834044138590613e+01 -7.417481422424316406e+00
-2.240993277231852332e+01 -6.657484650611877441e+00
-2.341122213999430457e+01 -1.012849712371826172e+01
-2.350457159678141394e+01 -7.276653051376342773e+00
-2.275057601928710938e+01 -7.712950229644775391e+00
-2.251950613657633582e+01 -6.780683755874633789e+00
-2.305050977071126184e+01 -8.076211452484130859e+00
-2.346393044789632043e+01 -6.919723033905029297e+00
-2.334722359975178918e+01 -9.042543649673461914e+00
-2.353227202097574988e+01 -7.745229244232177734e+00
-2.349917157491048059e+01 -9.698303699493408203e+00
-2.353690465291341027e+01 -7.421054601669311523e+00
-2.302301692962646484e+01 -7.115126609802246094e+00
-2.277618535359700402e+01 -9.657095432281494141e+00
-2.395228958129882812e+01 -1.066373538970947266e+01
-2.389902941385905066e+01 -1.162222313880920410e+01
-2.335785929361979285e+01 -6.402331590652465820e+00
-2.354848766326904297e+01 -7.923775434494018555e+00
-2.165065606435139856e+01 -8.376006126403808594e+00
-1.952988338470458984e+01 -9.542445659637451172e+00
-2.100125408172607422e+01 -9.572662830352783203e+00
-2.138562838236491004e+01 -8.070924520492553711e+00
-2.103038978576660156e+01 -6.512492895126342773e+00
-2.167978286743164062e+01 -9.465051412582397461e+00
-2.258216412862141809e+01 -9.340447902679443359e+00
-2.339931297302246094e+01 -8.336861610412597656e+00
-2.375867271423339844e+01 -7.594312191009521484e+00
-2.432301203409830848e+01 -6.277767181396484375e+00
-2.321821943918864051e+01 -8.961079120635986328e+00
-2.343230279286702356e+01 -7.098558902740478516e+00
-2.375527413686116418e+01 -9.056899309158325195e+00
-2.339515749613444129e+01 -6.625437736511230469e+00
-2.388610235850016394e+01 -8.426266670227050781e+00
-2.432054169972737512e+01 -9.728246688842773438e+00
-2.411204560597737512e+01 -7.776883125305175781e+00
-2.449792385101318359e+01 -7.257974863052368164e+00
-2.455174064636230469e+01 -6.665735483169555664e+00
-2.349726740519205848e+01 -7.293776988983154297e+00
-2.366467221577962121e+01 -1.109959340095520020e+01
-2.283580716451008996e+01 -6.686357021331787109e+00
-2.302185662587483606e+01 -7.907409667968750000e+00
-2.411677614847819129e+01 -6.748826503753662109e+00
-2.369884649912516394e+01 -6.396573901176452637e+00
-2.292463111877441406e+01 -9.142008066177368164e+00
-1.891223430633544922e+01 -8.346773624420166016e+00
-1.961274751027425012e+01 -1.058517742156982422e+01
-2.175711695353190223e+01 -1.030485486984252930e+01
-2.311347707112630090e+01 -7.954934597015380859e+00
-2.277513726552327356e+01 -8.805031299591064453e+00
-2.395712375640869141e+01 -1.060069870948791504e+01
-2.460807577768961707e+01 -7.631855249404907227e+00
-2.431777127583821496e+01 -8.923165321350097656e+00
-2.399366219838460168e+01 -8.756125211715698242e+00
-2.441237799326578894e+01 -9.522735595703125000e+00
-2.384308369954426965e+01 -9.915407657623291016e+00
-2.284929466247558594e+01 -9.638985633850097656e+00
-2.398737049102783203e+01 -6.981771707534790039e+00
-2.335825665791829309e+01 -9.052958250045776367e+00
-2.176067988077799598e+01 -7.104583978652954102e+00
-2.275348472595214844e+01 -7.554444789886474609e+00
-2.369205538431803504e+01 -6.719444513320922852e+00
-2.435584831237792969e+01 -6.639271259307861328e+00
-2.498133055369059363e+01 -7.549814224243164062e+00
-2.477926190694173059e+01 -8.838595867156982422e+00
-2.360373624165852746e+01 -8.694603443145751953e+00
-2.457168769836425781e+01 -9.404387474060058594e+00
-2.408753236134846887e+01 -7.251216888427734375e+00
-2.165415922800699988e+01 -6.340570211410522461e+00
-2.413122781117757043e+01 -7.381646633148193359e+00
-2.480273691813151160e+01 -6.510778427124023438e+00
-2.510940996805826941e+01 -6.607556343078613281e+00
-2.436491394042968750e+01 -9.415118217468261719e+00
-2.232554880777994910e+01 -6.288384675979614258e+00
-2.282988739013671875e+01 -9.731583833694458008e+00
-2.427762095133463660e+01 -8.668559312820434570e+00
-2.437448024749755859e+01 -1.027058982849121094e+01
-2.334982744852701941e+01 -7.367986202239990234e+00
-2.158919270833333215e+01 -6.727708578109741211e+00
-2.308856741587321082e+01 -8.009742975234985352e+00
-2.319861984252929688e+01 -1.097788357734680176e+01
-2.272060012817382812e+01 -6.519345760345458984e+00
-1.721528339385986328e+01 -5.781662225723266602e+00
-1.645500612258911133e+01 -6.520321369171142578e+00
-1.993071683247883996e+01 -9.681852579116821289e+00
-2.008135732014973840e+01 -1.173427581787109375e+01
-2.165034993489583215e+01 -1.061985731124877930e+01
-2.314793332417805871e+01 -9.847180843353271484e+00
-2.390852514902750769e+01 -7.917261838912963867e+00
-2.468175220489501953e+01 -8.368534088134765625e+00
-2.460762437184651574e+01 -6.192287921905517578e+00
-2.385326353708903113e+01 -7.768256664276123047e+00
-2.387707392374674598e+01 -7.040307044982910156e+00
-2.222801494598388672e+01 -7.547513961791992188e+00
-1.946298980712890625e+01 -6.751868486404418945e+00
-1.678036212921142578e+01 -1.157262945175170898e+01
-2.047714233398437500e+01 -7.769080162048339844e+00
-2.216017341613769531e+01 -9.647063255310058594e+00
-2.434867604573567590e+01 -6.036083459854125977e+00
-2.252266629536946496e+01 -8.383072853088378906e+00
-2.380513763427734375e+01 -6.981324672698974609e+00
-2.411569436391194543e+01 -9.288254261016845703e+00
-2.476376088460286340e+01 -6.793380260467529297e+00
-2.484194850921630859e+01 -7.505399942398071289e+00
-2.301594638824462891e+01 -6.856722831726074219e+00
-2.170928287506103516e+01 -6.715775489807128906e+00
-2.309640661875407019e+01 -6.515587091445922852e+00
-2.431914138793945312e+01 -8.888609886169433594e+00
-2.508818689982096473e+01 -9.895290374755859375e+00
-2.340754540761311731e+01 -7.060974121093750000e+00
-2.331569163004557410e+01 -7.244172096252441406e+00
-2.363304742177327356e+01 -7.678760528564453125e+00
-2.314709377288818359e+01 -6.832786083221435547e+00
-2.413575013478596887e+01 -6.935514450073242188e+00
-2.342466799418131629e+01 -6.893853902816772461e+00
-2.316489982604980469e+01 -9.200805902481079102e+00
-2.401901213328043738e+01 -8.187265872955322266e+00
-2.409090868631998816e+01 -7.982370853424072266e+00
-2.289098262786865234e+01 -6.502855300903320312e+00
-2.263820775349934777e+01 -6.713347434997558594e+00
-2.356143411000569543e+01 -7.076932430267333984e+00
-2.489596843719482422e+01 -8.371691703796386719e+00
-2.321209144592285156e+01 -9.271744728088378906e+00
-2.374785900115966797e+01 -8.332337856292724609e+00
-2.350183296203613281e+01 -6.572633266448974609e+00
-2.395883464813232422e+01 -9.490195035934448242e+00
-2.506036090850830078e+01 -7.354555606842041016e+00
-2.475541114807128906e+01 -7.627502918243408203e+00
-2.489732710520426551e+01 -6.687824010848999023e+00
-2.389131959279378137e+01 -6.996139526367187500e+00
-2.314899381001790246e+01 -7.340665340423583984e+00
-2.382570552825927734e+01 -1.001580715179443359e+01
-2.397070693969726562e+01 -6.145869731903076172e+00
-2.440010197957356652e+01 -6.631873130798339844e+00
-2.473210748036702356e+01 -7.499298095703125000e+00
-2.215824921925862512e+01 -6.585108995437622070e+00
-2.169655291239420691e+01 -6.950101852416992188e+00
-2.074748261769612512e+01 -6.786396980285644531e+00
-2.286664581298828125e+01 -6.882263660430908203e+00
-2.345742479960123816e+01 -1.074893426895141602e+01
-2.397890122731526574e+01 -6.604394435882568359e+00
-2.375039068857828894e+01 -8.278013229370117188e+00
-2.456542555491129676e+01 -9.834033250808715820e+00
-2.542900657653808594e+01 -6.681801795959472656e+00
-2.520721626281738281e+01 -7.235669851303100586e+00
-2.538251845041910926e+01 -8.907153606414794922e+00
-2.500571727752685547e+01 -6.841889858245849609e+00
-2.556968339284260949e+01 -7.308390855789184570e+00
-2.535463937123616418e+01 -6.541066646575927734e+00
-2.508411566416422644e+01 -9.288493633270263672e+00
-2.185656706492106238e+01 -7.795896768569946289e+00
-2.098916753133137902e+01 -9.681955337524414062e+00
-2.177605215708414832e+01 -6.601274013519287109e+00
-2.149809646606445312e+01 -6.839709281921386719e+00
-2.322912406921386719e+01 -1.042329406738281250e+01
-2.303220462799072266e+01 -8.355924844741821289e+00
-2.482509613037109375e+01 -7.243163347244262695e+00
-2.465598551432291785e+01 -1.200323438644409180e+01
-2.323161665598551551e+01 -8.163986682891845703e+00
-2.369910621643066406e+01 -6.557991266250610352e+00
-2.415486494700114051e+01 -9.519841670989990234e+00
-2.270474783579508582e+01 -6.726606369018554688e+00
-2.075538921356201172e+01 -6.194380760192871094e+00
-2.006642341613769531e+01 -7.776450157165527344e+00
-2.165627956390380859e+01 -7.577250957489013672e+00
-2.413739395141601562e+01 -8.608621597290039062e+00
-2.472663084665934363e+01 -1.105013418197631836e+01
-2.424164613087971887e+01 -6.330577373504638672e+00
-2.391648260752360144e+01 -1.068931579589843750e+01
-2.384044742584228516e+01 -8.239732742309570312e+00
-2.343343385060628137e+01 -8.604906082153320312e+00
-2.314675966898600379e+01 -9.886434555053710938e+00
-2.356880664825439453e+01 -1.023730087280273438e+01
-2.493627516428629676e+01 -9.812015533447265625e+00
-2.484588050842285156e+01 -9.294926166534423828e+00
-2.492878055572509766e+01 -7.708285570144653320e+00
-2.384575970967610559e+01 -7.350751876831054688e+00
-2.531596914927164832e+01 -6.096282482147216797e+00
-2.299533589680989465e+01 -6.927736282348632812e+00
-2.367553933461507043e+01 -8.317747831344604492e+00
-2.290373643239339074e+01 -8.825721025466918945e+00
-2.410017267862955848e+01 -7.352472782135009766e+00
-2.479822603861491004e+01 -8.308343887329101562e+00
-2.525997893015543738e+01 -9.813169956207275391e+00
-2.545947106679280481e+01 -6.881277322769165039e+00
-2.468271732330322266e+01 -8.483635902404785156e+00
-2.386387443542480469e+01 -7.042522430419921875e+00
-2.210552755991617957e+01 -8.073129653930664062e+00
-2.135448010762532434e+01 -9.517695426940917969e+00
-2.197511736551920691e+01 -7.642237424850463867e+00
-2.210759226481119910e+01 -8.994138717651367188e+00
-2.177244631449381629e+01 -7.179146051406860352e+00
-2.455902640024821082e+01 -8.069813251495361328e+00
-2.423519134521484375e+01 -8.894008398056030273e+00
-2.569692834218342981e+01 -8.753527164459228516e+00
-2.481640434265136719e+01 -1.004665327072143555e+01
-2.330785655975341797e+01 -8.584122180938720703e+00
-2.334539381663004676e+01 -1.144872450828552246e+01
-2.391114362080891809e+01 -6.512962341308593750e+00
-2.458889071146647254e+01 -8.593642234802246094e+00
-2.221493053436279297e+01 -6.711013317108154297e+00
-2.287373924255371094e+01 -7.657341003417968750e+00
-2.360597387949625769e+01 -9.396163225173950195e+00
-2.506612428029378137e+01 -7.896520614624023438e+00
-2.463634268442789832e+01 -9.406255722045898438e+00
-2.567533906300862512e+01 -1.075538969039916992e+01
-2.583377011617024621e+01 -7.189299106597900391e+00
-2.522865899403889856e+01 -9.882670879364013672e+00
-2.560465494791666785e+01 -8.240120887756347656e+00
-2.596336682637532434e+01 -6.822073936462402344e+00
-2.627637418111165246e+01 -7.624844789505004883e+00
-2.632626692454020301e+01 -9.461480617523193359e+00
-2.564166768391926965e+01 -7.401484489440917969e+00
-2.554814783732096473e+01 -1.080416369438171387e+01
-2.592180411020914832e+01 -9.105615854263305664e+00
-2.449254989624023438e+01 -1.039686822891235352e+01
-2.393466758728027344e+01 -8.523423671722412109e+00
-2.461126073201497277e+01 -6.806498289108276367e+00
-2.440968481699625769e+01 -1.097787761688232422e+01
-2.411717859903971473e+01 -7.055769205093383789e+00
-2.437879212697346887e+01 -1.003897976875305176e+01
-2.551743539174397668e+01 -8.381242275238037109e+00
-2.345100498199462891e+01 -7.709601879119873047e+00
-2.307211144765217981e+01 -7.101121425628662109e+00
-2.353610738118489465e+01 -7.319574832916259766e+00
-2.442840703328450402e+01 -8.276568651199340820e+00
-2.341891098022460938e+01 -7.822781085968017578e+00
-2.131613413492838660e+01 -7.006648063659667969e+00
-2.408355267842610559e+01 -1.131127214431762695e+01
-2.367881107330322266e+01 -7.631127357482910156e+00
-2.427358214060465613e+01 -9.344198703765869141e+00
-2.505075422922770301e+01 -7.563941955566406250e+00
-2.339076391855875769e+01 -9.122137069702148438e+00
-2.353434117635091027e+01 -7.006797790527343750e+00
-2.422674020131428918e+01 -6.622035503387451172e+00
-2.510970973968505859e+01 -9.187621355056762695e+00
-2.572667185465494910e+01 -7.290144443511962891e+00
-2.408800570170084754e+01 -7.963797569274902344e+00
-2.394456704457600793e+01 -7.356472969055175781e+00
-2.426230971018473426e+01 -6.796484470367431641e+00
-2.377212969462076941e+01 -8.825739860534667969e+00
-2.568728828430175781e+01 -1.018511533737182617e+01
-2.585701783498128137e+01 -6.218012809753417969e+00
-2.601983547210693359e+01 -7.502495288848876953e+00
-2.541811625162760535e+01 -1.030725765228271484e+01
-2.520764986673991004e+01 -7.525209426879882812e+00
-2.568596998850504676e+01 -6.714971065521240234e+00
-2.536638418833414832e+01 -6.311652183532714844e+00
-2.276819801330566406e+01 -6.630783081054687500e+00
-2.024444739023844519e+01 -7.941367626190185547e+00
-2.431278165181477746e+01 -9.539502143859863281e+00
-2.511946201324462891e+01 -7.527116298675537109e+00
-2.658553759256998816e+01 -8.553937435150146484e+00
-2.650452804565429688e+01 -8.870872974395751953e+00
-2.626539993286132812e+01 -7.466042995452880859e+00
-2.424174626668294152e+01 -1.006878805160522461e+01
-2.533508586883544922e+01 -6.606240987777709961e+00
-2.400679651896158973e+01 -7.939369201660156250e+00
-2.426591777801513672e+01 -1.137033462524414062e+01
-2.431767908732096473e+01 -1.004712748527526855e+01
-2.345680077870686731e+01 -1.042527818679809570e+01
-2.360277716318766394e+01 -6.976816654205322266e+00
-2.513250732421875000e+01 -7.756295204162597656e+00
-2.644235769907633582e+01 -8.907564163208007812e+00
-2.393127632141113281e+01 -7.274476051330566406e+00
-2.389908695220947266e+01 -7.119409799575805664e+00
-2.361392561594645301e+01 -1.048660659790039062e+01
-2.483606561024983606e+01 -6.756292581558227539e+00
-2.486633237202962121e+01 -7.916146039962768555e+00
-2.493705717722574988e+01 -1.064133596420288086e+01
-2.506686878204345703e+01 -7.527366638183593750e+00
-2.495099767049153527e+01 -7.852922439575195312e+00
-2.493679205576578894e+01 -8.719943761825561523e+00
-2.620304997762044152e+01 -8.813196659088134766e+00
-2.635811297098795691e+01 -8.683640480041503906e+00
-2.609429295857747277e+01 -1.133111810684204102e+01
-2.467091910044352332e+01 -7.832996606826782227e+00
-2.501222387949625769e+01 -6.550256729125976562e+00
-2.619950930277506629e+01 -7.402114391326904297e+00
-2.579637749989827356e+01 -9.943258762359619141e+00
-2.582946427663167199e+01 -9.092710733413696289e+00
-2.544608243306477746e+01 -6.814762830734252930e+00
-2.414567089080810547e+01 -6.192688941955566406e+00
-2.376667563120524207e+01 -7.344913005828857422e+00
-2.558824412027994910e+01 -1.212130475044250488e+01
-2.518003527323405066e+01 -8.576098442077636719e+00
-2.527447732289632043e+01 -1.012760686874389648e+01
-2.575345834096272668e+01 -6.398461341857910156e+00
-2.628321711222330848e+01 -6.569585442543029785e+00
-2.571501064300537109e+01 -6.311864137649536133e+00
-2.089364782969157019e+01 -9.213945865631103516e+00
-2.053791840871175012e+01 -6.346561908721923828e+00
-2.153742122650146484e+01 -9.205965518951416016e+00
-2.433356316884358606e+01 -7.029566526412963867e+00
-2.469108517964680871e+01 -7.074709892272949219e+00
-2.230086898803710938e+01 -6.021120548248291016e+00
-2.293700281778971473e+01 -6.996356487274169922e+00
-2.467929681142171106e+01 -7.703778266906738281e+00
-2.463212299346923828e+01 -7.333116531372070312e+00
-2.515512275695800781e+01 -9.387140035629272461e+00
-2.485357729593912879e+01 -6.315773487091064453e+00
-2.526927375793457031e+01 -8.146246910095214844e+00
-2.500976753234863281e+01 -9.112181186676025391e+00
-2.554736900329589844e+01 -9.150158405303955078e+00
-2.540905157725016394e+01 -9.709737300872802734e+00
-2.501246198018391809e+01 -7.308114051818847656e+00
-2.575034364064534387e+01 -6.758128166198730469e+00
-2.510370699564616004e+01 -9.067650318145751953e+00
-2.514371109008789062e+01 -6.491303920745849609e+00
-2.494368330637614051e+01 -8.266346931457519531e+00
-2.505303287506103516e+01 -8.558034181594848633e+00
-2.512000783284505090e+01 -8.093322753906250000e+00
-2.496342182159423828e+01 -8.127695322036743164e+00
-2.565607261657714844e+01 -8.923845767974853516e+00
-2.651534589131673059e+01 -6.883845329284667969e+00
-2.608287715911865234e+01 -6.822540283203125000e+00
-2.487701988220214844e+01 -7.500910043716430664e+00
-2.594513352711995324e+01 -6.527308225631713867e+00
-2.506630992889404297e+01 -9.278883457183837891e+00
-2.431423441569010535e+01 -6.712365150451660156e+00
-2.291004848480224609e+01 -6.581586837768554688e+00
-2.238766256968180457e+01 -9.127964735031127930e+00
-2.331865215301513672e+01 -8.391138076782226562e+00
-2.333856074015299598e+01 -8.468031883239746094e+00
-2.467441654205322266e+01 -1.014574933052062988e+01
-2.359637641906738281e+01 -9.319776773452758789e+00
-2.482871691385905066e+01 -6.557902336120605469e+00
-2.623158168792724609e+01 -9.528576850891113281e+00
-2.725264326731364051e+01 -6.281445145606994629e+00
-2.681226730346679688e+01 -9.453873872756958008e+00
-2.682089614868164062e+01 -8.490486145019531250e+00
-2.700934441884358606e+01 -9.402338504791259766e+00
-2.500499534606933594e+01 -9.688869476318359375e+00
-2.513394610087076941e+01 -7.453628063201904297e+00
-2.514914512634277344e+01 -7.007079839706420898e+00
-2.429883448282877723e+01 -9.997677326202392578e+00
-2.638171259562174598e+01 -6.499299883842468262e+00
-2.696317291259765625e+01 -9.698820114135742188e+00
-2.543022314707438269e+01 -6.806508302688598633e+00
-2.474718666076660156e+01 -8.188065052032470703e+00
-2.642211786905924598e+01 -9.225433111190795898e+00
-2.595337454477946082e+01 -8.143471240997314453e+00
-2.531765874226887902e+01 -8.250881195068359375e+00
-2.484534835815429688e+01 -6.700697422027587891e+00
-2.571947097778320312e+01 -8.391737461090087891e+00
-2.594718424479166785e+01 -8.534373283386230469e+00
-2.578689956665039062e+01 -7.314833641052246094e+00
-2.336033503214518348e+01 -8.140569210052490234e+00
-2.274918206532796106e+01 -7.606655597686767578e+00
-2.227112801869710168e+01 -7.005077838897705078e+00
-2.432978979746500769e+01 -1.014468908309936523e+01
-2.493316809336344519e+01 -8.375492572784423828e+00
-2.490023581186930457e+01 -7.824322223663330078e+00
-2.623422940572102746e+01 -7.983947038650512695e+00
-2.644265874226887902e+01 -1.076171183586120605e+01
-2.732663091023762902e+01 -9.856054306030273438e+00
-2.699916680653889856e+01 -7.917666673660278320e+00
-2.711878681182861328e+01 -1.047524404525756836e+01
-2.633776060740153113e+01 -6.690652370452880859e+00
-2.082953389485676965e+01 -6.639841079711914062e+00
-2.151380729675292969e+01 -8.455749511718750000e+00
-2.322656853993733606e+01 -7.813179492950439453e+00
-2.420687484741210938e+01 -7.722063064575195312e+00
-2.501663366953532019e+01 -8.235039710998535156e+00
-2.613246885935465613e+01 -6.728408098220825195e+00
-2.695598793029785156e+01 -9.851025819778442383e+00
-2.606714312235514441e+01 -1.034009838104248047e+01
-2.375756645202636719e+01 -6.612863063812255859e+00
-2.441548315684000769e+01 -9.010827064514160156e+00
-2.517078812917073449e+01 -8.449205875396728516e+00
-2.286151949564616004e+01 -8.229810237884521484e+00
-2.273585446675618371e+01 -6.999473094940185547e+00
-2.386865393320719519e+01 -6.982194185256958008e+00
-2.665001138051350793e+01 -7.134189605712890625e+00
-2.556036376953125000e+01 -6.148982524871826172e+00
-2.568815612792968750e+01 -7.499392509460449219e+00
-2.466035048166910926e+01 -9.810659408569335938e+00
-2.145639737447102746e+01 -6.407173156738281250e+00
-2.239178752899169922e+01 -7.651296138763427734e+00
-2.472472476959228516e+01 -9.956593036651611328e+00
-2.588793977101643762e+01 -8.966978073120117188e+00
-2.606632900238037109e+01 -8.910152912139892578e+00
-2.624447917938232422e+01 -7.216962099075317383e+00
-2.566352430979410926e+01 -9.357220649719238281e+00
-2.619225438435872277e+01 -9.103200912475585938e+00
-2.524105644226074219e+01 -7.709682941436767578e+00
-2.455741818745930871e+01 -7.468764781951904297e+00
-2.652569739023844519e+01 -7.433157444000244141e+00
-2.635004711151123047e+01 -6.705059289932250977e+00
-2.608028284708658973e+01 -7.468668222427368164e+00
-2.426570415496826172e+01 -7.010608911514282227e+00
-2.543770154317219934e+01 -9.413530349731445312e+00
-2.498813883463541785e+01 -6.419601917266845703e+00
-2.321758302052815637e+01 -6.285111427307128906e+00
-2.257710202534993371e+01 -8.168933153152465820e+00
-2.459880892435709754e+01 -7.523513317108154297e+00
-2.427351188659667969e+01 -1.044362211227416992e+01
-2.328693453470866004e+01 -9.525324344635009766e+00
-2.420825386047363281e+01 -6.317975282669067383e+00
-2.462342294057210168e+01 -7.024749040603637695e+00
-2.541628106435139856e+01 -6.830616474151611328e+00
-2.674674288431803504e+01 -9.551086902618408203e+00
-2.562895456949869910e+01 -7.780631542205810547e+00
-2.664838059743245324e+01 -6.803711891174316406e+00
-2.531778462727864465e+01 -6.729961872100830078e+00
-2.621035798390706262e+01 -6.793847560882568359e+00
-2.728282864888508996e+01 -7.164062023162841797e+00
-2.720444138844807824e+01 -8.381925821304321289e+00
-2.729137166341145715e+01 -6.709592700004577637e+00
-2.731233501434326172e+01 -7.059070587158203125e+00
-2.636540540059407434e+01 -9.783548831939697266e+00
-2.592257976531982422e+01 -7.374630451202392578e+00
-2.476291275024414062e+01 -8.656115531921386719e+00
-2.634111277262369910e+01 -7.160352468490600586e+00
-2.526261456807454309e+01 -9.551057338714599609e+00
-2.725953451792399207e+01 -1.280091595649719238e+01
-2.651302973429362098e+01 -8.830914497375488281e+00
-2.641751321156819543e+01 -6.983008623123168945e+00
-2.552294921875000000e+01 -1.114437913894653320e+01
-2.626435502370198449e+01 -6.820479393005371094e+00
-2.714119275410969934e+01 -8.672019481658935547e+00
-2.549448585510253906e+01 -8.696710586547851562e+00
-2.714829921722412109e+01 -7.583089590072631836e+00
-2.762001959482828894e+01 -8.374413490295410156e+00
-2.375814151763916016e+01 -5.976725816726684570e+00
-2.406896495819091797e+01 -7.749018669128417969e+00
-2.610316117604573449e+01 -1.060549640655517578e+01
-2.380428822835286340e+01 -6.296129465103149414e+00
-2.557395140329996863e+01 -6.493732690811157227e+00
-2.275707276662190637e+01 -8.069581508636474609e+00
-2.464310296376546106e+01 -7.326500654220581055e+00
-2.481770642598469934e+01 -1.005758619308471680e+01
-2.511458555857340613e+01 -7.114849328994750977e+00
-2.548993460337321082e+01 -6.663190603256225586e+00
-2.595374234517415246e+01 -9.463642120361328125e+00
-2.644372367858886719e+01 -6.725819349288940430e+00
-2.707851982116699219e+01 -6.695355892181396484e+00
-2.493908659617106238e+01 -6.216067075729370117e+00
-2.512561035156250000e+01 -8.125222444534301758e+00
-2.586712741851806641e+01 -8.297321557998657227e+00
-2.575787480672200402e+01 -9.840305328369140625e+00
-2.604335721333821496e+01 -6.000352144241333008e+00
-2.422032833099365234e+01 -6.623918771743774414e+00
-2.226521269480387488e+01 -9.779484272003173828e+00
-2.583134587605794152e+01 -7.761946439743041992e+00
-2.586710357666015625e+01 -6.838067770004272461e+00
-2.632406965891520301e+01 -8.652830600738525391e+00
-2.618031851450602332e+01 -8.221200704574584961e+00
-2.674230448404948035e+01 -6.630920410156250000e+00
-2.766002082824707031e+01 -1.052882099151611328e+01
-2.763395690917968750e+01 -7.579304695129394531e+00
-2.575546455383300781e+01 -7.457960605621337891e+00
-2.516857337951660156e+01 -7.748902559280395508e+00
-2.633711020151774207e+01 -1.229270982742309570e+01
-2.746913242340087891e+01 -9.132657766342163086e+00
-2.810083262125651160e+01 -8.252145767211914062e+00
-2.722846126556396484e+01 -7.618480920791625977e+00
-2.633918825785319129e+01 -8.361958503723144531e+00
-2.512420272827148438e+01 -9.602562904357910156e+00
-2.645436127980550012e+01 -8.044858932495117188e+00
-2.751959260304768762e+01 -6.635687351226806641e+00
-2.681539154052734375e+01 -7.168180704116821289e+00
-2.663872178395589074e+01 -8.962861537933349609e+00
-2.547565682729085168e+01 -9.262552738189697266e+00
-2.444124126434326172e+01 -9.730961084365844727e+00
-2.500029150644938269e+01 -7.970085620880126953e+00
-2.647691472371419152e+01 -6.664340257644653320e+00
-2.615697797139485559e+01 -8.642689704895019531e+00
-2.537587706247965613e+01 -9.376062393188476562e+00
-2.691657988230387488e+01 -9.603146314620971680e+00
-2.628543726603190223e+01 -8.105928897857666016e+00
-2.611452833811442176e+01 -7.785476684570312500e+00
-2.552326583862304688e+01 -7.265541315078735352e+00
-2.583242066701253137e+01 -6.734859466552734375e+00
-2.653962357838948449e+01 -9.023215055465698242e+00
-2.664061164855957031e+01 -7.451793193817138672e+00
-2.559906927744547644e+01 -1.094691133499145508e+01
-2.542729981740315637e+01 -8.609559535980224609e+00
-2.178251584370930871e+01 -8.900404930114746094e+00
-2.549464956919352332e+01 -9.426371812820434570e+00
-2.628267923990885535e+01 -7.675189256668090820e+00
-2.572581704457600793e+01 -6.269145965576171875e+00
-2.601854038238525391e+01 -8.244682312011718750e+00
-2.485875161488850793e+01 -1.008213543891906738e+01
-2.484256267547607422e+01 -7.834520101547241211e+00
-2.712447039286295691e+01 -9.723481416702270508e+00
-2.710257148742675781e+01 -6.710811614990234375e+00
-2.495486132303873816e+01 -8.874074697494506836e+00
-2.718491999308268348e+01 -8.272851943969726562e+00
-2.579784107208251953e+01 -8.527130603790283203e+00
-2.576748879750569543e+01 -8.536649703979492188e+00
-2.571124331156412879e+01 -7.750025749206542969e+00
-2.613056500752766809e+01 -8.434648513793945312e+00
-2.539629840850830078e+01 -8.617566585540771484e+00
-2.703723176320393762e+01 -1.059971189498901367e+01
-2.608947785695393762e+01 -6.386877059936523438e+00
-2.555023638407389441e+01 -6.402727603912353516e+00
-2.390962473551432410e+01 -7.645112991333007812e+00
