# Train Val
-3.724870480597019196e+00 -7.545934009552001775e+00
-8.030094256003698305e+00 -8.193144655227660778e+00
-8.084303577740987734e+00 -8.219051933288573863e+00
-8.088302463293075562e+00 -8.176376533508300071e+00
-8.128215293089548155e+00 -8.167955303192139027e+00
-8.148823926846185728e+00 -8.194144248962402344e+00
-8.157136321067810059e+00 -8.158487653732299449e+00
-8.208758652210235596e+00 -8.267721462249756570e+00
-8.238216032584508852e+00 -8.323356008529662731e+00
-8.253145307302474976e+00 -8.138021421432494407e+00
-8.223088314135869936e+00 -8.306278419494628196e+00
-8.257665644089380308e+00 -8.330793905258179421e+00
-8.252832700808843569e+00 -8.259134054183959961e+00
-8.265673607587814331e+00 -8.298858547210693715e+00
-8.265171289443969727e+00 -8.326864433288573508e+00
-8.277681688467660948e+00 -8.255515480041504262e+00
-8.230966528256734804e+00 -8.302753734588623757e+00
-8.294075439373651548e+00 -8.317005634307861328e+00
-8.293839832146963076e+00 -8.301866245269774680e+00
-8.312123576800027891e+00 -8.239454793930054421e+00
-8.293303738037744566e+00 -8.302046918869018910e+00
-8.316624601682027773e+00 -8.342873334884643555e+00
-8.283686697483062744e+00 -8.339062118530273793e+00
-8.331683605909347534e+00 -8.298558235168457031e+00
-8.324411173661550478e+00 -8.227947044372559304e+00
-8.267436037460962339e+00 -8.322334480285643821e+00
-8.328630894422531128e+00 -8.349902534484863637e+00
-8.343204379081726074e+00 -8.362550306320191140e+00
-8.362653007109960512e+00 -8.368744182586670632e+00
-8.362043996651967959e+00 -8.438451957702636008e+00
-8.419906934102376894e+00 -8.417963886260986683e+00
-8.380192746718725161e+00 -8.321447801589965110e+00
-8.426290561755498842e+00 -8.435304880142211914e+00
-8.421786218881607056e+00 -8.480627775192260742e+00
-8.457703918218612671e+00 -8.155919408798217418e+00
-8.361949215332666441e+00 -8.525649404525756481e+00
-8.509601960579553648e+00 -8.552351808547973278e+00
-8.508977383375167847e+00 -8.589763021469115856e+00
-8.565674563248952822e+00 -8.721767282485961559e+00
-8.640936324993768736e+00 -8.703543043136596324e+00
-8.706792096296945616e+00 -8.543213844299316406e+00
-8.711549192667007446e+00 -8.840672779083252664e+00
-8.791624555985132261e+00 -8.851055049896240590e+00
-8.702031383911768003e+00 -8.733026981353759766e+00
-8.795988311370214419e+00 -8.670907878875732777e+00
-8.758736918369928404e+00 -8.639429664611816051e+00
-8.990568836530050234e+00 -8.855802154541015270e+00
-8.912696450948715210e+00 -8.239917993545532227e+00
-8.827895124753316836e+00 -8.937110233306885476e+00
-8.923432469367980957e+00 -9.025087833404541016e+00
-9.047312696774801211e+00 -8.676249599456786754e+00
-9.148088832696279482e+00 -9.053438806533813832e+00
-9.020668059587478638e+00 -9.074016475677490590e+00
-9.135789811611175537e+00 -9.038096904754638672e+00
-9.136384189128875732e+00 -9.059958171844481711e+00
-9.133433222770690918e+00 -9.047320938110351207e+00
-9.159616629282632871e+00 -9.041013622283935902e+00
-9.268877307573953672e+00 -9.090655517578124289e+00
-9.197311858336130186e+00 -9.034964370727539773e+00
-9.134949048360189394e+00 -9.164701080322265270e+00
-9.291823565959930420e+00 -8.438002157211304421e+00
-9.272772520780563354e+00 -9.185715866088866477e+00
-9.287841012080511049e+00 -8.991151475906372426e+00
-9.236886143684387207e+00 -9.131256008148193715e+00
-9.381811539332071348e+00 -9.219357395172119496e+00
-9.448909103870391846e+00 -9.187339401245116832e+00
-9.529217302799224854e+00 -9.243984222412109375e+00
-9.556220968564351992e+00 -9.221219635009765270e+00
-9.455677549044290586e+00 -9.284934473037719016e+00
-9.578652143478393555e+00 -9.507624340057372336e+00
-9.570600042740503355e+00 -9.207360744476318359e+00
-9.312474399805068970e+00 -9.151260280609131215e+00
-9.492558985948562622e+00 -8.930540800094604492e+00
-9.764439523220062256e+00 -8.976840734481811523e+00
-9.590086042881011963e+00 -9.282778453826903586e+00
-9.604766209920247988e+00 -9.479583740234375000e+00
-9.770226935545602842e+00 -9.473339176177978160e+00
-9.795647263526916504e+00 -8.985638570785521750e+00
-9.745962162812551455e+00 -9.525673770904541371e+00
-9.709698021411895752e+00 -9.649680614471435547e+00
-9.820040444533029600e+00 -9.503902721405030007e+00
-9.952561318874359131e+00 -9.685296535491943359e+00
-9.780542314052581787e+00 -9.301655673980713246e+00
-9.945528785387674375e+00 -9.441253852844237571e+00
-9.903826296329498291e+00 -9.640295982360839844e+00
-9.993559340635934873e+00 -9.050259876251221414e+00
-9.825379828612009092e+00 -9.718090534210205078e+00
-1.003418299555778503e+01 -9.316179466247557883e+00
-1.007915538549423218e+01 -9.955483531951903942e+00
-1.010352150599161725e+01 -9.874560356140136719e+00
-9.891727825005849795e+00 -9.655585384368896129e+00
-1.018774898846944232e+01 -9.880506134033202770e+00
-1.029876468578974347e+01 -9.488341808319091797e+00
-1.015019106864929199e+01 -9.230236053466796875e+00
-1.029680140813191791e+01 -9.486245918273926492e+00
-9.984095017115274473e+00 -9.816430473327637074e+00
-1.031776167949040790e+01 -9.820126056671142578e+00
-1.039841598272323608e+01 -9.782066535949706321e+00
-1.037467271089553833e+01 -9.467806243896484730e+00
-1.019315238793691059e+01 -1.013481111526489187e+01
-1.044505816698074341e+01 -1.003495578765869212e+01
-1.036936515569686890e+01 -1.002706956863403320e+01
-1.053360845645268817e+01 -9.974959945678710582e+00
-1.051374453306198120e+01 -9.547943019866943715e+00
-1.072069458166758160e+01 -9.896635246276854758e+00
-1.062599696715672870e+01 -9.634621906280518289e+00
-1.055463647842407227e+01 -9.828744697570801492e+00
-1.045725331703821759e+01 -9.683763217926024680e+00
-1.073290127515792847e+01 -9.756675434112548118e+00
-1.039943655331929584e+01 -1.007585849761962926e+01
-1.062175293763478656e+01 -8.996657800674437766e+00
-1.058907469113667865e+01 -1.026126804351806676e+01
-1.086452448368072510e+01 -9.600423336029052734e+00
-1.019776576757431030e+01 -9.877105998992920632e+00
-1.066734619935353656e+01 -1.003401384353637660e+01
-1.095947567621866803e+01 -1.012363052368164062e+01
-1.083680361509323120e+01 -1.015610017776489293e+01
-1.085662780205408673e+01 -9.673296546936034801e+00
-1.096111941337585449e+01 -9.742454814910889382e+00
-1.099371327956517597e+01 -1.060050630569458008e+01
-1.082385750611623187e+01 -1.031082887649536062e+01
-1.109933634599049945e+01 -1.066683473587036168e+01
-1.096638268232345581e+01 -1.011448135375976598e+01
-1.110029359658559223e+01 -1.034886827468872106e+01
-1.093378953138987164e+01 -1.074715061187744070e+01
-1.147696465253829956e+01 -9.709291934967041016e+00
-1.074643367528915405e+01 -1.043134794235229457e+01
-1.081618344783782959e+01 -9.478565120697021840e+00
-1.070669388771057129e+01 -9.677158975601196644e+00
-1.114893213907877545e+01 -1.042931795120239258e+01
-1.127969145774841309e+01 -1.056568765640258789e+01
-1.101389088233312030e+01 -1.007268848419189489e+01
-1.127377806107203106e+01 -1.027518453598022496e+01
-1.153861222664515118e+01 -1.044984750747680735e+01
-1.149916841586430927e+01 -1.064626417160034144e+01
-1.124640818436940570e+01 -1.017892684936523473e+01
-1.147657070557276349e+01 -1.073077363967895437e+01
-1.078802209099133869e+01 -1.045307397842407227e+01
-1.134963476657867432e+01 -1.000600357055663991e+01
-1.145312118530273438e+01 -1.083970336914062571e+01
-1.139512159427007099e+01 -1.096633348464965785e+01
-1.145030007759729962e+01 -1.005650787353515696e+01
-1.148279605309168439e+01 -1.058452119827270543e+01
-1.158913320302963257e+01 -1.061469287872314382e+01
-1.153577963511149029e+01 -1.091038827896118235e+01
-1.168461553255716900e+01 -1.118680515289306676e+01
-1.172975216309229474e+01 -1.113014945983886683e+01
-1.115810815493265729e+01 -1.044546556472778320e+01
-1.135649025440216064e+01 -1.020358228683471680e+01
-1.173785912990570068e+01 -1.029014291763305700e+01
-1.168417765696843524e+01 -1.091705284118652308e+01
-1.177694282929102521e+01 -1.054056558609008754e+01
-1.174291300773620605e+01 -1.069912719726562500e+01
-1.145004027088483234e+01 -1.059739589691162109e+01
-1.166038300593694110e+01 -1.051668796539306605e+01
-1.161574329932530780e+01 -1.100051593780517578e+01
-1.135375817616780658e+01 -1.068659868240356481e+01
-1.152919616301854511e+01 -1.041457357406616246e+01
-1.174950522184371948e+01 -1.117619104385375906e+01
-1.179179640611012836e+01 -9.811137008666992898e+00
-1.172628881533940692e+01 -1.114578304290771449e+01
-1.183983929951985736e+01 -1.100156030654907191e+01
-1.165064928929010968e+01 -1.072442779541015589e+01
-1.170312005281448364e+01 -1.053706893920898402e+01
-1.208217314879099469e+01 -1.056719303131103516e+01
-1.201901719967524151e+01 -9.070071983337403054e+00
-1.149269739786783795e+01 -1.099394531249999929e+01
-1.207696878910064697e+01 -1.046885085105895996e+01
-1.215472106138865094e+01 -9.491852378845214488e+00
-1.164498275518417358e+01 -1.064125585556030273e+01
-1.214797967672348022e+01 -1.122535982131958043e+01
-1.235307562351226807e+01 -1.071798429489135707e+01
-1.186528784036636353e+01 -1.095326452255249094e+01
-1.197427590688069721e+01 -1.108071670532226527e+01
-1.205646461248397827e+01 -1.080698556900024343e+01
-1.176095064481099506e+01 -1.096388955116271902e+01
-1.227883861462275128e+01 -1.136140108108520508e+01
-1.238940004507700543e+01 -1.108289203643798793e+01
-1.200156996647516827e+01 -1.092932624816894460e+01
-1.229871573050816913e+01 -1.111752872467041087e+01
-1.245681393146514893e+01 -1.131193990707397390e+01
-1.213619395097096820e+01 -1.053493661880493093e+01
-1.221994680166244507e+01 -1.105781507492065430e+01
-1.259315856297810932e+01 -1.040268764495849574e+01
-1.234395017226537128e+01 -1.040549983978271520e+01
-1.218609652916590314e+01 -1.116300144195556676e+01
-1.232765330870946308e+01 -1.079389533996581996e+01
-1.222625939051310162e+01 -1.057772541046142578e+01
-1.238311090071996112e+01 -1.101150875091552805e+01
-1.259938581784566303e+01 -1.062581872940063477e+01
-1.209581240018208881e+01 -1.142252988815307546e+01
-1.165955803791681866e+01 -1.107606582641601634e+01
-1.234799955288569073e+01 -1.162031431198120046e+01
-1.261278192202250104e+01 -1.100874605178833043e+01
-1.248166737953821759e+01 -1.125509281158447195e+01
-1.238799166679382324e+01 -9.989101314544678090e+00
-1.203634160757064819e+01 -1.123189315795898402e+01
-1.242581111192703247e+01 -1.120075998306274379e+01
-1.239509711662928204e+01 -1.108098011016845774e+01
-1.267962773640950580e+01 -9.997373056411742454e+00
-1.229039100805918316e+01 -1.113341140747070312e+01
-1.280570320288340191e+01 -1.090080108642578161e+01
-1.264339868227640729e+01 -1.073995161056518555e+01
-1.278563904762268066e+01 -1.087656660079955984e+01
-1.277497317393620868e+01 -1.125743350982665980e+01
-1.264932344357172589e+01 -1.116129703521728445e+01
-1.229545907179514508e+01 -1.010649032592773366e+01
-1.237712124983469586e+01 -1.053050184249877930e+01
-1.196544599533081055e+01 -1.012091627120971715e+01
-1.242474917570749859e+01 -1.125907659530639648e+01
-1.260290863116582294e+01 -1.069287862777709996e+01
-1.242024107774098773e+01 -1.111850175857543910e+01
-1.262982157866160016e+01 -1.122351589202880895e+01
-1.203297781944274902e+01 -1.081768760681152308e+01
-1.271375079949696918e+01 -1.160533046722412109e+01
-1.291924568017323871e+01 -1.133438396453857422e+01
-1.309632178147633930e+01 -1.104498615264892614e+01
-1.221051323413848877e+01 -9.466252899169921520e+00
-1.235047135750452618e+01 -1.140546998977661097e+01
-1.300259880224863629e+01 -1.111437225341796875e+01
-1.277219607432683368e+01 -1.102326107025146484e+01
-1.282143737872441669e+01 -1.160637674331665004e+01
-1.262708723545074463e+01 -1.139796562194824148e+01
-1.295790014664332013e+01 -1.179681568145752024e+01
-1.267517159382502179e+01 -1.094143018722534144e+01
-1.285399850209554096e+01 -1.123243017196655202e+01
-1.262498492002487183e+01 -1.152934999465942312e+01
-1.312084494034449200e+01 -1.149012041091918945e+01
-1.292052775621414185e+01 -1.156295280456543040e+01
-1.298158615827560425e+01 -1.112524585723877024e+01
-1.253185174862543683e+01 -1.086821794509887695e+01
-1.227712595462799072e+01 -9.616148090362548473e+00
-1.239345357815424542e+01 -1.136061859130859375e+01
-1.231982211271921734e+01 -1.164740743637084996e+01
-1.305047531922658344e+01 -1.128635644912719727e+01
-1.331939125061035156e+01 -1.091685819625854492e+01
-1.275494354963302612e+01 -1.158980827331543040e+01
-1.326353400945663452e+01 -1.038794622421264613e+01
-1.261273453632990460e+01 -1.187156562805175852e+01
-1.278715509176254272e+01 -1.144957666397094798e+01
-1.305546543995539288e+01 -1.154961395263671875e+01
-1.315588478247324566e+01 -1.077769465446472097e+01
-1.319875442981719971e+01 -1.142749643325805664e+01
-1.326415387789408307e+01 -1.115759792327880895e+01
-1.309814667701721191e+01 -1.121523265838623118e+01
-1.280814180771509747e+01 -1.127512397766113317e+01
-1.283585604031880756e+01 -1.047108964920044016e+01
-1.297600666681925397e+01 -1.130020599365234446e+01
-1.334327113628387451e+01 -1.167982273101806712e+01
-1.333409980932871441e+01 -1.130391569137573171e+01
-1.289164098103841205e+01 -1.084373226165771520e+01
-1.304379697640736957e+01 -1.168782901763916016e+01
-1.237655615806579590e+01 -1.074976377487182688e+01
-1.256825176874796490e+01 -1.167993450164794922e+01
-1.333438106377919574e+01 -1.202801532745361257e+01
-1.278996789455413818e+01 -1.166289024353027415e+01
-1.334594194094339947e+01 -1.110522451400756871e+01
-1.259684151411056519e+01 -1.146138401031494070e+01
-1.314753162860870361e+01 -1.165083875656127965e+01
-1.301043037573496441e+01 -1.080252246856689524e+01
-1.336043443282445331e+01 -1.215333509445190430e+01
-1.339609499772389789e+01 -1.144567966461181641e+01
-1.318646659453709979e+01 -1.099570512771606445e+01
-1.316327027479807477e+01 -1.180846643447875977e+01
-1.337473996480306049e+01 -1.073722705841064418e+01
-1.340834999084472656e+01 -1.158771219253540075e+01
-1.269101621707280536e+01 -1.142692689895629954e+01
-1.264359038074811359e+01 -1.158755493164062500e+01
-1.296921630700429340e+01 -1.202265405654907227e+01
-1.333072266976038556e+01 -1.165247735977172816e+01
-1.308032677570978741e+01 -1.164861326217651438e+01
-1.331827904780705829e+01 -1.076431655883789062e+01
-1.338797841469446759e+01 -1.154260044097900462e+01
-1.348742942015329938e+01 -1.163753843307495117e+01
-1.311939074595769306e+01 -1.166147880554199290e+01
-1.341975299517313580e+01 -1.078768339157104528e+01
-1.286997495094935040e+01 -1.194611892700195277e+01
-1.347867848475774188e+01 -1.199823150634765589e+01
-1.331250707308451275e+01 -1.167478046417236293e+01
-1.335813844203948975e+01 -1.185744056701660121e+01
-1.359826642274856567e+01 -1.208985290527343714e+01
-1.334179552396138568e+01 -1.161006708145141531e+01
-1.354829219977060895e+01 -1.159570302963256871e+01
-1.289842396974563599e+01 -1.060513248443603551e+01
-1.297944090763727765e+01 -1.125726575851440359e+01
-1.334874989589055438e+01 -1.183597803115844727e+01
-1.302586946884790997e+01 -1.153389148712158274e+01
-1.368289101123809814e+01 -1.205176296234130895e+01
-1.347356148560841937e+01 -1.153149909973144460e+01
-1.338500040769577026e+01 -1.215302171707153356e+01
-1.382599137226740460e+01 -1.168964071273803640e+01
-1.346764320135116577e+01 -1.119533815383911168e+01
-1.277658726771672626e+01 -1.054568872451782191e+01
-1.326227192083994488e+01 -1.090307102203369105e+01
-1.330424332618713379e+01 -1.204553174972534180e+01
-1.369668376445770264e+01 -1.232605438232421946e+01
-1.300099498033523560e+01 -1.206151008605957031e+01
-1.284504268566767315e+01 -1.160350828170776438e+01
-1.329598261912663837e+01 -1.133205862045288015e+01
-1.365613460540771484e+01 -1.139143991470336914e+01
-1.362552847464879413e+01 -1.153465404510498082e+01
-1.339367367823918720e+01 -1.158908405303955114e+01
-1.350671388705571552e+01 -1.198243436813354457e+01
-1.354412347078323364e+01 -1.182804155349731445e+01
-1.371249936024347882e+01 -1.134638748168945277e+01
-1.370348215103149414e+01 -1.186918630599975621e+01
-1.349948223431905170e+01 -1.105039567947387624e+01
-1.348614346981048584e+01 -1.150333423614501882e+01
-1.357799843947092633e+01 -1.196118907928466868e+01
-1.346661897500356098e+01 -1.153917808532714773e+01
-1.352029593785603900e+01 -1.141132678985595739e+01
-1.370674482981363873e+01 -1.156904563903808558e+01
-1.351203147570292096e+01 -1.226202020645141566e+01
-1.319695802529652973e+01 -1.162870368957519496e+01
-1.387576305866241455e+01 -1.205415163040161097e+01
-1.366177596648534198e+01 -1.193539237976074219e+01
-1.387611653407414813e+01 -1.158277969360351634e+01
-1.339187949895858765e+01 -1.144386148452758789e+01
-1.360307325919469257e+01 -1.108491325378417969e+01
-1.353073386351267438e+01 -1.128539686203003001e+01
-1.388827530543009381e+01 -1.247191753387451207e+01
-1.353142301241556744e+01 -1.160396900177001989e+01
-1.393033170700073242e+01 -1.000460510253906321e+01
-1.352308501799901386e+01 -1.187103052139282156e+01
-1.346079407135645489e+01 -1.184264402389526438e+01
-1.371196051438649555e+01 -1.170508699417114329e+01
-1.326498752832412720e+01 -1.164157094955444371e+01
-1.344786161184310913e+01 -1.163361101150512766e+01
-1.408492294947306256e+01 -1.151197776794433558e+01
-1.382202849785486798e+01 -1.193638076782226598e+01
-1.337168826659520526e+01 -1.115037002563476598e+01
-1.422910873095194439e+01 -1.187708368301391637e+01
-1.411883664131164551e+01 -1.203950252532959020e+01
-1.409228505690892597e+01 -1.162002315521240270e+01
-1.414580476284027100e+01 -1.246653089523315394e+01
-1.395037728548049927e+01 -1.229730396270752024e+01
-1.415056947867075543e+01 -1.204202489852905344e+01
-1.395570115248362164e+01 -1.179587135314941371e+01
-1.421144630511601825e+01 -1.170116405487060618e+01
-1.322859436273574829e+01 -1.166207714080810476e+01
-1.316106537977854352e+01 -1.181276817321777273e+01
-1.374882088104883771e+01 -1.231059131622314418e+01
-1.395597088336944580e+01 -1.179308853149414027e+01
-1.352460064490636249e+01 -1.221637525558471715e+01
-1.429603397846221924e+01 -1.199611778259277273e+01
-1.358536799748738666e+01 -1.194069795608520579e+01
-1.363189834356307983e+01 -1.043541994094848668e+01
-1.366265849272410016e+01 -1.119306440353393484e+01
-1.377900475263595581e+01 -1.206240453720092809e+01
-1.416732315222422223e+01 -1.244175806045532262e+01
-1.379284038146336933e+01 -1.185814781188964773e+01
-1.441206381718317608e+01 -1.144599132537841868e+01
-1.406650239229202271e+01 -1.070457649230957031e+01
-1.386650494734446148e+01 -1.231554222106933594e+01
-1.427783530950546265e+01 -1.073185987472534109e+01
-1.411607851584752460e+01 -1.239182739257812571e+01
-1.419282307227452655e+01 -1.127363758087158274e+01
-1.333622459570566754e+01 -1.172575302124023366e+01
-1.378600094715754132e+01 -1.187470273971557688e+01
-1.428087935845057110e+01 -1.165999965667724680e+01
-1.399079457918802838e+01 -9.596675014495849254e+00
-1.347049818436304669e+01 -1.171707582473754883e+01
-1.381972450017929077e+01 -1.138958806991577077e+01
-1.370220011472702026e+01 -1.204408884048461914e+01
-1.392389017343521118e+01 -1.204782648086547781e+01
-1.402477105458577533e+01 -1.259635925292968750e+01
-1.388572158416112323e+01 -1.193945789337158203e+01
-1.448027120033899884e+01 -1.212790288925170934e+01
-1.413492772976557355e+01 -1.197051382064819336e+01
-1.417180883884429932e+01 -1.130205869674682617e+01
-1.427526684602101703e+01 -1.174514713287353551e+01
-1.424495373169581036e+01 -1.142784852981567312e+01
-1.410011466344197650e+01 -1.247069053649902415e+01
-1.422456123431523700e+01 -1.222641124725341832e+01
-1.436582338809967041e+01 -1.173139209747314382e+01
-1.386102241277694702e+01 -1.147492027282714844e+01
-1.451434395710627179e+01 -1.124261083602905309e+01
-1.444714218378067017e+01 -1.145298404693603445e+01
-1.404624934991200824e+01 -1.161698570251464879e+01
-1.421104900042215924e+01 -1.054496421813964879e+01
-1.386138145128885846e+01 -1.149682664871215820e+01
-1.405766518910725971e+01 -1.158133840560913086e+01
-1.390056367715199848e+01 -1.173991699218749929e+01
-1.420354479551315308e+01 -1.236296339035034109e+01
-1.457943767309188843e+01 -1.136972160339355398e+01
-1.329136019945144653e+01 -9.949931335449218039e+00
-1.309794340531031231e+01 -1.195641250610351491e+01
-1.448209714889526367e+01 -1.210200271606445277e+01
-1.424509100119272809e+01 -1.164439487457275391e+01
-1.364721008141835590e+01 -1.182326259613037145e+01
-1.431664941708246808e+01 -1.191886558532714879e+01
-1.413313472270965576e+01 -1.224515399932861293e+01
-1.440263092517852783e+01 -1.264598741531372106e+01
-1.469173687696456909e+01 -1.231440858840942454e+01
-1.459152050813039203e+01 -1.276988210678100621e+01
-1.457932704687118530e+01 -1.181330604553222585e+01
-1.408395560582478900e+01 -1.234607219696044922e+01
-1.420069416364034076e+01 -1.129313497543335032e+01
-1.385792883237203021e+01 -1.211387920379638672e+01
-1.439513279994328876e+01 -1.229936828613281286e+01
-1.406768884261449237e+01 -1.242496213912963832e+01
-1.459779508908589740e+01 -1.193857851028442418e+01
-1.390300252040227313e+01 -1.176612844467163121e+01
-1.385889099041620831e+01 -1.234170093536376989e+01
-1.445410497983296771e+01 -1.221720705032348597e+01
-1.418017903963724713e+01 -1.155097122192382741e+01
-1.419253230094909668e+01 -1.248983020782470632e+01
-1.406366389989852905e+01 -1.178312597274780238e+01
-1.384201250473658185e+01 -1.101283493041992223e+01
-1.418631003300348858e+01 -1.209720134735107422e+01
-1.436127664645512958e+01 -1.213395738601684570e+01
-1.437835584084192853e+01 -1.159660673141479492e+01
-1.455865736802419086e+01 -1.187517681121826207e+01
-1.501323354244232178e+01 -1.153557214736938441e+01
-1.457269199689229389e+01 -1.260422105789184499e+01
-1.462611679236094098e+01 -1.237146873474121023e+01
-1.451916633049646954e+01 -1.209704666137695384e+01
-1.474011474847793579e+01 -1.298754205703735387e+01
-1.464149818817774396e+01 -1.244125308990478551e+01
-1.447363611062367816e+01 -1.197531166076660192e+01
-1.388248260815938373e+01 -1.126758165359496999e+01
-1.443270019690195660e+01 -1.197532997131347621e+01
-1.475053632259368896e+01 -1.247829818725585938e+01
-1.481923411289850812e+01 -1.172200860977172887e+01
-1.442308690150578876e+01 -1.222170629501342809e+01
-1.497923761606216431e+01 -1.207823066711425852e+01
-1.473420617977778058e+01 -1.210275630950927805e+01
-1.470251409212748150e+01 -1.243441934585571218e+01
-1.475000778834025006e+01 -1.206477689743041992e+01
-1.464037841558456421e+01 -1.226396646499633825e+01
-1.447655568520228009e+01 -1.209872484207153320e+01
-1.439532500505447388e+01 -1.217282342910766602e+01
-1.468506066004435162e+01 -1.156528882980346751e+01
-1.477111411094665527e+01 -1.163825893402099609e+01
-1.464032938083012958e+01 -1.204092836380004883e+01
-1.462602200110753436e+01 -1.255733928680419886e+01
-1.447393127282460590e+01 -1.067493906021118200e+01
-1.445964821179707904e+01 -1.244759073257446325e+01
-1.470681571960449219e+01 -1.250273656845092773e+01
-1.452166724205017090e+01 -1.158754100799560582e+01
-1.484223771095275879e+01 -1.200774192810058594e+01
-1.494908322890599628e+01 -1.247806062698364293e+01
-1.471218798557917218e+01 -1.193180303573608469e+01
-1.479216301441192627e+01 -1.109824748039245534e+01
-1.430918461084365845e+01 -1.102165422439575160e+01
-1.361754755179087262e+01 -1.158391761779785156e+01
-1.454448217153549194e+01 -1.188621034622192418e+01
-1.467863772312800030e+01 -1.273889636993408203e+01
-1.346515681346257587e+01 -1.114527025222778356e+01
-1.431714000304540058e+01 -1.243111495971679759e+01
-1.454829390843709369e+01 -1.079020223617553675e+01
-1.445940323670705219e+01 -1.178772640228271484e+01
-1.500998284419377704e+01 -1.245524539947509801e+01
-1.487851564089457135e+01 -1.228938608169555735e+01
-1.379812717437744141e+01 -1.214696931838989258e+01
-1.459816682338714600e+01 -1.038548040390014648e+01
-1.435018459955851178e+01 -1.166283311843872106e+01
-1.441185681025187115e+01 -1.226055507659912180e+01
-1.454285637537638287e+01 -1.228679666519165004e+01
-1.531299187739690204e+01 -1.177310695648193395e+01
-1.487112110853195190e+01 -1.270740156173706126e+01
-1.457378486792246441e+01 -1.236804761886596715e+01
-1.463598235448201557e+01 -1.247402744293212962e+01
-1.457069907585779767e+01 -1.203939485549926758e+01
-1.483706740538279156e+01 -1.200742568969726598e+01
-1.484141693512598614e+01 -1.182879276275634695e+01
-1.441845591862996478e+01 -1.244418411254882884e+01
-1.448628089825312237e+01 -1.224083404541015696e+01
-1.425086396932601929e+01 -1.249836874008178711e+01
-1.497277263800303082e+01 -1.247189731597900320e+01
-1.528986030817031860e+01 -1.234272546768188406e+01
-1.503911457459131817e+01 -1.238301248550414968e+01
-1.473893662293752094e+01 -1.185023756027221609e+01
-1.494523922602335553e+01 -1.226068477630615305e+01
-1.479380426804224591e+01 -1.243765048980712962e+01
-1.540589161713918109e+01 -1.233060541152954137e+01
-1.489480406045913696e+01 -1.287793626785278356e+01
-1.420994118849436383e+01 -1.218272686004638672e+01
-1.480446475744247437e+01 -1.255659542083740199e+01
-1.479504885276158710e+01 -1.180312700271606374e+01
-1.487773839632670025e+01 -1.179892559051513601e+01
-1.490919939676920514e+01 -1.284160308837890696e+01
-1.495483652750650982e+01 -1.277780103683471680e+01
-1.493805229663848877e+01 -1.223155059814453161e+01
-1.488412688175837140e+01 -1.282213916778564489e+01
-1.483865668376286884e+01 -1.183460512161254918e+01
-1.474275290966033936e+01 -1.175803785324096751e+01
-1.478036334117253681e+01 -1.215600023269653285e+01
-1.495767593383789062e+01 -1.268796310424804652e+01
-1.520567293961842914e+01 -1.194601097106933629e+01
-1.516405061880747418e+01 -1.120090284347534215e+01
-1.418375295400619507e+01 -1.224331178665161168e+01
-1.450732912619908710e+01 -1.093340711593628001e+01
-1.460478617747624774e+01 -1.232633237838745188e+01
-1.532137231032053570e+01 -1.254234981536865234e+01
-1.500538861751556396e+01 -1.247137651443481410e+01
-1.495764279365539551e+01 -1.063450536727905238e+01
-1.481019866466522217e+01 -1.124676952362060511e+01
-1.540417824188868146e+01 -1.177339658737182582e+01
-1.467711309591929059e+01 -1.263799839019775462e+01
-1.520034281412760357e+01 -1.223873987197876012e+01
-1.501216105620066266e+01 -1.206921205520629847e+01
-1.524491427342096905e+01 -1.083136720657348562e+01
-1.492880888779958148e+01 -1.257567367553710902e+01
-1.528240491946538349e+01 -1.219020185470581019e+01
-1.476601493358612061e+01 -1.237908945083618129e+01
-1.541298512617746930e+01 -1.223982677459716761e+01
-1.564786738157272339e+01 -1.274871358871459925e+01
-1.524950955311457257e+01 -1.226101608276367116e+01
-1.544090940554936786e+01 -1.181212615966796875e+01
-1.513939966758092304e+01 -1.247080183029174805e+01
-1.490477927525838275e+01 -1.205627784729003871e+01
-1.521522984902063946e+01 -1.182587423324584996e+01
-1.499549067020416260e+01 -1.254490318298339879e+01
-1.518932116031646729e+01 -1.124402217864990305e+01
-1.510809679826100727e+01 -1.264914054870605398e+01
-1.528790305058161358e+01 -1.250713768005371129e+01
-1.490934906403223614e+01 -1.225446434020996023e+01
-1.531434468428293805e+01 -1.058801612854003871e+01
-1.508728965123494525e+01 -1.202072210311889577e+01
-1.491353658835093121e+01 -1.198700180053710973e+01
-1.511315111319223981e+01 -1.272157077789306712e+01
-1.535153464476267438e+01 -1.257881793975830043e+01
-1.523592279354731183e+01 -1.257269897460937536e+01
-1.524427521228790283e+01 -1.289211750030517578e+01
-1.530983924865722656e+01 -1.214760980606079066e+01
-1.542369252443313599e+01 -1.225765953063964808e+01
-1.528702123959859271e+01 -1.167155227661132777e+01
-1.499987479050954242e+01 -1.200841712951660156e+01
-1.561362385749816895e+01 -1.240928659439086879e+01
-1.524865998824437519e+01 -1.230025386810302734e+01
-1.509291807810465436e+01 -1.252081451416015589e+01
-1.469030940532684326e+01 -1.156228637695312500e+01
-1.536392303307851215e+01 -1.269454050064086914e+01
-1.492412724097569843e+01 -1.291187467575073278e+01
-1.552944835027058978e+01 -1.201182584762573313e+01
-1.548083978891372681e+01 -1.223601169586181570e+01
-1.515751000245412250e+01 -1.294883069992065394e+01
-1.521689407030741314e+01 -1.246542816162109446e+01
-1.546710328261057477e+01 -1.245291824340820241e+01
-1.526341690619786640e+01 -1.236936330795288086e+01
-1.531779915094375610e+01 -1.287004270553588903e+01
-1.576224815845489502e+01 -1.261022739410400462e+01
-1.517624481519063373e+01 -1.220903215408325160e+01
-1.552255471547444721e+01 -1.262240438461303782e+01
-1.568167932828267475e+01 -1.238805818557739258e+01
-1.523715676863988300e+01 -1.198840856552124023e+01
-1.463968779643376728e+01 -1.257828168869018626e+01
-1.528177370627721210e+01 -1.181123619079589915e+01
-1.575678797562917133e+01 -1.240435304641723668e+01
-1.562977496782938580e+01 -1.154738874435424734e+01
-1.570364820957183838e+01 -1.246804876327514577e+01
-1.495804421106974225e+01 -1.262298593521118129e+01
-1.521451161305109601e+01 -1.264794120788574183e+01
-1.512512407700220685e+01 -1.237910070419311559e+01
-1.585856568813323975e+01 -1.249197769165039062e+01
-1.562174338102340698e+01 -1.217493190765380895e+01
-1.517468384901682477e+01 -1.277511377334594656e+01
-1.553131216764450073e+01 -1.267884273529052663e+01
-1.568628666798273663e+01 -1.229359054565429688e+01
-1.549978838364283185e+01 -1.197254972457885813e+01
-1.530915053685506244e+01 -1.242149906158447337e+01
-1.548862220843633075e+01 -1.153933773040771449e+01
-1.601964537302653113e+01 -1.234386510848998952e+01
-1.565439514319101910e+01 -1.177219533920288086e+01
-1.540185107787450214e+01 -1.224311704635620046e+01
-1.514337354898452759e+01 -1.279853982925414968e+01
-1.544371348619461060e+01 -1.151164579391479492e+01
-1.466937255859375000e+01 -1.193350582122802805e+01
-1.517048156261444092e+01 -1.183119306564331019e+01
-1.580957686901092529e+01 -1.214499616622924805e+01
-1.473094501097997089e+01 -1.256129093170165945e+01
-1.517774365345636944e+01 -1.236447620391845703e+01
-1.511305727561314960e+01 -1.256644821166992188e+01
-1.498355195919672589e+01 -1.195585365295410085e+01
-1.500892959038416485e+01 -1.195304040908813548e+01
-1.537268167734146118e+01 -1.265264911651611257e+01
-1.581547840436299701e+01 -1.256220035552978587e+01
-1.567212951183319092e+01 -1.249120235443115234e+01
-1.554917629559834857e+01 -1.232232666015625000e+01
-1.576938617229461670e+01 -1.173089246749878001e+01
-1.554733449220657349e+01 -1.211457233428955149e+01
-1.549233776330947876e+01 -1.245362501144409251e+01
-1.570658882459004779e+01 -1.298648843765258754e+01
-1.590955452124277691e+01 -1.209118976593017614e+01
-1.477139276266098022e+01 -1.243915510177612305e+01
-1.548244001468022724e+01 -1.192739171981811452e+01
-1.537108957767486572e+01 -1.248191909790039134e+01
-1.559244116147359271e+01 -1.264878940582275391e+01
-1.558384631077448468e+01 -1.273247070312499929e+01
-1.498211503028869629e+01 -1.227973937988281250e+01
-1.600041699409484863e+01 -1.205222167968750036e+01
-1.630545008182525635e+01 -1.271306838989257848e+01
-1.483328942457834820e+01 -1.230990629196167063e+01
-1.581974073251088519e+01 -1.218157386779785156e+01
-1.537270651261011700e+01 -1.265469779968261754e+01
-1.599477773904800415e+01 -1.267444410324096715e+01
-1.568479754527409931e+01 -1.081686711311340332e+01
-1.510031489531199078e+01 -1.232361993789672816e+01
-1.550340880950292011e+01 -1.234465923309326207e+01
-1.547163456678390503e+01 -1.231432390213012695e+01
-1.581825101375579834e+01 -1.298708095550537145e+01
-1.522895814975102802e+01 -1.229048538208007812e+01
-1.489869548877080341e+01 -1.256116456985473562e+01
-1.560337124268213849e+01 -1.270298557281494212e+01
-1.579699675242106061e+01 -1.250277919769287038e+01
-1.578660819927851300e+01 -1.226133403778076136e+01
-1.599347712596257587e+01 -1.228473691940307688e+01
-1.586929651101430316e+01 -1.233747367858886790e+01
-1.509300853808720966e+01 -1.231785697937011648e+01
-1.576572753985722919e+01 -1.291560277938842738e+01
-1.599679527680079083e+01 -1.173807516098022496e+01
-1.589577476183573346e+01 -1.255273494720458949e+01
-1.569546703497568707e+01 -1.186439523696899379e+01
-1.568907157580057721e+01 -1.232164783477783132e+01
-1.607382094860076904e+01 -1.219974460601806676e+01
-1.548360019922256470e+01 -1.116803731918334996e+01
-1.591117123762766461e+01 -1.258265857696533274e+01
-1.538206835587819477e+01 -1.078013267517089879e+01
-1.535602937142054181e+01 -1.216504440307617152e+01
-1.574191313982009888e+01 -1.127985315322876048e+01
-1.438437666495641132e+01 -1.179113445281982386e+01
-1.564445988337198834e+01 -1.299067955017089915e+01
-1.563083674510320087e+01 -1.271847915649414062e+01
-1.622521376609802246e+01 -1.201005458831787109e+01
-1.633894737561543664e+01 -1.221840429306030273e+01
-1.553862172365188599e+01 -1.246708707809448313e+01
-1.589428399006525616e+01 -1.213388051986694371e+01
-1.594863319396972656e+01 -1.275460758209228551e+01
-1.656990698973337928e+01 -1.116948719024658132e+01
-1.583685282866160016e+01 -1.136653366088867223e+01
-1.553024146954218487e+01 -1.261191015243530344e+01
-1.615295920769373694e+01 -1.269976606369018590e+01
-1.617522714535395423e+01 -1.233852262496948171e+01
-1.549505434433619122e+01 -1.226037263870239258e+01
-1.574739656845728497e+01 -1.262872333526611257e+01
-1.639191112915674964e+01 -1.267887973785400391e+01
-1.589472281932830811e+01 -1.288037261962890589e+01
-1.633906094233195105e+01 -1.188590784072875906e+01
-1.617693086465199670e+01 -1.236711425781249929e+01
-1.624558816353480140e+01 -1.176341238021850621e+01
-1.538742504517237286e+01 -1.212642459869384837e+01
-1.601251045862833777e+01 -1.242599487304687500e+01
-1.587262330452601056e+01 -1.252613706588745046e+01
-1.563234064976374249e+01 -1.155779342651367259e+01
-1.586673982938130756e+01 -1.213009290695190501e+01
-1.517983643213907818e+01 -1.216631860733032156e+01
-1.652073077360789100e+01 -1.212449274063110316e+01
-1.637020361423492432e+01 -1.213337383270263636e+01
-1.626914370059967041e+01 -1.176516599655151296e+01
-1.548411383231480976e+01 -1.092233595848083461e+01
-1.585715158780415912e+01 -1.249142122268676758e+01
-1.588279996315638165e+01 -1.275720872879028356e+01
-1.553876998027165790e+01 -1.264217576980590785e+01
-1.617668145895004272e+01 -1.145575370788574254e+01
-1.620055049657821655e+01 -1.212702598571777379e+01
-1.526617074012756348e+01 -1.243099937438964808e+01
-1.644920295476913452e+01 -1.206307716369628835e+01
-1.584595618645350079e+01 -1.300267210006713903e+01
-1.585304570198059082e+01 -1.241200847625732351e+01
-1.590009957551956177e+01 -1.236028947830200231e+01
-1.593929505348205566e+01 -1.221115865707397496e+01
-1.603987514972686768e+01 -1.215340538024902273e+01
-1.609381385644276818e+01 -1.294356098175048864e+01
-1.600643499692280969e+01 -1.297608928680419993e+01
-1.632923225561777869e+01 -1.258696460723876953e+01
-1.622123960653940955e+01 -1.148132305145263743e+01
-1.561160127321879010e+01 -1.116627531051635813e+01
-1.613588303327560425e+01 -1.223757266998291016e+01
-1.508396943410237689e+01 -1.131329164505004847e+01
-1.596105384826660156e+01 -1.255779409408569336e+01
-1.595321704943974872e+01 -1.229447641372680700e+01
-1.615578061342239380e+01 -1.223602333068847692e+01
-1.639232420921325684e+01 -1.170131406784057582e+01
-1.617114549875259399e+01 -1.228945465087890554e+01
-1.579367631673812866e+01 -1.226219339370727468e+01
-1.563269124428431134e+01 -1.273511333465576101e+01
-1.605088357130686560e+01 -1.262159171104431188e+01
-1.594253571828206439e+01 -1.242787008285522532e+01
-1.647196205457051477e+01 -1.261928958892822195e+01
-1.586805774768193622e+01 -1.235153808593750036e+01
-1.567962078253428082e+01 -1.265787324905395472e+01
-1.620278012752532959e+01 -1.229806308746337962e+01
-1.601882330576578894e+01 -1.204700794219970739e+01
-1.578592952092488666e+01 -1.234619827270507741e+01
-1.587626848618189435e+01 -1.241439189910888707e+01
-1.624863982200622559e+01 -1.307959442138671946e+01
-1.622343073288599768e+01 -1.258307809829711843e+01
-1.631363981962203979e+01 -1.263384485244750977e+01
-1.627804408470789710e+01 -1.196914653778076243e+01
-1.598043437798818012e+01 -1.262269220352172816e+01
-1.633318827549616614e+01 -1.128226556777954137e+01
-1.597000026702880859e+01 -1.218067750930786097e+01
-1.630743539333343506e+01 -1.093691701889038015e+01
-1.634100667635599891e+01 -1.183574895858764719e+01
-1.653116601705551147e+01 -1.248308343887329031e+01
-1.661663581927617273e+01 -1.229773311614990305e+01
-1.516921738783518414e+01 -1.233939237594604421e+01
-1.664938920736312866e+01 -1.231840715408325160e+01
-1.638088643550872803e+01 -1.197480144500732457e+01
-1.604130659500757972e+01 -1.269900550842285192e+01
-1.599597011009852032e+01 -1.262853736877441335e+01
-1.556526287396748920e+01 -1.147491159439086950e+01
-1.608530249198277673e+01 -1.281762924194335973e+01
-1.601112955808639526e+01 -1.203516883850097585e+01
-1.661525795857111731e+01 -1.190730485916137660e+01
-1.673894935846328735e+01 -1.096220645904540980e+01
-1.584896334012349506e+01 -1.232371559143066442e+01
-1.585507982969284058e+01 -1.148797416687011719e+01
-1.536852924029032330e+01 -1.193521575927734446e+01
-1.595290102561314960e+01 -1.131199960708618235e+01
-1.637158542871475220e+01 -1.255982284545898509e+01
-1.655332813660303870e+01 -1.177968597412109375e+01
-1.642568302154541016e+01 -1.237390785217285227e+01
-1.628421537081400672e+01 -1.244001445770263636e+01
-1.615168670813242713e+01 -1.159751205444336009e+01
-1.643910861015319824e+01 -1.232765932083129812e+01
-1.679140212138493737e+01 -1.248984279632568395e+01
-1.670865742365519324e+01 -1.247444152832031250e+01
-1.557589968045552631e+01 -1.102136392593383718e+01
-1.610907330115636071e+01 -1.211567506790161097e+01
-1.704946466286977014e+01 -1.231073465347290075e+01
-1.716079574823379517e+01 -1.266401233673095739e+01
-1.635412887732188025e+01 -1.269282169342040945e+01
-1.635592474540074548e+01 -1.141000614166259730e+01
-1.629226928949356079e+01 -1.234715137481689418e+01
-1.641754192113876343e+01 -1.242505846023559535e+01
-1.693700244029362878e+01 -1.238852567672729421e+01
-1.724455193678538123e+01 -1.201427917480468821e+01
-1.667194988330205163e+01 -1.303077192306518484e+01
-1.623578182856241980e+01 -1.283973150253295969e+01
-1.609289065996805945e+01 -1.147941265106201136e+01
-1.614101743698120117e+01 -1.276556339263916051e+01
-1.679768478870391846e+01 -1.258795948028564382e+01
-1.601297964652379235e+01 -1.150009622573852575e+01
-1.615177832047144690e+01 -1.250735263824462962e+01
-1.634427146116892615e+01 -1.116555652618408168e+01
-1.613456757863362512e+01 -1.237220907211303711e+01
-1.655171463886896888e+01 -1.264945249557495188e+01
-1.623567102352778235e+01 -1.192304782867431712e+01
-1.588559395074844360e+01 -1.330426177978515589e+01
-1.638941999276478967e+01 -1.280856781005859446e+01
-1.668252438306808472e+01 -1.156248331069946289e+01
-1.690227311849594116e+01 -1.291130189895629954e+01
-1.640709662437438965e+01 -1.288401412963867188e+01
-1.649376922845840454e+01 -1.229163036346435511e+01
-1.531165609757105450e+01 -1.164724884033203089e+01
-1.579770764708518982e+01 -1.177599906921386719e+01
-1.688422824939091882e+01 -1.263420886993408132e+01
-1.608743745088577271e+01 -1.237870445251464879e+01
-1.642533840735753259e+01 -1.239884271621704137e+01
-1.649127354224522790e+01 -1.201079597473144567e+01
-1.642605135838190833e+01 -1.258748407363891531e+01
-1.677338981628417969e+01 -1.241460351943969798e+01
-1.693752787510554114e+01 -1.216955823898315359e+01
-1.642079214255015174e+01 -1.232514295578002894e+01
-1.531609358390172382e+01 -1.163040752410888601e+01
-1.549529544512430768e+01 -1.160475797653198171e+01
-1.629376616080601892e+01 -1.238787832260131871e+01
-1.694035973151524743e+01 -1.220616369247436594e+01
-1.656618775924046716e+01 -1.196505012512207067e+01
-1.665754556655883789e+01 -1.229061346054077219e+01
-1.673905340830485144e+01 -1.209904174804687571e+01
-1.624196537335713586e+01 -1.194339981079101598e+01
-1.639697448412577430e+01 -1.135821800231933665e+01
-1.670178190867106238e+01 -1.198653564453124964e+01
-1.725455063581466675e+01 -1.152653851509094274e+01
-1.635934801896413049e+01 -1.218960103988647425e+01
-1.723394987980524817e+01 -1.171356048583984411e+01
-1.684071058034896851e+01 -1.240967283248901332e+01
-1.689962631464004517e+01 -1.203645792007446325e+01
-1.662832655509312829e+01 -1.155615577697753871e+01
-1.616092662016550818e+01 -1.227196636199951207e+01
-1.679611722628275672e+01 -1.232527723312377965e+01
-1.661100272337595740e+01 -1.133404169082641566e+01
-1.692748596270878991e+01 -1.281935701370239222e+01
-1.568330891927083393e+01 -1.227468700408935476e+01
-1.605677396059036255e+01 -1.236766996383667028e+01
-1.657128351926803589e+01 -1.207785310745239293e+01
-1.643296110630035400e+01 -1.246145334243774450e+01
-1.720446983973185340e+01 -1.178134088516235423e+01
-1.694952468077341834e+01 -1.246591339111328089e+01
-1.656565219163894653e+01 -1.267618942260742188e+01
-1.711723844210306922e+01 -1.256085700988769460e+01
-1.661023718118667603e+01 -1.203201475143432653e+01
-1.712885876496632775e+01 -1.157321081161498988e+01
-1.675839491685231408e+01 -1.208839616775512660e+01
-1.575905543565750122e+01 -1.152801008224487234e+01
-1.680435510476430139e+01 -1.227546911239624094e+01
-1.643797659873962402e+01 -1.247781858444213832e+01
-1.658314629395802697e+01 -1.196663341522216761e+01
-1.669468883673350135e+01 -1.274020853042602575e+01
-1.658738678693771362e+01 -1.157975168228149343e+01
-1.637830197811126709e+01 -1.225480718612670827e+01
-1.679814275105794152e+01 -1.191393594741821360e+01
-1.688266156117121497e+01 -1.255924177169799805e+01
-1.687835202614466468e+01 -1.269610700607299769e+01
-1.650030581156412879e+01 -1.219971551895141637e+01
-1.661235415935516357e+01 -1.218461494445800852e+01
-1.661804165442784509e+01 -1.177603139877319371e+01
-1.646841043233871460e+01 -1.287725896835327077e+01
-1.700504730145136634e+01 -1.218851499557495188e+01
-1.628593526283900061e+01 -1.190480384826660121e+01
-1.645504325628280640e+01 -1.250480833053588903e+01
-1.663952004909515381e+01 -1.209464616775512624e+01
-1.706060783068339148e+01 -1.146379013061523366e+01
-1.621495107809702674e+01 -1.245953254699707102e+01
-1.630271100997924805e+01 -1.203266592025756765e+01
-1.676966075102488318e+01 -1.256039638519287038e+01
-1.658613173166910926e+01 -1.229434547424316371e+01
-1.689810530344645301e+01 -1.287888498306274343e+01
-1.697096037864685059e+01 -1.298739862442016602e+01
-1.713819018999735633e+01 -1.167658700942993200e+01
-1.695425581932067871e+01 -1.228304777145385707e+01
-1.609908143679301062e+01 -1.248285484313964844e+01
-1.716349623600642005e+01 -1.208834285736083913e+01
-1.744275756676991662e+01 -1.184035081863403249e+01
-1.631967649857203284e+01 -1.222002582550048899e+01
-1.744726443290710449e+01 -1.283581552505493129e+01
-1.726382309198379517e+01 -1.260398387908935547e+01
-1.754743331670761108e+01 -1.058916521072387695e+01
-1.681868106126785278e+01 -1.211291923522949254e+01
-1.637854029734929284e+01 -1.254316215515136790e+01
-1.678096179167429725e+01 -1.132957534790039134e+01
-1.717108547687530518e+01 -1.225419225692749059e+01
-1.722979195912678918e+01 -1.226741352081298864e+01
-1.694574856758117676e+01 -1.216032114028930700e+01
-1.663905682166417321e+01 -1.175011444091796875e+01
-1.690580366055170813e+01 -1.243119249343872035e+01
-1.670329884688059607e+01 -1.236063184738159215e+01
-1.743819147348403931e+01 -1.213622570037841797e+01
-1.730726683139801025e+01 -1.209520616531372106e+01
-1.742517962058385095e+01 -1.215696344375610316e+01
-1.690752768516540527e+01 -1.129417734146118235e+01
-1.682105563084284583e+01 -1.254085254669189453e+01
-1.629574159781138221e+01 -1.202336034774780238e+01
-1.634005250533421716e+01 -1.222779912948608327e+01
-1.663951738675435266e+01 -1.258154916763305664e+01
-1.679753742615381995e+01 -1.207545661926269531e+01
-1.666238909959793091e+01 -1.270298709869384801e+01
-1.702617931365966797e+01 -1.200970678329467844e+01
-1.702021380265553674e+01 -1.196512784957885778e+01
-1.643632717927296838e+01 -1.216003122329711950e+01
-1.701188979546229163e+01 -1.179373626708984446e+01
-1.585273051261901855e+01 -1.054957561492919993e+01
-1.621311151981353760e+01 -1.228833417892456126e+01
-1.743469357490539551e+01 -1.239337100982666051e+01
-1.748950688044230262e+01 -1.181837329864501918e+01
-1.710309481620788574e+01 -1.246753749847412074e+01
-1.732786534229914466e+01 -1.172410850524902415e+01
-1.572515849272410016e+01 -1.161921815872192454e+01
-1.737427292267481604e+01 -1.197722330093383825e+01
-1.688901263475418091e+01 -1.191238718032836985e+01
-1.615899304548899451e+01 -1.150198202133178782e+01
-1.736505436897277832e+01 -1.203992481231689382e+01
-1.770415389537811279e+01 -1.216202306747436523e+01
-1.783525252342224121e+01 -1.231032724380493093e+01
-1.678654154141743859e+01 -1.233022670745849680e+01
-1.712322950363159180e+01 -1.200255346298217773e+01
-1.725058271487553796e+01 -1.148469753265380788e+01
-1.716461461782455444e+01 -1.212646656036377024e+01
-1.703849210341771325e+01 -1.219164304733276438e+01
-1.760793745517730713e+01 -1.170799503326415980e+01
-1.712601121266682824e+01 -1.173408317565917969e+01
-1.661081274350484094e+01 -1.164150371551513707e+01
-1.672939711809158325e+01 -1.224748811721801722e+01
-1.709886262814204017e+01 -1.195185089111328125e+01
-1.744315743446350098e+01 -1.188259115219116246e+01
-1.766082187493642053e+01 -1.199180650711059570e+01
-1.746803347269694129e+01 -1.210967512130737234e+01
-1.690021276473999023e+01 -1.220333900451660192e+01
-1.712523051102956018e+01 -1.078931646347045969e+01
-1.658853463331858435e+01 -1.211159791946411168e+01
-1.681585480769475183e+01 -1.143039703369140625e+01
-1.718537996212641517e+01 -1.243407697677612234e+01
-1.641169657309849939e+01 -1.203822231292724609e+01
-1.733757930994033813e+01 -1.273061275482177734e+01
-1.690715537468592444e+01 -1.237816114425659109e+01
-1.757882672548294067e+01 -1.210030641555786168e+01
-1.805935333172480384e+01 -1.256070089340209961e+01
-1.743882489204406738e+01 -1.222465314865112340e+01
-1.744581041733423987e+01 -1.189770927429199254e+01
-1.630144349733988562e+01 -1.206340780258178746e+01
-1.688253955046335975e+01 -1.153781652450561523e+01
-1.649667382240295410e+01 -1.222957868576049734e+01
-1.759019517898559570e+01 -1.252928533554077184e+01
-1.717896340290705481e+01 -1.234853296279907298e+01
-1.733342055479685584e+01 -1.200290460586547781e+01
-1.783033523956934729e+01 -1.257900028228759837e+01
-1.728337715069453040e+01 -1.167333765029907156e+01
-1.718957086404164514e+01 -1.262812080383300817e+01
-1.677712827920913696e+01 -1.205324125289916992e+01
-1.690346119801203528e+01 -1.233506774902343750e+01
-1.747487187385559082e+01 -1.244483852386474609e+01
-1.698197577397028724e+01 -1.255001497268676758e+01
-1.605764118830363074e+01 -1.259981164932250941e+01
-1.655398251116275787e+01 -1.174211320877075160e+01
-1.733649230003356934e+01 -1.209635801315307546e+01
-1.772056261698405066e+01 -1.185011577606201172e+01
-1.711932067076365271e+01 -1.205305233001709020e+01
-1.772139338652293006e+01 -1.157019243240356410e+01
-1.794091836611429969e+01 -1.196560287475585938e+01
-1.781654057900110999e+01 -1.132438821792602468e+01
-1.763331665595372399e+01 -1.236962165832519567e+01
-1.754942685365676880e+01 -1.265465469360351491e+01
-1.758854875961939612e+01 -1.221794290542602468e+01
-1.698390771945317468e+01 -1.234299411773681676e+01
-1.775106227397918701e+01 -1.215113105773925817e+01
-1.758357161283493042e+01 -1.178549432754516602e+01
-1.722763677438100061e+01 -1.171189203262329137e+01
-1.768373807271321496e+01 -1.216940250396728551e+01
-1.784709312518437585e+01 -1.201426315307617188e+01
-1.808383075396220008e+01 -1.211371068954467844e+01
-1.755435482660929480e+01 -1.252960014343261719e+01
-1.769754379987716675e+01 -1.237018547058105433e+01
-1.601584740479787072e+01 -1.144899988174438477e+01
-1.628837277491887292e+01 -1.119227695465087891e+01
-1.713021969795227051e+01 -1.199974002838134801e+01
-1.677838820219039917e+01 -1.209275188446044957e+01
-1.654748847087224206e+01 -9.822878074645995383e+00
-1.625513001283009729e+01 -1.196148748397827077e+01
-1.773465063174565515e+01 -1.174382543563842773e+01
-1.582716772953669171e+01 -1.045884447097778391e+01
-1.694957061608632287e+01 -1.233021154403686559e+01
-1.740760334332783899e+01 -1.222628765106201243e+01
-1.731596126159032067e+01 -1.192135276794433629e+01
-1.758209792772928992e+01 -1.086467046737670827e+01
-1.653873320420582971e+01 -1.144461812973022496e+01
-1.766187248627344886e+01 -1.182954521179199148e+01
-1.702950209379196167e+01 -1.209723901748657227e+01
-1.745158712069193641e+01 -1.234495649337768519e+01
-1.753569606939951697e+01 -1.180702104568481481e+01
-1.753292318185170373e+01 -1.243821744918823313e+01
-1.698989468812942505e+01 -1.212383508682250977e+01
-1.768387138843536377e+01 -1.194350070953369070e+01
-1.749732750654220581e+01 -1.235055713653564524e+01
-1.784690405925114831e+01 -1.191120719909667969e+01
-1.685523925224940101e+01 -1.202861557006835902e+01
-1.754625544945399085e+01 -1.191729688644409180e+01
-1.773284832636515418e+01 -1.237427930831909251e+01
-1.724141029516855994e+01 -1.125370340347290110e+01
-1.665654299656550208e+01 -1.185294857025146520e+01
-1.800495918591817102e+01 -1.157338352203369070e+01
-1.801864486932754517e+01 -1.232294635772705149e+01
-1.729521733522415161e+01 -1.152844657897949254e+01
-1.766590070724487305e+01 -1.162202129364013636e+01
-1.686075941721598426e+01 -1.210203466415405238e+01
-1.769410604238510132e+01 -1.167861948013305629e+01
-1.740840083360671997e+01 -1.164685354232788050e+01
-1.700856600205103675e+01 -1.211281480789184606e+01
-1.686870648463566980e+01 -1.188817977905273438e+01
-1.764181945721308509e+01 -1.297882556915283203e+01
-1.703323978185653687e+01 -1.183112659454345739e+01
-1.785674452781677246e+01 -1.273773889541626048e+01
-1.742504511276881018e+01 -1.211734781265258754e+01
-1.761389835675557336e+01 -1.191713352203369070e+01
-1.782184239228566369e+01 -1.171382369995117223e+01
-1.750389426946640015e+01 -1.185249156951904226e+01
-1.741445746024449548e+01 -1.233853101730346680e+01
-1.757652844985326013e+01 -1.172608747482299840e+01
-1.717210423946380615e+01 -1.137818946838378942e+01
-1.685010369618733606e+01 -1.238672103881835973e+01
-1.673358297348022461e+01 -1.154969949722289968e+01
-1.752564835548400879e+01 -1.200471220016479457e+01
-1.733234715461730957e+01 -1.178740100860595774e+01
-1.753487416108449182e+01 -1.230031585693359375e+01
-1.725208556652069092e+01 -1.098517780303955149e+01
-1.733463176091511926e+01 -1.184743938446044886e+01
-1.749283063411712646e+01 -1.235042123794555735e+01
-1.750324716170628747e+01 -1.285268526077270579e+01
-1.783492821455001831e+01 -1.164752855300903356e+01
-1.784294178088505944e+01 -1.263069162368774379e+01
-1.826188675562540809e+01 -1.195840692520141602e+01
-1.736217977603276452e+01 -1.218890724182128871e+01
-1.831281499067942420e+01 -1.216481924057006836e+01
-1.793218324581782142e+01 -1.037349042892456019e+01
-1.594942150513331036e+01 -1.197732896804809499e+01
-1.802260941267013550e+01 -1.217339687347412180e+01
-1.745773833990097046e+01 -1.221375675201415945e+01
-1.779486000537872314e+01 -1.193422098159789968e+01
-1.727509526411692420e+01 -1.212834644317626953e+01
-1.793639111518859863e+01 -1.243091087341308665e+01
-1.850497659047444543e+01 -1.176514434814453125e+01
-1.754831407467524329e+01 -1.212662153244018626e+01
-1.775642307599385461e+01 -1.246635255813598597e+01
-1.792982431252797326e+01 -1.224758653640747141e+01
-1.768573582172393799e+01 -1.253836765289306676e+01
-1.820543328921000281e+01 -1.190676956176757884e+01
-1.822908620039622107e+01 -1.270848016738891673e+01
-1.828927503029505530e+01 -1.216812019348144602e+01
-1.705354889233906945e+01 -1.213323192596435618e+01
-1.609904925028483191e+01 -1.312696247100830149e+01
-1.805903740723927697e+01 -1.226323795318603516e+01
-1.809753064314524451e+01 -1.156597423553466797e+01
-1.702801863352457801e+01 -1.205891189575195277e+01
-1.750589283307393274e+01 -1.200923643112182582e+01
-1.759855508804321289e+01 -1.241642293930053675e+01
-1.803493895133336267e+01 -1.223002634048461879e+01
-1.737224922577540198e+01 -1.236985435485839879e+01
-1.717677686611811438e+01 -1.245440940856933665e+01
-1.721627662579218665e+01 -1.180943136215210032e+01
-1.763703300555546960e+01 -1.209241352081298793e+01
-1.805130827426910400e+01 -1.231911287307739222e+01
-1.796967724959055701e+01 -1.218736515045165980e+01
-1.833241236209869385e+01 -1.238506412506103516e+01
-1.800924591223398963e+01 -1.218229303359985316e+01
-1.759015303850173950e+01 -1.102345180511474609e+01
-1.749600444237391272e+01 -1.133034830093383860e+01
-1.752111804485321045e+01 -1.283772954940795863e+01
-1.769777570168177405e+01 -1.207170505523681570e+01
-1.786818462610244751e+01 -1.228482637405395472e+01
-1.832379889488220215e+01 -1.158128042221069265e+01
-1.796297134955723962e+01 -1.200997533798217809e+01
-1.743121465047200402e+01 -1.219518899917602539e+01
-1.835870925585428992e+01 -1.262488327026367152e+01
-1.700594880183537683e+01 -1.161464462280273402e+01
-1.680874814589818200e+01 -1.177810764312744141e+01
-1.852714343865712365e+01 -1.201302042007446325e+01
-1.773605626821517944e+01 -1.192532520294189524e+01
-1.779757483800252160e+01 -1.131714763641357457e+01
-1.668754033247629920e+01 -1.244633827209472621e+01
-1.809309158722559729e+01 -1.215182585716247488e+01
-1.815022917588551721e+01 -1.102952079772949290e+01
-1.776075798273086548e+01 -1.250978155136108327e+01
-1.821002721786499023e+01 -1.190476922988891673e+01
-1.766076993942260742e+01 -1.214611463546753001e+01
-1.795438583691914758e+01 -1.186979074478149343e+01
-1.745913360516230384e+01 -1.280548572540283203e+01
-1.805163870255152503e+01 -1.251026134490966868e+01
-1.824073632558186731e+01 -1.137231550216674769e+01
-1.706477075815200806e+01 -1.055328092575073207e+01
-1.754552382230758667e+01 -1.058468837738037038e+01
-1.761993076403935632e+01 -1.145231208801269496e+01
-1.689433707793553552e+01 -1.250407028198242188e+01
-1.811834690968195716e+01 -1.161538543701171911e+01
-1.755523025989532471e+01 -1.192985382080078161e+01
-1.838797493775685510e+01 -1.154967470169067312e+01
-1.822503101825714111e+01 -1.078846054077148509e+01
-1.799379823605219642e+01 -1.217455434799194336e+01
-1.764138094584147254e+01 -1.210198392868042028e+01
-1.759416498740514001e+01 -1.184816637039184606e+01
-1.815562872091929236e+01 -1.250282430648803711e+01
-1.823006264368693152e+01 -1.168707647323608434e+01
-1.749498178561528405e+01 -1.182356328964233327e+01
-1.839339085419972619e+01 -1.241267747879028249e+01
-1.845433493455250940e+01 -1.093680214881896973e+01
-1.772744564215342322e+01 -1.154123382568359446e+01
-1.836712900797526160e+01 -1.214367666244506871e+01
-1.761953186988830566e+01 -1.096805438995361293e+01
-1.649607070287068566e+01 -1.168053960800170898e+01
-1.780339038372039795e+01 -1.248779621124267614e+01
-1.839480582873026648e+01 -1.198603839874267507e+01
-1.799118469158808509e+01 -1.178141489028930700e+01
-1.756861803929011145e+01 -1.163225145339965749e+01
-1.745613272984822473e+01 -1.189868555068969691e+01
-1.887868316968281945e+01 -1.209896106719970632e+01
-1.826471555233001709e+01 -1.211737003326416051e+01
-1.814561090866724768e+01 -1.229768447875976634e+01
-1.848109471797943115e+01 -1.184185142517089773e+01
-1.815693112214406213e+01 -1.245877790451049805e+01
-1.691342771053314209e+01 -1.127322301864623988e+01
-1.625361241896947107e+01 -1.096579294204711985e+01
-1.782247034708658973e+01 -1.279015264511108363e+01
-1.848559800783793250e+01 -1.247366657257080114e+01
-1.781078402201334754e+01 -1.180277633666992188e+01
-1.750202296177546302e+01 -1.226891460418701207e+01
-1.765200173854827881e+01 -1.233767862319946218e+01
-1.785867506265640259e+01 -1.142189655303955043e+01
-1.709325975179672241e+01 -1.289266328811645579e+01
-1.795495355129241943e+01 -1.254029541015625071e+01
-1.848310633500416955e+01 -1.124008083343505859e+01
-1.823022705316543579e+01 -1.168014035224914515e+01
-1.842108500003814697e+01 -1.194271612167358398e+01
-1.848004829883575439e+01 -1.222680540084838796e+01
-1.833518449465433875e+01 -1.218737010955810618e+01
-1.805097079277038574e+01 -1.238686265945434606e+01
-1.801647841930389404e+01 -1.242469606399536097e+01
-1.797400985161463538e+01 -1.166031036376953089e+01
-1.758296775817871094e+01 -1.194573221206665004e+01
-1.688073114554087439e+01 -1.174064273834228445e+01
-1.835718361536661902e+01 -1.121490020751953054e+01
-1.717375228802363196e+01 -1.122677688598632884e+01
-1.737032939990361413e+01 -1.122372164726257360e+01
-1.769475762049357215e+01 -1.172098016738891602e+01
-1.808032033840815345e+01 -1.191209659576415980e+01
-1.771993315219879150e+01 -1.248442001342773366e+01
-1.786679083108901978e+01 -1.206412792205810547e+01
-1.772304471333821496e+01 -1.002299265861511302e+01
-1.700974869728088379e+01 -1.230102872848510742e+01
-1.860994084676106652e+01 -1.121040105819702148e+01
-1.826361491282780847e+01 -1.229914989471435582e+01
-1.757126744588216027e+01 -1.084752931594848668e+01
-1.812702172994613647e+01 -1.149989080429077148e+01
-1.814157573382059851e+01 -1.193948860168456960e+01
-1.883050862948099891e+01 -1.132507648468017614e+01
-1.734664867321650306e+01 -1.188230686187744212e+01
-1.757764401038487634e+01 -1.190847892761230398e+01
-1.840718603134155273e+01 -1.118393459320068395e+01
-1.769369500875473022e+01 -1.208868417739868129e+01
-1.711042006810506066e+01 -1.118910293579101634e+01
-1.513907989362875561e+01 -1.161922035217285121e+01
-1.557772390047709088e+01 -1.172955875396728587e+01
-1.748845740159352502e+01 -1.198439264297485352e+01
-1.713839636246363440e+01 -1.167709541320800781e+01
-1.729053785900275031e+01 -1.092615852355956996e+01
-1.740713399648666382e+01 -1.177972440719604563e+01
-1.808446727196375647e+01 -1.202890729904174805e+01
-1.816352379322052002e+01 -1.241555891036987269e+01
-1.627709404627482215e+01 -1.206416482925414968e+01
-1.787762922048568726e+01 -1.204630651473999059e+01
-1.795603237549464026e+01 -1.213952426910400462e+01
-1.728324172894160071e+01 -1.198519058227538991e+01
-1.857123517990112305e+01 -1.214160566329956126e+01
-1.760497091213862220e+01 -1.177614154815673864e+01
-1.849866092205047607e+01 -1.219726991653442383e+01
-1.840761858224868774e+01 -1.162799482345581126e+01
-1.793217047055562219e+01 -1.178001651763915980e+01
-1.748811974128087243e+01 -1.126440229415893590e+01
-1.749991061290105065e+01 -1.277953653335571360e+01
-1.848747086524963379e+01 -1.222005386352538991e+01
-1.843363535404205322e+01 -1.161215991973876882e+01
-1.758718371391296387e+01 -1.190395431518554759e+01
-1.777931217352549353e+01 -1.251505556106567418e+01
-1.831274449825286865e+01 -1.179389591217040945e+01
-1.841470052798588952e+01 -1.201577558517456090e+01
-1.872088964780171594e+01 -1.224698076248168910e+01
-1.826952048142750940e+01 -1.160797557830810511e+01
-1.852001829942067346e+01 -1.063031625747680664e+01
-1.744234297672907630e+01 -1.098200616836547816e+01
-1.838359169165293494e+01 -1.224832839965820241e+01
-1.821640066305796424e+01 -1.209299936294555700e+01
-1.864685837427775184e+01 -1.214275512695312464e+01
-1.685706194241841516e+01 -1.279708328247070348e+01
-1.762401252985000610e+01 -1.255262517929077148e+01
-1.836926422516505042e+01 -1.159715719223022390e+01
-1.810638358195622644e+01 -1.207055692672729563e+01
-1.849094770352045813e+01 -1.211737709045410227e+01
-1.899916172027587891e+01 -1.215103502273559499e+01
-1.878151567776997766e+01 -1.246499090194702219e+01
-1.833221954107284546e+01 -1.231150217056274343e+01
-1.675129787127177039e+01 -1.239920501708984446e+01
-1.866802887121836463e+01 -1.189918394088745046e+01
-1.844497847557067871e+01 -1.191976566314697195e+01
-1.837551291783650598e+01 -1.200172090530395508e+01
-1.910925805568695068e+01 -1.201195850372314489e+01
-1.920259197552998742e+01 -1.214561939239501953e+01
-1.835648071765899658e+01 -1.184277353286743129e+01
-1.860091380278269568e+01 -1.209092454910278391e+01
-1.841686189174652100e+01 -1.223628625869750941e+01
-1.922764170169830322e+01 -1.209249877929687500e+01
-1.881236036618550500e+01 -1.209889230728149379e+01
-1.733671637376149377e+01 -1.181520061492919993e+01
-1.829544707139332971e+01 -1.227077932357788015e+01
-1.828772902488708496e+01 -1.092496595382690394e+01
-1.873337284723917762e+01 -1.176094503402709890e+01
-1.879421623547871789e+01 -1.170324134826660156e+01
-1.913037292162577430e+01 -1.204417181015014648e+01
-1.841935267051060876e+01 -1.160063772201538157e+01
-1.829665708541870117e+01 -1.136207199096679688e+01
-1.686343626181284705e+01 -1.196275463104248082e+01
-1.752006067832310876e+01 -1.199149589538574290e+01
-1.733100440104802331e+01 -1.239716224670410227e+01
-1.840902523199717322e+01 -1.136975603103637766e+01
-1.807171879212061683e+01 -1.154444093704223562e+01
-1.821610220273335656e+01 -1.189852447509765554e+01
-1.796309894323348999e+01 -1.161550683975219656e+01
-1.842469680309295654e+01 -1.158698167800903356e+01
-1.799410549799601355e+01 -1.209103984832763601e+01
-1.920206073919932166e+01 -1.203582582473754847e+01
-1.839403814077377319e+01 -1.133382787704467809e+01
-1.848503114779790124e+01 -1.126392717361450124e+01
-1.787348498900731286e+01 -1.166386327743530238e+01
-1.885195702314376831e+01 -1.108112077713012766e+01
-1.846527369817097863e+01 -1.171533737182617152e+01
-1.891257647673289100e+01 -1.195752487182617152e+01
-1.812451324860255042e+01 -1.219232568740844691e+01
-1.834441407521565637e+01 -1.190399837493896484e+01
-1.869910852114359656e+01 -1.209783611297607386e+01
-1.751831207672755042e+01 -1.181045570373535192e+01
-1.876197671890258789e+01 -1.172566328048706019e+01
-1.908381708463032922e+01 -1.168916721343994070e+01
-1.931435428063074866e+01 -1.187540378570556676e+01
-1.924912794431050500e+01 -1.173091163635253942e+01
-1.828518285353978357e+01 -1.205115938186645508e+01
-1.869307639201482019e+01 -1.219502849578857351e+01
-1.879447325070698938e+01 -1.233733301162719798e+01
-1.920099115371704102e+01 -1.175909023284912180e+01
-1.887857230504353723e+01 -1.217632741928100515e+01
-1.872287559509277344e+01 -1.144415884017944407e+01
-1.779106287161509314e+01 -1.120767784118652344e+01
-1.886076861619949341e+01 -1.213539791107177734e+01
-1.761255226532618323e+01 -1.211776628494262731e+01
-1.819544873634974280e+01 -1.156426067352294851e+01
-1.950504779815673828e+01 -1.138420810699462926e+01
-1.900346942742665490e+01 -1.213283720016479528e+01
-1.896445031960805139e+01 -1.151872196197509801e+01
-1.852932588259379187e+01 -1.231411008834838938e+01
-1.918534213304519653e+01 -1.145373220443725515e+01
-1.824120122194290161e+01 -1.005237836837768484e+01
-1.784203994274139404e+01 -1.188691515922546316e+01
-1.845544993877410889e+01 -1.173825111389160192e+01
-1.795485130945841590e+01 -1.251681861877441371e+01
-1.794039173920949182e+01 -1.189994287490844727e+01
-1.778874138991038123e+01 -1.240751218795776367e+01
-1.899532377719879150e+01 -1.174300117492675710e+01
-1.918021106719970703e+01 -1.188993120193481445e+01
-1.845134832461674890e+01 -1.261309642791747976e+01
-1.900466072559356689e+01 -1.175745916366577148e+01
-1.921586207548777381e+01 -1.208930435180664098e+01
-1.790958144267399987e+01 -1.140545015335083079e+01
-1.742096992333729943e+01 -1.215192995071411097e+01
-1.892771550019581994e+01 -1.227358102798461914e+01
-1.843008863925933838e+01 -1.154542131423950124e+01
-1.880700381596883020e+01 -1.129809360504150462e+01
-1.849922734498977661e+01 -1.238302936553955114e+01
-1.892669292291005334e+01 -1.211715602874755859e+01
-1.867574958006541053e+01 -1.220618448257446254e+01
-1.808188128471374512e+01 -1.271665477752685547e+01
-1.854817513624827185e+01 -1.250332198143005336e+01
-1.880389326810836792e+01 -1.247164974212646449e+01
-1.822873151302337646e+01 -1.158732585906982493e+01
-1.850331058104832849e+01 -1.174279050827026438e+01
-1.798742759227752686e+01 -1.144751091003417898e+01
-1.878287116686503211e+01 -1.138071422576904368e+01
-1.872967529296875000e+01 -1.203179712295532156e+01
-1.958543566862742225e+01 -1.167971811294555629e+01
-1.890509438514709473e+01 -1.064885149002075160e+01
-1.775494782129923621e+01 -1.163432550430297852e+01
-1.898162496089935303e+01 -1.209923505783081055e+01
-1.960349452495574951e+01 -1.181821928024291957e+01
-1.887401306629180908e+01 -1.109726095199584961e+01
-1.801492154598236084e+01 -1.184653377532958984e+01
-1.847487747669219971e+01 -1.206869106292724680e+01
-1.922287789980570594e+01 -1.171095390319824148e+01
-1.891094954808552941e+01 -1.213777446746826172e+01
-1.919554901123046875e+01 -1.183827028274536097e+01
-1.934730406602223596e+01 -1.166749420166015661e+01
-1.926358358065287391e+01 -1.171314477920532227e+01
-1.866761759916941443e+01 -1.186259603500366211e+01
-1.899069543679555139e+01 -1.190323305130004883e+01
-1.857140324513117591e+01 -1.213351192474365270e+01
-1.709150159358978271e+01 -1.168545966148376536e+01
