# Train Val
3.185564895470937241e+00 1.968442122141520256e+00
3.269308010737101422e-01 -2.453137318293253433e+00
-2.825094223022460938e+00 -4.912513573964436553e+00
-5.569544871648152373e+00 -6.511557102203369141e+00
-7.001083215077717803e+00 -7.486606915791829131e+00
-8.106710394223531679e+00 -8.821289062500000000e+00
-8.985928853352865175e+00 -9.730349858601888613e+00
-9.635001738866170840e+00 -9.902355829874673887e+00
-9.928657690684000059e+00 -1.001250457763671875e+01
-1.002778919537862201e+01 -1.031324481964111328e+01
-1.008407139778137207e+01 -9.883888244628906250e+00
-1.016252764066060443e+01 -1.057621065775553326e+01
-1.013697759310404400e+01 -1.047000598907470703e+01
-1.014499004681905170e+01 -1.031233501434326172e+01
-1.022879934310913086e+01 -1.041099484761556049e+01
-1.023723196983337402e+01 -1.033549181620279889e+01
-1.031206822395324707e+01 -1.049385738372802734e+01
-1.032234756151835064e+01 -1.064323997497558594e+01
-1.037425319353739361e+01 -1.071091810862223248e+01
-1.039611220359802246e+01 -1.070188999176025391e+01
-1.044244472185770611e+01 -1.023847866058349609e+01
-1.047655431429545025e+01 -1.040837001800537109e+01
-1.049984407424926758e+01 -1.069077428181966205e+01
-1.046603965759277344e+01 -1.039502970377604107e+01
-1.049605456988016705e+01 -1.032089932759602924e+01
-1.048390849431355853e+01 -1.054476197560628314e+01
-1.046400547027587891e+01 -1.021719169616699219e+01
-1.046803919474283795e+01 -1.052835782368977924e+01
-1.053333703676859479e+01 -1.050425402323404889e+01
-1.047409939765930176e+01 -1.034245363871256451e+01
-1.047199225425720215e+01 -1.045559247334798236e+01
-1.054286996523539166e+01 -1.056081867218017578e+01
-1.054602456092834473e+01 -1.052281125386556049e+01
-1.056077853838602643e+01 -1.046933078765869141e+01
-1.055962276458740234e+01 -1.056380971272786518e+01
-1.056740880012512207e+01 -1.060793368021647076e+01
-1.056854303677876850e+01 -1.047218767801920514e+01
-1.060452977816263775e+01 -1.024127705891927143e+01
-1.058723028500874896e+01 -1.045680904388427734e+01
-1.058843239148457904e+01 -1.046409352620442768e+01
-1.061257219314575195e+01 -1.059677696228027344e+01
-1.058949939409891705e+01 -1.051030095418294330e+01
-1.055128900210062604e+01 -1.053527418772379498e+01
-1.053372446695963482e+01 -1.042386182149251361e+01
-1.054970741271972656e+01 -1.039960098266601562e+01
-1.053170887629191022e+01 -1.039910157521565814e+01
-1.055433368682861328e+01 -1.079104105631510357e+01
-1.064021372795104980e+01 -1.044493452707926373e+01
-1.057786289850870709e+01 -1.031279913584391217e+01
-1.060615563392639160e+01 -1.070844173431396484e+01
-1.056399830182393451e+01 -1.039839839935302734e+01
-1.060091551144917865e+01 -1.048912302652994732e+01
-1.059213360150655170e+01 -1.074624315897623639e+01
-1.059833161036173443e+01 -1.049045562744140625e+01
-1.049853221575419049e+01 -1.047247155507405658e+01
-1.053052822748819928e+01 -1.061778004964192768e+01
-1.063331699371337891e+01 -1.036909516652425189e+01
-1.061209599177042584e+01 -1.035222307840983014e+01
-1.054534618059794049e+01 -1.033648808797200580e+01
-1.064534465471903424e+01 -1.063339710235595703e+01
-1.067044639587402344e+01 -1.056780338287353516e+01
-1.062056819597879986e+01 -1.060631529490152936e+01
-1.062296923001607318e+01 -1.024622217814127545e+01
-1.061233194669087787e+01 -1.045169448852539062e+01
-1.065847524007161518e+01 -1.062237962086995502e+01
-1.059083406130472760e+01 -1.021311887105306049e+01
-1.058376312255859375e+01 -1.053094800313313861e+01
-1.056191285451253314e+01 -1.046555169423421283e+01
-1.061530892054239850e+01 -1.049863179524739643e+01
-1.065573628743489643e+01 -1.053100649515787701e+01
-1.066859817504882812e+01 -1.062393442789713482e+01
-1.056267237663269043e+01 -1.085877291361490826e+01
-1.065633622805277447e+01 -1.043568547566731830e+01
-1.068588137626647949e+01 -1.049451128641764264e+01
-1.069649640719095807e+01 -1.072790590922037701e+01
-1.071702933311462402e+01 -1.037893803914388080e+01
-1.071686299641927143e+01 -1.038999621073404889e+01
-1.053509998321533203e+01 -1.052252451578775982e+01
-1.073214451471964459e+01 -1.070915444691975971e+01
-1.070733118057250977e+01 -1.049990526835123639e+01
-1.070427433649698834e+01 -1.045638783772786518e+01
-1.069318811098734479e+01 -1.038916619618733783e+01
-1.078871575991312604e+01 -1.052981122334798236e+01
-1.073317217826843262e+01 -1.061432139078775982e+01
-1.078312373161315918e+01 -1.049195925394693951e+01
-1.074247821172078510e+01 -1.068577353159586529e+01
-1.077220431963602643e+01 -1.067677783966064453e+01
-1.081191746393839459e+01 -1.062248961130777936e+01
-1.069384169578552246e+01 -1.065049870808919330e+01
-1.085529677073160748e+01 -1.096601772308349609e+01
-1.085717542966206928e+01 -1.064374732971191406e+01
-1.085757342974344830e+01 -1.083932177225748639e+01
-1.083023564020792584e+01 -1.091189924875895123e+01
-1.090812246004740338e+01 -1.093386395772298236e+01
-1.095847256978352924e+01 -1.074924596150716205e+01
-1.086571606000264545e+01 -1.078550815582275391e+01
-1.087145670255025287e+01 -1.088886165618896484e+01
-1.101949977874755859e+01 -1.094353294372558594e+01
-1.097788572311401367e+01 -1.080085372924804688e+01
-1.097920433680216412e+01 -1.068430519104003906e+01
-1.089693538347879986e+01 -1.088842391967773438e+01
-1.097902305920918842e+01 -1.073833084106445312e+01
-1.104465246200561523e+01 -1.098251819610595703e+01
-1.085434110959370990e+01 -1.085343583424886127e+01
-1.100030326843261719e+01 -1.091929181416829486e+01
-1.114360729853312115e+01 -1.139621798197428326e+01
-1.110160764058431049e+01 -1.079751269022623639e+01
-1.112933135032653809e+01 -1.117042446136474609e+01
-1.122142108281453510e+01 -1.071692434946695904e+01
-1.116856821378072162e+01 -1.114762433369954486e+01
-1.111251473426818848e+01 -1.122059981028238873e+01
-1.133710074424743652e+01 -1.109737078348795514e+01
-1.143299293518066406e+01 -1.067093499501546283e+01
-1.122233247756958008e+01 -1.065678373972574811e+01
-1.112204321225484271e+01 -1.070755386352539062e+01
-1.108447082837422748e+01 -1.070843029022216797e+01
-1.129281671841939350e+01 -1.114668687184651752e+01
-1.147926362355550189e+01 -1.080525016784667969e+01
-1.129144899050394635e+01 -1.095352045694986920e+01
-1.101737006505330463e+01 -1.037213293711344342e+01
-1.118369126319885254e+01 -1.137322807312011719e+01
-1.151589043935140033e+01 -1.076428953806559186e+01
-1.145492132504781146e+01 -1.159657891591390033e+01
-1.159259104728698730e+01 -1.129040654500325580e+01
-1.150668803850809674e+01 -1.094262186686197857e+01
-1.149721296628316303e+01 -1.116397635142008404e+01
-1.160902214050292969e+01 -1.058912913004557232e+01
-1.161403973897298236e+01 -1.123015085856119732e+01
-1.174708954493204693e+01 -1.103598912556966205e+01
-1.161499675114949603e+01 -1.111148230234781842e+01
-1.181331300735473633e+01 -1.128313732147216797e+01
-1.190300957361857037e+01 -1.116819826761881451e+01
-1.156513484319051166e+01 -1.102146561940511127e+01
-1.182330083847045898e+01 -1.122124163309733014e+01
-1.170589351654052734e+01 -1.085769399007161518e+01
-1.199632891019185443e+01 -1.115263907114664654e+01
-1.168088491757710834e+01 -1.115516916910807232e+01
-1.196820576985677143e+01 -1.105138365427652936e+01
-1.192318924268086811e+01 -1.111482683817545514e+01
-1.191803661982218365e+01 -1.125437450408935547e+01
-1.198504376411437988e+01 -1.109392038981119732e+01
-1.214987349510192871e+01 -1.154894860585530658e+01
-1.221992047627766986e+01 -1.122819487253824811e+01
-1.215223232905069928e+01 -1.032364781697591205e+01
-1.203450004259745221e+01 -1.118975480397542377e+01
-1.209229079882303814e+01 -9.054150581359863281e+00
-1.174757464726766010e+01 -1.085586961110433002e+01
-1.212522323926289936e+01 -1.061878331502278705e+01
-1.234821271896362305e+01 -1.065994517008463482e+01
-1.243341549237569232e+01 -1.073433876037597656e+01
-1.230226866404215436e+01 -1.138990211486816406e+01
-1.208214227358500104e+01 -1.081871827443440814e+01
-1.134390815099080463e+01 -1.132302665710449219e+01
-1.172198422749837299e+01 -1.111473719278971295e+01
-1.213459308942159076e+01 -1.118513647715250592e+01
-1.240021236737569232e+01 -1.164554214477539062e+01
-1.246945993105570416e+01 -1.120331796010335346e+01
-1.236395112673441510e+01 -1.077942562103271484e+01
-1.254477898279825787e+01 -1.059743531545003314e+01
-1.228449861208597760e+01 -1.098055617014566998e+01
-1.241166496276855469e+01 -1.058044211069742779e+01
-1.254935185114542584e+01 -1.131259981791178326e+01
-1.242910416920979877e+01 -1.097346750895182232e+01
-1.252140839894612689e+01 -1.079211393992106061e+01
-1.221348849932352643e+01 -1.039683659871419330e+01
-1.197888604799906354e+01 -1.113684622446695904e+01
-1.264674894014994244e+01 -1.082901318868001361e+01
-1.284589346249898334e+01 -1.135188102722167969e+01
-1.269433387120564838e+01 -1.123591295878092389e+01
-1.257739981015523334e+01 -1.076347668965657611e+01
-1.272814695040384869e+01 -1.086614831288655658e+01
-1.274062498410542865e+01 -1.089838568369547467e+01
-1.276890365282694439e+01 -1.052832984924316406e+01
-1.219228990872701068e+01 -1.030588881174723248e+01
-1.250335478782653809e+01 -1.141442934672037701e+01
-1.277088888486226459e+01 -1.121139558156331439e+01
-1.305404162406921387e+01 -1.096716817220052143e+01
-1.284465154012044330e+01 -1.043006992340087891e+01
-1.284895793596903424e+01 -1.108840147654215436e+01
-1.244743220011393170e+01 -1.059802373250325580e+01
-1.259359121322631836e+01 -1.153661219278971295e+01
-1.291726557413736920e+01 -1.034802881876627545e+01
-1.308258501688639264e+01 -1.092241096496582031e+01
-1.273990805943807025e+01 -1.003079509735107422e+01
-1.264089902242024799e+01 -1.140089352925618549e+01
-1.291605027516683002e+01 -1.044705359141031842e+01
-1.302039210001627545e+01 -9.675306797027587891e+00
-1.270942719777425189e+01 -1.193090756734212299e+01
-1.302657175064086914e+01 -1.064117272694905658e+01
-1.312874476114908795e+01 -1.064034716288248639e+01
-1.273549461364746094e+01 -1.027869828542073627e+01
-1.237722341219584088e+01 -1.082828712463378906e+01
-1.299213353792826275e+01 -1.113647047678629498e+01
-1.342036183675130268e+01 -1.051389726003011127e+01
-1.331007679303487201e+01 -1.080479081471761127e+01
-1.308681805928548236e+01 -1.053535779317220111e+01
-1.267877880732218365e+01 -1.052847448984781842e+01
-1.336230937639872174e+01 -1.101916376749674420e+01
-1.342559878031412701e+01 -1.079025967915852924e+01
-1.302635542551676373e+01 -1.069116020202636719e+01
-1.271432439486185650e+01 -1.045748567581176758e+01
-1.322654549280802350e+01 -1.087322743733724018e+01
-1.344535692532857318e+01 -1.061245918273925781e+01
-1.335568181673685650e+01 -1.014471324284871478e+01
-1.344540135065714459e+01 -1.186025492350260357e+01
-1.348494831720987897e+01 -1.032086149851481061e+01
-1.342636942863464355e+01 -1.022657394409179688e+01
-1.360881233215332031e+01 -1.030566914876302143e+01
-1.355097325642903705e+01 -1.069317309061686139e+01
-1.317950447400411029e+01 -1.123391469319661518e+01
-1.354333368937174420e+01 -1.090080706278483014e+01
-1.358701705932617188e+01 -1.002522325515747070e+01
-1.382162443796793561e+01 -1.071038564046224018e+01
-1.381264710426330566e+01 -1.075205675760904889e+01
-1.383463001251220703e+01 -1.041591803232828717e+01
-1.391168435414632221e+01 -1.020265706380208393e+01
-1.304256780942281146e+01 -1.099596659342447857e+01
-1.299798067410787006e+01 -1.147623284657796283e+01
-1.374733114242553711e+01 -1.063174533843994141e+01
-1.352965490023295025e+01 -1.029628578821817975e+01
-1.395500191052754779e+01 -1.042327976226806641e+01
-1.391117668151855469e+01 -1.068121465047200580e+01
-1.389344382286071777e+01 -9.555137952168783144e+00
-1.315086158116658588e+01 -1.148137410481770893e+01
-1.360182817776997943e+01 -1.113079134623209576e+01
-1.374520548184712787e+01 -1.079158528645833393e+01
-1.301347835858662982e+01 -1.034162712097167969e+01
-1.328134338061014752e+01 -1.072575251261393170e+01
-1.348960661888122559e+01 -1.183459726969400982e+01
-1.366899975140889545e+01 -1.063479455312093158e+01
-1.399278895060221295e+01 -1.143252849578857422e+01
-1.351962256431579590e+01 -1.076309967041015625e+01
-1.399016102155049701e+01 -1.160987250010172467e+01
-1.373001337051391602e+01 -1.064892514546712299e+01
-1.355585837364196777e+01 -1.051324303944905658e+01
-1.374386429786682129e+01 -1.189659341176350971e+01
-1.382145635286966900e+01 -9.977597872416177793e+00
-1.390677412350972553e+01 -1.082123184204101562e+01
-1.359608650207519531e+01 -1.019058100382486920e+01
-1.344976647694905658e+01 -1.028527800242106061e+01
-1.366332864761352539e+01 -1.004692141215006451e+01
-1.376770742734273334e+01 -1.079551823933919330e+01
-1.381994295120239258e+01 -1.052582295735677143e+01
-1.403519582748413086e+01 -1.022733751932779889e+01
-1.420385773976643939e+01 -1.152690887451171875e+01
-1.403982631365458111e+01 -1.041854413350423236e+01
-1.432329010963439941e+01 -1.016241137186686139e+01
-1.430874085426330566e+01 -1.135540994008382221e+01
-1.416808589299519916e+01 -1.036038843790690045e+01
-1.358431084950765033e+01 -1.025751908620198627e+01
-1.349310827255249023e+01 -1.106622187296549420e+01
-1.433718490600585938e+01 -1.061268933614095111e+01
-1.421420764923095703e+01 -1.151121870676676373e+01
-1.414859437942504883e+01 -1.123724873860677143e+01
-1.440296228726704975e+01 -1.117652098337809186e+01
-1.434592103958129883e+01 -1.027144845326741596e+01
-1.401859688758850098e+01 -1.069835917154947857e+01
-1.402482279141744037e+01 -1.003495057423909564e+01
-1.431607651710510254e+01 -1.026381683349609375e+01
-1.413548326492309570e+01 -1.037429809570312500e+01
-1.427187021573384662e+01 -1.014006868998209576e+01
-1.339863832791646381e+01 -1.139258543650309186e+01
-1.410393373171488385e+01 -1.047134621938069721e+01
-1.421855656305948834e+01 -1.027425034840901752e+01
-1.447673654556274414e+01 -1.058438777923583984e+01
-1.418907912572224994e+01 -1.137129529317220111e+01
-1.439251645406087299e+01 -1.078286616007486920e+01
-1.450821487108866314e+01 -9.929156621297201113e+00
-1.458098173141479492e+01 -1.011953798929850201e+01
-1.369680094718933105e+01 -1.063171386718750000e+01
-1.383448402086893658e+01 -1.150448258717854877e+01
-1.423805872599283795e+01 -1.039136632283528705e+01
-1.405378405253092389e+01 -1.145838165283203125e+01
-1.472688786188761334e+01 -1.050318209330240826e+01
-1.453113047281900982e+01 -1.059093093872070312e+01
-1.423784995079040527e+01 -9.766138076782226562e+00
-1.336243597666422467e+01 -1.071963437398274799e+01
-1.440564815203348736e+01 -1.112079048156738281e+01
-1.358995660146077533e+01 -1.191180864969889264e+01
-1.401987012227376361e+01 -1.074153168996175189e+01
-1.415938154856363873e+01 -1.112159411112467389e+01
-1.492024517059326172e+01 -1.068834018707275391e+01
-1.439553705851236920e+01 -1.118966325124104877e+01
-1.432564345995585064e+01 -1.029468631744384766e+01
-1.441479810078938861e+01 -1.031175613403320312e+01
-1.440294639269510846e+01 -1.122347863515218158e+01
-1.470017258326212506e+01 -1.020653152465820312e+01
-1.472006495793660541e+01 -1.094566885630289654e+01
-1.423486415545145611e+01 -1.104624557495117188e+01
-1.472287329037984271e+01 -1.045783360799153705e+01
-1.512617508570353131e+01 -1.145095348358154297e+01
-1.514771660168965717e+01 -9.751642862955728575e+00
-1.491173903147379498e+01 -9.972075462341308594e+00
-1.449359210332234760e+01 -1.039718882242838482e+01
-1.492999410629272461e+01 -1.120570659637451172e+01
-1.498057929674784283e+01 -9.853077252705892519e+00
-1.421850593884786029e+01 -1.135767269134521484e+01
-1.517166765530904193e+01 -1.126406669616699219e+01
-1.407508635520935059e+01 -1.125139204661051373e+01
-1.448399225870768170e+01 -1.055474726359049420e+01
-1.409316523869832416e+01 -9.858782768249511719e+00
-1.437420399983724018e+01 -1.055381488800048828e+01
-1.510957352320353131e+01 -1.121620368957519531e+01
-1.553586252530415912e+01 -1.032000160217285156e+01
-1.504327623049418072e+01 -1.049289449055989643e+01
-1.538285128275553326e+01 -1.141547997792561908e+01
-1.486908491452535053e+01 -1.121259943644205670e+01
-1.442227284113566022e+01 -1.024547290802001953e+01
-1.496281345685323139e+01 -1.136164156595865826e+01
-1.445651888847351074e+01 -1.094875208536783795e+01
-1.391598184903462787e+01 -1.088980166117350201e+01
-1.510151696205139160e+01 -1.021541086832682232e+01
-1.524355212847391705e+01 -1.010462443033854107e+01
-1.500239340464274029e+01 -1.059201494852701764e+01
-1.504615044593811035e+01 -1.122769705454508404e+01
-1.484956447283426861e+01 -1.086049906412760357e+01
-1.545279518763224225e+01 -1.049702453613281250e+01
-1.572920163472493549e+01 -1.055080795288085938e+01
-1.556013973553975482e+01 -1.025854937235514264e+01
-1.573102386792500873e+01 -1.059734598795572857e+01
-1.488060386975606342e+01 -1.112134202321370502e+01
-1.527997652689615826e+01 -9.856269200642904238e+00
-1.535964417457580566e+01 -1.104111099243164062e+01
-1.570024402936299701e+01 -1.031017112731933594e+01
-1.547975349426269531e+01 -1.030881690979003906e+01
-1.467749802271525006e+01 -9.413310368855794863e+00
-1.476188580195108990e+01 -1.127605787913004498e+01
-1.523366975784301758e+01 -9.617472330729166075e+00
-1.493942340215047260e+01 -1.045183912913004498e+01
-1.528541811307271381e+01 -1.138835334777832031e+01
-1.558840584754943848e+01 -1.006808821360270123e+01
-1.482555158933003803e+01 -1.023737176259358783e+01
-1.538297382990519147e+01 -1.148010063171386719e+01
-1.581953525543212891e+01 -1.027778053283691406e+01
-1.559833470980326275e+01 -1.204673163096109967e+01
-1.525179076194763184e+01 -1.010406430562337299e+01
-1.537222091356913189e+01 -1.046773084004720111e+01
-1.608318010965983191e+01 -1.075054740905761719e+01
-1.556571292877197266e+01 -1.037552165985107422e+01
-1.375858465830484967e+01 -1.050289853413899799e+01
-1.465984368324279785e+01 -1.044945748647054096e+01
-1.543771568934122662e+01 -9.995575269063314394e+00
-1.488286677996317486e+01 -1.020682175954183002e+01
-1.527081259091695209e+01 -1.006364695231119732e+01
-1.612270816167195520e+01 -1.024987634023030658e+01
-1.628725846608479699e+01 -1.022310670216878314e+01
-1.570711294809977154e+01 -9.584831555684408144e+00
-1.554449582099914551e+01 -1.040032196044921875e+01
-1.568419075012207031e+01 -1.029927444458007812e+01
-1.530470418930053711e+01 -1.019639110565185547e+01
-1.589431460698445697e+01 -9.827310244242349668e+00
-1.589080500602722168e+01 -1.030228646596272846e+01
-1.642648673057556152e+01 -9.987455368041992188e+00
-1.629575355847676477e+01 -1.009489059448242188e+01
-1.587404719988504986e+01 -1.026772054036458393e+01
-1.579518191019693951e+01 -1.140509986877441406e+01
-1.559834551811218262e+01 -9.567908287048339844e+00
-1.605074795087178430e+01 -1.136971028645833393e+01
-1.642989730834960938e+01 -1.057987944285074811e+01
-1.602844500541687012e+01 -9.699376742045084043e+00
-1.535709842046101947e+01 -1.060910161336263080e+01
-1.512349168459574322e+01 -1.079230213165283203e+01
-1.554519470532735248e+01 -1.066362285614013672e+01
-1.633942556381225586e+01 -1.044371795654296875e+01
-1.638488443692525109e+01 -1.057457129160563092e+01
-1.573387090365091900e+01 -1.019591267903645893e+01
-1.484689831733703613e+01 -9.580476125081380800e+00
-1.540278887748718262e+01 -9.118337949117025332e+00
-1.524342608451843262e+01 -1.085027186075846295e+01
-1.568999624252319336e+01 -1.053010749816894531e+01
-1.470995521545410156e+01 -1.044978396097818951e+01
-1.588493188222249408e+01 -1.137262217203775982e+01
-1.588821554183959961e+01 -9.854957262674966856e+00
-1.668161678314208984e+01 -1.142470741271972656e+01
-1.704723358154296875e+01 -1.000940291086832623e+01
-1.567797867457071881e+01 -1.100294526418050189e+01
-1.609328889846801758e+01 -1.077824624379475971e+01
-1.675868463516235352e+01 -1.026408418019612689e+01
-1.650476066271464148e+01 -1.027703825632731061e+01
-1.689101616541544715e+01 -1.134916655222574811e+01
-1.605931607882181922e+01 -9.841125806172689394e+00
-1.458250967661539654e+01 -1.108399613698323627e+01
-1.613859653472900391e+01 -1.053721205393473248e+01
-1.601373227437337121e+01 -1.002510197957356830e+01
-1.589211543401082416e+01 -1.061787923177083393e+01
-1.602550323804219445e+01 -9.085373560587564512e+00
-1.622710299491882324e+01 -9.694812774658203125e+00
-1.634928965568542480e+01 -1.057319259643554688e+01
-1.736273034413655481e+01 -1.137556934356689453e+01
-1.650360035896301270e+01 -9.338850339253744082e+00
-1.641094128290812293e+01 -1.021059926350911518e+01
-1.616713666915893555e+01 -1.023955472310384174e+01
-1.647576777140299598e+01 -9.850977261861165957e+00
-1.586209615071614643e+01 -1.017173639933268170e+01
-1.505935009320577045e+01 -9.182931741078695254e+00
-1.551455553372701068e+01 -1.020659065246582031e+01
-1.679338566462199012e+01 -1.087573528289794922e+01
-1.655360396703084191e+01 -9.781369209289550781e+00
-1.514255730311075787e+01 -1.100256824493408203e+01
-1.649318710962931434e+01 -1.205196539560953717e+01
-1.687445759773254395e+01 -1.099213473002115826e+01
-1.612878600756327430e+01 -1.011393070220947266e+01
-1.586609474817911725e+01 -9.782733599344888731e+00
-1.711853059132893762e+01 -9.525336265563964844e+00
-1.589211122194925885e+01 -1.000799624125162701e+01
-1.719069449106852332e+01 -9.933704376220703125e+00
-1.728732085227966309e+01 -1.010018507639566998e+01
-1.716320602099100867e+01 -9.779485384623209043e+00
-1.608336337407429895e+01 -9.650998115539550781e+00
-1.690573048591613770e+01 -9.989291826883951231e+00
-1.764333327611287316e+01 -9.769395510355630918e+00
-1.761069401105244836e+01 -9.833675384521484375e+00
-1.641427699724833289e+01 -9.509786923726400332e+00
-1.705004207293192664e+01 -1.125168196360270123e+01
-1.698178609212239465e+01 -1.041144975026448627e+01
-1.611582732200622559e+01 -9.869175593058267637e+00
-1.656362557411193848e+01 -1.028680992126464844e+01
-1.696710046132405481e+01 -9.559465090433755918e+00
-1.638421789805094519e+01 -9.520408153533935547e+00
-1.498955265680948834e+01 -9.494338671366373106e+00
-1.433653910954793353e+01 -9.778208414713541075e+00
-1.513995321591695209e+01 -1.013130633036295514e+01
-1.635556594530741492e+01 -1.106893094380696674e+01
-1.737845214207967004e+01 -9.717281023661294981e+00
-1.651408910751342773e+01 -1.034357229868570904e+01
-1.683760086695353309e+01 -9.677306811014810606e+00
-1.629396367073059082e+01 -9.727566083272298769e+00
-1.572051906585693359e+01 -9.825170834859212832e+00
-1.591860445340474506e+01 -9.596989313761392637e+00
-1.608339158693949500e+01 -9.543131669362386660e+00
-1.652978388468424598e+01 -1.001139958699544330e+01
-1.743274188041687012e+01 -1.017603651682535748e+01
-1.762509123484293738e+01 -9.891469319661458925e+00
-1.734721628824869910e+01 -1.026649729410807232e+01
-1.780038468043009559e+01 -9.933192253112792969e+00
-1.783390760421752930e+01 -9.275732994079589844e+00
-1.765117232004801551e+01 -9.598600705464681582e+00
-1.758152389526367188e+01 -9.611213684082031250e+00
-1.720080033938090125e+01 -1.114902337392171283e+01
-1.806798966725667199e+01 -1.009842205047607422e+01
-1.689924224217732629e+01 -8.867251396179199219e+00
-1.590612451235453229e+01 -1.014740467071533203e+01
-1.695076036453247070e+01 -9.772447903951009707e+00
-1.741329081853230676e+01 -9.816408475240072207e+00
-1.796799325942993164e+01 -9.954226493835449219e+00
-1.714050420125325402e+01 -9.457593441009521484e+00
-1.656957236925761023e+01 -1.027569357554117779e+01
-1.663513668378194055e+01 -9.896455764770507812e+00
-1.748512840270996094e+01 -9.936789194742837950e+00
-1.742450984319050988e+01 -9.762660980224609375e+00
-1.746018989880879602e+01 -9.962137222290039062e+00
-1.687495899200439453e+01 -9.264766057332357363e+00
-1.805355906486511230e+01 -9.747450828552246094e+00
-1.730459547042846680e+01 -1.045010948181152344e+01
-1.727439141273498535e+01 -1.066779867808024029e+01
-1.788256994883219519e+01 -1.000528144836425781e+01
-1.824123064676920691e+01 -9.406245231628417969e+00
-1.806372292836507043e+01 -9.464129447937011719e+00
-1.777972571055094519e+01 -1.091454696655273438e+01
-1.697709647814432898e+01 -9.785653432210287050e+00
-1.723695659637451172e+01 -9.483547528584798769e+00
-1.559656111399332623e+01 -1.018788496653238873e+01
-1.721285510063171387e+01 -1.016802978515625000e+01
-1.737022852897644043e+01 -9.775650978088378906e+00
-1.816343768437703332e+01 -9.470827102661132812e+00
-1.811422840754191199e+01 -1.090721511840820312e+01
-1.849801667531331262e+01 -9.227751731872558594e+00
-1.738791918754577637e+01 -9.878311793009439512e+00
-1.575282621383666992e+01 -1.008455340067545514e+01
-1.768640613555908203e+01 -9.929954528808593750e+00
-1.769485052426655969e+01 -9.668730417887369200e+00
-1.722731304168701172e+01 -1.088431040445963482e+01
-1.778908697764078894e+01 -1.059476089477539062e+01
-1.782818714777628699e+01 -9.849211692810058594e+00
-1.787194236119588098e+01 -9.427237510681152344e+00
-1.752003749211629113e+01 -1.153538417816162109e+01
-1.807170565923054895e+01 -9.716162045796712832e+00
-1.845875406265258789e+01 -1.009140523274739643e+01
-1.780842971801757812e+01 -9.561259269714355469e+00
-1.781955782572428504e+01 -8.647778193155923887e+00
-1.615306941668192664e+01 -1.092860126495361328e+01
-1.718591554959614953e+01 -9.969109853108724550e+00
-1.687623588244120398e+01 -1.021063264211018939e+01
-1.859889554977416992e+01 -9.937889099121093750e+00
-1.859925524393717566e+01 -9.371596018473306700e+00
-1.882158501942952356e+01 -9.517720858256021543e+00
-1.787878433863322059e+01 -9.948663711547851562e+00
-1.810568904876708984e+01 -9.826335271199544863e+00
-1.772903513908386230e+01 -1.024347941080729107e+01
-1.810236756006876746e+01 -9.672393163045247988e+00
-1.800577529271443566e+01 -1.050696849822998047e+01
-1.847797139485676965e+01 -9.529670397440591856e+00
-1.776623471577962121e+01 -9.721427281697591738e+00
-1.830786418914794922e+01 -1.025272878011067768e+01
-1.861232312520344934e+01 -1.095288658142089844e+01
-1.757618935902913293e+01 -9.519125302632650332e+00
-1.820298798878987512e+01 -9.752038955688476562e+00
-1.818889125188191613e+01 -9.853315989176431700e+00
-1.751381071408589563e+01 -9.690430641174316406e+00
-1.770258188247680664e+01 -1.053931299845377545e+01
-1.822652196884155273e+01 -9.845006306966146425e+00
-1.782184791564941406e+01 -9.529342969258626894e+00
-1.787339886029561242e+01 -1.007567691802978516e+01
-1.852385298411051551e+01 -1.009403228759765625e+01
-1.773874187469482422e+01 -1.106357765197753906e+01
-1.842234913508097449e+01 -1.037464968363443951e+01
-1.824598868687947473e+01 -8.957804361979166075e+00
-1.821504131952921668e+01 -9.718300183614095644e+00
-1.842987839380900184e+01 -1.006786950429280658e+01
-1.817399136225382605e+01 -1.021066665649414062e+01
-1.875636927286783973e+01 -9.526234626770019531e+00
-1.830351432164509973e+01 -1.008415031433105469e+01
-1.875285466512044152e+01 -9.517652193705240293e+00
-1.871920172373453894e+01 -9.362519582112630800e+00
-1.878259134292602539e+01 -9.771684010823568300e+00
-1.815063381195068359e+01 -1.055554707845052143e+01
-1.808464272816975793e+01 -1.027236874898274799e+01
-1.785440397262573242e+01 -9.342365900675455137e+00
-1.837173461914062500e+01 -9.413719813028970762e+00
-1.871494595209757605e+01 -1.020018736521402936e+01
-1.772709671656290809e+01 -9.803900082906087832e+00
-1.815357812245686731e+01 -1.035271358489990234e+01
-1.784992074966430664e+01 -9.867298762003580137e+00
-1.836801656087239465e+01 -1.046345965067545514e+01
-1.869330771764119348e+01 -9.857951164245605469e+00
-1.812294936180114746e+01 -9.681213378906250000e+00
-1.888736009597778320e+01 -1.020381641387939453e+01
-1.732537412643432617e+01 -1.109739780426025391e+01
-1.729196270306904992e+01 -1.022549756368001361e+01
-1.887551148732503137e+01 -9.448206106821695371e+00
-1.905553595225016394e+01 -9.339053948720296816e+00
-1.896288426717122277e+01 -1.011584440867106061e+01
-1.856308428446451941e+01 -9.626966794331869082e+00
-1.709842411677042762e+01 -9.101399421691894531e+00
-1.833090082804362098e+01 -1.037155469258626361e+01
-1.897649478912353516e+01 -9.526638348897298769e+00
-1.877365732192993164e+01 -9.200780709584554629e+00
-1.939982159932454309e+01 -9.996010144551595644e+00
-1.890139897664387902e+01 -9.440542538960775332e+00
-1.836242771148681641e+01 -9.952180862426757812e+00
-1.784693853060404578e+01 -1.080418141682942768e+01
-1.895535723368326941e+01 -9.730990091959634825e+00
-1.865733671188354492e+01 -1.047503423690795898e+01
-1.812886889775593957e+01 -9.941878318786621094e+00
-1.878788280487060547e+01 -9.370845794677734375e+00
-1.894754934310913086e+01 -1.018983968098958393e+01
-1.907252327601115027e+01 -1.076042652130126953e+01
-1.912938181559244910e+01 -1.117783482869466205e+01
-1.851264476776123047e+01 -1.033345667521158795e+01
-1.903304751714070520e+01 -9.682773907979330019e+00
-1.940519841512044152e+01 -9.254513422648111387e+00
-1.833321571350097656e+01 -9.703714688618978457e+00
-1.834521897633870324e+01 -9.766761779785156250e+00
-1.846311855316162109e+01 -9.557557741800943418e+00
-1.896391932169596473e+01 -9.997687975565591856e+00
-1.940780305862426758e+01 -9.125059445699056582e+00
-1.909532054265340051e+01 -1.031041336059570312e+01
-1.933053477605183801e+01 -1.000114472707112689e+01
-1.930425930023193359e+01 -9.959280490875244141e+00
-1.839042377471923828e+01 -9.664356231689453125e+00
-1.898794174194335938e+01 -9.847966194152832031e+00
-1.920010439554850379e+01 -1.042710145314534564e+01
-1.881414906183878699e+01 -1.084520912170410156e+01
-1.870256916681925574e+01 -1.001983642578125000e+01
-1.789765310287475586e+01 -9.775952339172363281e+00
-1.678967118263244629e+01 -1.023586018880208393e+01
-1.884354845682780066e+01 -1.092336463928222656e+01
-1.953913195927937707e+01 -1.079779752095540424e+01
-1.908355665206909180e+01 -9.868501663208007812e+00
-1.978251695632934570e+01 -9.542611757914224668e+00
-1.915215492248535156e+01 -9.765329996744791075e+00
-1.934222904841105262e+01 -9.675624847412109375e+00
-1.968994172414143762e+01 -9.639345010121664004e+00
-1.957613897323608398e+01 -1.074951712290445904e+01
-1.976564598083496094e+01 -9.477004686991373106e+00
-1.971394999821980676e+01 -1.006502755482991596e+01
-1.843503983815510949e+01 -1.010976664225260357e+01
-1.908014472325642785e+01 -1.016568374633789062e+01
-1.886748472849528113e+01 -1.010781987508138080e+01
-1.903788423538208008e+01 -9.931594530741373106e+00
-1.976523462931315223e+01 -9.060895284016927675e+00
-1.911940749486287316e+01 -9.555399576822916075e+00
-2.005695645014445105e+01 -1.011293919881184955e+01
-1.964084974924723426e+01 -9.194120883941650391e+00
-1.825053866704304895e+01 -9.474615097045898438e+00
-1.840943916638692102e+01 -1.030039914449056049e+01
-1.925906801223754883e+01 -9.431727727254232363e+00
-1.890195528666178504e+01 -1.015347226460774799e+01
-1.830190515518188477e+01 -1.033515993754068951e+01
-1.867458216349283973e+01 -1.086105871200561523e+01
-1.917567125956217566e+01 -9.821622212727865175e+00
-1.889035447438557824e+01 -9.457487106323242188e+00
-1.819485362370808801e+01 -9.747109413146972656e+00
-1.963063955307006836e+01 -9.456940015157064394e+00
-1.966562636693318566e+01 -9.307849884033203125e+00
-1.871948989232381066e+01 -1.131406879425048828e+01
-1.766500870386759559e+01 -1.065677388509114643e+01
-1.858920001983642578e+01 -1.017327849070231061e+01
-2.014098119735717773e+01 -1.139245573679606061e+01
-1.931846443812052527e+01 -9.310522397359212832e+00
-1.935337098439534387e+01 -9.608369191487630800e+00
-1.976841735839843750e+01 -9.460861841837564512e+00
-2.000253852208455285e+01 -9.544409751892089844e+00
-2.005983130137125769e+01 -9.668365796407064394e+00
-1.961077674229939660e+01 -9.401894887288412050e+00
-1.947658729553222656e+01 -1.000884691874186139e+01
-1.903353150685628137e+01 -9.591982523600259825e+00
-1.873204199473063269e+01 -9.502806027730306582e+00
-1.908536561330159387e+01 -9.782978375752767519e+00
-1.851001071929931641e+01 -9.534118652343750000e+00
-1.752107055981953820e+01 -1.013434346516927143e+01
-1.941052516301472863e+01 -1.087060864766438861e+01
-1.980141878128051758e+01 -9.478956858317056700e+00
-1.910233545303344727e+01 -9.434688886006673769e+00
-1.932313489913940430e+01 -9.367219607035318418e+00
-1.930906438827514648e+01 -9.183691342671712832e+00
-1.883152023951212684e+01 -9.981857458750406309e+00
-1.820041465759277344e+01 -1.085747241973876953e+01
-1.834990795453389367e+01 -9.905380884806314512e+00
-2.025435018539428711e+01 -9.146389007568359375e+00
-1.976806624730427941e+01 -9.796425183614095644e+00
-1.988330284754435340e+01 -1.006329409281412701e+01
-1.924771356582641602e+01 -8.906638463338216738e+00
-1.935722494125366211e+01 -9.969827969868978457e+00
-1.962660582860310754e+01 -8.757149060567220644e+00
-1.744346006711323938e+01 -9.407433509826660156e+00
-1.887671407063801965e+01 -1.062970066070556641e+01
-1.992934385935465613e+01 -9.700764338175455137e+00
-2.020295747121175012e+01 -9.420088768005371094e+00
-1.971290477116902551e+01 -9.861047108968099550e+00
-1.989286645253499231e+01 -8.963401158650716738e+00
-1.844118769963582238e+01 -9.432484626770019531e+00
-1.942533318201700965e+01 -8.847209294637044863e+00
-2.021735207239786902e+01 -1.007917022705078125e+01
-1.868665313720703125e+01 -1.019206460316975971e+01
-2.031019083658854285e+01 -9.372893333435058594e+00
-2.057947953542073449e+01 -1.093208185831705670e+01
-2.016706705093383789e+01 -9.865722020467122988e+00
-1.941583474477132043e+01 -9.154616355895996094e+00
-1.824045817057291785e+01 -9.998582839965820312e+00
-1.900958776473999023e+01 -1.041207154591878314e+01
-1.894787549972534180e+01 -1.059774112701416016e+01
-1.994881614049275598e+01 -9.974232673645019531e+00
-1.953946654001871863e+01 -1.119319534301757812e+01
-1.862554931640625000e+01 -1.227282285690307617e+01
-1.727243804931640625e+01 -1.088738822937011719e+01
-1.785816891988118371e+01 -9.846830050150552793e+00
-1.948817110061645508e+01 -9.661430040995279356e+00
-2.025228404998779297e+01 -9.531981309254964785e+00
-1.923513356844584266e+01 -1.054819838205973248e+01
-1.925944089889526367e+01 -9.211310068766275450e+00
-2.042418289184570312e+01 -9.726809183756509825e+00
-2.026304244995117188e+01 -9.921679814656576113e+00
-2.089114220937092981e+01 -9.930345217386880918e+00
-1.911647764841715613e+01 -9.485230445861816406e+00
-1.962658659617106238e+01 -9.670749028523763613e+00
-2.083648904164632043e+01 -9.197527249654134707e+00
-1.917226068178812781e+01 -9.221861521402994200e+00
-1.937984641393025598e+01 -1.090944035847981830e+01
-2.031127134958903113e+01 -9.683856010437011719e+00
-2.044254541397094727e+01 -9.886958440144857363e+00
-2.068244202931721887e+01 -9.410631656646728516e+00
-1.965210978190104285e+01 -1.075548807779947857e+01
-2.015454292297363281e+01 -9.052158514658609434e+00
-1.893961826960245887e+01 -9.463463783264160156e+00
-1.925898742675781250e+01 -9.202364603678384825e+00
-2.076607974370320520e+01 -9.910107930501302675e+00
-2.019271771113077918e+01 -1.015836207071940045e+01
-1.975696865717570105e+01 -9.264616966247558594e+00
-1.930118894577026367e+01 -9.746935208638509707e+00
-1.782296959559122840e+01 -9.171503702799478575e+00
-1.830738433202107629e+01 -9.594403266906738281e+00
-1.929703919092814246e+01 -1.045574283599853516e+01
-2.037373018264770508e+01 -1.053637091318766217e+01
-2.086813084284464637e+01 -9.230216979980468750e+00
-2.120123704274495324e+01 -1.018355846405029297e+01
-2.118992487589518348e+01 -1.001813030242919922e+01
-2.003566503524780273e+01 -9.536720275878906250e+00
-2.002148389816284180e+01 -9.570891380310058594e+00
-1.896150938669840613e+01 -9.858691533406576113e+00
-1.959269173940022668e+01 -9.617887179056802793e+00
-2.018928241729736328e+01 -1.020647239685058594e+01
-2.041974369684855262e+01 -1.106013647715250592e+01
-2.092699146270751953e+01 -9.162334760030111269e+00
-2.047911564509074012e+01 -9.977481842041015625e+00
-2.113257678349812707e+01 -9.203761100769042969e+00
-2.060559161504109582e+01 -9.190547943115234375e+00
-1.926998527844746789e+01 -9.382962544759115175e+00
-1.857370082537333289e+01 -9.943076451619466738e+00
-2.006413602828979492e+01 -9.680222511291503906e+00
-2.020987764994303504e+01 -9.700160344441732363e+00
-2.085894425710042199e+01 -9.057420094807943300e+00
-2.116672547658284387e+01 -1.017241414388020893e+01
-2.041973225275675574e+01 -9.095214525858560606e+00
-1.932525444030761719e+01 -9.447628657023111387e+00
-1.917319822311401367e+01 -9.386378924051919981e+00
-1.852209711074829102e+01 -9.291418711344400450e+00
-1.797101434071858606e+01 -8.423824628194173769e+00
-1.871799429257710656e+01 -1.001435279846191406e+01
-1.937565716107686242e+01 -9.861543019612630800e+00
-1.983198563257853309e+01 -9.439740498860677675e+00
-2.009845447540283203e+01 -1.108052635192871094e+01
-2.108411757151285926e+01 -8.616718292236328125e+00
-1.935257832209269324e+01 -9.382800738016763731e+00
-1.977521832784016809e+01 -9.362587610880533262e+00
-2.077529366811116418e+01 -9.509888013203939394e+00
-2.096201213200886926e+01 -1.025285339355468750e+01
-2.021764389673868934e+01 -9.305993080139160156e+00
-2.021618270874023438e+01 -1.104068215688069721e+01
-2.103626902898152551e+01 -9.670575459798177675e+00
-2.113391431172688684e+01 -9.366667111714681582e+00
-2.120657459894816199e+01 -9.053051630655923887e+00
-2.084336662292480469e+01 -9.017863432566324278e+00
-2.120544878641764441e+01 -9.867861429850259825e+00
-2.095535786946614465e+01 -9.490348815917968750e+00
-2.040032068888346473e+01 -1.079538377126058002e+01
-1.918532737096150598e+01 -8.328027566274007754e+00
-1.899128325780232629e+01 -9.052401701609293028e+00
-1.838629198074340820e+01 -9.234338760375976562e+00
-1.984938987096150598e+01 -9.772928555806478457e+00
-2.068059428532918176e+01 -9.565586090087890625e+00
-2.060419956843058387e+01 -9.850645701090494200e+00
-2.105695931116740027e+01 -9.728176752726236387e+00
-2.014837869008382043e+01 -9.275678634643554688e+00
-1.999979035059611121e+01 -1.061968612670898438e+01
-2.113354237874348840e+01 -8.982152620951334043e+00
-2.043362458546956262e+01 -9.332436243693033262e+00
-2.069567553202311316e+01 -9.017202695210775332e+00
-2.108764584859212121e+01 -9.531101862589517637e+00
-2.101971864700317383e+01 -9.694145202636718750e+00
-2.021591790517171106e+01 -9.404406229654947325e+00
-1.946526034673054895e+01 -1.027491982777913471e+01
-2.095933087666829309e+01 -9.083057721455892519e+00
-2.050330654780070105e+01 -8.990058263142904238e+00
-1.907591406504313269e+01 -8.958721160888671875e+00
-1.910583877563476562e+01 -8.733737945556640625e+00
-1.919959735870361328e+01 -9.585330963134765625e+00
-2.106438287099202356e+01 -9.966355959574380918e+00
-2.155477142333984375e+01 -9.189827601114908262e+00
-2.038211361567179480e+01 -8.861508051554361387e+00
-1.890141995747883996e+01 -9.219574292500814394e+00
-2.027763128280639648e+01 -9.255321184794107481e+00
-2.004177920023600379e+01 -9.590104738871255918e+00
-1.969439419110615930e+01 -9.721649487813314394e+00
-2.107918357849121094e+01 -9.407629330952962832e+00
-2.034482781092325965e+01 -9.533730824788412050e+00
-2.048779567082722863e+01 -8.982573986053466797e+00
-2.001819992065429688e+01 -9.867751439412435488e+00
-1.874434328079223633e+01 -9.454160372416177793e+00
-2.052820920944213867e+01 -9.296937306722005800e+00
-2.018650563557942590e+01 -9.127471923828125000e+00
-2.089001846313476562e+01 -9.892636934916177793e+00
-2.144388469060261926e+01 -9.827769279479980469e+00
-2.105376895268758020e+01 -9.587683677673339844e+00
-2.035582701365153113e+01 -8.919589996337890625e+00
-1.934067742029825965e+01 -9.005076090494791075e+00
-1.985749737421671668e+01 -9.513392130533853575e+00
-1.995085604985554895e+01 -9.849933624267578125e+00
-2.044188626607258996e+01 -9.820513407389322325e+00
-2.066372013092041016e+01 -9.924929618835449219e+00
-2.179794867833455285e+01 -9.351201057434082031e+00
-2.048269287745157996e+01 -9.369543711344400450e+00
-2.114722156524658203e+01 -9.350324948628744082e+00
-2.021189928054809570e+01 -1.013150533040364643e+01
-1.760611073176066199e+01 -9.961004892985025450e+00
-2.001430241266886512e+01 -9.600105921427408262e+00
-2.067144759496052941e+01 -9.397748311360677675e+00
-2.016342433293660363e+01 -1.027323722839355469e+01
-2.101508824030558387e+01 -9.601193428039550781e+00
-2.125586144129435340e+01 -8.935851414998372988e+00
-2.023995510737101355e+01 -9.101172447204589844e+00
-1.992553393046061316e+01 -9.267981847127279238e+00
-2.051221307118733606e+01 -9.167605400085449219e+00
-1.964563115437825402e+01 -9.285028139750162168e+00
-1.954173199335734168e+01 -1.080251121520996094e+01
-2.037374528249104699e+01 -1.038698546091715436e+01
-2.017262538274129113e+01 -9.578438123067220644e+00
-2.083756113052368164e+01 -9.982268651326497988e+00
-2.103084961573282996e+01 -9.625977516174316406e+00
-2.150567897160847863e+01 -9.256901741027832031e+00
-2.068904813130696496e+01 -9.228523572285970644e+00
-2.076302369435628137e+01 -9.152578671773275332e+00
-2.128721491495768348e+01 -9.330430030822753906e+00
-2.111839405695597449e+01 -8.993731816609701113e+00
-2.171540133158366004e+01 -9.093976974487304688e+00
-2.072748311360676965e+01 -9.502032279968261719e+00
-2.097202491760253906e+01 -8.917935371398925781e+00
-2.046871074040730676e+01 -9.307362874348958925e+00
-2.152678664525349816e+01 -9.828336079915365175e+00
-2.178367567062377930e+01 -8.922644297281900450e+00
-2.159121847152709961e+01 -8.942050298055013613e+00
-2.007649707794189453e+01 -8.811675389607747988e+00
-1.951141246159871301e+01 -9.071172714233398438e+00
-1.876803843180338660e+01 -9.831513722737630800e+00
-1.847978798548380652e+01 -1.002519543965657611e+01
-2.092115561167399207e+01 -1.002601798375447650e+01
-2.148739147186279297e+01 -9.032341003417968750e+00
-2.233972326914469519e+01 -1.009813976287841797e+01
-2.180840969085693359e+01 -9.117456754048665957e+00
-2.142988586425781250e+01 -1.023691749572753906e+01
-2.146336889266967773e+01 -1.032076199849446674e+01
-2.073185253143310547e+01 -1.019362290700276752e+01
-2.158491802215576172e+01 -9.011290073394775391e+00
-2.215802399317423621e+01 -9.319397608439127012e+00
-2.146763785680134973e+01 -8.961600144704183535e+00
-2.079467439651489258e+01 -9.650135358174642519e+00
-2.044872760772705078e+01 -9.988974253336587950e+00
-2.047489182154337684e+01 -9.574731826782226562e+00
-2.050781051317850867e+01 -9.546689351399740175e+00
-2.055293369293212891e+01 -9.776180585225423769e+00
-2.045099369684855262e+01 -9.610644022623697325e+00
-2.113310813903808594e+01 -9.009429931640625000e+00
-2.202673451105753699e+01 -8.534803390502929688e+00
-2.071588214238484582e+01 -9.051555315653482481e+00
-1.897456661860148230e+01 -9.606821060180664062e+00
-1.961906894048054895e+01 -9.931587219238281250e+00
-2.043026908238728723e+01 -9.020259539286294981e+00
-2.106112988789876184e+01 -8.939216136932373047e+00
-2.200037717819213867e+01 -9.421884854634603457e+00
-2.243092648188273230e+01 -1.050890827178955078e+01
-2.246749544143676758e+01 -8.996945381164550781e+00
-2.199290704727172852e+01 -9.584075291951497988e+00
-2.193978738784790039e+01 -9.811534563700357481e+00
-2.191890001296997070e+01 -9.003140608469644590e+00
-2.180265410741170129e+01 -9.516741752624511719e+00
-2.184827963511149207e+01 -9.754249890645345644e+00
-2.117252969741821289e+01 -9.884899457295736269e+00
-2.094274139404296875e+01 -8.581544240315755800e+00
-2.082911380132039270e+01 -9.027494112650552793e+00
-2.182757663726806641e+01 -8.805510361989339785e+00
-2.191062482198079309e+01 -8.361838340759277344e+00
-2.068308560053507605e+01 -8.871836344401041075e+00
-2.091071367263793945e+01 -8.691141128540039062e+00
-2.215734847386677941e+01 -9.090615908304849668e+00
-2.148789310455322266e+01 -9.492870648701986269e+00
-1.911202351252238074e+01 -8.049177010854085879e+00
-2.014842669169108191e+01 -9.744618733723958925e+00
-2.106320095062255859e+01 -8.983245213826497988e+00
-2.179436683654785156e+01 -9.587686856587728457e+00
-2.152899837493896484e+01 -8.696641604105630918e+00
-2.066751257578532019e+01 -8.673414548238119082e+00
-1.944333267211914062e+01 -8.878117561340332031e+00
-2.109728701909383020e+01 -9.196228981018066406e+00
-2.082872597376505652e+01 -9.763318061828613281e+00
-2.134612989425659180e+01 -9.269151051839193300e+00
-2.075842173894246301e+01 -9.493571758270263672e+00
-2.209266408284505090e+01 -8.979961077372232481e+00
-2.240323416392008582e+01 -1.217591365178426166e+01
-2.214774433771769324e+01 -9.293174425760904356e+00
-2.180720138549804688e+01 -8.791596730550130800e+00
-2.081325944264729699e+01 -9.178130149841308594e+00
-2.140584595998128137e+01 -9.490547180175781250e+00
-2.244651285807291785e+01 -8.844115734100341797e+00
-2.218318589528401574e+01 -9.165211518605550722e+00
-2.221233193079630652e+01 -8.651243845621744200e+00
-2.216536188125610352e+01 -8.790879567464193300e+00
-2.082111771901448449e+01 -9.452614625295003847e+00
-2.101935990651448449e+01 -9.138963222503662109e+00
-2.163051923116048059e+01 -1.007405058542887311e+01
-2.095493904749552527e+01 -8.672700405120849609e+00
-2.122955703735351562e+01 -9.190359433492025332e+00
-2.160036945343017578e+01 -8.871873537699380918e+00
-2.111617755889892578e+01 -9.359082539876302675e+00
-2.093066517512003699e+01 -9.072446823120117188e+00
-2.105154689153035363e+01 -8.927064577738443418e+00
-2.112799851099650184e+01 -9.225067933400472597e+00
-2.082158025105794152e+01 -8.763284683227539062e+00
-2.098454268773396691e+01 -9.756373723347982363e+00
-2.177837642033894738e+01 -9.321239153544107481e+00
-2.202643903096516809e+01 -9.596150239308675722e+00
-2.240522940953572473e+01 -9.017402966817220644e+00
-2.266045093536376953e+01 -9.051777203877767519e+00
-2.220821110407511512e+01 -1.031484858194986920e+01
-2.132498391469319543e+01 -9.633524576822916075e+00
-2.279795694351196289e+01 -8.718200842539468809e+00
-2.238411998748779297e+01 -9.469251314798990293e+00
-2.176921844482421875e+01 -1.002096366882324219e+01
-2.204899565378824988e+01 -9.080469926198324160e+00
-2.151111253102620324e+01 -8.512492656707763672e+00
-1.898583110173543176e+01 -9.348021507263183594e+00
-1.995101483662923059e+01 -1.020603497823079486e+01
-2.018160104751586914e+01 -9.360281308492025332e+00
-2.225577863057454309e+01 -1.004314215977986713e+01
-2.166871515909830848e+01 -9.551929155985513731e+00
-2.228708728154500207e+01 -9.271633783976236387e+00
-2.213701725006103516e+01 -8.764440854390462832e+00
-2.209920962651570520e+01 -9.606887976328531309e+00
-2.213755146662394324e+01 -9.347105979919433594e+00
-2.171781730651855469e+01 -9.759458223978677793e+00
-2.236208279927571496e+01 -9.019786516825357481e+00
-2.312245686848958215e+01 -9.675734043121337891e+00
-2.247562042872111121e+01 -8.930409749348958925e+00
-2.160473918914794922e+01 -8.532463232676187559e+00
-2.051822264989217004e+01 -9.270425637563070254e+00
-2.138059536616007605e+01 -9.801977157592773438e+00
-2.189609336853027344e+01 -8.964844703674316406e+00
-2.178702465693156043e+01 -8.865938504536947207e+00
-2.278410768508911133e+01 -8.745691140492757754e+00
-2.268853616714477539e+01 -9.309389750162759825e+00
-2.260927629470825195e+01 -9.965795199076334043e+00
-2.077676773071289062e+01 -9.184201558430990175e+00
-2.153261423110961914e+01 -9.223222096761068300e+00
-2.153732188542683801e+01 -9.149580001831054688e+00
-2.140430545806884766e+01 -9.102143605550130800e+00
-2.089557154973347863e+01 -8.819747606913248106e+00
-2.227139870325724402e+01 -9.031054178873697325e+00
-2.230324776967366418e+01 -9.694449742635091738e+00
-2.267324876785278320e+01 -9.147433757781982422e+00
-2.225076039632161340e+01 -9.437843799591064453e+00
-2.186333688100178918e+01 -9.761354764302572207e+00
-2.103050549825032434e+01 -8.688885052998861269e+00
-2.174925374984741211e+01 -9.566563447316488222e+00
-2.184196758270263672e+01 -9.190470377604166075e+00
-2.248653125762939453e+01 -8.799075444539388613e+00
-2.243956089019775391e+01 -8.449853579203287168e+00
-2.228168137868245324e+01 -9.140399932861328125e+00
-2.175989278157551965e+01 -9.031884511311849550e+00
-1.936602266629536828e+01 -9.033974647521972656e+00
-2.117219257354736328e+01 -8.964204311370849609e+00
-2.242840433120727539e+01 -1.000832700729370117e+01
-2.248157342274983606e+01 -9.607850392659505800e+00
-2.248106257120768348e+01 -8.740213394165039062e+00
-2.078331549962361535e+01 -9.171270052591959043e+00
-2.222824621200561523e+01 -1.024746481577555279e+01
-2.188875548044840613e+01 -9.523444016774496035e+00
-2.123983558019002160e+01 -9.460448265075683594e+00
-2.143849833806355676e+01 -9.679083665211996035e+00
-2.116427501042683801e+01 -9.621065139770507812e+00
-2.147778685887654504e+01 -8.559518019358316465e+00
-2.144611056645711145e+01 -9.586409568786621094e+00
-2.255189275741577148e+01 -8.882768630981445312e+00
-2.202788003285725793e+01 -1.093862724304199219e+01
-2.248983017603556434e+01 -9.409149805704752012e+00
-2.203264045715332031e+01 -1.032249561945597272e+01
-2.295245345433552941e+01 -8.611246109008789062e+00
-2.304660113652547082e+01 -9.493718942006429629e+00
-2.283790795008341590e+01 -8.582763036092122988e+00
-2.311783599853515625e+01 -9.154381752014160156e+00
-2.310345172882080078e+01 -9.526586373647054629e+00
-2.183937040964762488e+01 -8.921335856119791075e+00
-2.222744401295979699e+01 -9.624125798543294863e+00
-2.209875408808390418e+01 -9.017961184183755918e+00
-2.225710693995157996e+01 -8.704452673594156309e+00
-2.226527070999145508e+01 -8.637042681376138731e+00
-2.260806083679199219e+01 -9.336859067281087832e+00
-2.285795497894287109e+01 -8.755567868550619082e+00
-2.097213379542032996e+01 -9.503213564554849668e+00
-2.182123851776123047e+01 -1.079357210795084576e+01
-2.246431573232014856e+01 -9.011337757110595703e+00
-2.247075875600178918e+01 -9.307064374287923769e+00
-2.226941553751627723e+01 -8.943982124328613281e+00
-2.282973194122314453e+01 -8.379871368408203125e+00
-2.192215188344319543e+01 -9.620618184407552675e+00
-2.302335993448893348e+01 -8.684588750203451113e+00
-2.285852066675822059e+01 -9.405696233113607363e+00
-2.157944313685099402e+01 -8.582739512125650450e+00
-2.200128253300984582e+01 -9.354022661844888731e+00
-2.231480312347412109e+01 -9.510920206705728575e+00
-2.121952374776204309e+01 -9.697179794311523438e+00
-2.205098708470662316e+01 -9.643286387125650450e+00
-2.289721488952636719e+01 -8.710827191670736269e+00
-2.202046680450439453e+01 -9.166671435038248106e+00
-2.348327128092448035e+01 -9.106129328409830137e+00
-2.300945901870727539e+01 -9.749723752339681582e+00
-2.226320091883341590e+01 -9.337384541829427675e+00
-2.155981079737345496e+01 -7.988787651062011719e+00
-1.875513346989949426e+01 -9.425375620524087950e+00
-2.099728361765543738e+01 -9.111333211263021425e+00
-2.216282367706298828e+01 -9.005370775858560606e+00
-2.152895259857177734e+01 -8.726751963297525450e+00
-2.203346395492553711e+01 -9.294651349385580019e+00
-2.232893196741740027e+01 -9.955180168151855469e+00
-2.151561419169108191e+01 -9.561668395996093750e+00
-2.011441755294799805e+01 -9.028558095296224550e+00
-2.077537775039672852e+01 -1.019442176818847656e+01
-2.207361491521199426e+01 -1.086625862121582031e+01
-2.231829579671223840e+01 -8.996218999226888613e+00
-2.103625202178955078e+01 -8.916635831197103457e+00
-2.124198087056477746e+01 -8.317736943562826113e+00
-2.133580160140991211e+01 -8.835844675699869200e+00
-2.353956397374470910e+01 -9.977154413859048887e+00
-2.336753209431966027e+01 -9.303545792897542910e+00
-2.084517574310302734e+01 -9.316856066385904356e+00
-2.291277631123860559e+01 -9.297328948974609375e+00
-2.237394618988037109e+01 -8.732888539632162050e+00
-2.290402253468831262e+01 -1.006040223439534564e+01
-2.123606967926025391e+01 -9.189244906107584043e+00
-2.183653593063354492e+01 -9.464413960774740175e+00
-2.137250598271687707e+01 -9.101920922597249941e+00
-2.219315497080485144e+01 -9.958057721455892519e+00
-2.245560105641682824e+01 -9.443661371866861387e+00
-2.174611647923787316e+01 -8.817080815633138613e+00
-2.156317965189616004e+01 -9.043920199076334043e+00
-2.180274820327758789e+01 -9.943128585815429688e+00
-2.166232570012410363e+01 -9.037700017293294863e+00
-2.063992849985758582e+01 -9.706889152526855469e+00
-2.120269505182902137e+01 -9.148176829020181700e+00
-2.353911002477009973e+01 -8.950846989949544863e+00
-2.291733805338541785e+01 -9.418867429097494082e+00
-2.295772059758504113e+01 -9.189735412597656250e+00
-2.307863918940226355e+01 -8.578522205352783203e+00
-2.252862628300984582e+01 -8.732646624247232481e+00
-2.079728428522745887e+01 -8.535985628763834043e+00
-2.008369414011637488e+01 -8.775955518086751894e+00
-2.182383791605631629e+01 -1.116086578369140625e+01
-2.246496788660685340e+01 -9.465454419453939394e+00
-2.152464246749877930e+01 -8.597261110941568418e+00
-1.921562782923380652e+01 -9.642418543497720762e+00
-2.057782634099324426e+01 -9.188445727030435606e+00
-2.168474149703979492e+01 -1.042036660512288471e+01
-2.159953308105468750e+01 -1.023650296529134174e+01
-2.289881134033203125e+01 -9.777851104736328125e+00
-2.301501417160034180e+01 -8.591717084248861269e+00
-1.999644915262858191e+01 -8.297795931498209043e+00
-2.129683891932169715e+01 -8.819874127705892519e+00
-2.192855310440063477e+01 -9.448279698689779238e+00
-2.329978911081949988e+01 -1.059810384114583393e+01
-2.320269982020060340e+01 -9.170579910278320312e+00
-2.292006238301594934e+01 -8.533826192220052675e+00
-2.371438105901082238e+01 -9.647858937581380800e+00
-2.289234940210978309e+01 -9.136934598286947207e+00
-2.257512617111206055e+01 -9.150901476542154356e+00
-2.275662326812744141e+01 -9.666568120320638613e+00
-2.344697745641072473e+01 -1.011885182062784772e+01
-2.398272053400675574e+01 -9.151774406433105469e+00
-2.351898845036824426e+01 -9.111794471740722656e+00
-2.376932319005330285e+01 -8.862653096516927675e+00
-2.401711146036783973e+01 -8.947468757629394531e+00
-2.341336933771769324e+01 -9.121547698974609375e+00
-2.344660345713297644e+01 -1.015718507766723633e+01
-2.410268974304199219e+01 -8.860232035319009825e+00
-2.370421457290649414e+01 -9.973047733306884766e+00
-2.272789653142293176e+01 -8.750039736429849668e+00
-2.311213000615437707e+01 -8.685672442118326231e+00
-2.365678930282592773e+01 -8.868906021118164062e+00
-2.314345852533976355e+01 -9.273447831471761660e+00
-2.228273741404215613e+01 -8.817018508911132812e+00
-2.226748689015706262e+01 -8.732517401377359434e+00
-2.078345203399658203e+01 -8.768306414286294981e+00
-2.116082986195882043e+01 -8.474681536356607481e+00
-2.219116051991780481e+01 -8.877921740214029356e+00
-2.171790536244710168e+01 -9.099807421366373106e+00
-2.246837631861368934e+01 -8.903747558593750000e+00
-2.138691139221191406e+01 -9.113446553548177675e+00
-2.173219664891560754e+01 -9.410191218058267637e+00
-2.268255106608073035e+01 -8.627197901407877012e+00
-2.145802863438924035e+01 -9.028188705444335938e+00
-2.145248047510782996e+01 -8.656712849934896425e+00
-2.145810906092325965e+01 -9.542695681254068418e+00
-2.219663969675699988e+01 -8.800771872202554746e+00
-2.117019939422607422e+01 -9.093052546183267637e+00
-2.082136233647664270e+01 -8.466074784596761660e+00
-2.022702646255493164e+01 -9.614034652709960938e+00
-2.186892747879028320e+01 -9.527770837148031191e+00
-2.249972899754842004e+01 -9.344460487365722656e+00
-2.295583057403564453e+01 -9.518082936604818300e+00
-2.290155299504597863e+01 -8.695514678955078125e+00
-2.416486851374308387e+01 -9.843091964721679688e+00
-2.320711310704549035e+01 -9.755925973256429629e+00
-2.354386520385742188e+01 -8.953486442565917969e+00
-2.354358482360839844e+01 -8.887843290964761778e+00
-2.274620072046915809e+01 -9.125976244608560606e+00
-2.412766091028849402e+01 -1.025490427017211914e+01
-2.387770509719848633e+01 -9.043802897135416075e+00
-2.255927181243896484e+01 -8.956909974416097597e+00
-2.263011312484741211e+01 -9.353435675303140684e+00
-2.365442355473836145e+01 -9.104424953460693359e+00
-2.191043345133463660e+01 -8.694354057312011719e+00
-2.311999225616455078e+01 -8.587707678476968809e+00
-2.333339866002400598e+01 -9.484257062276205019e+00
-2.311082712809244910e+01 -9.646194775899251894e+00
-2.351203775405883789e+01 -8.776062329610189394e+00
-2.249153105417887488e+01 -9.642178694407144590e+00
-2.258618100484212121e+01 -9.735453287760416075e+00
-2.056381750106811523e+01 -8.958694458007812500e+00
-2.239929628372192383e+01 -9.510073979695638613e+00
-2.239394124348958215e+01 -9.102448622385660215e+00
-2.169968128204345703e+01 -1.047190380096435547e+01
-2.159773238499959191e+01 -8.831602732340494200e+00
-2.149780352910359582e+01 -9.337635358174642519e+00
-2.199802414576212684e+01 -9.457594871520996094e+00
-2.293157545725504676e+01 -8.734803199768066406e+00
-2.045475180943806848e+01 -9.625287850697835879e+00
-2.192619514465332031e+01 -9.135322570800781250e+00
-2.329440482457478723e+01 -1.020496177673339844e+01
-2.333905776341756066e+01 -8.552646795908609434e+00
-2.323138316472371301e+01 -8.871765772501627012e+00
-2.279162740707397461e+01 -9.119115829467773438e+00
-2.348194885253906250e+01 -9.054105122884115175e+00
-2.380709441502888879e+01 -8.805420557657877012e+00
-2.323296880722045898e+01 -8.578349590301513672e+00
-2.338205130894978723e+01 -1.136628532409667969e+01
-2.356223344802856445e+01 -9.090426445007324219e+00
-2.370255772272745887e+01 -8.864990552266439394e+00
-2.414516194661458215e+01 -8.934235095977783203e+00
-2.326315577824910363e+01 -8.989932696024576231e+00
-2.159034125010172644e+01 -9.300637086232503847e+00
-2.201452302932739258e+01 -8.782808621724447207e+00
-2.202844270070393762e+01 -9.651065349578857422e+00
-2.282762463887532434e+01 -8.427740097045898438e+00
-2.287746079762776574e+01 -8.967228571573892637e+00
-2.227239274978637695e+01 -9.065237363179525332e+00
-2.397225364049275598e+01 -9.120861371358236269e+00
-2.359745883941650391e+01 -8.898262977600097656e+00
-2.302774063746134559e+01 -8.959712346394857363e+00
-2.174665021896362305e+01 -8.496090730031331972e+00
-2.216590197881062707e+01 -8.506098111470540957e+00
-2.225217835108439246e+01 -9.620922406514486269e+00
-2.384940163294474402e+01 -9.013064702351888613e+00
-2.292615302403767785e+01 -8.572762807210287050e+00
-2.147651974360148230e+01 -8.592329978942871094e+00
-2.207879543304443359e+01 -1.000376447041829486e+01
-2.334398682912190637e+01 -8.901483853658040957e+00
-2.336241563161214074e+01 -8.788470904032388731e+00
-2.265887371699015418e+01 -8.596120516459146543e+00
-2.331690963109334191e+01 -9.157770474751790957e+00
-2.198510344823201379e+01 -9.515981674194335938e+00
-2.231883478164672852e+01 -9.429154713948568300e+00
-2.151880200703938684e+01 -8.949033101399740175e+00
-1.794683631261189660e+01 -9.031356016794839903e+00
-2.126686747868855676e+01 -9.808683077494302793e+00
-2.326988426844279090e+01 -1.013383388519287109e+01
-2.452671464284260949e+01 -8.717817465464273496e+00
-2.469108549753824988e+01 -8.407151540120443300e+00
-2.436868890126546106e+01 -8.555800596872964903e+00
-2.424139976501464844e+01 -9.520156065622964903e+00
-2.397969261805216590e+01 -8.665859540303548769e+00
-2.348308706283569336e+01 -8.219594001770019531e+00
-2.233573007583618164e+01 -9.178036689758300781e+00
-2.240577665964762488e+01 -9.003370443979898496e+00
-1.996756712595621863e+01 -8.612709045410156250e+00
-2.244994735717773438e+01 -9.664117018381753965e+00
-2.256392908096313477e+01 -1.019620450337727924e+01
-2.379850832621256629e+01 -9.170555750528970762e+00
-2.338371594746907434e+01 -8.225993474324544863e+00
-2.148079395294189453e+01 -9.671931266784667969e+00
-2.311067883173624793e+01 -8.790821870168050722e+00
-2.325142590204874793e+01 -9.345772425333658262e+00
-2.254427798589070520e+01 -9.097230593363443418e+00
-2.336738379796345910e+01 -9.224167823791503906e+00
-2.304213126500447473e+01 -8.886425654093423887e+00
-2.148733663558959961e+01 -8.553854624430337950e+00
-2.357826741536458215e+01 -1.015446949005126953e+01
-2.323806778589884559e+01 -9.306887944539388613e+00
-2.370577398935953894e+01 -9.280341466267904238e+00
-2.350473435719807824e+01 -9.583296140034994082e+00
