# Train Val
-5.706160523123660511e+00 -9.773386081059774355e+00
-9.986576540995452334e+00 -1.001185870170593262e+01
-1.014374248860246119e+01 -1.016000763575235943e+01
-1.020594002836841696e+01 -1.014733048280080219e+01
-1.021362038790169358e+01 -1.022495464483896832e+01
-1.027880824622461375e+01 -1.025984430313110352e+01
-1.024281207585738862e+01 -1.027850508689880371e+01
-1.033071461370435884e+01 -1.034807519117991070e+01
-1.034199017993474357e+01 -1.032368330160776715e+01
-1.049540181887351942e+01 -1.059708893299102783e+01
-1.053078076799037177e+01 -1.055265128612518311e+01
-1.091345702187489586e+01 -1.114949405193328857e+01
-1.114084656763884951e+01 -1.135334944725036621e+01
-1.163392950316606900e+01 -1.176138846079508404e+01
-1.204372962046477724e+01 -1.224834350744883160e+01
-1.239955402632891079e+01 -1.274472637971242328e+01
-1.277137780593613492e+01 -1.146697175502777100e+01
-1.267821647353091485e+01 -1.226565364996592145e+01
-1.285441078573970408e+01 -1.286347723007202148e+01
-1.311767109369827544e+01 -1.152274990081787109e+01
-1.315886609028961729e+01 -1.278705116113026996e+01
-1.335658741805512939e+01 -1.343528695901235004e+01
-1.357742929458618164e+01 -1.312416048844655414e+01
-1.343498279280581720e+01 -1.160332620143890381e+01
-1.375926691798840551e+01 -1.245367324352264404e+01
-1.361704523280515566e+01 -1.155601429939270020e+01
-1.370429249941292404e+01 -1.381255352497100830e+01
-1.391809336613800596e+01 -1.294624920686086078e+01
-1.384578848693330322e+01 -1.417721001307169537e+01
-1.399789669554112237e+01 -1.386620712280273438e+01
-1.422738777580907765e+01 -1.398195223013559918e+01
-1.449175762726088657e+01 -1.379565636316935162e+01
-1.458277425119432280e+01 -1.327102192242940326e+01
-1.425974811941890330e+01 -1.433858863512674908e+01
-1.454832886841337647e+01 -1.255984493096669574e+01
-1.472873535802808931e+01 -1.421365753809610943e+01
-1.448592666044073596e+01 -1.368526999155680279e+01
-1.487318330700114544e+01 -1.397958521048227887e+01
-1.481240755016520794e+01 -1.409588249524434467e+01
-1.478286660727808055e+01 -1.369457678000132184e+01
-1.480401574150990562e+01 -1.450747549533843994e+01
-1.486365252834255379e+01 -1.299389851093292236e+01
-1.468393605442370387e+01 -1.332415203253428082e+01
-1.461118683572542842e+01 -1.451085281372070312e+01
-1.502120210356631524e+01 -1.348355464140574078e+01
-1.480559289253364241e+01 -1.453761025269826312e+01
-1.528763960983793702e+01 -1.222616541385650635e+01
-1.502248604822966982e+01 -1.432575865586598773e+01
-1.531194970567347724e+01 -1.402815600236256977e+01
-1.506477035910396189e+01 -1.465740156173706055e+01
-1.531866784823142957e+01 -1.342210845152536969e+01
-1.539508769471766669e+01 -1.495475105444590191e+01
-1.564945755974721031e+01 -1.539326771100362201e+01
-1.493574534432362633e+01 -1.448075250784556012e+01
-1.501843488014350569e+01 -1.452691328525543213e+01
-1.541940415107597673e+01 -1.540229423840840717e+01
-1.543394766823720055e+01 -1.545766802628835102e+01
-1.570316060114715029e+01 -1.500982093811035156e+01
-1.546363344839063814e+01 -1.548963097731272320e+01
-1.556581401824951172e+01 -1.523771027723948102e+01
-1.555428076598603759e+01 -1.324266390005747418e+01
-1.576812866178609518e+01 -1.467766066392262836e+01
-1.582070741815082116e+01 -1.546942818164825439e+01
-1.543278479172011508e+01 -1.565081806977589984e+01
-1.584818212056564057e+01 -1.409230931599934955e+01
-1.586740807355460525e+01 -1.332261069615682025e+01
-1.602238042475813629e+01 -1.555555442969004254e+01
-1.591988503730903304e+01 -1.447930669784545898e+01
-1.605402872926097757e+01 -1.530189931392669678e+01
-1.597404575347900391e+01 -1.432046437263488770e+01
-1.565045695385690472e+01 -1.421107594172159772e+01
-1.602327305583630590e+01 -1.558964423338572125e+01
-1.602274177034022529e+01 -1.521737062931060791e+01
-1.594505280155246574e+01 -1.503308920065561871e+01
-1.577699862496327476e+01 -1.437796219189961811e+01
-1.567561678159034777e+01 -1.553635791937510113e+01
-1.577207757658877618e+01 -1.604637988408406457e+01
-1.590968143333823015e+01 -1.429585889975229840e+01
-1.623625052177299821e+01 -1.312108453114827533e+01
-1.642010316202195952e+01 -1.551147607962290387e+01
-1.611974617586297498e+01 -1.480430591106414795e+01
-1.611289164171380506e+01 -1.439581783612569232e+01
-1.580977019617112944e+01 -1.531584894657135010e+01
-1.636896432456323680e+01 -1.458111119270324707e+01
-1.605499529434462858e+01 -1.616634643077850342e+01
-1.640094545332052078e+01 -1.445520035425821881e+01
-1.613700069815425664e+01 -1.490074459711710553e+01
-1.617035537655070598e+01 -1.510405548413594623e+01
-1.633184432175199774e+01 -1.471694755554199219e+01
-1.639519174220198394e+01 -1.193714710076650043e+01
-1.614175886218830769e+01 -1.468504059314727783e+01
-1.596027369418386677e+01 -1.619163827101389685e+01
-1.658274081601934924e+01 -1.593403903643290143e+01
-1.579639829215356883e+01 -1.535960904757181744e+01
-1.636957097457626986e+01 -1.613601831595103064e+01
-1.643384745969610705e+01 -1.467122209072113037e+01
-1.617194208856356497e+01 -1.574510733286539654e+01
-1.643882208355402597e+01 -1.391508165995279889e+01
-1.647338362063391770e+01 -1.618226754665374756e+01
-1.659702216164540545e+01 -1.509339491526285748e+01
-1.658495756731194959e+01 -1.463868188858032227e+01
-1.649230450290744443e+01 -1.542473141352335553e+01
-1.658562081547106715e+01 -1.303348747889200787e+01
-1.623432492401640204e+01 -1.258757229646047016e+01
-1.636770523200600991e+01 -1.548694777488708496e+01
-1.670835075540057701e+01 -1.569472376505533795e+01
-1.635826063964326593e+01 -1.602787534395853797e+01
-1.651114079103631482e+01 -1.291170374552408795e+01
-1.602553051609103818e+01 -1.505111368497212787e+01
-1.670315228478383318e+01 -1.629681547482808313e+01
-1.685575810125318696e+01 -1.555560382207234760e+01
-1.726106194318350973e+01 -1.616911677519480506e+01
-1.676464098590915341e+01 -1.563574512799580951e+01
-1.703594008138624361e+01 -1.635874386628468713e+01
-1.677963310985241918e+01 -1.506719617048899273e+01
-1.699559937493275896e+01 -1.548762377103169818e+01
-1.668059962482775660e+01 -1.607449162006378174e+01
-1.718447018477876398e+01 -1.505932776133219342e+01
-1.661459260067697130e+01 -1.465415390332539936e+01
-1.680232081979007930e+01 -1.523521578311920166e+01
-1.695009276018304334e+01 -1.328508706887563129e+01
-1.633359045093342488e+01 -1.585426604747772217e+01
-1.724384358777838244e+01 -1.425951600074768066e+01
-1.673808349189111766e+01 -1.582208697001139264e+01
-1.687722313606132829e+01 -1.661181394259135047e+01
-1.672981351108874293e+01 -1.480025657018025775e+01
-1.719882645041255742e+01 -1.547425842285156250e+01
-1.710819258932339793e+01 -1.576548973719278912e+01
-1.681699205657183072e+01 -1.572997931639353375e+01
-1.711496401641328546e+01 -1.681055370966593543e+01
-1.724811895014876129e+01 -1.499548800786336322e+01
-1.709857311087139564e+01 -1.354843405882517438e+01
-1.740995131508778826e+01 -1.496310615539550781e+01
-1.743425255306696542e+01 -1.607229280471801758e+01
-1.760009122298935580e+01 -1.487666920820871930e+01
-1.740725612640380859e+01 -1.564916447798410992e+01
-1.742453365002648269e+01 -1.659450022379557410e+01
-1.742321180085004428e+01 -1.670598844687144080e+01
-1.735384890184564100e+01 -1.486152827739715576e+01
-1.725722319392834692e+01 -1.449136209487915039e+01
-1.747230116795685362e+01 -1.522429764270782471e+01
-1.711634020886178575e+01 -1.581288663546244244e+01
-1.731768577381716057e+01 -1.663075872262318811e+01
-1.743079146692308257e+01 -1.392055269082387348e+01
-1.745075520822557280e+01 -1.505443179607391357e+01
-1.728106839778059722e+01 -1.682581297556559363e+01
-1.723419920064635136e+01 -1.675043376286824426e+01
-1.733932117688453900e+01 -1.615508600076039514e+01
-1.711696506758867642e+01 -1.661507467428843299e+01
-1.760129214141328546e+01 -1.701633282502492150e+01
-1.774272209911023168e+01 -1.691824201742808143e+01
-1.725331226445860722e+01 -1.522985581556955914e+01
-1.780693507598618197e+01 -1.670775175094604492e+01
-1.749837320133791252e+01 -1.557976659138997455e+01
-1.743387464749611127e+01 -1.624416132767995080e+01
-1.789635654223167194e+01 -1.639730564753214637e+01
-1.753884847285383941e+01 -1.643149137496948242e+01
-1.727231372412988719e+01 -1.592763030529022217e+01
-1.775189908884339474e+01 -1.619185614585876465e+01
-1.760747471502271821e+01 -1.622149686018626014e+01
-1.759411916894427819e+01 -1.624693306287129602e+01
-1.785037489260657395e+01 -1.499869525432586670e+01
-1.723891281677504850e+01 -1.698357450962066650e+01
-1.766291194042916857e+01 -1.533057232697804828e+01
-1.762238414408797027e+01 -1.639280851682027063e+01
-1.742569891072935917e+01 -1.620346728960673133e+01
-1.723604629807553223e+01 -1.665058243274688721e+01
-1.779984685930154953e+01 -1.447162580490112305e+01
-1.775944980524354122e+01 -1.570113742351531982e+01
-1.789999171434822856e+01 -1.691967682043711463e+01
-1.818262626356997558e+01 -1.495846156279245953e+01
-1.749340286093243080e+01 -1.695459171136220178e+01
-1.740550038774134833e+01 -1.627318267027537146e+01
-1.799792709997144868e+01 -1.531814114252726178e+01
-1.794737098176600654e+01 -1.476465074221293072e+01
-1.781634596646842184e+01 -1.675218355655670166e+01
-1.795606154910588614e+01 -1.374751198291778564e+01
-1.758619567903421554e+01 -1.483812562624613385e+01
-1.778637780981548744e+01 -1.624793533484141150e+01
-1.740532822528128065e+01 -1.607580490907033166e+01
-1.800868287328946238e+01 -1.652646239598592004e+01
-1.811465861433643454e+01 -1.611610333124796668e+01
-1.808617578118534297e+01 -1.630651505788167199e+01
-1.780394956621072922e+01 -1.344081429640452008e+01
-1.806406308836855956e+01 -1.615265119075775146e+01
-1.796058673373723380e+01 -1.705192120869954309e+01
-1.811516733492835129e+01 -1.381227223078409772e+01
-1.801185308876684132e+01 -1.489964886506398578e+01
-1.771218334618261281e+01 -1.705670662720998010e+01
-1.825750009084152126e+01 -1.397063875198364258e+01
-1.789594221923310968e+01 -1.603403715292612830e+01
-1.782285080117694420e+01 -1.632416280110676965e+01
-1.774610116118091696e+01 -1.527394092082977295e+01
-1.804842249821808409e+01 -1.431167455514272113e+01
-1.823092956058049552e+01 -1.645775628089904785e+01
-1.835771165459842891e+01 -1.526379044850667377e+01
-1.833952070494829556e+01 -1.726801486810048303e+01
-1.779812125028189840e+01 -1.316886532306671143e+01
-1.803932610204664400e+01 -1.588536584377288818e+01
-1.752884433229090888e+01 -1.616790894667307654e+01
-1.822644168239528994e+01 -1.438177768389383893e+01
-1.816948404958692720e+01 -1.728911201159159461e+01
-1.816854877795203294e+01 -1.606275244553883752e+01
-1.786396738634271131e+01 -1.532409822940826416e+01
-1.776737803927922599e+01 -1.733918615182240686e+01
-1.825937962936142611e+01 -1.660780636469523230e+01
-1.835352318973864527e+01 -1.599947090943654437e+01
-1.763824989027895995e+01 -1.457748496532440186e+01
-1.815043478497004159e+01 -1.714352413018544397e+01
-1.832154829219236092e+01 -1.594727059205373187e+01
-1.828502970226740487e+01 -1.259743618965148926e+01
-1.846889996932724642e+01 -1.692527377605438232e+01
-1.821850126072511955e+01 -1.665468962987263879e+01
-1.859453574681686305e+01 -1.655445456504821777e+01
-1.851149258371127004e+01 -1.543204005559285541e+01
-1.802126463388992406e+01 -1.502099883556365967e+01
-1.824883804482928795e+01 -1.590636694431304932e+01
-1.821130434941437315e+01 -1.500600711504618268e+01
-1.861144288919739864e+01 -1.614307252566019812e+01
-1.848264956878403353e+01 -1.512087682882944684e+01
-1.840832997984805175e+01 -1.670975979169209680e+01
-1.849158933607198563e+01 -1.624215189615885535e+01
-1.851770324222112052e+01 -1.654784214496612549e+01
-1.860208702087402344e+01 -1.484651648998260498e+01
-1.853506718651723162e+01 -1.505495639642079730e+01
-1.864266398801641955e+01 -1.599711855252583881e+01
-1.817366302619546303e+01 -1.663924940427144250e+01
-1.812821884478552903e+01 -1.568490370114644428e+01
-1.875528165849588547e+01 -1.596783991654714008e+01
-1.855106166257696643e+01 -1.714328424135844031e+01
-1.830772249577409028e+01 -1.551246404647827148e+01
-1.831360965664103801e+01 -1.730510401725769043e+01
-1.848557748632915931e+01 -1.716891554991404334e+01
-1.829465924279164568e+01 -1.685541454950968543e+01
-1.854648179523015372e+01 -1.603329702218373498e+01
-1.812746133642681556e+01 -1.680596375465393066e+01
-1.832949367620177128e+01 -1.724854564666748047e+01
-1.831441279589119731e+01 -1.603948946793873986e+01
-1.877191310817912395e+01 -1.625220592816670617e+01
-1.828623951895762190e+01 -1.714179881413777551e+01
-1.834790586212934116e+01 -1.531015229225158691e+01
-1.847609766459060765e+01 -1.633671053250630578e+01
-1.853426330372438713e+01 -1.650264227390289307e+01
-1.877900647308866766e+01 -1.751243905226389685e+01
-1.895893342616194488e+01 -1.701955358187357703e+01
-1.859766977924411435e+01 -1.719018785158793250e+01
-1.859827844975358246e+01 -1.688570217291514197e+01
-1.873265406236810193e+01 -1.697947088877360144e+01
-1.915789830482612288e+01 -1.665444119771321496e+01
-1.919438566595821172e+01 -1.694386275609334191e+01
-1.839170697583990588e+01 -1.649344706535339355e+01
-1.897190451217910123e+01 -1.640956012407938758e+01
-1.881963020260051067e+01 -1.718890170256296912e+01
-1.837605802891618012e+01 -1.620024844010670861e+01
-1.872357421810344036e+01 -1.640790069103240967e+01
-1.859503733101537648e+01 -1.689770221710205078e+01
-1.819184985403287058e+01 -1.692582686742146691e+01
-1.901417754868329624e+01 -1.509221128622690777e+01
-1.809641762911263285e+01 -1.717403590679168701e+01
-1.900364724660324001e+01 -1.469288380940755268e+01
-1.883001262858762459e+01 -1.626216797033945838e+01
-1.870569323685209540e+01 -1.655321057637532434e+01
-1.903634174799514867e+01 -1.677829249699910363e+01
-1.839585812617156435e+01 -1.760099915663401404e+01
-1.901165965452032580e+01 -1.615136277675628662e+01
-1.884906312166634379e+01 -1.727051707108815393e+01
-1.883447277747978532e+01 -1.491878267129262348e+01
-1.911766866910255658e+01 -1.713906407356262207e+01
-1.915744463872101377e+01 -1.467625232537587543e+01
-1.860251228688126801e+01 -1.641786146163940430e+01
-1.828168818910243232e+01 -1.275136570135752301e+01
-1.871936766575958799e+01 -1.638891426722208777e+01
-1.836671523724572097e+01 -1.695106732845306396e+01
-1.878858077324042952e+01 -1.686123764514923096e+01
-1.872493856236086174e+01 -1.721091707547505578e+01
-1.917657132067922987e+01 -1.574959011872609516e+01
-1.880376225810940127e+01 -1.703301568826039514e+01
-1.858030269105555732e+01 -1.621504028638203820e+01
-1.903380318011267747e+01 -1.727606920401255408e+01
-1.864612296476202502e+01 -1.696077668666839600e+01
-1.920764603049068242e+01 -1.608941169579823693e+01
-1.920088093159562348e+01 -1.711025643348693848e+01
-1.926211539769576930e+01 -1.674920539061228553e+01
-1.933414342039722555e+01 -1.704659076531727990e+01
-1.902251970970024431e+01 -1.698221329847971717e+01
-1.902673025454505051e+01 -1.347186207771301270e+01
-1.936234356993335837e+01 -1.432274186611175537e+01
-1.878410189838732691e+01 -1.720053124427795410e+01
-1.872853009175446104e+01 -1.687835828463236609e+01
-1.846589437581724980e+01 -1.682760858535766602e+01
-1.905329810158681170e+01 -1.742168386777241906e+01
-1.886977655604734139e+01 -1.357699577013651471e+01
-1.886571640079304402e+01 -1.635078704357147217e+01
-1.907019068831104391e+01 -1.620868269602457801e+01
-1.905503665794760337e+01 -1.645072782039642334e+01
-1.900680608264470450e+01 -1.666690409183502197e+01
-1.897883660914534332e+01 -1.582874615987141986e+01
-1.908426371267286470e+01 -1.711539471149444580e+01
-1.870927092988612372e+01 -1.669661537806193152e+01
-1.900255589565988146e+01 -1.621153867244720459e+01
-1.903229926804364780e+01 -1.620838578542073449e+01
-1.924253551030563258e+01 -1.711222982406616211e+01
-1.867958721063904903e+01 -1.720672539869944373e+01
-1.909780218641636651e+01 -1.736933032671610633e+01
-1.948184704376479459e+01 -1.393864166736602783e+01
-1.871798262353670950e+01 -1.643178538481394568e+01
-1.903686811964390557e+01 -1.736234104633331299e+01
-1.948643500117932348e+01 -1.648647109667460242e+01
-1.887544909978317165e+01 -1.737118005752563477e+01
-1.957636673167600350e+01 -1.729365126291910926e+01
-1.906133298550621902e+01 -1.576545143127441406e+01
-1.964844511323056153e+01 -1.737923121452331543e+01
-1.902096320815005370e+01 -1.777104818820953369e+01
-1.927812258671906065e+01 -1.439867178599039654e+01
-1.858310221009335450e+01 -1.478797475496927838e+01
-1.934588543843414854e+01 -1.460071504116058350e+01
-1.957526434882212385e+01 -1.661449007193247596e+01
-1.965376115249375033e+01 -1.468627969423929791e+01
-1.959202441522630522e+01 -1.572612015406290631e+01
-1.967622103933560496e+01 -1.601557397842407227e+01
-1.922303752575890456e+01 -1.681054627895355225e+01
-1.959675240112563444e+01 -1.635094940662384033e+01
-1.916981883776389850e+01 -1.707342517375946045e+01
-1.944574850696628232e+01 -1.671452720959981164e+01
-1.997459825418763302e+01 -1.727458937962849816e+01
-1.953947002604856209e+01 -1.788471321264902869e+01
-1.877669935711359628e+01 -1.541696639855702777e+01
-1.899803384683900020e+01 -1.733897328376770020e+01
-1.948190211441557196e+01 -1.674445319175720215e+01
-1.873237222736164753e+01 -1.707893768946329871e+01
-1.913725368855363129e+01 -1.740426997343699256e+01
-1.965398671263355368e+01 -1.583611567815144916e+01
-1.979473919787649550e+01 -1.557555051644643207e+01
-1.930933646832482253e+01 -1.511289501190185547e+01
-1.938122809135307634e+01 -1.633410922686259070e+01
-1.925211937144651131e+01 -1.670796124140421668e+01
-1.926760840011855436e+01 -1.521231528123219867e+01
-1.965583237146926976e+01 -1.728753487269083777e+01
-1.996962213516235352e+01 -1.664692056179046631e+01
-1.939041459358344710e+01 -1.719642074902852258e+01
-1.922120309280136752e+01 -1.643402059872945031e+01
-1.972269247346005372e+01 -1.639049621423085412e+01
-1.981152709055755068e+01 -1.739626765251159668e+01
-1.969245939739679940e+01 -1.400965670744577984e+01
-1.978019603632264278e+01 -1.678933970133463660e+01
-1.970554101265082991e+01 -1.581273380915323834e+01
-1.987154616339731916e+01 -1.493600257237752338e+01
-1.913673990863864560e+01 -1.744368072350819787e+01
-1.980492953930870925e+01 -1.660653952757517615e+01
-1.930197111226744511e+01 -1.667552411556243896e+01
-1.974902359913971495e+01 -1.733017281691233435e+01
-2.015722769397800107e+01 -1.674741562207539758e+01
-1.957751331490985436e+01 -1.706218755245208740e+01
-1.913425194206884328e+01 -1.641911355654398719e+01
-2.005719367528365993e+01 -1.638218601544697961e+01
-1.972854675680904180e+01 -1.479466183980306049e+01
-1.903759715516688544e+01 -1.688887500762939453e+01
-1.901041232125233904e+01 -1.629951286315917969e+01
-1.944084128686937163e+01 -1.611917571226755896e+01
-1.944356197421833699e+01 -1.719873185952504357e+01
-1.904656901602017527e+01 -1.641129271189371863e+01
-1.974894897816544770e+01 -1.741823716958363732e+01
-1.944712549953137426e+01 -1.567415662606557269e+01
-1.924977560366614426e+01 -1.729117790857950965e+01
-2.026088441428491649e+01 -1.686310533682505408e+01
-1.993088599382820902e+01 -1.632290120919545373e+01
-1.950935244964340853e+01 -1.587646996974945068e+01
-1.959885817059015878e+01 -1.698196935653686523e+01
-1.980230242519055395e+01 -1.640227512518564978e+01
-1.982419099646099525e+01 -1.677628942330678186e+01
-1.965845033677957687e+01 -1.559393858909606934e+01
-1.973788308289091376e+01 -1.671966707706451416e+01
-2.021831798553466797e+01 -1.742071783542633057e+01
-1.946037610910706661e+01 -1.775028355916341027e+01
-1.954733366885427870e+01 -1.597964612642923932e+01
-1.928627219442593699e+01 -1.725315924485524377e+01
-1.975307280330334692e+01 -1.661801501115163049e+01
-1.973609017517607001e+01 -1.766386123498280725e+01
-2.009263833902650020e+01 -1.645735132694244385e+01
-2.020322424678479223e+01 -1.637679421901702881e+01
-1.979250694533525845e+01 -1.688085687160491943e+01
-1.983452748444120672e+01 -1.653433732191721717e+01
-1.992789862519603616e+01 -1.664450955390930176e+01
-1.999189797094312837e+01 -1.732624578475952148e+01
-1.992673084291361008e+01 -1.689458795388539514e+01
-1.970964976488533793e+01 -1.674854099750518799e+01
-2.015220954054493063e+01 -1.611080364386240760e+01
-1.923844953310691608e+01 -1.700905529657999793e+01
-2.006450518915208647e+01 -1.664291679859161377e+01
-2.001450895859023404e+01 -1.716737178961436072e+01
-1.956115599001868333e+01 -1.792929859956105432e+01
-2.007303713135800294e+01 -1.645972549915313721e+01
-1.997526438761565615e+01 -1.719147539138793945e+01
-1.971422605999445565e+01 -1.402810446421305279e+01
-1.990205877918307920e+01 -1.736231088638305664e+01
-2.004386004755052397e+01 -1.588528446356455426e+01
-2.017051029205322266e+01 -1.631199494997660437e+01
-2.016050388853428643e+01 -1.704436552524566650e+01
-1.998271791005538844e+01 -1.553518215815226178e+01
-1.946068217390674704e+01 -1.708620806535084924e+01
-1.992061086428367389e+01 -1.741919589042663574e+01
-1.914878747422816474e+01 -1.681176626682281494e+01
-2.029145458997306051e+01 -1.600530131657918176e+01
-1.984606397758096108e+01 -1.740484889348347863e+01
-1.968046303118689622e+01 -1.459567018349965473e+01
-1.961512449232198563e+01 -1.745974059899647912e+01
-2.014067082485910021e+01 -1.305744791030883789e+01
-1.939588856292983365e+01 -1.673804513613383094e+01
-2.063571184772555966e+01 -1.751593589782714844e+01
-2.037530493332167936e+01 -1.667845861117045203e+01
-1.982035796925173088e+01 -1.743045659859975061e+01
-2.001965399919930277e+01 -1.440681890646616559e+01
-1.968609245752884007e+01 -1.732552055517832557e+01
-2.014506427312301540e+01 -1.757834156354268274e+01
-2.013364358675681842e+01 -1.718024611473083496e+01
-2.055962364552384614e+01 -1.687267438570658484e+01
-2.021264098862470249e+01 -1.519798521200815777e+01
-1.992447846622790308e+01 -1.653474136193593225e+01
-1.998423211049225401e+01 -1.696697890758514404e+01
-1.999031574443235115e+01 -1.716872485478718957e+01
-2.018463904170666723e+01 -1.712197971343994141e+01
-2.027670483669992052e+01 -1.749074288209279260e+01
-2.027860379623154330e+01 -1.483836650848388672e+01
-2.011154934511346326e+01 -1.713413763046264648e+01
-2.000196447210796791e+01 -1.705559698740641394e+01
-1.995261435589547716e+01 -1.667082031567891320e+01
-2.045644997742216376e+01 -1.761512001355488977e+01
-2.039994884749590298e+01 -1.631562821070353309e+01
-1.983999040571309891e+01 -1.748080801963806152e+01
-2.046821397846028034e+01 -1.724490666389465332e+01
-1.984525623159893470e+01 -1.511895636717478375e+01
-1.987563121924966225e+01 -1.694843490918477258e+01
-2.027927115812140002e+01 -1.737634523709614953e+01
-2.029005147643008300e+01 -1.395088827610015869e+01
-1.962364338212094239e+01 -1.712141044934590539e+01
-1.987350720874333732e+01 -1.480113057295481305e+01
-2.037900246604014143e+01 -1.692799953619639197e+01
-2.033177736250020828e+01 -1.662153061230977258e+01
-1.968863012831089776e+01 -1.708400162061055383e+01
-2.021701968726465282e+01 -1.588845074176788330e+01
-2.048969196060956577e+01 -1.696966421604156494e+01
-2.045432679127838682e+01 -1.738769431908925256e+01
-2.051694507922156419e+01 -1.729745956261952600e+01
-2.031600287809210315e+01 -1.630926922957102576e+01
-1.963844464188915140e+01 -1.699471692244211951e+01
-1.986732875694662681e+01 -1.722731788953145227e+01
-2.047367479033389159e+01 -1.713516338666279992e+01
-2.069196872387902175e+01 -1.760506780942280969e+01
-2.015137066275386601e+01 -1.535403780142466168e+01
-2.033848607338081038e+01 -1.496986734867095947e+01
-2.003749950053328277e+01 -1.613348523775736609e+01
-1.997672459230584607e+01 -1.714086767037709436e+01
-2.031267591250144733e+01 -1.643457996845245361e+01
-2.016054226180254361e+01 -1.476461990674336811e+01
-2.007955783908650105e+01 -1.763338387012481689e+01
-2.035942087335101647e+01 -1.704619463284810266e+01
-2.036764043064440699e+01 -1.352128875255584717e+01
-2.045143982515496717e+01 -1.697398694356282434e+01
-2.023754336470264548e+01 -1.762160197893778601e+01
-2.011960582409874831e+01 -1.634470558166503906e+01
-2.048106954865536622e+01 -1.624800833066304406e+01
-2.045517242560952553e+01 -1.185240256786346436e+01
-1.978621511136071121e+01 -1.728648900985717773e+01
-2.055561869023209809e+01 -1.508812868595123291e+01
-2.052514884431483466e+01 -1.587619197368621826e+01
-2.062489933078571980e+01 -1.726225395997365197e+01
-2.064286012972815598e+01 -1.326129877567291260e+01
-2.013811697394161015e+01 -1.681921088695526123e+01
-2.065947800975735049e+01 -1.651737030347188195e+01
-1.980228471755981445e+01 -1.602272888024647912e+01
-2.104699461338883637e+01 -1.737948242823282996e+01
-2.083206057144423795e+01 -1.631086782614390174e+01
-2.035918788586632644e+01 -1.758033601442972937e+01
-2.056924168538239073e+01 -1.695790799458821496e+01
-2.050819367877507560e+01 -1.572699383894602398e+01
-2.045821676415912194e+01 -1.717274332046508789e+01
-2.037717512098409500e+01 -1.761085991064707557e+01
-2.052328291585889986e+01 -1.743298391501108924e+01
-2.042490024889929856e+01 -1.749234068393707275e+01
-2.079809972795389328e+01 -1.718568476041157922e+01
-2.095540649608030037e+01 -1.705903021494547644e+01
-1.995916891906221124e+01 -1.707138820489247522e+01
-2.070052277839790023e+01 -1.649696298440297326e+01
-2.049261456829006534e+01 -1.717538281281789025e+01
-2.027233257940260103e+01 -1.636870261033375940e+01
-2.026454878661592218e+01 -1.738756879170735559e+01
-1.978967888072385506e+01 -1.712793942292531213e+01
-2.063578553927146686e+01 -1.679990577697753906e+01
-2.042466461860527360e+01 -1.699069507916768274e+01
-2.002256913104299940e+01 -1.697359828154246131e+01
-2.077394815218650592e+01 -1.531944465637207031e+01
-2.044226024918637208e+01 -1.718845701217651367e+01
-2.028106253025895356e+01 -1.710267651081085205e+01
-2.078760654643430428e+01 -1.604034495353698730e+01
-2.077134184109962689e+01 -1.734095891316731652e+01
-2.110235650660628082e+01 -1.628933604558308801e+01
-1.994558766736822619e+01 -1.753440093994140625e+01
-2.030859858302746801e+01 -1.708355422814686975e+01
-2.038333737648139632e+01 -1.632751639684041223e+01
-1.994862252574856143e+01 -1.652258022626240930e+01
-2.008849923893556877e+01 -1.530780259768168072e+01
-2.056759055186126162e+01 -1.679017428557078162e+01
-2.056818299374337755e+01 -1.731025397777557373e+01
-2.090475628739696390e+01 -1.635648389657338342e+01
-2.082750931432691743e+01 -1.627430156866709510e+01
-2.069906569335420343e+01 -1.722929966449737549e+01
-2.049627324282112895e+01 -1.622083834807078162e+01
-2.105505854396496801e+01 -1.679883861541748047e+01
-2.030149256172826711e+01 -1.639832433064778527e+01
-2.035476508383023386e+01 -1.737892961502075195e+01
-2.092859787051960652e+01 -1.416369326909383197e+01
-2.097451198707192788e+01 -1.506856727600097656e+01
-2.107459281662763217e+01 -1.740521522363026818e+01
-2.067457677550234862e+01 -1.741019936402638635e+01
-2.106570791794081998e+01 -1.596669050057729144e+01
-2.034948132401805765e+01 -1.698995240529378137e+01
-2.094402258274918793e+01 -1.701191973686218262e+01
-2.118210016670873586e+01 -1.470927194754282574e+01
-2.075354471045025306e+01 -1.588455092906951904e+01
-2.053792987435550899e+01 -1.670605091253916541e+01
-2.086812769356420461e+01 -1.790634516874949256e+01
-2.112942908982099155e+01 -1.510529295603434186e+01
-1.985485460798619073e+01 -1.717033727963765344e+01
-2.112106551154185041e+01 -1.599237513542175293e+01
-2.100275510044421168e+01 -1.738877757390340051e+01
-2.136785659143480132e+01 -1.601145311196644982e+01
-2.047194821955794097e+01 -1.673603872458140174e+01
-2.121165097770044383e+01 -1.713372619946797570e+01
-2.097598111427436507e+01 -1.753209944566090783e+01
-2.131429825798939959e+01 -1.690614628791809082e+01
-2.049418324939275138e+01 -1.580807725588480572e+01
-2.038143562058271030e+01 -1.692562790711720666e+01
-2.042007719460180226e+01 -1.707578341166178504e+01
-2.095079034061755152e+01 -1.679875230789184570e+01
-2.135958611763129866e+01 -1.633846267064412316e+01
-2.126879823005805648e+01 -1.685723427931467810e+01
-2.046338693166183376e+01 -1.668254101276397705e+01
-2.096735994694596528e+01 -1.587814362843831439e+01
-2.109341239929199219e+01 -1.521308581034342389e+01
-2.093094198582535981e+01 -1.692329216003417969e+01
-2.067352125200174484e+01 -1.663275941212971887e+01
-2.062111519959013251e+01 -1.724598344167073449e+01
-2.129854216818081980e+01 -1.476794147491455078e+01
-2.090914828090344457e+01 -1.679386802514394006e+01
-2.104028923228635506e+01 -1.710174520810445031e+01
-2.090194246324442062e+01 -1.580926040808359723e+01
-2.101775972721940278e+01 -1.571996259689331055e+01
-2.022597992622246110e+01 -1.717160769303639611e+01
-2.056476869421490150e+01 -1.587514205773671527e+01
-2.029199794187384143e+01 -1.738087932268778601e+01
-2.066445922851562500e+01 -1.699644680817921838e+01
-2.155621756537485822e+01 -1.649682974815368652e+01
-2.134849284867108921e+01 -1.731787812709808350e+01
-2.117745116605597033e+01 -1.702690768241882324e+01
-2.099207019805908203e+01 -1.719306580225626746e+01
-2.067680407378633234e+01 -1.697508935133616248e+01
-2.083643606153585282e+01 -1.699865130583445350e+01
-2.129997912908004665e+01 -1.603796939055125037e+01
-2.092356912968522309e+01 -1.784975934028625488e+01
-2.079829890041028051e+01 -1.564798128604888916e+01
-2.088114774025092757e+01 -1.724090894063313684e+01
-2.112582496061163440e+01 -1.703854767481486121e+01
-2.084772532673205347e+01 -1.663285434246063232e+01
-2.138723344317937247e+01 -1.585342129071553607e+01
-2.056227237087185244e+01 -1.715976623694102088e+01
-2.108730243424237827e+01 -1.703727404276530066e+01
-2.158050154023251466e+01 -1.637037626902262488e+01
-2.083444256701712050e+01 -1.629946001370747766e+01
-2.082338223214877004e+01 -1.724214609464009484e+01
-2.181978831856937617e+01 -1.653078269958496094e+01
-2.124754933179434957e+01 -1.712031173706054688e+01
-2.138813088303905374e+01 -1.732249871889750281e+01
-2.131228925414004394e+01 -1.607187314828236779e+01
-2.078489670511019582e+01 -1.634092438220977783e+01
-2.092322907205355520e+01 -1.605000865459442139e+01
-2.074761652542373014e+01 -1.710286903381347656e+01
-2.145578590490050175e+01 -1.591602420806884766e+01
-2.108873929815777259e+01 -1.681403497854868689e+01
-2.154369165129580566e+01 -1.591286071141560932e+01
-2.120386075165312079e+01 -1.659781364599863807e+01
-2.095564730692717959e+01 -1.468359867731730084e+01
-2.092666478884422077e+01 -1.544389267762502094e+01
-2.102505768759775862e+01 -1.691596929232279578e+01
-2.161656348988161369e+01 -1.727011215686798096e+01
-2.114749260272009934e+01 -1.700518965721130371e+01
-2.144329913187835146e+01 -1.737380639712015906e+01
-2.162930679321289062e+01 -1.517266309261322021e+01
-2.105040018437272309e+01 -1.726041007041931152e+01
-2.086200004512980755e+01 -1.511169743537902832e+01
-2.111101266893289718e+01 -1.688613120714823523e+01
-2.075600105220988567e+01 -1.680598700046539307e+01
-2.120960316415560598e+01 -1.619416308403015137e+01
-2.159311124833963547e+01 -1.725024338563283166e+01
-2.125143128734524112e+01 -1.497727795441945453e+01
-2.082705808898149868e+01 -1.741297225157419959e+01
-2.150047400846319690e+01 -1.687832856178283691e+01
-2.143489734197067165e+01 -1.659193456172943115e+01
-2.089876397181365419e+01 -1.679978517691294471e+01
-2.158036017013808561e+01 -1.734447598457336426e+01
-2.100908208297470736e+01 -1.679917399088541785e+01
-2.167894301172030325e+01 -1.734259319305419922e+01
-2.112541190648483180e+01 -1.722218263149261475e+01
-2.165577161110053694e+01 -1.750858839352925500e+01
-2.139831345768298121e+01 -1.665008858839670935e+01
-2.119067883895615267e+01 -1.671112648646036902e+01
-2.101620535123146283e+01 -1.653532620271046838e+01
-2.118405151367187500e+01 -1.686977346738179406e+01
-2.142809350611799957e+01 -1.721708603700001916e+01
-2.150965213775634766e+01 -1.654163893063863000e+01
-2.164623553065930395e+01 -1.579155158996582031e+01
-2.106807972212969204e+01 -1.528242019812265973e+01
-2.026120655415421723e+01 -1.638803831736246863e+01
-2.122715267892611379e+01 -1.740730420748392859e+01
-2.118399860899327081e+01 -1.753924945990244666e+01
-2.110863568419117087e+01 -1.723544085025787354e+01
-2.164909472707974558e+01 -1.760452735424041748e+01
-2.095661699973930681e+01 -1.685613330205281457e+01
-2.126528518482790275e+01 -1.694219827651977539e+01
-2.109036452083264379e+01 -1.769402372837066650e+01
-2.158526611328125000e+01 -1.756314853827158728e+01
-2.087258225780422549e+01 -1.679812522729237756e+01
-2.142338796389304889e+01 -1.784577635924021521e+01
-2.155676332570738651e+01 -1.653421656290690223e+01
-2.131590351815951223e+01 -1.742828202247619629e+01
-2.188328898155083024e+01 -1.702132050196329871e+01
-2.155638091847048088e+01 -1.628146191438039025e+01
-2.157211163084385674e+01 -1.694375034173329553e+01
-2.144721533080278775e+01 -1.568352357546488385e+01
-2.163921561483609324e+01 -1.662380941708882531e+01
-2.141892911620059081e+01 -1.734817206859588623e+01
-2.095886106006169669e+01 -1.715746569633483887e+01
-2.142251712993039803e+01 -1.510587684313456158e+01
-2.118650872828596832e+01 -1.633736507097880164e+01
-2.138982081009169889e+01 -1.629450313250223914e+01
-2.146032821525961509e+01 -1.740385214487711707e+01
-2.124632639804129042e+01 -1.731060882409413537e+01
-2.160176212504758553e+01 -1.634826449553171912e+01
-2.144049962900452755e+01 -1.714377999305725098e+01
-2.188698075181346780e+01 -1.735449135303497314e+01
-2.160806781962766365e+01 -1.754008833567301551e+01
-2.157188092247914568e+01 -1.769676780700683594e+01
-2.185247809199963598e+01 -1.669962163766225061e+01
-2.162562315342789887e+01 -1.704310607910156250e+01
-2.205086876174150845e+01 -1.717017241319020471e+01
-2.158214869741665964e+01 -1.731739747524261475e+01
-2.189560875650179739e+01 -1.663610180219014367e+01
-2.064528736825716848e+01 -1.728065745035807410e+01
-2.182476940801588228e+01 -1.717119026184082031e+01
-2.069375283031140356e+01 -1.311353445053100586e+01
-2.096239445573192484e+01 -1.700721883773803711e+01
-2.127451164439573006e+01 -1.663952092329661170e+01
-2.208831846916069352e+01 -1.697676869233449182e+01
-2.186368804866984661e+01 -1.648681330680847168e+01
-2.193002220735711560e+01 -1.724689690272013465e+01
-2.166276925297106715e+01 -1.671618854999542236e+01
-2.184728346032611412e+01 -1.641056835651397705e+01
-2.132325938596563830e+01 -1.686788606643676758e+01
-2.195700013435493148e+01 -1.722477503617604455e+01
-2.127252360521736918e+01 -1.632381010055541992e+01
-2.183274018562446273e+01 -1.696154431502024451e+01
-2.170363566835047919e+01 -1.679575471083323279e+01
-2.173985316389698141e+01 -1.777836243311564246e+01
-2.110002255843857455e+01 -1.748125433921813965e+01
-2.183871215884968464e+01 -1.590814002354939838e+01
-2.187446954694845047e+01 -1.721982300281524658e+01
-2.188449754553326088e+01 -1.476774275302886963e+01
-2.086949566663321676e+01 -1.725689168771107873e+01
-2.107701451899641754e+01 -1.747910312811533728e+01
-2.140900513277215467e+01 -1.698488589127858361e+01
-2.182654125407590584e+01 -1.708981243769327918e+01
-2.138527197757009901e+01 -1.765852145353953162e+01
-2.189323549755549081e+01 -1.759311584631602088e+01
-2.199278524366475907e+01 -1.685469337304433068e+01
-2.143968889268778000e+01 -1.683885701497395715e+01
-2.114059863656254024e+01 -1.685375305016835412e+01
-2.163721558199090467e+01 -1.591236996650695801e+01
-2.138845057406668104e+01 -1.760682857036590576e+01
-2.162305141707598111e+01 -1.693304137388865271e+01
-2.173665159839694638e+01 -1.615692484378814697e+01
-2.179299963934946760e+01 -1.655517935752868652e+01
-2.142863795716883857e+01 -1.758341443538665771e+01
-2.116332747572559470e+01 -1.644539594650268555e+01
-2.171348751197427163e+01 -1.733984184265136719e+01
-2.150029295581882138e+01 -1.718892856438954553e+01
-2.130853761252710399e+01 -1.669697153568267822e+01
-2.203128806615280055e+01 -1.754903952280680457e+01
-2.181809127936929116e+01 -1.745499249299367150e+01
-2.193295280003951930e+01 -1.767678721745808801e+01
-2.170052896919897023e+01 -1.658905231952667236e+01
-2.140529774811308172e+01 -1.613639195760091027e+01
-2.194818233231366733e+01 -1.644711502393086633e+01
-2.195285991086798205e+01 -1.696436882019042969e+01
-2.188875363236766702e+01 -1.663270493348439416e+01
-2.177083594920271636e+01 -1.736447521050770959e+01
-2.209026765015165594e+01 -1.699251270294189453e+01
-2.159778405852236816e+01 -1.571236383914947510e+01
-2.106310319092314032e+01 -1.704870835940043250e+01
-2.158335714825129159e+01 -1.462952311833699603e+01
-2.105130897134037227e+01 -1.572429839769999127e+01
-2.180830491599390086e+01 -1.433393502235412598e+01
-2.217175818297822687e+01 -1.643233851591746131e+01
-2.212085872585490520e+01 -1.692282883326212684e+01
-2.244004828242932348e+01 -1.688926148414611816e+01
-2.190754507355770997e+01 -1.698515097300211707e+01
-2.179114020072807634e+01 -1.626581692695617676e+01
-2.212455872357901754e+01 -1.706302968660990516e+01
-2.201120158373299418e+01 -1.647367898623148719e+01
-2.194599720583123670e+01 -1.715067835648854455e+01
-2.209625417095119815e+01 -1.727804259459177771e+01
-2.231942348156945144e+01 -1.660266458988189697e+01
-2.192298488293663894e+01 -1.684785723686218262e+01
-2.157668091078936001e+01 -1.663950709501902381e+01
-2.222346958871615286e+01 -1.619010448455810547e+01
-2.208536927174713682e+01 -1.693564506371815881e+01
-2.170464365361100434e+01 -1.518218982219696045e+01
-2.142365035364183257e+01 -1.600301380952199182e+01
-2.219503672648284365e+01 -1.682873968283335486e+01
-2.191826899576995302e+01 -1.732346673806508264e+01
-2.163196740716190547e+01 -1.615159511566162109e+01
-2.136741925902285644e+01 -1.598055454095204730e+01
-2.175809396323511180e+01 -1.738351003328959266e+01
-2.182349783687268285e+01 -1.614559785525004187e+01
-2.171467181383553324e+01 -1.761321775118510047e+01
-2.161906276314945430e+01 -1.671757344404856482e+01
-2.162908040062855974e+01 -1.585605200131734271e+01
-2.171098993592343263e+01 -1.601157708962758264e+01
-2.203410835589392747e+01 -1.710970966021220008e+01
-2.190028738571425748e+01 -1.650254774093627930e+01
-2.126390594547077839e+01 -1.727380804220835486e+01
-2.228802225145242843e+01 -1.678060436248779297e+01
-2.227158879425565985e+01 -1.745760905742645264e+01
-2.223550568596791521e+01 -1.729624454180399695e+01
-2.156109594894667936e+01 -1.639876238505045691e+01
-2.175298755451784416e+01 -1.681103022893269738e+01
-2.248295580330541554e+01 -1.727122199535369873e+01
-2.217367072024588026e+01 -1.611621240774790564e+01
-2.175866148027322922e+01 -1.680860392252604285e+01
-2.193751836227158236e+01 -1.693960527578989783e+01
-2.176446552599890794e+01 -1.673003975550333777e+01
-2.235402647115416386e+01 -1.697254113356272498e+01
-2.192999233633785039e+01 -1.588572200139363666e+01
-2.215101786791268168e+01 -1.600671931107838830e+01
-2.215999612969867272e+01 -1.688533592224121094e+01
-2.149914552397646972e+01 -1.701209870974222937e+01
-2.103631162643432617e+01 -1.600505065917968750e+01
-2.193080053491107506e+01 -1.654631865024566650e+01
-2.227299221491409398e+01 -1.665956993897755822e+01
-2.168074169805494478e+01 -1.594444425900777240e+01
-2.233188984757762796e+01 -1.597455513477325439e+01
-2.216019063076730333e+01 -1.519795910517374615e+01
-2.183127099376613955e+01 -1.759667380650838098e+01
-2.186512103323208933e+01 -1.732270733515421668e+01
-2.206274601564568982e+01 -1.594744312763214111e+01
-2.193316445108187551e+01 -1.723290526866912842e+01
-2.244903884499759883e+01 -1.707342282931010047e+01
-2.215727094876564252e+01 -1.651049582163492957e+01
-2.224147350505246834e+01 -1.764122899373372277e+01
-2.206118970806315716e+01 -1.568964775403340717e+01
-2.223505663467665983e+01 -1.624185168743133545e+01
-2.150426846843654971e+01 -1.634936992327372351e+01
-2.197686004638671875e+01 -1.611801509062449256e+01
-2.208647614818508487e+01 -1.653301525115966797e+01
-2.168712903685488769e+01 -1.658310862382252893e+01
-2.202364551414877525e+01 -1.689012432098388672e+01
-2.177920658305539803e+01 -1.606649216016133508e+01
-2.203908082994363937e+01 -1.686898752053578576e+01
-2.235372704974675528e+01 -1.669255423545837402e+01
-2.202523520841436877e+01 -1.643912204106648645e+01
-2.218779689982785897e+01 -1.513496883710225482e+01
-2.171080590910830566e+01 -1.631666374206542969e+01
-2.224345730927030829e+01 -1.589929485321044922e+01
-2.213628376136392006e+01 -1.664835166931152344e+01
-2.239048193268856934e+01 -1.633887728055318078e+01
-2.234693664615437214e+01 -1.747172101338704309e+01
-2.143142098895573966e+01 -1.716957191626230994e+01
-2.212539131358518318e+01 -1.474999948342641254e+01
-2.192094374511201593e+01 -1.635105824470520020e+01
-2.214327716827392578e+01 -1.689286025365193566e+01
-2.219439331959869932e+01 -1.626654624938964844e+01
-2.291021424632961612e+01 -1.659168398380279541e+01
-2.252764850551799114e+01 -1.686953890323638916e+01
-2.224334642442606125e+01 -1.674529437224070350e+01
-2.203019961664232085e+01 -1.697110799948374549e+01
-2.254607436616542060e+01 -1.544220733642578125e+01
-2.184121632980087924e+01 -1.606764173507690430e+01
-2.234462941703149852e+01 -1.684979021549224854e+01
-2.249405692795575717e+01 -1.722718854745228967e+01
-2.205498768111406704e+01 -1.720198714733123779e+01
-2.203080020516605586e+01 -1.696380205949147424e+01
-2.247512068990933543e+01 -1.677301454544067383e+01
-2.189326386532540880e+01 -1.523364770412445068e+01
-2.180032811730594844e+01 -1.652244619528452674e+01
-2.210602787793692769e+01 -1.727500796318054199e+01
-2.199200685145491363e+01 -1.700741509596506873e+01
-2.240490118123717167e+01 -1.554586501916249652e+01
-2.254542961767164400e+01 -1.666579838593800744e+01
-2.228460512322894616e+01 -1.640980609258015832e+01
-2.269948566566079506e+01 -1.692069578170776367e+01
-2.127041048922781385e+01 -1.682879288991292199e+01
-2.251913432751671706e+01 -1.636606931686401367e+01
-2.241589895345396855e+01 -1.631483892599741736e+01
-2.273726953086206493e+01 -1.660097424189249793e+01
-2.209103829981917144e+01 -1.629982300599415979e+01
-2.246429912114547633e+01 -1.627663270632426062e+01
-2.216337627475544636e+01 -1.634418086210886756e+01
-2.237322526058908068e+01 -1.718474304676055908e+01
-2.223257113311250421e+01 -1.612938992182413855e+01
-2.171267037472482286e+01 -1.630501596132914344e+01
-2.236735403739799821e+01 -1.695880452791849891e+01
-2.214305564104500590e+01 -1.630237793922424316e+01
-2.198900222778320312e+01 -1.580384878317514996e+01
-2.225920531709315497e+01 -1.577238869667053223e+01
-2.259686707642118719e+01 -1.737537904580434045e+01
-2.231668635546150981e+01 -1.603708151976267615e+01
-2.239500553325071053e+01 -1.693890953063964844e+01
-2.253488375776905173e+01 -1.634313309192657471e+01
-2.237970158205193982e+01 -1.585943373044331928e+01
-2.229771521940069690e+01 -1.675882085164387902e+01
-2.208741635791325919e+01 -1.660585824648539344e+01
-2.294485838938567568e+01 -1.520059200127919574e+01
-2.235053578069654634e+01 -1.427330378691355328e+01
-2.201425934646089289e+01 -1.671169896920521936e+01
-2.281733268802448933e+01 -1.765716576576232910e+01
-2.312081025010448343e+01 -1.494728171825408936e+01
-2.211563189555022646e+01 -1.573329404989878277e+01
-2.275556266913979897e+01 -1.609155329068501672e+01
-2.238384861057087605e+01 -1.667577596505482873e+01
-2.215192505464715467e+01 -1.633971246083577356e+01
-2.225719358153262206e+01 -1.660876933733622351e+01
-2.182441328339657716e+01 -1.414431877930959125e+01
-2.172657035569013217e+01 -1.664292705059051514e+01
-2.272116640058614578e+01 -1.594649537404378314e+01
-2.280887721756757358e+01 -1.638679424921671668e+01
-2.257466679912502627e+01 -1.723024411996205529e+01
-2.231742899296647309e+01 -1.660114085674285889e+01
-2.196618668507721495e+01 -1.562122046947479248e+01
-2.189502596451064420e+01 -1.475873601436614990e+01
-2.191325011495816355e+01 -1.686485576629638672e+01
-2.256151516154660897e+01 -1.658283778031666955e+01
-2.232913190227444034e+01 -1.704184114933013916e+01
-2.255755828598798374e+01 -1.641109228134155273e+01
-2.243900945631124344e+01 -1.680259549617767334e+01
-2.224562955306748080e+01 -1.637379546960194787e+01
-2.246634819548008721e+01 -1.582850547631581684e+01
-2.272975237894866396e+01 -1.627114244302113732e+01
-2.266483586521471949e+01 -1.691467185815175256e+01
-2.246401765791036453e+01 -1.658558877309163293e+01
-2.261602307982363769e+01 -1.647566994031270227e+01
-2.274832025624937870e+01 -1.668865489959716797e+01
-2.224532347210383065e+01 -1.693153639634450158e+01
-2.322552918579618719e+01 -1.661272792021433631e+01
-2.241377512075133183e+01 -1.702974593639373779e+01
-2.212886689072948343e+01 -1.669849093755086145e+01
-2.250506999128955954e+01 -1.666303221384684363e+01
-2.242734141268972792e+01 -1.597884408632914166e+01
-2.288283695608882695e+01 -1.654050270716349402e+01
-2.283930641109660442e+01 -1.703870439529418945e+01
-2.278372211779578294e+01 -1.646635846296946326e+01
-2.278546688920360452e+01 -1.515512172381083111e+01
-2.222873325671179856e+01 -1.658586700757344445e+01
-2.227461483518955987e+01 -1.589298117160797119e+01
-2.255807588868222169e+01 -1.680076913038889685e+01
-2.244732711274745185e+01 -1.566929213205973248e+01
-2.243413569563526266e+01 -1.625615465641021729e+01
-2.225414570307327367e+01 -1.682747177282969275e+01
-2.247817469451387140e+01 -1.651914417743682861e+01
-2.215824327630511803e+01 -1.664315605163574219e+01
-2.269771745649434891e+01 -1.549565951029459576e+01
-2.245614113241939336e+01 -1.606179622809092322e+01
-2.249963319099555648e+01 -1.609144608179728309e+01
-2.226343290684586762e+01 -1.641177876790364465e+01
-2.235836442850403927e+01 -1.717355728149414062e+01
-2.231233992819058543e+01 -1.587857858339945416e+01
-2.299030000072414737e+01 -1.688702388604481897e+01
-2.266359549053644784e+01 -1.710335012276967248e+01
-2.284391207614187635e+01 -1.594674336910247803e+01
-2.107892400935544686e+01 -1.704510486125946045e+01
-2.276343011047880438e+01 -1.717978604634602746e+01
-2.257616898164910779e+01 -1.687780177593231201e+01
-2.285802999593443730e+01 -1.603639113903045654e+01
-2.296474972417799165e+01 -1.691938257217407227e+01
-2.283861861794681758e+01 -1.625178726514180383e+01
-2.309157078953112574e+01 -1.541221590836842914e+01
-2.196503657001559873e+01 -1.633906225363413611e+01
-2.118676730333748637e+01 -1.646051446596781531e+01
-2.253424151469085146e+01 -1.693779754638671875e+01
-2.266147739604367928e+01 -1.655853954950968543e+01
-2.241705765158443242e+01 -1.606412565708160400e+01
-2.284540903770317399e+01 -1.645017659664154053e+01
-2.279395908420368855e+01 -1.685263693332672119e+01
-2.257291071293717621e+01 -1.627647399902343750e+01
-2.272065721932104054e+01 -1.727715718746185303e+01
