# Train Val
-9.612158248821893736e+00 -1.142399200835785322e+01
-1.142136908819278140e+01 -1.146077787721311836e+01
-1.145600281407435794e+01 -1.145845649768779850e+01
-1.147517276803652386e+01 -1.128874709389426556e+01
-1.149670605609814267e+01 -1.153837786092386608e+01
-1.155453834682703018e+01 -1.170972643270120983e+01
-1.166685392707586288e+01 -1.188848569795682764e+01
-1.186859405289093594e+01 -1.192977069260238032e+01
-1.203514263778924942e+01 -1.176726793313955355e+01
-1.216612274199724197e+01 -1.095069607821377922e+01
-1.227922908465067486e+01 -1.210440662928989930e+01
-1.236110889166593552e+01 -1.245403637824120402e+01
-1.239660821855068207e+01 -1.240442584396956782e+01
-1.244522406160831451e+01 -1.256742663197703180e+01
-1.252319772044817547e+01 -1.251933928898402648e+01
-1.256051263213157654e+01 -1.273475614770666375e+01
-1.261832002798716168e+01 -1.249242311948305684e+01
-1.268482112636168857e+01 -1.282974109401950535e+01
-1.276772781709829907e+01 -1.268522080508145500e+01
-1.280591849237680435e+01 -1.292946810536570368e+01
-1.291224257647991180e+01 -1.307936279495041099e+01
-1.297450888405243496e+01 -1.309954228339257121e+01
-1.307009069124857525e+01 -1.305624761209859486e+01
-1.311134443680445294e+01 -1.346590390143456339e+01
-1.326781838635603528e+01 -1.307220280634892440e+01
-1.331638769060373306e+01 -1.338714407635973558e+01
-1.349432210127512555e+01 -1.354306649542474084e+01
-1.356273716439803501e+01 -1.339291658029927845e+01
-1.360187762478987317e+01 -1.378916885326434993e+01
-1.371193663775920868e+01 -1.379603025510713721e+01
-1.372626788169145584e+01 -1.398507769696124114e+01
-1.383075684309005737e+01 -1.375051234604476313e+01
-1.388212380061546902e+01 -1.396345554698597269e+01
-1.394399314622084241e+01 -1.391666056893088665e+01
-1.388784859577814679e+01 -1.399213906077595482e+01
-1.409645505001147647e+01 -1.408702824332497272e+01
-1.405277648071447949e+01 -1.424267379958908286e+01
-1.420619305968284607e+01 -1.408815624187518978e+01
-1.418324737499157528e+01 -1.447379847935267883e+01
-1.417272472629944424e+01 -1.428143704401982284e+01
-1.434529721488555332e+01 -1.215624266785460605e+01
-1.429929086069265942e+01 -1.459004163122796349e+01
-1.430018696933984756e+01 -1.396281548289509544e+01
-1.436659207940101624e+01 -1.356979776357675505e+01
-1.446090752383073230e+01 -1.449106485193425975e+01
-1.439187036454677582e+01 -1.443339205407477088e+01
-1.456435474256674389e+01 -1.455175964553634849e+01
-1.443019042909145355e+01 -1.396579850184452987e+01
-1.451044134547313114e+01 -1.408513131079735636e+01
-1.449523692578077316e+01 -1.423103943118801418e+01
-1.461743589242299457e+01 -1.464752397908792858e+01
-1.457258074978987317e+01 -1.473572288859974222e+01
-1.470371071249246597e+01 -1.495113281150917039e+01
-1.460086591541767120e+01 -1.468245472846093058e+01
-1.479704761256774326e+01 -1.494260116676231398e+01
-1.475336770216623883e+01 -1.466375698981346964e+01
-1.467682090650002102e+01 -1.439555678429541707e+01
-1.470498541494210620e+01 -1.336208186211524129e+01
-1.479972636699676514e+01 -1.485304720990069427e+01
-1.472630454103151898e+01 -1.473286627484606370e+01
-1.484334496408700943e+01 -1.508184351239885679e+01
-1.481000544627507587e+01 -1.444229570611730828e+01
-1.466602541009585003e+01 -1.421822022772454552e+01
-1.485159434129794498e+01 -1.503288863541243892e+01
-1.488089443743228912e+01 -1.395896712216463875e+01
-1.488404035071531872e+01 -1.479904553797337918e+01
-1.499855542431274991e+01 -1.516244849910983739e+01
-1.489358351876338382e+01 -1.515200227266782207e+01
-1.506035102158784866e+01 -1.429618424254578457e+01
-1.501541459063688855e+01 -1.523938068786224775e+01
-1.491323827952146530e+01 -1.499376973238858390e+01
-1.483376402407884598e+01 -1.480287930872533231e+01
-1.507365127652883530e+01 -1.480723776136125913e+01
-1.507156464954217334e+01 -1.350632692312265348e+01
-1.500720308969418149e+01 -1.471247531841327572e+01
-1.512093089024225812e+01 -1.503072928143786058e+01
-1.506247972448666950e+01 -1.480930429929262715e+01
-1.509025138368209262e+01 -1.536896990491198167e+01
-1.515874046583970447e+01 -1.404327992030552430e+01
-1.514830458660920520e+01 -1.471288865572446269e+01
-1.522991709907849689e+01 -1.533421857016427126e+01
-1.517159414043029209e+01 -1.474155537493817292e+01
-1.521883666018644909e+01 -1.489515191858465037e+01
-1.519038710494836231e+01 -1.498100325349089346e+01
-1.510818742712338825e+01 -1.508014150099320894e+01
-1.521161018808682819e+01 -1.540468929340313053e+01
-1.525532032301028629e+01 -1.524277460420286445e+01
-1.524478276818990707e+01 -1.490633319260238032e+01
-1.527386889110008816e+01 -1.523422552083993864e+01
-1.520083394646644592e+01 -1.530942333518684606e+01
-1.527418945481379886e+01 -1.503710214193765182e+01
-1.524690709263086319e+01 -1.517865963725300560e+01
-1.519260022789239883e+01 -1.484370720850956893e+01
-1.524347921212514301e+01 -1.502896004218559689e+01
-1.531582134465376477e+01 -1.546474150868205300e+01
-1.528841554870208164e+01 -1.517853765363817153e+01
-1.536084818840026855e+01 -1.534828355714872217e+01
-1.528215877960125546e+01 -1.474595422868604722e+01
-1.543057662745316883e+01 -1.460828885165127922e+01
-1.521071934203306775e+01 -1.540272385733468141e+01
-1.534586301942666431e+01 -1.534433380969159089e+01
-1.535795815289020538e+01 -1.564449242183140321e+01
-1.541134408613046070e+01 -1.450575284834031997e+01
-1.527887071172396283e+01 -1.560186096290489211e+01
-1.534624155114094357e+01 -1.559262439182826476e+01
-1.540546068300803562e+01 -1.545102788256360427e+01
-1.544652842481931110e+01 -1.540642151275238447e+01
-1.532530396928389926e+01 -1.462177244409338250e+01
-1.542292285710573196e+01 -1.538235618541767025e+01
-1.549346238126357456e+01 -1.453257182975868211e+01
-1.535830197731653790e+01 -1.545010377215100661e+01
-1.533947253227233887e+01 -1.562363733564104429e+01
-1.544592884182929993e+01 -1.525644945169424105e+01
-1.536664670457442661e+01 -1.436670645181234818e+01
-1.559734366089105606e+01 -1.550052303462833514e+01
-1.562943326930204968e+01 -1.460164893757213278e+01
-1.542958311736583710e+01 -1.567256697122152787e+01
-1.553993257880210876e+01 -1.577613951943137494e+01
-1.551954553773005863e+01 -1.507237287001176362e+01
-1.561059734473625760e+01 -1.567367948804582944e+01
-1.556073914964993854e+01 -1.492261641366141234e+01
-1.549623153358697891e+01 -1.564142948002010236e+01
-1.554700044542551041e+01 -1.572871232961679411e+01
-1.550380684932073017e+01 -1.564566461142007370e+01
-1.553323421378930469e+01 -1.532571580812528467e+01
-1.559437198191881180e+01 -1.556056487095820451e+01
-1.552168100575605969e+01 -1.460777017667696143e+01
-1.559116635471582413e+01 -1.543556010258662248e+01
-1.572058457881212234e+01 -1.549974913411326227e+01
-1.560235166052977185e+01 -1.514151976944564204e+01
-1.562670377890268902e+01 -1.399618156234939370e+01
-1.551906719307104687e+01 -1.505249668715836187e+01
-1.560111985603968243e+01 -1.554476844490348597e+01
-1.575972934563954730e+01 -1.562458009843702378e+01
-1.565926129619280438e+01 -1.519518550030596771e+01
-1.564258187512556653e+01 -1.571893166876458459e+01
-1.572910226136445999e+01 -1.488898759074025335e+01
-1.585952523102363010e+01 -1.559379668049998102e+01
-1.565592967967192273e+01 -1.412743395025079884e+01
-1.569573945303758045e+01 -1.563295661629020472e+01
-1.576530937602122684e+01 -1.549501951638754349e+01
-1.571732827524344067e+01 -1.488293870702966437e+01
-1.565799128264188766e+01 -1.586780110891763229e+01
-1.578258820126453976e+01 -1.574041027217716326e+01
-1.573471572250127792e+01 -1.584104336082161169e+01
-1.555442951122919659e+01 -1.552346665518624391e+01
-1.565410292396942715e+01 -1.583125419121284061e+01
-1.570810840775569339e+01 -1.536565412793840757e+01
-1.581311035404602627e+01 -1.568370032620120291e+01
-1.565411404768625836e+01 -1.561159240425407191e+01
-1.586284351100524326e+01 -1.541376722013795586e+01
-1.581382069736719131e+01 -1.540296726722221798e+01
-1.566502701987822910e+01 -1.526094673206279850e+01
-1.584797607610622983e+01 -1.539171675892619362e+01
-1.585836888353029828e+01 -1.541537053244454469e+01
-1.567757020394007306e+01 -1.562779539281671681e+01
-1.594417668879032135e+01 -1.532373258665010596e+01
-1.571469295273224454e+01 -1.578572020592627645e+01
-1.579219273477792740e+01 -1.541532117670232616e+01
-1.584897006303071976e+01 -1.583583072563270555e+01
-1.587857425461212735e+01 -1.506122267091429023e+01
-1.584039656321207623e+01 -1.583889986013437223e+01
-1.582962805281082730e+01 -1.569311522198961839e+01
-1.597513015816609006e+01 -1.569195582649924603e+01
-1.580902072538932224e+01 -1.592336110944871841e+01
-1.574929821242888828e+01 -1.547308080846613088e+01
-1.590900044391552548e+01 -1.594844358617609181e+01
-1.599558613697687726e+01 -1.552000902844713792e+01
-1.591014599800109863e+01 -1.560743152321159144e+01
-1.593017840137084384e+01 -1.554511030618246537e+01
-1.581097479661305805e+01 -1.583835885431859403e+01
-1.581034664561351200e+01 -1.534375949958702101e+01
-1.596317763874928097e+01 -1.564400883464070091e+01
-1.574932964394489865e+01 -1.517296914930467544e+01
-1.598853563020626645e+01 -1.563764422280447874e+01
-1.598943830529848675e+01 -1.526779815128871398e+01
-1.584528238077958484e+01 -1.586319268214238143e+01
-1.597947011639674564e+01 -1.558475312319668937e+01
-1.591679486880699734e+01 -1.566202672735437140e+01
-1.601981412370999536e+01 -1.538513517999029823e+01
-1.589713449031114578e+01 -1.576330354616239404e+01
-1.599667665114005466e+01 -1.536233729820746952e+01
-1.592630047847827335e+01 -1.593623631960385723e+01
-1.592042974630991559e+01 -1.588273348127092710e+01
-1.596724146852890591e+01 -1.559761537824358335e+01
-1.605272794763247290e+01 -1.593282006003639850e+01
-1.592408698300520520e+01 -1.575424220345237103e+01
-1.586346082637707333e+01 -1.555810950638411860e+01
-1.606947503487269202e+01 -1.566555654847776680e+01
-1.601595929016669473e+01 -1.556957113588011055e+01
-1.587114853411912918e+01 -1.576940292507022967e+01
-1.609154806286096573e+01 -1.591528835544338527e+01
-1.594454727321863174e+01 -1.473709487915039062e+01
-1.608085627357165137e+01 -1.529579680306570921e+01
-1.603779006252686301e+01 -1.583552028606464290e+01
-1.604964362581570825e+01 -1.610176299454330007e+01
-1.602422015865643701e+01 -1.600695958075585423e+01
-1.601986413449048996e+01 -1.591743543550565576e+01
-1.593569599340359311e+01 -1.597238310281332474e+01
-1.602989867081244668e+01 -1.563823400224958071e+01
-1.606953599055607995e+01 -1.547112305133373766e+01
-1.607228906204302987e+01 -1.495576158746496453e+01
-1.605457924058039865e+01 -1.584062562670026431e+01
-1.607697486132383347e+01 -1.586431243202903119e+01
-1.606742011258999625e+01 -1.417152272261582446e+01
-1.602429110308488092e+01 -1.583298504817021346e+01
-1.612284470846255502e+01 -1.526022776071127396e+01
-1.600647693127393723e+01 -1.548404374060692668e+01
-1.614402954528729239e+01 -1.554994112485415059e+01
-1.608915333449840546e+01 -1.607794459454424896e+01
-1.617645842830340186e+01 -1.550366983785257702e+01
-1.617226830124855042e+01 -1.595833915859073748e+01
-1.606664247562487802e+01 -1.594544461485627451e+01
-1.615980669111013412e+01 -1.602483694893973265e+01
-1.615148193637530127e+01 -1.529958210982285571e+01
-1.614537659784157952e+01 -1.611531791439304229e+01
-1.610395063459873199e+01 -1.591567745456447902e+01
-1.619307776540517807e+01 -1.565467225111924243e+01
-1.624660248557726661e+01 -1.570999631014737297e+01
-1.620329710344473639e+01 -1.576295881147508560e+01
-1.620471555491288385e+01 -1.553598668977811670e+01
-1.624895100543896476e+01 -1.544718874894179272e+01
-1.609842540323734283e+01 -1.572368340678029242e+01
-1.607489156474669656e+01 -1.594788422522606730e+01
-1.619896370917558670e+01 -1.554734433161747909e+01
-1.631716160972912988e+01 -1.590643308069798856e+01
-1.617486831049124518e+01 -1.549606364113943968e+01
-1.619270437210798264e+01 -1.519074921793751898e+01
-1.627413037170966348e+01 -1.560690695279604512e+01
-1.622159708539644996e+01 -1.590500171463210854e+01
-1.628281371543804923e+01 -1.584046963282993836e+01
-1.619529134035110474e+01 -1.608414734183967809e+01
-1.625930428256591043e+01 -1.600916895928320827e+01
-1.622840567181507865e+01 -1.587337386143672013e+01
-1.618007694681485376e+01 -1.528370395264068193e+01
-1.624020472913980484e+01 -1.582484621815867243e+01
-1.627158411095539847e+01 -1.588756042331844220e+01
-1.621223910897970200e+01 -1.597587525999391289e+01
-1.621925105651219567e+01 -1.544424741918390431e+01
-1.630006555467844009e+01 -1.501441751207624087e+01
-1.619834578285614768e+01 -1.583990752232539201e+01
-1.637408927828073502e+01 -1.578214174741274434e+01
-1.623163129885991296e+01 -1.543807559818416486e+01
-1.614813498407602310e+01 -1.612761689470960036e+01
-1.633272103716929635e+01 -1.511346164307036943e+01
-1.636728497097889701e+01 -1.582568837450696364e+01
-1.628278094778458396e+01 -1.617552429050594043e+01
-1.623759499192237854e+01 -1.607346365049287940e+01
-1.638374014198780060e+01 -1.550764491341330853e+01
-1.634354198227326194e+01 -1.581154709357719845e+01
-1.631682030856609344e+01 -1.556670840374835052e+01
-1.627949965000152588e+01 -1.563681042658818221e+01
-1.638860158870617667e+01 -1.583520200655057764e+01
-1.632448623577753821e+01 -1.527179445539202085e+01
-1.629763566454251489e+01 -1.615974572417023936e+01
-1.632507196813821793e+01 -1.595086896574342461e+01
-1.637786380698283395e+01 -1.607768390705059147e+01
-1.630065047492583474e+01 -1.601362700276560602e+01
-1.622745032856861869e+01 -1.527713278980998268e+01
-1.633095737546682358e+01 -1.535190161172445755e+01
-1.629794969906409463e+01 -1.564858152959253879e+01
-1.636208014438549796e+01 -1.596578287149404574e+01
-1.635281979789336404e+01 -1.600318680800400628e+01
-1.627184146394332132e+01 -1.522975076947893491e+01
-1.646325115859508514e+01 -1.564149840466387786e+01
-1.636378178000450134e+01 -1.484987305975579552e+01
-1.636212046692768851e+01 -1.545142544089973669e+01
-1.642093649258216104e+01 -1.592402434658694510e+01
-1.628788207719723502e+01 -1.626409003022429189e+01
-1.656183008601268014e+01 -1.612278559300806791e+01
-1.642323212325572968e+01 -1.612894640340433483e+01
-1.635161498685677728e+01 -1.579199555632355967e+01
-1.648861760894457618e+01 -1.568541515647590856e+01
-1.636984422554572305e+01 -1.592222367323838306e+01
-1.637011803934971610e+01 -1.578652130473743753e+01
-1.640566440920035163e+01 -1.484302175199830742e+01
-1.642358297357956687e+01 -1.565339630919617520e+01
-1.631329219043254852e+01 -1.580328410012381468e+01
-1.635137403756380081e+01 -1.601312207556390277e+01
-1.634606541693210602e+01 -1.497271364385431447e+01
-1.638454545537630835e+01 -1.616088467139702445e+01
-1.639098433156808099e+01 -1.557985347896427264e+01
-1.645994849006335059e+01 -1.607045475848309479e+01
-1.643732940157254419e+01 -1.602274456271877412e+01
-1.657981051007906714e+01 -1.588949546566257176e+01
-1.648102590193350991e+01 -1.520754291484882259e+01
-1.644300998995701590e+01 -1.610101027302927790e+01
-1.645561195413271705e+01 -1.601169442511224261e+01
-1.641373522331317147e+01 -1.541277311993883714e+01
-1.647424191733201226e+01 -1.580221941563990207e+01
-1.646763622512419900e+01 -1.582191908204710273e+01
-1.648442112406094751e+01 -1.584759599512273631e+01
-1.651689516256253043e+01 -1.609639443979634876e+01
-1.635338739057381829e+01 -1.559943133515196934e+01
-1.645085043708483497e+01 -1.615413034117067070e+01
-1.646048283825318137e+01 -1.558746403533142910e+01
-1.651056728512048721e+01 -1.607377491988144769e+01
-1.655367051313320914e+01 -1.606110948091977519e+01
-1.656146656970183173e+01 -1.597539091729498573e+01
-1.645938902348279953e+01 -1.585933723697414699e+01
-1.656185679386059562e+01 -1.568379197801862368e+01
-1.652580840885639191e+01 -1.577151972287661152e+01
-1.656765564779440680e+01 -1.504135136790089788e+01
-1.650014018764098367e+01 -1.557213572712687721e+01
-1.649868758519490441e+01 -1.601695593301352005e+01
-1.656909082581599435e+01 -1.573905978264746786e+01
-1.651491521547238150e+01 -1.526406151907784547e+01
-1.654902321348587790e+01 -1.589422915817855220e+01
-1.649145958075920859e+01 -1.563376176512086602e+01
-1.659303921709458152e+01 -1.522217331923447681e+01
-1.667457379400730133e+01 -1.540633180543973779e+01
-1.662081552545229712e+01 -1.546729194343864222e+01
-1.647748148441314697e+01 -1.595864881787981382e+01
-1.653193434079488000e+01 -1.489665975199117298e+01
-1.639894564698139945e+01 -1.577438127839720039e+01
-1.672466136266787728e+01 -1.562360759834190382e+01
-1.653608625382184982e+01 -1.593215133617450618e+01
-1.643436361352602759e+01 -1.594487646028592920e+01
-1.655383213112751761e+01 -1.552476329308051639e+01
-1.652640929818153381e+01 -1.589817680012096091e+01
-1.663317439705133438e+01 -1.595927569154020986e+01
-1.674199101080496987e+01 -1.598903019397289782e+01
-1.662227598329385003e+01 -1.608385198766535140e+01
-1.668803746501604834e+01 -1.604744537155349704e+01
-1.653130145619313041e+01 -1.580992795275403395e+01
-1.667388004809617996e+01 -1.593444652061957889e+01
-1.665709884961446008e+01 -1.605081969422179355e+01
-1.665897477418184280e+01 -1.599199578669164090e+01
-1.668601416299740592e+01 -1.504934426097126732e+01
-1.668151679883400718e+01 -1.555846361680464263e+01
-1.657664147267739096e+01 -1.602473203237954635e+01
-1.655507827301820001e+01 -1.571218292434494224e+01
-1.662803891301155090e+01 -1.569047830011937528e+01
-1.667712486783663550e+01 -1.608521099833698997e+01
-1.668010942141215125e+01 -1.613945492831143369e+01
-1.670792614171902457e+01 -1.569910019713562832e+01
-1.651429796715577325e+01 -1.570408198121306143e+01
-1.667989443242549896e+01 -1.576250044091955438e+01
-1.664530530323584756e+01 -1.582642887165020085e+01
-1.669506289064884186e+01 -1.576721233516544451e+01
-1.659599313636620721e+01 -1.606014130332253131e+01
-1.673681922256946564e+01 -1.592077611947988558e+01
-1.669961316386858741e+01 -1.478117013906503630e+01
-1.663149989893038949e+01 -1.601903102924297428e+01
-1.672335094213485718e+01 -1.608032151011677513e+01
-1.667399607847134391e+01 -1.591855670879413509e+01
-1.678682501365740976e+01 -1.588923543459409160e+01
-1.668167848140001297e+01 -1.595808727710278063e+01
-1.672310780237118522e+01 -1.602428047378341702e+01
-1.667413918673992157e+01 -1.619101393067991523e+01
-1.676529957354068756e+01 -1.613087997188815947e+01
-1.677641853938500205e+01 -1.562441316827551141e+01
-1.664294806619485101e+01 -1.605610224488493643e+01
-1.673850855976343155e+01 -1.610134422004997035e+01
-1.675332715610663215e+01 -1.601422856070778522e+01
-1.671000598619381705e+01 -1.596516196758716077e+01
-1.671310463796059409e+01 -1.583866559065781665e+01
-1.661502398053805152e+01 -1.609326292013193083e+01
-1.682637207706769189e+01 -1.613092758129169368e+01
-1.679055608312289039e+01 -1.599338187180556226e+01
-1.667667033026615897e+01 -1.589924035753522524e+01
-1.668223266551892081e+01 -1.598152798491639004e+01
-1.668570717175801477e+01 -1.615249620165143796e+01
-1.672614340235789498e+01 -1.580841951246385513e+01
-1.670333987971146783e+01 -1.601985755524077959e+01
-1.673982339849074563e+01 -1.583158717217383504e+01
-1.669931527723868570e+01 -1.610413937754445257e+01
-1.676720578720172128e+01 -1.591689527189576836e+01
-1.662937536338965216e+01 -1.607494578423438014e+01
-1.680809895445903024e+01 -1.563735444205147829e+01
-1.673465866098801413e+01 -1.566351535103537884e+01
-1.672663592298825463e+01 -1.601911256220433444e+01
-1.687311371167500695e+01 -1.586139909323159713e+01
-1.668609551837046823e+01 -1.583501575519512272e+01
-1.676948379228512565e+01 -1.565447070381858197e+01
-1.672237659245729446e+01 -1.577763507892559147e+01
-1.672482317437728128e+01 -1.597312696878012162e+01
-1.679742211351792136e+01 -1.579804230974866286e+01
-1.671885543316602707e+01 -1.408175146424925117e+01
-1.671943847586711129e+01 -1.619657863270152731e+01
-1.686283209423224250e+01 -1.594175861408184147e+01
-1.679352746903896332e+01 -1.556317185736321740e+01
-1.688254705568154534e+01 -1.620852147139511956e+01
-1.670387129733959952e+01 -1.614345861410165739e+01
-1.671767818182706833e+01 -1.566838058868011885e+01
-1.676727118343114853e+01 -1.573882781685172816e+01
-1.673468837887048721e+01 -1.608129754004540501e+01
-1.680668352047602454e+01 -1.577826040441339650e+01
-1.679467566311359406e+01 -1.605117505556577129e+01
-1.683306597421566764e+01 -1.586456254240754404e+01
-1.684196175883213797e+01 -1.594650221490240760e+01
-1.677492450426022330e+01 -1.514525164567030835e+01
-1.675541061162948608e+01 -1.567498338377320977e+01
-1.685269848008950433e+01 -1.574831472124372134e+01
-1.676220678538084030e+01 -1.572481896041275640e+01
-1.690448239197333535e+01 -1.613040296133462448e+01
-1.692706556618213654e+01 -1.626003973824637328e+01
-1.679799848049879074e+01 -1.586542314058774394e+01
-1.685025388995806495e+01 -1.569578585686621786e+01
-1.675096731384595117e+01 -1.598172397118110233e+01
-1.682948549836874008e+01 -1.547329998016357422e+01
-1.689530451099077979e+01 -1.577168799065924354e+01
-1.694178127745787421e+01 -1.567649773188999696e+01
-1.693542604893445969e+01 -1.602398713842615052e+01
-1.673871415356795112e+01 -1.552826717921665711e+01
-1.679462969551483909e+01 -1.442181320933552513e+01
-1.676729183644056320e+01 -1.575175712634990788e+01
-1.689324193696181098e+01 -1.612045930887197542e+01
-1.690989101429780206e+01 -1.570234162466866579e+01
-1.688699570049842080e+01 -1.614359342897093086e+01
-1.693079870194196701e+01 -1.552559521910432139e+01
-1.684026834368705750e+01 -1.570411540935565853e+01
-1.688941762348015985e+01 -1.579999153335373130e+01
-1.697291805098454276e+01 -1.583809634617396789e+01
-1.682961754004160682e+01 -1.598502749901313358e+01
-1.690342270831267157e+01 -1.549961732889150667e+01
-1.691295163581768790e+01 -1.606955279313124763e+01
-1.692701428135235986e+01 -1.585737682937027593e+01
-1.680952408413092414e+01 -1.563783062278450231e+01
-1.684819527467091760e+01 -1.591897500025761580e+01
-1.697277338057756424e+01 -1.568734036482773853e+01
-1.692703039944171906e+01 -1.526439583765995955e+01
-1.695964500804742059e+01 -1.571186307188752451e+01
-1.690691894541184226e+01 -1.566636957441057554e+01
-1.695739129434029380e+01 -1.557666934620250387e+01
-1.685678309202194214e+01 -1.614634243853680573e+01
-1.693981634328762809e+01 -1.588422393798828125e+01
-1.699268223345279694e+01 -1.575377806130941849e+01
-1.690201357752084732e+01 -1.572355690250149074e+01
-1.687545006473859033e+01 -1.599190214082792139e+01
-1.696189035475254059e+01 -1.575069579830417332e+01
-1.701970141132672509e+01 -1.592673928397042360e+01
-1.689882509162028512e+01 -1.576914985458572183e+01
-1.691531806935866555e+01 -1.594308711956073665e+01
-1.689498284707466880e+01 -1.566679450443812804e+01
-1.709010192503531655e+01 -1.594197125868363862e+01
-1.683068180332581321e+01 -1.608719373678232145e+01
-1.695383114616076270e+01 -1.579492409198315173e+01
-1.683350724975268164e+01 -1.569590649047455244e+01
-1.687409076094627380e+01 -1.530437130122989764e+01
-1.690677951276302338e+01 -1.596453264162137842e+01
-1.693953192730744561e+01 -1.567128543110636940e+01
-1.689260991414387902e+01 -1.585728831105418024e+01
-1.692026286820570746e+01 -1.560984258527879653e+01
-1.687446232636769494e+01 -1.565465923408409132e+01
-1.688829438636700431e+01 -1.568486888687331948e+01
-1.699364210416873178e+01 -1.569735967958128242e+01
-1.692622605462868890e+01 -1.592197518534474554e+01
-1.697726196050643921e+01 -1.608105278015136719e+01
-1.697298046946525574e+01 -1.615563552410571546e+01
-1.681048058718442917e+01 -1.620333269044950342e+01
-1.695805719246466836e+01 -1.508398593555797262e+01
-1.694966467718283454e+01 -1.609798020201844082e+01
-1.701537562906742096e+01 -1.610321577493246537e+01
-1.696821223447720328e+01 -1.557060262754366065e+01
-1.708223515252272406e+01 -1.560821675635003380e+01
-1.702691256006558618e+01 -1.553457860822801528e+01
-1.682719311863183975e+01 -1.592061570402863779e+01
-1.696681738396485528e+01 -1.577957304421957474e+01
-1.693438780804475030e+01 -1.513999941441919894e+01
-1.713815206289291382e+01 -1.555056300720611162e+01
-1.704512391736109933e+01 -1.594508255302131872e+01
-1.693664709726969519e+01 -1.597103108988179798e+01
-1.693842785060405731e+01 -1.549054621411608323e+01
-1.703775488585233688e+01 -1.567819478914335107e+01
-1.700560823331276694e+01 -1.586625148723651790e+01
-1.699180198957522592e+01 -1.550703343478116203e+01
-1.705367569128672400e+01 -1.523403847682011580e+01
-1.701999701062838355e+01 -1.574488788456111799e+01
-1.697705672432978830e+01 -1.607666460260168151e+01
-1.700314608216285706e+01 -1.587383828844342837e+01
-1.697878730297088623e+01 -1.568570015647194538e+01
-1.704092328498760978e+01 -1.536962696174522414e+01
-1.708710878590742865e+01 -1.566503103677328568e+01
-1.709709453334410867e+01 -1.575240669002780614e+01
-1.699803303678830346e+01 -1.533032646426906886e+01
-1.703184986859560013e+01 -1.532245514609596881e+01
-1.694897685696681222e+01 -1.597344485196200203e+01
-1.694391307731469354e+01 -1.607271144916484928e+01
-1.712890878568093100e+01 -1.558388947821282677e+01
-1.702226433654626092e+01 -1.581154805963689647e+01
-1.704009188959996024e+01 -1.586924663147368975e+01
-1.703141356756289682e+01 -1.520788362428739404e+01
-1.718106053272883216e+01 -1.513631553154487186e+01
-1.700288151452938834e+01 -1.561368383680071226e+01
-1.709268577645222464e+01 -1.591948038571840840e+01
-1.705443606028954306e+01 -1.619409114044982090e+01
-1.708766500403483590e+01 -1.601828428986784658e+01
-1.715701266129811486e+01 -1.551235881409087725e+01
-1.703748136262099067e+01 -1.548940699441092406e+01
-1.704216927041609964e+01 -1.593245023256772441e+01
-1.709287339448928833e+01 -1.583941667730158009e+01
-1.706513506670792779e+01 -1.516829675203793926e+01
-1.701344961424668512e+01 -1.610189797042252025e+01
-1.701114734262228012e+01 -1.611761043598125553e+01
-1.714166114479303360e+01 -1.594872577469070229e+01
-1.705932583659887314e+01 -1.585924767828606896e+01
-1.710841299593448639e+01 -1.538587829044887023e+01
-1.705982858190933982e+01 -1.595904715649493255e+01
-1.704370953390995780e+01 -1.611692501662613353e+01
-1.708527234196662903e+01 -1.613145226317566738e+01
-1.722493155300617218e+01 -1.591212607049322791e+01
-1.696401212612788001e+01 -1.584719221932547484e+01
-1.696694455544153968e+01 -1.543538122053270278e+01
-1.693184088418881217e+01 -1.553925171146145168e+01
-1.705551833659410477e+01 -1.557309664689101147e+01
-1.712914061546325684e+01 -1.567812195071926418e+01
-1.712395760168631753e+01 -1.588115710716743045e+01
-1.713351853688557824e+01 -1.611532792178067197e+01
-1.712652469178040704e+01 -1.606849627061323815e+01
-1.712326080600420752e+01 -1.605881604281338682e+01
-1.710027011483907700e+01 -1.575026088565975080e+01
-1.714689813802639762e+01 -1.577297791567715812e+01
-1.702365063130855560e+01 -1.607209743152965231e+01
-1.711897933483123779e+01 -1.602854289017714606e+01
-1.716181087493896484e+01 -1.584454597126353903e+01
-1.724018232772747794e+01 -1.595216978989638257e+01
-1.709017412364482880e+01 -1.590837910887482920e+01
-1.712388085077206412e+01 -1.580560743653929023e+01
-1.714029324799776077e+01 -1.604236508654309645e+01
-1.707080417126417160e+01 -1.582377330978195396e+01
-1.717384403695662698e+01 -1.569111675411075701e+01
-1.717204963912566384e+01 -1.568053456095906029e+01
-1.720576028277476510e+01 -1.584204356701343031e+01
-1.722236024588346481e+01 -1.609045413871864127e+01
-1.705704332888126373e+01 -1.595093493028120513e+01
-1.719332998991012573e+01 -1.567846318034382591e+01
-1.720061973730723182e+01 -1.582441627205192347e+01
-1.720991953214009484e+01 -1.590752595430844707e+01
-1.724148171891768655e+01 -1.519415347607104749e+01
-1.698467024664084235e+01 -1.540579970471270599e+01
-1.707169295350710669e+01 -1.478542055402483335e+01
-1.705465390036503592e+01 -1.593776120767964954e+01
-1.709341815610726556e+01 -1.578620857387394061e+01
-1.718685969213644782e+01 -1.565719080590582557e+01
-1.719362626969814301e+01 -1.610587665012904424e+01
-1.728270303209622583e+01 -1.566955926820829248e+01
-1.711203271895647049e+01 -1.599810211379806724e+01
-1.729784062008063117e+01 -1.582891695840018187e+01
-1.719083465139071265e+01 -1.568444874998811045e+01
-1.716780464102824411e+01 -1.556596443869850788e+01
-1.725349083542823792e+01 -1.587143265117298441e+01
-1.728030045330524445e+01 -1.607572946920023327e+01
-1.722604525834321976e+01 -1.590982937503170724e+01
-1.717122427374124527e+01 -1.586970703323166099e+01
-1.718074530859788140e+01 -1.559494800072211795e+01
-1.719225250184535980e+01 -1.598562358261702876e+01
-1.720963585873444757e+01 -1.545298442592868504e+01
-1.734470690041780472e+01 -1.588528547658548717e+01
-1.721391720324754715e+01 -1.574406974346606702e+01
-1.715310253451267997e+01 -1.603461819190483695e+01
-1.722151389469702920e+01 -1.578156966667670780e+01
-1.712822948644558707e+01 -1.582305830175226369e+01
-1.719715878864129266e+01 -1.605892155387184772e+01
-1.725707006454467773e+01 -1.597846851101169285e+01
-1.719240289678176126e+01 -1.582214870700588527e+01
-1.724184778581063071e+01 -1.546764493917489958e+01
-1.723006677130858222e+01 -1.521796013472916265e+01
-1.717463535815477371e+01 -1.599489130292620054e+01
-1.725124035775661469e+01 -1.589692084820239515e+01
-1.723544575770695886e+01 -1.590176763162984486e+01
-1.733344904581705848e+01 -1.555058455776858573e+01
-1.734494604667027673e+01 -1.587772515532258311e+01
-1.723998810599247733e+01 -1.572728335392939591e+01
-1.721136857569217682e+01 -1.585477011544363890e+01
-1.732959227263927460e+01 -1.545130510454053940e+01
-1.720075352241595468e+01 -1.537851027699259987e+01
-1.716801415880521020e+01 -1.585906811503620872e+01
-1.730751831332842627e+01 -1.610519334867403174e+01
-1.723857846359411994e+01 -1.582968142125513644e+01
-1.721982338527838508e+01 -1.551303112971318221e+01
-1.722570242981116095e+01 -1.423287841251918273e+01
-1.723187343279520789e+01 -1.591542871896322708e+01
-1.720925515641768655e+01 -1.520990636751249170e+01
-1.719568938513596734e+01 -1.585824290188875985e+01
-1.726456978668769082e+01 -1.548121638112253962e+01
-1.721354128172000131e+01 -1.614007816066989776e+01
-1.716949860006570816e+01 -1.547872156911082087e+01
-1.724952043592929840e+01 -1.534990647551301279e+01
-1.724609740326802054e+01 -1.529805174740877938e+01
-1.731619141002495965e+01 -1.592082914129480109e+01
-1.728691899031400681e+01 -1.566611065802636027e+01
-1.735096969455480576e+01 -1.534582679302661390e+01
-1.732383333643277368e+01 -1.541744124424922013e+01
-1.722699662049611291e+01 -1.587832786510517025e+01
-1.725217269112666330e+01 -1.596418680463518491e+01
-1.717018914222717285e+01 -1.598858511293089180e+01
-1.743004145473241806e+01 -1.501669254550686183e+01
-1.720340437938769540e+01 -1.562458226587865262e+01
-1.724029347300529480e+01 -1.608528350235580007e+01
-1.733607884993155679e+01 -1.593870265762527261e+01
-1.726240923007329187e+01 -1.613573971042385224e+01
-1.737704641620318213e+01 -1.589960046248002534e+01
-1.735606850683689117e+01 -1.571222092269302983e+01
-1.731508394082387170e+01 -1.578209280038808870e+01
-1.716316928714513779e+01 -1.607605247992973929e+01
-1.731007711340983590e+01 -1.550347724518218584e+01
-1.730146053681771079e+01 -1.567382377773136248e+01
-1.736696221679449081e+01 -1.576351022101067834e+01
-1.733106789489587030e+01 -1.589663148855234098e+01
-1.736846373478571692e+01 -1.608949562171837044e+01
-1.730657960722843924e+01 -1.569346159154718556e+01
-1.729514214148123941e+01 -1.593945511904629875e+01
-1.732765622437000275e+01 -1.612258559387999668e+01
-1.749422007550795755e+01 -1.568847022118506551e+01
-1.726950588325659552e+01 -1.591189202395352531e+01
-1.726392527172962943e+01 -1.540440492506151138e+01
-1.726337777574856958e+01 -1.601521473426323539e+01
-1.730801958839098731e+01 -1.565857733689345288e+01
-1.736401665210723877e+01 -1.583330184143859043e+01
-1.734478525320689002e+01 -1.596589322523637300e+01
-1.732907122621933738e+01 -1.563095569610595703e+01
-1.737330177923043451e+01 -1.564051410130092101e+01
-1.728505241374174872e+01 -1.579094957376455355e+01
-1.732400688529014587e+01 -1.557703116032984347e+01
-1.743725675841172418e+01 -1.579467950548444399e+01
-1.718110598872105399e+01 -1.594952092851911196e+01
-1.748194916297991952e+01 -1.573549728888969845e+01
-1.743189750115076819e+01 -1.578943307059151735e+01
-1.734460799396038055e+01 -1.581737249547784963e+01
-1.736740474154551706e+01 -1.550786263602120485e+01
-1.726121136546134949e+01 -1.529494508520349250e+01
-1.742178450773159781e+01 -1.588665980797309452e+01
-1.730582654476165771e+01 -1.482884099886014795e+01
-1.727107540766398230e+01 -1.542022173745291624e+01
-1.725471967955430230e+01 -1.573780905735957170e+01
-1.741757096350193024e+01 -1.571637172203559452e+01
-1.742138477663199225e+01 -1.592421418970281444e+01
-1.729630864163239679e+01 -1.578320531721239028e+01
-1.740021236489216605e+01 -1.558088690274721699e+01
-1.741156135499477386e+01 -1.553353904129622798e+01
-1.740706475327412406e+01 -1.578411782252324080e+01
-1.731294053792953491e+01 -1.575602497992577433e+01
-1.729778555035591125e+01 -1.494434982151180158e+01
-1.734872174759705743e+01 -1.590584884990345316e+01
-1.732269390175740043e+01 -1.587820896545013838e+01
-1.736729145795106888e+01 -1.521928296770368227e+01
-1.738811678191025933e+01 -1.595553036479206810e+01
-1.743705438077449799e+01 -1.557947247988217754e+01
-1.731918146709601203e+01 -1.617140146973845205e+01
-1.746979749699433526e+01 -1.586951792085325508e+01
-1.740781612694263458e+01 -1.464507011314491258e+01
-1.735652008901039878e+01 -1.591896938968014474e+01
-1.734162819137175759e+01 -1.573901071176900501e+01
-1.735523940871159354e+01 -1.595272709487320562e+01
-1.733963863054911414e+01 -1.573200712575540905e+01
-1.740692064166069031e+01 -1.607536362982415667e+01
-1.737048022449016571e+01 -1.500098040196802707e+01
-1.748375361164410791e+01 -1.521129845953606896e+01
-1.741312516480684280e+01 -1.568056495468337808e+01
-1.734122211982806405e+01 -1.586660101506617160e+01
-1.738194692879915237e+01 -1.602505784220509710e+01
-1.745528541505336761e+01 -1.598183338363449302e+01
-1.739299888908863068e+01 -1.580647453704437666e+01
-1.727658158789078513e+01 -1.574976378601866855e+01
-1.748626009374856949e+01 -1.587575729171951089e+01
-1.749545111010472098e+01 -1.578628790223753242e+01
-1.748214241365591803e+01 -1.602229738854742536e+01
-1.739901838203271112e+01 -1.564097566728468003e+01
-1.746452667067448417e+01 -1.578081205293729639e+01
-1.750883275767167291e+01 -1.585035695658101673e+01
-1.737720650931199273e+01 -1.574781308855329165e+01
-1.748438256730635842e+01 -1.590986347198486328e+01
-1.738246335834264755e+01 -1.612863006839504365e+01
-1.744680364678303519e+01 -1.593085817857222075e+01
-1.749798347055912018e+01 -1.555234736900825077e+01
-1.742019524176915368e+01 -1.474416316639293356e+01
-1.756248266249895096e+01 -1.586175208896785627e+01
-1.726119169841210166e+01 -1.539546476091657290e+01
-1.756082632889350137e+01 -1.554500728458553205e+01
-1.741356951246659079e+01 -1.562249235673384185e+01
-1.747589029620091239e+01 -1.578354976703594303e+01
-1.752142631014188012e+01 -1.556671228037252064e+01
-1.741211556146542350e+01 -1.549608900639917941e+01
-1.742081724355618277e+01 -1.594755446446406388e+01
-1.739226923882961273e+01 -1.564402940675809717e+01
-1.746999121457338333e+01 -1.596018361426019005e+01
-1.752870530386765680e+01 -1.551065496964888091e+01
-1.749365230153004447e+01 -1.580301484194668937e+01
-1.752296286324660102e+01 -1.573070701995453291e+01
-1.742303031186262885e+01 -1.550164459278057194e+01
-1.751366152117649833e+01 -1.559067200995110802e+01
-1.740624708185593406e+01 -1.591282257476410322e+01
-1.745025448997815332e+01 -1.563395720642882480e+01
-1.750726500153541565e+01 -1.592021693192519116e+01
-1.746828761200110236e+01 -1.598231545980874557e+01
-1.755475118011236191e+01 -1.591610877544848890e+01
-1.744359620163838187e+01 -1.594395486410562057e+01
-1.752167194088299951e+01 -1.619110952104841061e+01
-1.744654839485883713e+01 -1.570975649202024726e+01
-1.751200580845276633e+01 -1.557771815262831616e+01
-1.755290425320466241e+01 -1.594747426912381982e+01
-1.732435165345668793e+01 -1.576950535216888838e+01
-1.746263341357310495e+01 -1.516640255667946491e+01
-1.760602262367804727e+01 -1.571445411830753436e+01
-1.761014054218928138e+01 -1.589212109206558843e+01
-1.748471588144699851e+01 -1.598029441338080936e+01
-1.759050770352284232e+01 -1.599022691900079884e+01
-1.749600620816151419e+01 -1.596112673623221312e+01
-1.752379572391510010e+01 -1.552037152377041984e+01
-1.754223195463418961e+01 -1.587006181246274394e+01
-1.752147036294142524e+01 -1.579563542155476341e+01
-1.739456319312254706e+01 -1.556901952817842627e+01
-1.758190703392028809e+01 -1.532184633032068000e+01
-1.747773633152246475e+01 -1.602122260997821712e+01
-1.752788929889599601e+01 -1.575641313775793328e+01
-1.737101811418930808e+01 -1.551960990955303288e+01
-1.764378203699986258e+01 -1.574602959372780475e+01
-1.756193748613198480e+01 -1.595436652295001068e+01
-1.745178365955750266e+01 -1.593962546757289367e+01
-1.759445494661728659e+01 -1.593682232150783840e+01
-1.749473692725102225e+01 -1.556676460860611577e+01
-1.757450796167055884e+01 -1.588683937122295475e+01
-1.754992915193239966e+01 -1.551673964710978737e+01
-1.747011590500672540e+01 -1.581207582548067236e+01
-1.759761705249547958e+01 -1.587169629877263866e+01
-1.753619807710250100e+01 -1.577867826238855109e+01
-1.755825588355461875e+01 -1.574340400448093114e+01
-1.761890532076358795e+01 -1.590841459299062777e+01
-1.754784957567850867e+01 -1.595197485638903245e+01
-1.745270112901926041e+01 -1.597219854825502949e+01
-1.760689203689495841e+01 -1.575902828612884932e+01
-1.757718210170666495e+01 -1.602090724102862396e+01
-1.754761830468972406e+01 -1.595606540085433345e+01
-1.752444701890150824e+01 -1.555485158152394476e+01
-1.748870995889107505e+01 -1.575872623146354456e+01
-1.753998877108097076e+01 -1.591702668078534089e+01
-1.756582692513863364e+01 -1.580235678189760762e+01
-1.770997256537278375e+01 -1.573557039979216299e+01
-1.760629142820835114e+01 -1.564549999732475705e+01
-1.760019306590159616e+01 -1.568676729326124253e+01
-1.757755165795485297e+01 -1.569149048297436266e+01
-1.759591544667879859e+01 -1.579646022598464761e+01
-1.758091860016186914e+01 -1.582850507017854014e+01
-1.762173979729413986e+01 -1.531714106225348182e+01
-1.762101626147826394e+01 -1.579560276130577101e+01
-1.742328140139579773e+01 -1.550867958811970482e+01
-1.758072547862927237e+01 -1.588192194158380666e+01
-1.749559621761242667e+01 -1.532920589694729152e+01
-1.754580375055472174e+01 -1.583922140938895140e+01
-1.764635447909434518e+01 -1.579902866908482117e+01
-1.766982081532478333e+01 -1.523286556887936349e+01
-1.755154427389303962e+01 -1.446423051264378934e+01
-1.744728925575812539e+01 -1.569355978284563413e+01
-1.764358566204706946e+01 -1.556128719874790711e+01
-1.756285015493631363e+01 -1.553466702746106520e+01
-1.747752198328574380e+01 -1.597165998235925422e+01
-1.752991555134455481e+01 -1.594012127913437915e+01
-1.753493349254131317e+01 -1.601581189539525241e+01
-1.765192964921395102e+01 -1.581555894133332529e+01
-1.752925933400790015e+01 -1.604919126436307764e+01
-1.761951394627491752e+01 -1.585446781307071795e+01
-1.767113841573397437e+01 -1.577119912729634876e+01
-1.759745757281780243e+01 -1.560595025644673939e+01
-1.763221982866525650e+01 -1.588086828008874640e+01
-1.760145742942889413e+01 -1.587775286141928177e+01
-1.756723685562610626e+01 -1.581025127311805711e+01
-1.773699914415677270e+01 -1.607969209745332861e+01
-1.753995899607737741e+01 -1.559798531718068304e+01
-1.770868879059950629e+01 -1.565851656183019891e+01
-1.775638477504253387e+01 -1.474614796081146650e+01
-1.758240407456954202e+01 -1.588603312009340840e+01
-1.757493604967991629e+01 -1.593379052892907843e+01
-1.762300441414117813e+01 -1.615582939247032357e+01
-1.755750747521718225e+01 -1.587632540913371315e+01
-1.755750710020462790e+01 -1.552831757533085799e+01
-1.747797204057375708e+01 -1.541568834131414256e+01
-1.765959487110376358e+01 -1.575574396802233323e+01
-1.767761091142892838e+01 -1.575372664959399671e+01
-1.768959092348814011e+01 -1.539901666517381607e+01
