# Train Val
3.313024202982584487e+00 2.517155647277832031e+00
2.486381908257802476e+00 7.642900347709655762e-01
1.560186743736267090e+00 -2.555292844772338867e-02
3.172710537910461426e-01 -2.561414837837219238e+00
-1.425945083300272698e+00 -2.488606572151184082e+00
-3.657188932100931655e+00 -4.842002391815185547e+00
-4.595891912778218291e+00 -5.898984670639038086e+00
-5.885219097137451172e+00 -6.391968011856079102e+00
-6.499255657196044922e+00 -7.279209613800048828e+00
-6.956954558690388701e+00 -7.869280099868774414e+00
-7.289536237716674805e+00 -8.287568092346191406e+00
-7.405137379964192412e+00 -7.731063365936279297e+00
-7.480725685755412080e+00 -7.754055500030517578e+00
-7.502207120259602569e+00 -7.154597043991088867e+00
-7.459406455357869170e+00 -7.829976081848144531e+00
-7.512084563573201201e+00 -7.823578834533691406e+00
-7.523944457372029326e+00 -8.197356939315795898e+00
-7.537744681040446260e+00 -7.526572227478027344e+00
-7.538241227467854522e+00 -7.180813550949096680e+00
-7.595194419225056670e+00 -7.364749908447265625e+00
-7.544271071751912139e+00 -6.862167835235595703e+00
-7.509167909622192383e+00 -7.760424613952636719e+00
-7.548495292663574219e+00 -7.462291002273559570e+00
-7.528881549835205078e+00 -7.608117818832397461e+00
-7.560314337412516572e+00 -8.040527582168579102e+00
-7.621268908182780244e+00 -7.833020210266113281e+00
-7.523240248362223603e+00 -7.676275730133056641e+00
-7.554313023885090850e+00 -7.811890840530395508e+00
-7.562757889429728486e+00 -7.785161256790161133e+00
-7.571985085805256865e+00 -7.982040405273437500e+00
-7.586745341618855498e+00 -7.815951824188232422e+00
-7.589773734410603545e+00 -7.594479799270629883e+00
-7.602143208185832002e+00 -7.498306989669799805e+00
-7.561205148696899414e+00 -7.302535295486450195e+00
-7.557594537734985352e+00 -7.938051462173461914e+00
-7.596728483835856416e+00 -7.376577138900756836e+00
-7.560934940973917939e+00 -7.608003854751586914e+00
-7.568744182586669922e+00 -7.803179264068603516e+00
-7.643158197402954102e+00 -7.088688373565673828e+00
-7.570481856664021514e+00 -7.120496273040771484e+00
-7.576903263727824189e+00 -8.042619228363037109e+00
-7.590547482172648408e+00 -8.084907531738281250e+00
-7.598719676335652373e+00 -7.384631633758544922e+00
-7.631653467814127900e+00 -7.771275281906127930e+00
-7.662563959757487275e+00 -7.633881330490112305e+00
-7.667930205663044951e+00 -7.479166507720947266e+00
-7.678830623626708984e+00 -8.268002033233642578e+00
-7.692010482152302764e+00 -8.191894531250000000e+00
-7.702659765879313447e+00 -7.917967319488525391e+00
-7.657717386881510713e+00 -8.188280105590820312e+00
-7.680518309275309541e+00 -7.178682327270507812e+00
-7.679447253545125029e+00 -7.460891008377075195e+00
-7.724358956019083955e+00 -7.763012409210205078e+00
-7.708837906519572236e+00 -7.680050849914550781e+00
-7.713836908340454102e+00 -7.832701683044433594e+00
-7.748275438944498994e+00 -7.516999006271362305e+00
-7.690563201904296875e+00 -7.448535442352294922e+00
-7.722208023071289062e+00 -7.748537540435791016e+00
-7.736863374710083008e+00 -8.762906074523925781e+00
-7.723734458287556670e+00 -7.205388784408569336e+00
-7.732548872629801728e+00 -7.805628776550292969e+00
-7.709742069244384766e+00 -8.374426841735839844e+00
-7.716902335484822295e+00 -7.691733598709106445e+00
-7.724819183349609375e+00 -7.976150035858154297e+00
-7.774574359258015654e+00 -7.417724370956420898e+00
-7.754995346069335938e+00 -7.873644828796386719e+00
-7.694388151168823242e+00 -7.267471313476562500e+00
-7.760703961054484346e+00 -8.295093536376953125e+00
-7.775355259577433564e+00 -7.795947313308715820e+00
-7.762809991836547852e+00 -7.593150138854980469e+00
-7.755084514617919922e+00 -7.927004098892211914e+00
-7.773187239964802764e+00 -6.955550909042358398e+00
-7.679013172785441377e+00 -7.580601930618286133e+00
-7.785285075505574248e+00 -8.162360429763793945e+00
-7.734496593475341797e+00 -7.856403827667236328e+00
-7.633930603663126924e+00 -8.075827836990356445e+00
-7.705438296000163056e+00 -7.510101795196533203e+00
-7.767568747202555635e+00 -7.472552061080932617e+00
-7.757450262705485322e+00 -7.775222778320312500e+00
-7.810864210128784180e+00 -8.431048631668090820e+00
-7.768285830815632842e+00 -8.240277290344238281e+00
-7.777420600255330108e+00 -7.709553718566894531e+00
-7.793180545171101592e+00 -7.727061986923217773e+00
-7.819055477778117158e+00 -7.157961606979370117e+00
-7.796830336252848603e+00 -7.431487798690795898e+00
-7.766299804051716826e+00 -7.504096031188964844e+00
-7.778953313827514648e+00 -8.115873575210571289e+00
-7.797296524047851562e+00 -7.965353965759277344e+00
-7.818602879842122100e+00 -8.067831039428710938e+00
-7.821323156356811523e+00 -7.379662752151489258e+00
-7.786205530166625977e+00 -7.079514980316162109e+00
-7.751096884409586885e+00 -7.463867187500000000e+00
-7.802895466486613252e+00 -8.038755416870117188e+00
-7.819783131281535127e+00 -8.016665220260620117e+00
-7.814105749130249023e+00 -7.983321189880371094e+00
-7.811024347941081025e+00 -6.980220794677734375e+00
-7.838933865229289033e+00 -7.894968032836914062e+00
-7.850317478179931641e+00 -7.816451549530029297e+00
-7.843951781590779326e+00 -8.065659999847412109e+00
-7.837300539016723633e+00 -7.965838909149169922e+00
-7.862914244333903291e+00 -8.264503479003906250e+00
-7.856725851694743135e+00 -7.775359630584716797e+00
-7.862655401229858398e+00 -7.348818778991699219e+00
-7.863889853159586885e+00 -7.940417289733886719e+00
-7.854905684789021514e+00 -7.367424726486206055e+00
-7.875803073247273467e+00 -7.173084020614624023e+00
-7.862529198328654267e+00 -7.656409740447998047e+00
-7.856381654739379883e+00 -7.346669197082519531e+00
-7.815123160680134795e+00 -7.742331981658935547e+00
-7.917195479075114228e+00 -7.525683164596557617e+00
-7.878094196319580078e+00 -7.321280717849731445e+00
-7.900090376536051728e+00 -7.590286970138549805e+00
-7.939670085906982422e+00 -6.946285724639892578e+00
-7.900247414906819365e+00 -7.907924175262451172e+00
-7.877361059188842773e+00 -7.469218492507934570e+00
-7.880561192830403350e+00 -7.733436584472656250e+00
-7.887486775716145537e+00 -6.912399291992187500e+00
-7.897787253061930635e+00 -7.599765300750732422e+00
-7.958173990249633789e+00 -7.484333038330078125e+00
-7.949002504348754883e+00 -7.708147525787353516e+00
-7.920544544855753877e+00 -7.223576545715332031e+00
-7.949959437052409150e+00 -7.335678577423095703e+00
-7.972189744313557647e+00 -7.294445991516113281e+00
-7.969833930333455108e+00 -7.498860359191894531e+00
-7.948376258214314483e+00 -7.393472433090209961e+00
-7.965408404668171904e+00 -7.379575252532958984e+00
-7.957409302393595674e+00 -7.383655071258544922e+00
-7.957363128662109375e+00 -7.828465461730957031e+00
-7.923447450002034209e+00 -7.897154569625854492e+00
-7.966990629831950166e+00 -7.200111865997314453e+00
-8.006871779759725527e+00 -7.985767126083374023e+00
-7.896885236104329131e+00 -7.781222820281982422e+00
-7.986956437428792022e+00 -7.710127353668212891e+00
-8.006364107131958008e+00 -7.181663513183593750e+00
-7.788651386896769502e+00 -7.967728376388549805e+00
-7.850955883661906221e+00 -7.707174777984619141e+00
-7.823673884073893525e+00 -8.085764884948730469e+00
-7.979382514953613281e+00 -7.104403495788574219e+00
-8.051763296127319336e+00 -7.570383548736572266e+00
-8.092073758443197207e+00 -7.233418941497802734e+00
-7.951012372970581055e+00 -6.958100080490112305e+00
-8.125269174575805664e+00 -7.177204608917236328e+00
-8.141876777013143496e+00 -7.890242576599121094e+00
-8.128549337387084961e+00 -6.596624612808227539e+00
-8.078307151794433594e+00 -8.031630039215087891e+00
-8.147296349207559629e+00 -7.374154329299926758e+00
-8.104754527409872011e+00 -6.666723489761352539e+00
-8.054430961608886719e+00 -8.133756875991821289e+00
-8.024000088373819395e+00 -7.484257698059082031e+00
-8.131030241648355528e+00 -6.710327148437500000e+00
-8.208046356836954160e+00 -8.116647243499755859e+00
-8.156528552373250918e+00 -8.025751829147338867e+00
-8.184783458709716797e+00 -7.354710340499877930e+00
-8.219249169031778379e+00 -6.709692955017089844e+00
-8.070524454116821289e+00 -6.903956413269042969e+00
-8.287315845489501953e+00 -7.237138509750366211e+00
-8.301122585932413145e+00 -7.845489263534545898e+00
-8.303647359212240175e+00 -6.643618345260620117e+00
-8.262394905090332031e+00 -6.745027065277099609e+00
-8.008599360783895449e+00 -6.446599721908569336e+00
-8.056147336959838867e+00 -7.063682317733764648e+00
-8.143947601318359375e+00 -7.052195310592651367e+00
-8.345471700032552675e+00 -7.030143737792968750e+00
-8.097806612650552793e+00 -7.535436630249023438e+00
-8.261407295862833067e+00 -6.754014253616333008e+00
-8.200124343236288027e+00 -7.602995395660400391e+00
-8.194863557815551758e+00 -6.737586021423339844e+00
-8.349064826965332031e+00 -6.895755290985107422e+00
-8.328122218449911074e+00 -6.833842992782592773e+00
-8.352438449859619141e+00 -7.447956800460815430e+00
-8.289020617802938418e+00 -7.451543569564819336e+00
-8.459766785303751035e+00 -6.285135030746459961e+00
-8.351779699325561523e+00 -8.546079635620117188e+00
-8.319289048512777285e+00 -6.735119342803955078e+00
-8.394705772399902344e+00 -7.046073675155639648e+00
-8.482891241709390684e+00 -6.940015554428100586e+00
-8.534281174341836973e+00 -7.396937370300292969e+00
-8.538836479187011719e+00 -6.829964160919189453e+00
-8.485098759333292051e+00 -7.681993007659912109e+00
-8.465742746988931700e+00 -6.504872083663940430e+00
-8.587477842966714903e+00 -6.467108964920043945e+00
-8.617090861002603575e+00 -7.001691102981567383e+00
-8.706147511800130800e+00 -7.747196435928344727e+00
-8.686396598815917969e+00 -6.540237665176391602e+00
-8.635450363159179688e+00 -6.353733777999877930e+00
-8.529257297515869141e+00 -6.154896259307861328e+00
-8.731125911076864199e+00 -8.046329975128173828e+00
-8.696473677953084902e+00 -7.700212955474853516e+00
-8.737469434738159180e+00 -6.482533693313598633e+00
-8.876577059427896543e+00 -7.314495801925659180e+00
-8.883627732594808535e+00 -6.758663177490234375e+00
-8.761518160502115293e+00 -8.049499750137329102e+00
-8.840576330820718809e+00 -6.821882486343383789e+00
-8.796078840891519590e+00 -5.827405691146850586e+00
-8.819411913553873106e+00 -8.093559026718139648e+00
-8.739165385564168886e+00 -6.603770494461059570e+00
-8.690603415171304746e+00 -6.007384300231933594e+00
-8.748481432596841856e+00 -8.629157066345214844e+00
-8.849440177281698183e+00 -7.396667480468750000e+00
-8.959958553314208984e+00 -7.667888164520263672e+00
-8.910730520884195371e+00 -7.341240167617797852e+00
-8.996121247609456972e+00 -5.856011867523193359e+00
-8.890332539876302675e+00 -6.776764154434204102e+00
-8.956125418345132871e+00 -7.351163864135742188e+00
-9.093782742818197207e+00 -7.237559080123901367e+00
-8.906220595041910215e+00 -6.454221725463867188e+00
-9.265421231587728457e+00 -6.074649333953857422e+00
-9.215532938639322325e+00 -7.248158693313598633e+00
-9.250990072886148496e+00 -6.334529399871826172e+00
-9.333952109018960996e+00 -6.788827180862426758e+00
-9.358143647511800722e+00 -7.340440273284912109e+00
-9.404621760050455137e+00 -6.221225023269653320e+00
-9.385979334513345762e+00 -6.131411075592041016e+00
-9.460559050242105528e+00 -7.719878196716308594e+00
-9.386885245641073183e+00 -7.300730228424072266e+00
-9.595636526743570371e+00 -6.504967927932739258e+00
-9.316167990366617246e+00 -6.716632604598999023e+00
-9.566107114156087832e+00 -6.658714294433593750e+00
-9.142446517944335938e+00 -7.651374816894531250e+00
-9.218702157338460879e+00 -5.910697221755981445e+00
-9.207702954610189394e+00 -6.215706825256347656e+00
-8.849016745885213808e+00 -6.288720130920410156e+00
-9.206790765126546816e+00 -7.411919832229614258e+00
-9.077900171279907227e+00 -4.935985088348388672e+00
-9.379052797953287168e+00 -6.589389562606811523e+00
-8.979917685190835996e+00 -7.739406108856201172e+00
-9.312464555104574160e+00 -6.008995771408081055e+00
-9.467663288116455078e+00 -7.102216482162475586e+00
-9.717218399047851562e+00 -5.998347043991088867e+00
-9.627485593159994082e+00 -6.245695352554321289e+00
-9.903028329213460879e+00 -5.961690425872802734e+00
-1.001426601409912109e+01 -5.913789749145507812e+00
-1.004504378636678119e+01 -6.583991527557373047e+00
-1.018737379709879498e+01 -6.906564712524414062e+00
-1.001645024617513080e+01 -5.489827394485473633e+00
-8.803338368733724550e+00 -8.407867431640625000e+00
-9.591031869252523379e+00 -6.042189836502075195e+00
-9.729750951131185488e+00 -6.108766555786132812e+00
-9.542316277821859316e+00 -5.605455875396728516e+00
-9.666621208190917969e+00 -5.155489802360534668e+00
-9.960209528605142637e+00 -7.268757820129394531e+00
-1.007474676767984967e+01 -6.649363279342651367e+00
-1.044727754592895508e+01 -6.554292201995849609e+00
-1.038967927296956439e+01 -6.422727346420288086e+00
-1.043632841110229492e+01 -6.448226213455200195e+00
-1.042056449254353900e+01 -4.751942276954650879e+00
-1.040873877207438092e+01 -7.384794473648071289e+00
-1.063349246978759766e+01 -4.921293258666992188e+00
-1.063288497924804688e+01 -6.221472024917602539e+00
-1.076731777191162109e+01 -5.650137186050415039e+00
-1.089965804417928119e+01 -5.885013341903686523e+00
-1.066011699040730853e+01 -5.166504859924316406e+00
-1.098387861251831055e+01 -7.059740543365478516e+00
-1.075552384058634381e+01 -5.484433174133300781e+00
-1.061791435877482037e+01 -4.115891695022583008e+00
-1.046188370386759381e+01 -5.316665172576904297e+00
-1.085285107294718365e+01 -4.691480159759521484e+00
-1.095198249816894531e+01 -6.637557506561279297e+00
-1.084491300582885742e+01 -4.832601308822631836e+00
-1.125000127156575580e+01 -4.966695785522460938e+00
-1.100233904520670514e+01 -5.128641605377197266e+00
-1.107538000742594342e+01 -4.779018163681030273e+00
-1.106910308202107807e+01 -5.587435007095336914e+00
-1.131221977869669537e+01 -4.863308429718017578e+00
-1.148571840922037701e+01 -5.244161605834960938e+00
-1.140629386901855469e+01 -4.663144350051879883e+00
-1.127105776468912701e+01 -4.663502454757690430e+00
-1.117428016662597656e+01 -5.829688310623168945e+00
-1.151116164525349994e+01 -6.645712852478027344e+00
-1.146152464548746686e+01 -6.516833066940307617e+00
-1.129754845301310162e+01 -3.974311947822570801e+00
-1.153485091527303119e+01 -5.792719125747680664e+00
-1.142560656865437885e+01 -4.830027103424072266e+00
-1.150017229715983014e+01 -5.268431663513183594e+00
-1.144834597905476947e+01 -4.569361925125122070e+00
-1.078997802734375000e+01 -6.150367498397827148e+00
-1.117306756973266602e+01 -5.715172767639160156e+00
-1.099291006724039654e+01 -5.547403573989868164e+00
-1.164846785863240619e+01 -4.136972665786743164e+00
-1.172424872716267963e+01 -5.708001852035522461e+00
-1.190447727839151959e+01 -5.757493734359741211e+00
-1.198872900009155273e+01 -4.767308712005615234e+00
-1.187999169031778912e+01 -4.769482612609863281e+00
-1.194716151555379291e+01 -5.035703182220458984e+00
-1.192704121271769147e+01 -4.725494861602783203e+00
-1.181556495030721088e+01 -5.071872472763061523e+00
-1.160678116480509381e+01 -4.868443250656127930e+00
-1.164724604288736920e+01 -4.496817111968994141e+00
-1.194697872797648053e+01 -4.437956333160400391e+00
-1.227287371953328510e+01 -5.349028825759887695e+00
-1.217312637964884381e+01 -4.938696384429931641e+00
-1.218110275268554688e+01 -4.379120826721191406e+00
-1.159723488489786725e+01 -5.764544248580932617e+00
-1.155684804916381836e+01 -5.571053981781005859e+00
-1.148008680343627930e+01 -4.787847518920898438e+00
-1.122204144795735736e+01 -5.885683536529541016e+00
-1.138838593165079693e+01 -4.310007333755493164e+00
-1.102148962020874023e+01 -5.413981676101684570e+00
-1.122637557983398438e+01 -7.259181022644042969e+00
-1.199687131245931049e+01 -5.778165102005004883e+00
-1.236866156260172467e+01 -4.743097543716430664e+00
-1.256006813049316406e+01 -4.409188866615295410e+00
-1.251337830225626568e+01 -4.954833030700683594e+00
-1.254921992619832416e+01 -6.209994792938232422e+00
-1.271066761016845703e+01 -4.685785531997680664e+00
-1.246002054214477539e+01 -6.004813909530639648e+00
-1.175988753636678119e+01 -5.861947536468505859e+00
-1.195390939712524414e+01 -4.808714866638183594e+00
-1.281313848495483398e+01 -5.375991344451904297e+00
-1.248014259338378906e+01 -4.356702208518981934e+00
-1.282847960789998432e+01 -4.717919826507568359e+00
-1.233563073476155658e+01 -5.015504598617553711e+00
-1.280242490768432617e+01 -4.707329750061035156e+00
-1.263814576466878314e+01 -7.356778383255004883e+00
-1.266767772038777728e+01 -5.599987983703613281e+00
-1.253978872299194336e+01 -6.107433557510375977e+00
-1.279018545150756836e+01 -4.043400168418884277e+00
-1.291497484842936139e+01 -5.087653160095214844e+00
-1.295197327931722064e+01 -4.342974662780761719e+00
-1.332094796498616596e+01 -4.213745713233947754e+00
-1.293062273661295514e+01 -4.460564374923706055e+00
-1.212631718317667584e+01 -4.680944442749023438e+00
-1.253606128692626953e+01 -5.148981571197509766e+00
-1.323117780685424805e+01 -6.057637691497802734e+00
-1.328835185368855853e+01 -4.547873973846435547e+00
-1.319318103790283203e+01 -5.299097537994384766e+00
-1.337310838699340820e+01 -4.304073333740234375e+00
-1.330754566192626953e+01 -4.521754026412963867e+00
-1.318192577362060547e+01 -7.086559295654296875e+00
-1.337678257624308209e+01 -4.778476953506469727e+00
-1.362630128860473633e+01 -4.134752750396728516e+00
-1.326796642939249615e+01 -4.303999185562133789e+00
-1.320572853088378906e+01 -5.757599830627441406e+00
-1.339786974589029889e+01 -5.201880216598510742e+00
-1.313393974304199219e+01 -3.959973573684692383e+00
-1.354702059427897076e+01 -3.894187808036804199e+00
-1.323794174194335938e+01 -4.046206831932067871e+00
-1.331963173548380475e+01 -4.690824985504150391e+00
-1.290890328089396100e+01 -4.667941093444824219e+00
-1.307830158869425397e+01 -4.939329147338867188e+00
-1.268099482854207416e+01 -4.272121906280517578e+00
-1.376249424616495709e+01 -4.926614046096801758e+00
-1.379427671432495117e+01 -4.839536190032958984e+00
-1.383458185195922852e+01 -6.195454120635986328e+00
-1.351954110463460346e+01 -6.922457456588745117e+00
-1.268985811869303326e+01 -6.402419805526733398e+00
-1.320581706364949603e+01 -5.110200881958007812e+00
-1.342914390563964844e+01 -4.801256895065307617e+00
-1.319469292958577533e+01 -4.030461788177490234e+00
-1.319808133443196674e+01 -4.747540712356567383e+00
-1.322827704747517963e+01 -4.026704549789428711e+00
-1.345149866739908795e+01 -3.726629614830017090e+00
-1.301181681950887103e+01 -4.453687667846679688e+00
-1.361782296498616596e+01 -5.292308807373046875e+00
-1.371837600072224994e+01 -4.375012874603271484e+00
-1.329705301920572857e+01 -3.783770859241485596e+00
-1.384497133890787701e+01 -4.845765829086303711e+00
-1.410000975926717182e+01 -4.538283824920654297e+00
-1.412158648173014264e+01 -4.563896179199218750e+00
-1.411082712809244732e+01 -4.831469774246215820e+00
-1.387110074361165424e+01 -4.689887046813964844e+00
-1.405218124389648438e+01 -6.343681335449218750e+00
-1.437220478057861328e+01 -4.384686946868896484e+00
-1.400809844334920307e+01 -4.082599520683288574e+00
-1.459367322921752930e+01 -4.307829141616821289e+00
-1.454143397013346295e+01 -4.523815631866455078e+00
-1.463793834050496478e+01 -5.122175693511962891e+00
-1.342071787516275982e+01 -4.067469596862792969e+00
-1.340311384201049805e+01 -4.653460741043090820e+00
-1.374627701441446881e+01 -4.565815448760986328e+00
-1.344579617182413678e+01 -5.060094118118286133e+00
-1.373266220092773438e+01 -3.721413612365722656e+00
-1.406269391377766986e+01 -4.052980184555053711e+00
-1.412882979710896869e+01 -4.547766208648681641e+00
-1.389442888895670514e+01 -4.390138864517211914e+00
-1.411759106318155865e+01 -4.112788438796997070e+00
-1.469531202316284180e+01 -5.320975303649902344e+00
-1.445544894536336322e+01 -5.116128921508789062e+00
-1.470917034149169922e+01 -4.821778297424316406e+00
-1.479177586237589459e+01 -5.698416233062744141e+00
-1.476214933395385742e+01 -4.416982412338256836e+00
-1.503957811991373639e+01 -4.680666923522949219e+00
-1.456882651646932025e+01 -4.814278364181518555e+00
-1.373702812194824219e+01 -4.690989494323730469e+00
-1.351965761184692383e+01 -4.045671343803405762e+00
-1.401676925023396869e+01 -6.034438848495483398e+00
-1.405943552652994732e+01 -4.118299841880798340e+00
-1.475561793645223041e+01 -4.606864929199218750e+00
-1.472576793034871478e+01 -4.700053930282592773e+00
-1.494209559758504291e+01 -4.798314571380615234e+00
-1.494850317637125592e+01 -4.519177675247192383e+00
-1.508666674296061139e+01 -4.272734403610229492e+00
-1.486385567982991596e+01 -4.372184276580810547e+00
-1.509958394368489643e+01 -5.859130859375000000e+00
-1.442626841862996478e+01 -3.697502613067626953e+00
-1.437843608856201172e+01 -4.721301078796386719e+00
-1.489483610788981061e+01 -4.146196365356445312e+00
-1.447164853413899799e+01 -5.349165439605712891e+00
-1.483469168345133404e+01 -3.522512674331665039e+00
-1.476554854710896869e+01 -4.058947682380676270e+00
-1.524422550201416016e+01 -3.696102380752563477e+00
-1.585874446233113666e+01 -4.793587446212768555e+00
-1.566753943761189838e+01 -4.159766197204589844e+00
-1.466454601287841797e+01 -6.252723336219787598e+00
-1.484324820836385150e+01 -3.707416534423828125e+00
-1.554695622126261334e+01 -5.541196823120117188e+00
-1.490427843729654889e+01 -4.701863288879394531e+00
-1.537438567479451557e+01 -4.864783763885498047e+00
-1.569370142618815045e+01 -4.690536737442016602e+00
-1.467027028401692768e+01 -3.857027769088745117e+00
-1.509872039159139057e+01 -3.845421671867370605e+00
-1.485194158554077148e+01 -3.922701001167297363e+00
-1.466896231969197650e+01 -4.162560701370239258e+00
-1.360555489857991596e+01 -4.117107152938842773e+00
-1.417056099573771100e+01 -3.769341826438903809e+00
-1.449212630589803119e+01 -4.745778799057006836e+00
-1.487966330846150775e+01 -5.489490747451782227e+00
-1.477789990107218365e+01 -3.921525716781616211e+00
-1.401575072606404682e+01 -5.234048843383789062e+00
-1.397439463933308978e+01 -5.043343067169189453e+00
-1.464479525883992572e+01 -6.871061801910400391e+00
-1.435604588190714459e+01 -6.235177755355834961e+00
-1.494451761245727539e+01 -6.625553131103515625e+00
-1.513421630859375000e+01 -4.748215913772583008e+00
-1.529973363876342773e+01 -4.757087469100952148e+00
-1.533760611216227154e+01 -4.268029928207397461e+00
-1.532944567998250385e+01 -3.613129258155822754e+00
-1.558522288004557232e+01 -3.800288438796997070e+00
-1.567752869923909564e+01 -3.686561822891235352e+00
-1.593065627415974994e+01 -5.496527194976806641e+00
-1.611601718266804895e+01 -3.660180807113647461e+00
-1.589989089965820312e+01 -4.007539629936218262e+00
-1.572784630457560162e+01 -6.071105957031250000e+00
-1.601765298843383789e+01 -6.850153684616088867e+00
-1.595587889353434186e+01 -7.129518985748291016e+00
-1.537340863545735736e+01 -5.852612018585205078e+00
-1.580659993489583393e+01 -4.587362051010131836e+00
-1.555793285369873047e+01 -5.516274929046630859e+00
-1.560557842254638672e+01 -4.822228670120239258e+00
-1.627024777730305871e+01 -5.558102607727050781e+00
-1.650670496622721473e+01 -4.420563220977783203e+00
-1.613390366236368934e+01 -4.480141162872314453e+00
-1.641819938023884973e+01 -5.535957336425781250e+00
-1.612996625900268555e+01 -7.410484910011291504e+00
-1.626396878560383996e+01 -5.208008766174316406e+00
-1.589928404490152936e+01 -4.181060075759887695e+00
-1.650773398081461707e+01 -4.543139934539794922e+00
-1.619446484247843543e+01 -4.849531650543212891e+00
-1.581785392761230469e+01 -4.503495693206787109e+00
-1.448694864908854107e+01 -3.926824808120727539e+00
-1.434340318044026752e+01 -3.841318368911743164e+00
-1.491205771764119525e+01 -4.554173707962036133e+00
-1.598894389470418353e+01 -4.183541297912597656e+00
-1.650252644220988074e+01 -4.052929639816284180e+00
-1.649139006932576379e+01 -5.533350706100463867e+00
-1.649217780431111535e+01 -5.343872785568237305e+00
-1.664962259928385535e+01 -5.395018100738525391e+00
-1.683388106028239051e+01 -6.294690132141113281e+00
-1.637243477503458777e+01 -3.608275294303894043e+00
-1.543096574147542377e+01 -6.957363605499267578e+00
-1.518733183542887311e+01 -5.124465465545654297e+00
-1.557112979888916016e+01 -4.826436758041381836e+00
-1.664492416381835938e+01 -3.513465166091918945e+00
-1.648863935470581055e+01 -5.655994653701782227e+00
-1.611468633015950402e+01 -4.410033464431762695e+00
-1.671331103642781457e+01 -4.207369327545166016e+00
-1.651272487640380859e+01 -5.822533249855041504e+00
-1.666424878438313684e+01 -4.565299510955810547e+00
-1.627397457758585730e+01 -3.648875832557678223e+00
-1.672232389450073242e+01 -4.622589588165283203e+00
-1.693368339538574219e+01 -3.837228298187255859e+00
-1.672640005747477332e+01 -5.304903030395507812e+00
-1.676090971628824988e+01 -7.287011504173278809e+00
-1.636319382985432824e+01 -4.779057025909423828e+00
-1.676074155171712121e+01 -4.365314483642578125e+00
-1.698583889007568359e+01 -6.725554704666137695e+00
-1.674725087483723840e+01 -4.228893756866455078e+00
-1.744497267405192176e+01 -5.075443506240844727e+00
-1.720031515757242957e+01 -3.982334494590759277e+00
-1.734508291880289832e+01 -5.303473949432373047e+00
-1.752133496602376184e+01 -4.229314804077148438e+00
-1.769464397430419922e+01 -3.887604594230651855e+00
-1.800291951497395715e+01 -4.330552101135253906e+00
-1.794634087880452356e+01 -3.532128334045410156e+00
-1.723162237803141394e+01 -5.736534357070922852e+00
-1.724088446299235144e+01 -4.070077896118164062e+00
-1.726013882954915246e+01 -4.530068397521972656e+00
-1.692221101125081262e+01 -3.840510010719299316e+00
-1.714520200093587121e+01 -3.991919994354248047e+00
-1.757662645975748816e+01 -4.631503582000732422e+00
-1.662234592437744141e+01 -4.415832757949829102e+00
-1.563210201263427734e+01 -5.448769450187683105e+00
-1.707529576619466027e+01 -4.319292068481445312e+00
-1.709270095825195312e+01 -4.771595954895019531e+00
-1.787586371103922644e+01 -3.800994038581848145e+00
-1.776973152160644531e+01 -5.678246498107910156e+00
-1.762743933995564660e+01 -4.555729389190673828e+00
-1.625910202662150184e+01 -4.280762672424316406e+00
-1.603171348571777344e+01 -3.964418411254882812e+00
-1.685755888621012488e+01 -4.219244480133056641e+00
-1.633853785196940223e+01 -4.990554809570312500e+00
-1.710285981496175012e+01 -4.199842214584350586e+00
-1.739287694295247277e+01 -4.142448425292968750e+00
-1.820281632741292199e+01 -5.175051331520080566e+00
-1.785754648844401160e+01 -3.981677293777465820e+00
-1.828457959493001184e+01 -5.438208103179931641e+00
-1.862022876739501953e+01 -3.287896931171417236e+00
-1.754728555679321289e+01 -5.095415115356445312e+00
-1.776136016845703125e+01 -3.650687217712402344e+00
-1.779853216807047644e+01 -4.080563902854919434e+00
-1.808092498779296875e+01 -3.952804923057556152e+00
-1.750565274556477746e+01 -4.670780897140502930e+00
-1.692664718627929688e+01 -4.942148447036743164e+00
-1.741042200724283973e+01 -3.693981885910034180e+00
-1.734348011016845703e+01 -6.952226638793945312e+00
-1.799342505137125769e+01 -4.367834568023681641e+00
-1.795444043477376184e+01 -5.166562080383300781e+00
-1.847327582041422644e+01 -5.977722167968750000e+00
-1.730918248494466027e+01 -5.152752757072448730e+00
-1.817134539286295691e+01 -4.320564508438110352e+00
-1.806417115529378137e+01 -4.215160846710205078e+00
-1.807246653238932410e+01 -4.008554697036743164e+00
-1.772930367787678918e+01 -4.008123636245727539e+00
-1.787268702189127723e+01 -3.477226316928863525e+00
-1.770759455362955848e+01 -5.649510860443115234e+00
-1.779405117034912109e+01 -5.083671808242797852e+00
-1.667998854319254676e+01 -3.871714353561401367e+00
-1.586896657943725586e+01 -3.464785099029541016e+00
-1.579761664072672467e+01 -3.414007782936096191e+00
-1.699755207697550574e+01 -3.722229480743408203e+00
-1.786961491902669152e+01 -4.173146963119506836e+00
-1.849178886413574219e+01 -5.699173212051391602e+00
-1.874311129252116004e+01 -4.545990943908691406e+00
-1.849643357594807824e+01 -3.592938899993896484e+00
-1.798356119791666785e+01 -5.926123380661010742e+00
-1.793594010670979699e+01 -4.655438661575317383e+00
-1.825340398152669152e+01 -4.053490757942199707e+00
-1.832612514495849609e+01 -3.788620710372924805e+00
-1.914585812886555871e+01 -4.706854581832885742e+00
-1.901598389943440637e+01 -6.200306892395019531e+00
-1.863351376851399621e+01 -3.782814979553222656e+00
-1.731281757354736328e+01 -5.360220670700073242e+00
-1.838879680633544922e+01 -6.085831165313720703e+00
-1.858770720163981238e+01 -4.286603927612304688e+00
-1.810882377624511719e+01 -3.973838567733764648e+00
-1.827856699625651160e+01 -5.787073016166687012e+00
-1.831754175821940223e+01 -3.386240780353546143e+00
-1.747391716639200965e+01 -6.005944967269897461e+00
-1.791561349232991418e+01 -4.215056180953979492e+00
-1.799084917704264441e+01 -5.337881326675415039e+00
-1.764505736033121863e+01 -4.359729290008544922e+00
-1.847063159942626953e+01 -3.657685041427612305e+00
-1.861599540710449219e+01 -5.561798095703125000e+00
-1.920554828643798828e+01 -3.965522646903991699e+00
-1.847507603963216027e+01 -4.080414533615112305e+00
-1.833292261759440223e+01 -3.965944051742553711e+00
-1.854915332794189453e+01 -5.442330598831176758e+00
-1.792786979675292969e+01 -7.451085090637207031e+00
-1.836601448059082031e+01 -4.922436475753784180e+00
-1.869553120930989465e+01 -5.724559664726257324e+00
