# Train Val
-9.793777698030075030e+00 -1.141756530860801711e+01
-1.142412644128004651e+01 -1.146685465280111771e+01
-1.145474590361118317e+01 -1.149818996330360399e+01
-1.148574194560448269e+01 -1.149702763247799631e+01
-1.155836816628774066e+01 -1.166656739371163454e+01
-1.213744274775187115e+01 -1.349990910369080410e+01
-1.363264395296573639e+01 -1.378995264969862866e+01
-1.453076493988434414e+01 -1.447202620568213582e+01
-1.492423182477553745e+01 -1.521387153476863752e+01
-1.515002154310544391e+01 -1.543941826015323748e+01
-1.533242459346850772e+01 -1.591409924742463389e+01
-1.552941468606392483e+01 -1.601773823081672887e+01
-1.566363408168157001e+01 -1.589434528350830078e+01
-1.602105864137411118e+01 -1.557432938860608473e+01
-1.604841971894105157e+01 -1.183833252299915628e+01
-1.593438899765411954e+01 -1.559961757412204442e+01
-1.612188115467627725e+01 -1.649782422301057139e+01
-1.607707772403955460e+01 -1.636894170340005417e+01
-1.629747015734513482e+01 -1.560149439279135208e+01
-1.623918167501688004e+01 -1.643058108044909105e+01
-1.619025878111521521e+01 -1.472311118980506883e+01
-1.624701616913080215e+01 -1.644106379422274600e+01
-1.626925187309582910e+01 -1.609812693162398034e+01
-1.646205001572768012e+01 -1.622953587073784476e+01
-1.635530380656321725e+01 -1.641261795588902217e+01
-1.645569479465484619e+01 -1.688608647631360427e+01
-1.660939415295918664e+01 -1.575251010795692430e+01
-1.658967625598112861e+01 -1.622257684732412386e+01
-1.645450587073962012e+01 -1.569333618956726895e+01
-1.658968380341927329e+01 -1.681204025466720609e+01
-1.668591708938280860e+01 -1.590978133213984513e+01
-1.672088191658258438e+01 -1.651314169400698262e+01
-1.664879975964625558e+01 -1.687865784880402842e+01
-1.675993275145689765e+01 -1.655900645565677110e+01
-1.683813033501307288e+01 -1.716613711319960700e+01
-1.658844649046659470e+01 -1.646236972065715065e+01
-1.694465035200119019e+01 -1.677606479842941312e+01
-1.691971134394407272e+01 -1.678915297520624961e+01
-1.667078480621178826e+01 -1.718026906793767594e+01
-1.696458010127146920e+01 -1.629785540196802884e+01
-1.705191369354724884e+01 -1.699195320575268298e+01
-1.682014046361048898e+01 -1.659359860110592422e+01
-1.701009449114402017e+01 -1.695395458518684606e+01
-1.710774690657854080e+01 -1.753857681967995319e+01
-1.707769530018170556e+01 -1.738513560109324274e+01
-1.714214994758367538e+01 -1.635116655176335954e+01
-1.715549545735120773e+01 -1.686309579130891123e+01
-1.722310545792182168e+01 -1.731764164218654756e+01
-1.725520205497741699e+01 -1.700755560243284492e+01
-1.723737044135729590e+01 -1.732245618646794938e+01
-1.728169394532839576e+01 -1.715510554127878962e+01
-1.730493226399024209e+01 -1.770549954996480579e+01
-1.715604484577973565e+01 -1.733450256694446878e+01
-1.727302858730157098e+01 -1.679423521710680589e+01
-1.745441106210152427e+01 -1.793260511175378724e+01
-1.742892368386189261e+01 -1.547937747410365539e+01
-1.746748775243759155e+01 -1.708198505252986621e+01
-1.757747406512498856e+01 -1.740762766305502396e+01
-1.755768381804227829e+01 -1.719896061389477282e+01
-1.745734378447135171e+01 -1.783602868117295159e+01
-1.738928569356600562e+01 -1.749628801469679118e+01
-1.742881444593270501e+01 -1.640786111509645195e+01
-1.773964704324801644e+01 -1.775405068831010169e+01
-1.765070458501577377e+01 -1.628843873507016582e+01
-1.745018738011519233e+01 -1.796115596573074313e+01
-1.754978746672471246e+01 -1.730581896645682249e+01
-1.758401175340016565e+01 -1.792588247571672611e+01
-1.765845037500063697e+01 -1.773285790232868919e+01
-1.774186527977387229e+01 -1.755092342178543063e+01
-1.766468249758084497e+01 -1.783189108464625150e+01
-1.765166561553875724e+01 -1.795237572162182360e+01
-1.766904217998186866e+01 -1.788011548426243991e+01
-1.764203708122174064e+01 -1.793382333780263949e+01
-1.774073410779237747e+01 -1.802267940323074313e+01
-1.784650195886691293e+01 -1.727022836115452975e+01
-1.781202820688486099e+01 -1.801548186215487490e+01
-1.782867438842852792e+01 -1.765732870473490124e+01
-1.783555147548516473e+01 -1.798407833297531155e+01
-1.795361692210038385e+01 -1.766060935676872035e+01
-1.782786335796117783e+01 -1.792132881709507686e+01
-1.787180771678686142e+01 -1.838822269439697266e+01
-1.793741556257009506e+01 -1.845807697246601009e+01
-1.794136514514684677e+01 -1.785182694026402217e+01
-1.782204168538252631e+01 -1.755770203974339694e+01
-1.784658729781707009e+01 -1.787757402890688496e+01
-1.806448119382063666e+01 -1.820034492789924840e+01
-1.811711455384890357e+01 -1.751540257094742259e+01
-1.803982753058274469e+01 -1.730049987892051888e+01
-1.804110500216484070e+01 -1.677573678400609225e+01
-1.793681215494871140e+01 -1.598807521919151320e+01
-1.789013662437598029e+01 -1.737099573209688330e+01
-1.816921017815669259e+01 -1.737296182459050797e+01
-1.812603748838106910e+01 -1.788423523345550947e+01
-1.787123394012451172e+01 -1.716290196505459775e+01
-1.814462746679782867e+01 -1.815749460690981465e+01
-1.812576105942328653e+01 -1.837968946432138395e+01
-1.829369874298572540e+01 -1.793663180958141012e+01
-1.801234532644351205e+01 -1.846599276654131927e+01
-1.817084310700495919e+01 -1.804632954783253851e+01
-1.819633438438177109e+01 -1.841576085771833249e+01
-1.827099246531724930e+01 -1.883993880779712171e+01
-1.836964091410239419e+01 -1.790397232848328457e+01
-1.806645833452542504e+01 -1.764176661008364277e+01
-1.828019835551579675e+01 -1.741901893120307321e+01
-1.837835773080587387e+01 -1.861705798607367868e+01
-1.820611184835433960e+01 -1.848960904951219320e+01
-1.834465257823467255e+01 -1.803165569553127412e+01
-1.817600325246651849e+01 -1.783606220839859446e+01
-1.828848091761271277e+01 -1.830929575337992077e+01
-1.826648015777270118e+01 -1.825342756742006856e+01
-1.844463128348191461e+01 -1.878101523510821380e+01
-1.834072181334098062e+01 -1.769315489236410599e+01
-1.832766909152269363e+01 -1.806304299986207695e+01
-1.826463302721579751e+01 -1.870794086951714164e+01
-1.844716342041889945e+01 -1.784758846481124905e+01
-1.827115981280803680e+01 -1.837454711616813441e+01
-1.838016796857118607e+01 -1.835449099850345078e+01
-1.832940393189589301e+01 -1.849400832436301556e+01
-1.837872125456730643e+01 -1.874948448329777051e+01
-1.838651852309703827e+01 -1.779516332799738265e+01
-1.850062325348456582e+01 -1.871678898551247272e+01
-1.863035780688126763e+01 -1.850263929986334333e+01
-1.828721944987773895e+01 -1.852084785312801074e+01
-1.851227431495984277e+01 -1.663273547531722585e+01
-1.846795453131198883e+01 -1.861957341974431657e+01
-1.846486139297485352e+01 -1.818455089222301169e+01
-1.849915096412102500e+01 -1.875082807417039632e+01
-1.846668031315008918e+01 -1.880320255477706937e+01
-1.852057315409183502e+01 -1.880127156245244180e+01
-1.861601148794094840e+01 -1.832509818634429521e+01
-1.855424391478300095e+01 -1.854488128810734082e+01
-1.868454914788405219e+01 -1.761225302807696380e+01
-1.849545190234978875e+01 -1.846136505572826891e+01
-1.858840785920619965e+01 -1.826053034794794883e+01
-1.847600571066141129e+01 -1.781878553118024655e+01
-1.857693655043840408e+01 -1.794862347144585257e+01
-1.844882409026225289e+01 -1.864123022401487617e+01
-1.853793224940697471e+01 -1.760874529008741618e+01
-1.868477522085110465e+01 -1.836197703225272093e+01
-1.853336015343666077e+01 -1.764463256241439382e+01
-1.865215541670719901e+01 -1.801806108053628463e+01
-1.868084634840488434e+01 -1.826539396310781527e+01
-1.878264857331911841e+01 -1.841469289110852614e+01
-1.854763583838939667e+01 -1.853582103531082126e+01
-1.873412322749694070e+01 -1.747615185031643037e+01
-1.855094551046689233e+01 -1.828194188452386371e+01
-1.867380372683207312e+01 -1.718031687550730524e+01
-1.859848768015702447e+01 -1.867659371859067363e+01
-1.870004113266865531e+01 -1.846999442112910117e+01
-1.876604656378428260e+01 -1.850633044057078180e+01
-1.864949285735686502e+01 -1.864470338202142230e+01
-1.881773815304040909e+01 -1.863086191400304870e+01
-1.861001123239596566e+01 -1.874934298032290059e+01
-1.872154069691896439e+01 -1.786026035655628519e+01
-1.861070244510968408e+01 -1.821571711750773659e+01
-1.869084111104409018e+01 -1.883713136400495358e+01
-1.878071878105401993e+01 -1.886266736860399007e+01
-1.882514476279417792e+01 -1.849177422461571751e+01
-1.873222961525122443e+01 -1.824169435129537220e+01
-1.882359911998112878e+01 -1.892526354108537845e+01
-1.876592960705359658e+01 -1.890090060543704453e+01
-1.874118975798289100e+01 -1.745040347359397259e+01
-1.853971095383167267e+01 -1.587016754645805783e+01
-1.871363258610169211e+01 -1.871697092675543317e+01
-1.875868404408295831e+01 -1.750742093618814010e+01
-1.883171749114990234e+01 -1.622217219216483031e+01
-1.879601303239663324e+01 -1.858870187982336120e+01
-1.886780213067929068e+01 -1.817430410756693249e+01
-1.882647293557723245e+01 -1.877328968048095703e+01
-1.888012274106343469e+01 -1.854507549087722751e+01
-1.883524819463491440e+01 -1.828473975441672650e+01
-1.878046905497710028e+01 -1.887181516127152747e+01
-1.885917497426271439e+01 -1.888552477452662259e+01
-1.889196561525265494e+01 -1.844150816929804648e+01
-1.902192719529072562e+01 -1.774479342126226911e+01
-1.887101887663205346e+01 -1.805881932493928232e+01
-1.892724523196617881e+01 -1.892833548706847324e+01
-1.889824061592419824e+01 -1.715942750658307858e+01
-1.885226135452588281e+01 -1.829077806101216908e+01
-1.898137464374303818e+01 -1.804924589627749043e+01
-1.893910503635803977e+01 -1.892482018161129531e+01
-1.894581274191538611e+01 -1.788022767104111566e+01
-1.894558005283276358e+01 -1.851113684765704193e+01
-1.898894853393236914e+01 -1.850681683924290866e+01
-1.915158002575238427e+01 -1.884659624719000348e+01
-1.903583649297555169e+01 -1.843359263531573333e+01
-1.895137973129749298e+01 -1.848114414958210716e+01
-1.882191781451304635e+01 -1.890930309543361787e+01
-1.874719654520352563e+01 -1.744538490493576077e+01
-1.902055268734693527e+01 -1.866503647395542842e+01
-1.892297788709402084e+01 -1.796493115363183080e+01
-1.893546306838591775e+01 -1.837720360693993626e+01
-1.895117569963137427e+01 -1.854019791739327516e+01
-1.893365570157766342e+01 -1.770862888980221328e+01
-1.898438384383916855e+01 -1.810139695700112838e+01
-1.903727646172046661e+01 -1.714155075766823444e+01
-1.902738447239001474e+01 -1.867221434704669036e+01
-1.914096008489529410e+01 -1.857198570301006413e+01
-1.903407773872216424e+01 -1.875968246955376273e+01
-1.910519452889760217e+01 -1.858642181792816572e+01
-1.903290651986996451e+01 -1.828768378418761387e+01
-1.882676356285810471e+01 -1.753391527200674105e+01
-1.908118531356255332e+01 -1.881448583479051351e+01
-1.914319250235955039e+01 -1.877354085600221367e+01
-1.924252861489852151e+01 -1.908084341767546377e+01
-1.918379094451665878e+01 -1.875614334700943431e+01
-1.917260354508956155e+01 -1.841032949670568541e+01
-1.911666722098986426e+01 -1.881402929727133255e+01
-1.923981005946795264e+01 -1.862446183043640957e+01
-1.908213064571221551e+01 -1.865910839724850234e+01
-1.903326007972161094e+01 -1.764663587297712155e+01
-1.910886875788370887e+01 -1.908290363906265696e+01
-1.916573058565457544e+01 -1.741507585946615677e+01
-1.915145140637953958e+01 -1.912964715586080189e+01
-1.920875954627990723e+01 -1.833904476908894310e+01
-1.911020244657993317e+01 -1.820889866816533242e+01
-1.905513288329045096e+01 -1.872637965462424603e+01
-1.915901206433773041e+01 -1.864504826533330117e+01
-1.909329352279504022e+01 -1.874494459721949369e+01
-1.913548438499371329e+01 -1.735498167013193083e+01
-1.920823741704225540e+01 -1.922217776558616009e+01
-1.920124436666568002e+01 -1.840090401141674548e+01
-1.909429489572842797e+01 -1.888655967216987008e+01
-1.921318885932366172e+01 -1.823019059911950990e+01
-1.914764821281035623e+01 -1.875183335836831588e+01
-1.937803481519222260e+01 -1.818335595068993626e+01
-1.929135454694430152e+01 -1.827884249253706628e+01
-1.910988949735959253e+01 -1.756428909301757812e+01
-1.924129015455643454e+01 -1.783610050399581937e+01
-1.905884462594985962e+01 -1.786637358231978112e+01
-1.921944597363471985e+01 -1.906810092926025391e+01
-1.929219410320122918e+01 -1.819604182552981797e+01
-1.924479929606119910e+01 -1.890970334139737119e+01
-1.927429767698049545e+01 -1.879695676828359652e+01
-1.911322018255789956e+01 -1.840366721462893906e+01
-1.931003927687804023e+01 -1.887460369258732129e+01
-1.920928251494963845e+01 -1.926491229565112562e+01
-1.927356217553218087e+01 -1.859090972256350938e+01
-1.929952900111675262e+01 -1.718800615335439730e+01
-1.922000696510076523e+01 -1.924023272774436322e+01
-1.924363053093354026e+01 -1.860545381323083802e+01
-1.930995744963486871e+01 -1.874311063196751803e+01
-1.935679683834314346e+01 -1.885879304811551904e+01
-1.933228552341461182e+01 -1.887310885144518480e+01
-1.930458529790242395e+01 -1.853104004302582197e+01
-1.934533060590426246e+01 -1.871722853028929023e+01
-1.927880083272854606e+01 -1.807327723812747422e+01
-1.937952940165996552e+01 -1.892791424788437737e+01
-1.930143482238054276e+01 -1.889338488393015680e+01
-1.929064068694909295e+01 -1.721142830786767064e+01
-1.931779764592647552e+01 -1.887624416103610869e+01
-1.945918012162049493e+01 -1.803617645858169993e+01
-1.938760327796141425e+01 -1.914396243900447558e+01
-1.933991372088591376e+01 -1.879921819018079177e+01
-1.935616347690423211e+01 -1.903706046513148564e+01
-1.926921314497788629e+01 -1.841461657239245042e+01
-1.942985285570224008e+01 -1.858914144937094193e+01
-1.922332740326722345e+01 -1.862719104816387272e+01
-1.930149881045023719e+01 -1.839958470827573223e+01
-1.937828490138053894e+01 -1.864674622671944704e+01
-1.944327702373266220e+01 -1.930966511020412568e+01
-1.930712097386519233e+01 -1.869318379984273548e+01
-1.936687064170837402e+01 -1.859820270538330078e+01
-1.929291049639384070e+01 -1.837834036195432930e+01
-1.938640989611546317e+01 -1.721975960669579564e+01
-1.942045499881108483e+01 -1.866048149009803581e+01
-1.952335293591022491e+01 -1.874538686678006982e+01
-1.939807804425557336e+01 -1.846544110929811211e+01
-1.939995695898930350e+01 -1.754555343033431569e+01
-1.950562924643357476e+01 -1.914165245402942972e+01
-1.944412967065970221e+01 -1.889224266696285781e+01
-1.938459682216246804e+01 -1.894156349479377965e+01
-1.949224488933881005e+01 -1.892879894801548701e+01
-1.941632640610138694e+01 -1.846051286722158480e+01
-1.918554580708344659e+01 -1.898436615683815631e+01
-1.946045871575673303e+01 -1.770265821977095300e+01
-1.951399488995472709e+01 -1.885960139237441169e+01
-1.945709542681773385e+01 -1.885686386405647497e+01
-1.946931221336126328e+01 -1.915907178606305905e+01
-1.945045191546281060e+01 -1.862230806226854085e+01
-1.954239088048537454e+01 -1.851358969799883880e+01
-1.948285758992036065e+01 -1.866315581581809369e+01
-1.946027731895446777e+01 -1.921170233441637620e+01
-1.934741029143333435e+01 -1.796817478576263838e+01
-1.944752495239178458e+01 -1.876614600342589512e+01
-1.954453591505686560e+01 -1.932196144004920768e+01
-1.964065338671207428e+01 -1.907619270721039229e+01
-1.960433632632096490e+01 -1.923208914174661999e+01
-1.942314014832178870e+01 -1.916543717817826575e+01
-1.947267601142327109e+01 -1.877593814552604456e+01
-1.951557093610366067e+01 -1.920819995929668522e+01
-1.944484439988930902e+01 -1.852224138185575342e+01
-1.949039879441261292e+01 -1.906843803455303288e+01
-1.959412745386362076e+01 -1.904518984509752855e+01
-1.952316947529713431e+01 -1.819778143895136679e+01
-1.940524602433045587e+01 -1.858657736592478571e+01
-1.966411673277616501e+01 -1.914647907405704785e+01
-1.954708188523848733e+01 -1.890448710206267080e+01
-1.969243610898653785e+01 -1.929662257355528965e+01
-1.943623032669226447e+01 -1.872286417577173978e+01
-1.971271097163359443e+01 -1.915287941771668301e+01
-1.978456465899944305e+01 -1.835877477967893867e+01
-1.948978983610868454e+01 -1.900856767381940671e+01
-1.944401415437459946e+01 -1.900777809341232327e+01
-1.967324088265498361e+01 -1.929025673556637344e+01
-1.958189992854992667e+01 -1.878522253655767926e+01
-1.957661727319161216e+01 -1.895263342423872643e+01
-1.958447578052679816e+01 -1.847674213756214456e+01
-1.954509839167197427e+01 -1.850591813124619378e+01
-1.949411415557066718e+01 -1.899538102088036595e+01
-1.956943964213132858e+01 -1.903170942331289339e+01
-1.967243758340676507e+01 -1.856206839425223265e+01
-1.959640191495418549e+01 -1.931155685325721549e+01
-1.963016406695048133e+01 -1.794514646158589954e+01
-1.967791752765576163e+01 -1.853908017393830576e+01
-1.959626417358716211e+01 -1.850110210071910544e+01
-1.962745583305756369e+01 -1.835097595313926888e+01
-1.965233406921227655e+01 -1.933336821469393740e+01
-1.976657673716545105e+01 -1.820208216332769879e+01
-1.971521931389967719e+01 -1.885205635467132979e+01
-1.960085340589284897e+01 -1.888238906860351562e+01
-1.952802649140357971e+01 -1.902878907438996592e+01
-1.966892254600922385e+01 -1.791719286782400999e+01
-1.962820427368084708e+01 -1.923147779935366231e+01
-1.969562146564324578e+01 -1.893075102025812484e+01
-1.964930760612090310e+01 -1.888379249325046416e+01
-1.979071485002835473e+01 -1.784694812824199772e+01
-1.981539494792620459e+01 -1.913006303217503756e+01
-1.959520611912012100e+01 -1.916524103090360498e+01
-1.958270124842723092e+01 -1.899583402856603698e+01
-1.963572680701811990e+01 -1.849524497985839844e+01
-1.970335040986537933e+01 -1.893665435097434369e+01
-1.986545567214488983e+01 -1.866251832788640641e+01
-1.964176617066065589e+01 -1.903572789724771042e+01
-1.967527916034062585e+01 -1.849765482815829287e+01
-1.976712823410828790e+01 -1.920557287141874170e+01
-1.969048559914032737e+01 -1.819677318226207419e+01
-1.975706692039966583e+01 -1.853534713348784990e+01
-1.965046172837416449e+01 -1.918278439013989001e+01
-1.974047571917374810e+01 -1.896587953939066296e+01
-1.973175972700119019e+01 -1.916925988878522702e+01
-1.966075885295867920e+01 -1.755972122836422500e+01
-1.967043230434258660e+01 -1.868649475295822171e+01
-1.966882887979348382e+01 -1.899546747083787679e+01
-1.982103121777375421e+01 -1.886203986328917637e+01
-1.970177516589562217e+01 -1.922746041533234873e+01
-1.976600476602713385e+01 -1.929521476448356410e+01
-1.973370296259721002e+01 -1.783069324493408203e+01
-1.975564151008923730e+01 -1.832162580861673717e+01
-1.974034380912780762e+01 -1.933327056835224056e+01
-1.977449946105480194e+01 -1.879219397012289505e+01
-1.971762482325236121e+01 -1.905064997734961452e+01
-1.969064234693844995e+01 -1.800986600851083708e+01
-1.972140655914942542e+01 -1.921617460870123395e+01
-1.979455074916283408e+01 -1.893214074667397995e+01
-1.978752780954043189e+01 -1.845131428210766344e+01
-1.970782541731993476e+01 -1.853732481869784365e+01
-1.983311149229605874e+01 -1.883792332240513545e+01
-1.970985467235247413e+01 -1.885100477392023421e+01
-1.968458579232295236e+01 -1.930711043964732809e+01
-1.984031590322653571e+01 -1.868138860727285433e+01
-1.984306909392277518e+01 -1.835970630893459443e+01
-1.985909083485603333e+01 -1.899456400685496149e+01
-1.987181054552396020e+01 -1.880009030676507464e+01
-1.968675486495097360e+01 -1.869974168554529115e+01
-1.971056874593098840e+01 -1.942279233560933704e+01
-1.980211104204257211e+01 -1.829008175490738353e+01
-1.984384551644325256e+01 -1.890200095981746387e+01
-1.987734662741422653e+01 -1.890536584482564564e+01
-1.997902015844980994e+01 -1.896507634745015736e+01
-1.983555474877357483e+01 -1.926492873105135928e+01
-1.970414105057716370e+01 -1.922651521261636276e+01
-1.996018759409586707e+01 -1.880663503919328861e+01
-1.971148017545541009e+01 -1.850566446626341133e+01
-1.979950834810733795e+01 -1.865349185002314414e+01
-1.983260646710793296e+01 -1.857951886313302126e+01
-1.987493973473707953e+01 -1.897046023529845371e+01
-1.987369873623053351e+01 -1.877152035453102741e+01
-1.989163563648859778e+01 -1.912150174921209000e+01
-1.997910217444102088e+01 -1.904440975189208984e+01
-1.986896626402934274e+01 -1.808659404903263379e+01
-1.971023089190324029e+01 -1.870793638600931530e+01
-1.991948690265417099e+01 -1.895342215005453568e+01
-1.983783126374085626e+01 -1.925414803740266123e+01
-1.973471990972757339e+01 -1.880540590162400960e+01
-2.001941159367561340e+01 -1.897724666843166474e+01
-1.995183352629343787e+01 -1.892168794359479733e+01
-1.989500790337721625e+01 -1.781575604228230247e+01
-1.978212422877550125e+01 -1.923445728846958858e+01
-1.985456914206345758e+01 -1.928550316451431712e+01
-1.992939154555400094e+01 -1.927242800477263174e+01
-1.996990408748388290e+01 -1.865519968255773620e+01
-1.993105102330446243e+01 -1.917957827332731924e+01
-1.993113942692677298e+01 -1.917052343294217920e+01
-1.996266781538724899e+01 -1.930942518060857438e+01
-1.992397055278221885e+01 -1.924683863156801777e+01
-2.002048843105633935e+01 -1.903756599921684867e+01
-1.986117460330327233e+01 -1.908412434218765696e+01
-1.995089046905438224e+01 -1.917896429284826354e+01
-1.983607545495033264e+01 -1.917986671645919827e+01
-1.996818672617276391e+01 -1.940505691627403451e+01
-1.974789535005887231e+01 -1.920959747611702184e+01
-1.989589277903239051e+01 -1.901652695296646556e+01
-1.998641527195771417e+01 -1.889506182732520045e+01
-1.984856370836496353e+01 -1.908158956255231686e+01
-2.003050327052672586e+01 -1.766910720181155625e+01
-1.989775979518890381e+01 -1.929817739709631041e+01
-2.001910109817981720e+01 -1.934136447658786651e+01
-1.999157706151406089e+01 -1.927224440388865290e+01
-1.988456985354423523e+01 -1.879696761787711878e+01
-1.986892583966255188e+01 -1.865984917925549880e+01
-2.003193061550458154e+01 -1.903089221112139739e+01
-1.989370858669281006e+01 -1.895234208292775335e+01
-1.987747437258561334e+01 -1.894514791067544479e+01
-1.992713295420010766e+01 -1.901518426622663327e+01
-1.998786903917789459e+01 -1.884626138365113945e+01
-1.996699610104163369e+01 -1.804337304598325176e+01
-1.992089485128720483e+01 -1.929452622401250039e+01
-2.019132509827613831e+01 -1.927330626450575934e+01
-1.998985184232394019e+01 -1.862171789887663564e+01
-1.989394419640302658e+01 -1.938608232721105651e+01
-2.005881532033284387e+01 -1.909351389748709593e+01
-2.002752154568831244e+01 -1.867829706761744291e+01
-1.989708713690439978e+01 -1.847005013057163936e+01
-2.007785981893539429e+01 -1.902492365899023952e+01
-2.006087758392095566e+01 -1.900575364100468789e+01
-1.999138878285884857e+01 -1.919522953033447266e+01
-1.992761523028214654e+01 -1.878111036721762162e+01
-2.012866908808549127e+01 -1.921170474956561947e+01
-2.002890770137310028e+01 -1.918537790125066422e+01
-2.002692869802315911e+01 -1.892476204463413936e+01
-2.011010597149531165e+01 -1.909510839140260430e+01
-1.998718470831711969e+01 -1.906312433465734557e+01
-1.999871110916137695e+01 -1.921625848249955482e+01
-2.012263379494349280e+01 -1.865157570777001439e+01
-1.999041573206583777e+01 -1.894632732094108363e+01
-2.001451219866673270e+01 -1.914360883638456201e+01
-1.987833170841137687e+01 -1.936547562983128756e+01
-2.000667167206605157e+01 -1.918001321074250498e+01
-2.004454591373602668e+01 -1.895767745723972197e+01
-2.020213285585244378e+01 -1.872864991968328141e+01
-2.008262666314840317e+01 -1.860206374874362822e+01
-2.003705113132794580e+01 -1.844278243919471549e+01
-2.014488543073336402e+01 -1.873021515932950010e+01
-2.002404899646838388e+01 -1.875072316999559163e+01
-2.010110523303349694e+01 -1.905418233747606038e+01
-2.006374168892701348e+01 -1.929681607035847435e+01
-2.018820442756016931e+01 -1.909243765744296084e+01
-2.014758248627185822e+01 -1.892877025108832711e+01
-2.002466587473948678e+01 -1.915977801285781013e+01
-1.984982309242089471e+01 -1.868685520469368200e+01
-2.006653002897898475e+01 -1.861555700178270101e+01
-2.013013150791327277e+01 -1.875324378075537624e+01
-2.013755768537521362e+01 -1.942108221177931071e+01
-2.006803138554096222e+01 -1.884464003823020306e+01
-1.999244115749995032e+01 -1.858515972286075879e+01
-2.007133782406647882e+01 -1.909577195056073151e+01
-2.003014394392569741e+01 -1.920192911717798978e+01
-1.995882700135310373e+01 -1.927525988492098818e+01
-2.016170199960470200e+01 -1.784935226688137178e+01
-2.012513718008995056e+01 -1.946920985680121774e+01
-2.002035960555076599e+01 -1.933857771638151846e+01
-1.998938994109630585e+01 -1.915465222395859612e+01
-1.993431796630223474e+01 -1.862811536912794352e+01
-2.014321118593215942e+01 -1.919033497649353848e+01
-2.013613716264565667e+01 -1.912016173771449346e+01
-2.012206662197907647e+01 -1.882948807307652217e+01
-2.015489594886700431e+01 -1.870958767928086175e+01
-2.004199154923359671e+01 -1.863781889382894974e+01
-2.004396336277325830e+01 -1.876418361416110869e+01
-2.006728402773539344e+01 -1.836203114398114167e+01
-2.029806758463382721e+01 -1.888256782680362988e+01
-2.015332722663879395e+01 -1.928091242406275541e+01
-2.020736889044443885e+01 -1.885353837694440671e+01
-1.997737744947274408e+01 -1.864654853127219525e+01
-2.019907468309004983e+01 -1.910590374934209024e+01
-2.021558764328559121e+01 -1.922277112440629310e+01
-2.024665001779794693e+01 -1.897616236550467406e+01
-1.994634454697370529e+01 -1.854123815313562318e+01
-2.026919991771380225e+01 -1.749761478622238187e+01
-2.019893478850523749e+01 -1.887030828153932305e+01
-2.004649508992831031e+01 -1.939623160176462946e+01
-2.012385183572769165e+01 -1.832709566339269713e+01
-2.022989176958799362e+01 -1.921430754971194688e+01
-2.007994938393433770e+01 -1.843316808923498229e+01
-2.007179409017165383e+01 -1.904465012736134710e+01
-2.019490844011306763e+01 -1.905376538363369932e+01
-2.030902513861656189e+01 -1.855553874721774932e+01
-2.020337783793608466e+01 -1.932773718895850124e+01
-2.022804539899031440e+01 -1.921772824324570550e+01
-2.014179539183775702e+01 -1.831459603990827389e+01
-2.011698494354883948e+01 -1.922658426111394547e+01
-2.020054558912913123e+01 -1.946148774530980319e+01
-2.028206766148408136e+01 -1.760502406529017705e+01
-2.016539166867733002e+01 -1.905006242727304411e+01
-2.021699614326159278e+01 -1.798355931121033535e+01
-2.026966844995816430e+01 -1.920805680906617852e+01
-2.025086186329523841e+01 -1.922900429019680146e+01
-2.010711620748043060e+01 -1.898330621595506429e+01
-2.032776034623384476e+01 -1.920152758313463792e+01
-2.017797177781661233e+01 -1.868688076811951504e+01
-2.022875296572844306e+01 -1.921400242347221976e+01
-2.023128135005633155e+01 -1.915431997373506690e+01
-2.026184410601854324e+01 -1.918259990989387731e+01
-2.012949461738268653e+01 -1.921218157433844098e+01
-2.027138601740201196e+01 -1.871154131208147220e+01
-2.025775248805681983e+01 -1.882959939287854567e+01
-2.018692689140637597e+01 -1.914944614063609762e+01
-2.029532173275947571e+01 -1.922307864102450381e+01
-2.015486026803652564e+01 -1.897037916059617757e+01
-2.019669395933548728e+01 -1.922694039035152969e+01
-2.025715995828310767e+01 -1.825860954879166087e+01
-2.020403413971265039e+01 -1.892671577651779202e+01
-2.022959375381469727e+01 -1.920248692995541973e+01
-2.024632895241181174e+01 -1.888703451528177624e+01
-2.022771552701791009e+01 -1.848465956650771247e+01
-2.015100304534037789e+01 -1.904104050722989072e+01
-2.031916040182113647e+01 -1.910191246131797982e+01
-2.015358513593673706e+01 -1.935871536700756579e+01
-2.032682129244009772e+01 -1.894919627053397093e+01
-2.038825771709283075e+01 -1.895104897486699258e+01
-2.022474557658036431e+01 -1.753843826442570020e+01
-2.010994428892930230e+01 -1.878113456825157357e+01
-2.038180406391620636e+01 -1.822383874422543926e+01
-2.028676829735438147e+01 -1.885545622838007773e+01
-2.027422940731048584e+01 -1.904459862894826117e+01
-2.032713750501473626e+01 -1.904482046350256041e+01
-2.026244329412778100e+01 -1.863208131666307210e+01
-2.015523574252923211e+01 -1.944973801947259417e+01
-2.006510001420974731e+01 -1.932326337888643408e+01
-2.021505024780829629e+01 -1.853132143887606631e+01
-2.035468808313210687e+01 -1.923419365325531416e+01
-2.024995949864387512e+01 -1.877788614297842074e+01
-2.030813450614611426e+01 -1.894185479894861146e+01
-2.044067106644312659e+01 -1.918133840932474499e+01
-2.038309932251771173e+01 -1.842702620370047484e+01
-2.022928851594527444e+01 -1.915983982829304466e+01
-2.019067123532295227e+01 -1.879944625458159990e+01
-2.028755958875020227e+01 -1.907059228575074883e+01
-2.026770643889904022e+01 -1.925446346827915889e+01
-2.017446449398994446e+01 -1.907746690279477519e+01
-2.026823316514492035e+01 -1.900018641236540518e+01
-2.024807837605476379e+01 -1.888546512653301335e+01
-2.040595371524493018e+01 -1.907860754681871995e+01
-2.032675155997276306e+01 -1.910191220122498379e+01
-2.027378459274768829e+01 -1.906261837946904336e+01
-2.019892120858033380e+01 -1.794640662453391400e+01
-2.026621033002932748e+01 -1.886625972351470537e+01
-2.031942122181256494e+01 -1.861794292152702113e+01
-2.028030796845753869e+01 -1.869179212892210273e+01
-2.019409377872943878e+01 -1.878348090431907025e+01
-2.045074113706747809e+01 -1.874332861466841393e+01
-2.030073759208123008e+01 -1.903235644798774118e+01
-2.030671244611342630e+01 -1.917455697988534880e+01
-2.020386285086472711e+01 -1.896232590118011885e+01
-2.039046068986256799e+01 -1.866794052371730928e+01
-2.032996235291163245e+01 -1.865928320451216393e+01
-2.049419958392779151e+01 -1.904645232411174050e+01
-2.029524760444958886e+01 -1.885959082764464512e+01
-2.033178998529911041e+01 -1.924899784930340729e+01
-2.039961346983909607e+01 -1.933852808816092406e+01
-2.026108903686205664e+01 -1.728995510200401498e+01
-2.024129146337509155e+01 -1.894894488446124114e+01
-2.040306348353624344e+01 -1.911397519049706517e+01
-2.025708380341529846e+01 -1.862976660047258548e+01
-2.040582651893297950e+01 -1.909157297208711768e+01
-2.042156746983528137e+01 -1.834022685459681767e+01
-2.036000843842824182e+01 -1.879901618462104196e+01
-2.031935012340545654e+01 -1.897710999575528135e+01
-2.042128415157397470e+01 -1.875492343654880401e+01
-2.030635590106248856e+01 -1.894037314823695439e+01
-2.038041525085766992e+01 -1.911496179754083968e+01
-2.037651549776395044e+01 -1.777482533145260390e+01
-2.046253659824530402e+01 -1.867550318581717406e+01
-2.040175206959247589e+01 -1.870649379878849317e+01
-2.040164249142010888e+01 -1.934235863871388617e+01
-2.033818213393290719e+01 -1.892228878318489294e+01
-2.020364669213692466e+01 -1.936161978833087005e+01
-2.038307563960552216e+01 -1.890402428515545807e+01
-2.035506985584894935e+01 -1.922962201106084024e+01
-2.037080413103103638e+01 -1.869520932977849625e+01
-2.033345147470633307e+01 -1.915662490547477503e+01
-2.030983549604813376e+01 -1.912046874653209372e+01
-2.043392129490773002e+01 -1.857885547737022591e+01
-2.054002879808346549e+01 -1.921664782932826299e+01
-2.047724402944247046e+01 -1.919538733247038564e+01
-2.034808371464411536e+01 -1.922499572456657191e+01
-2.051024977862834930e+01 -1.933631806559376898e+01
-2.039069900661706924e+01 -1.908696857056060381e+01
-2.038524030645688256e+01 -1.842313879186457015e+01
-2.037762871384620667e+01 -1.800993302580598154e+01
-2.042953555285930634e+01 -1.892921872572465247e+01
-2.029830262064933777e+01 -1.899473698108227282e+01
-2.035440622021754464e+01 -1.862455770566866065e+01
-2.060796791811783990e+01 -1.880900930429433870e+01
-2.047304912904898444e+01 -1.778820721514813386e+01
-2.029734446605046472e+01 -1.905743338844992962e+01
-2.029665800184011459e+01 -1.888225299042540684e+01
-2.040723652144273004e+01 -1.888251199350728626e+01
-2.039857034385204315e+01 -1.884598234102323389e+01
-2.049947065114974976e+01 -1.896600123814173955e+01
-2.051436858872572699e+01 -1.898801954690512162e+01
-2.043818583091099939e+01 -1.876728710570892744e+01
-2.050759793321291724e+01 -1.886003711006858197e+01
-2.033732757965723792e+01 -1.873194461673885058e+01
-2.054721116522948066e+01 -1.889844635554722529e+01
-2.052613017956415931e+01 -1.825848989362840413e+01
-2.048817068338394165e+01 -1.910069647702303897e+01
-2.046982101599375525e+01 -1.912808388549012051e+01
-2.062058195471763611e+01 -1.914596844958020583e+01
-2.044795970618724823e+01 -1.866766738891601562e+01
-2.042903953293959418e+01 -1.898638243489451227e+01
-2.046331954002380371e+01 -1.855326714453759251e+01
-2.048346372942129889e+01 -1.890161693870247106e+01
-2.047242969771226129e+01 -1.901353406286859027e+01
-2.048994614183902740e+01 -1.863507060261515846e+01
-2.042517540852228919e+01 -1.891192805302607383e+01
-2.043266867101192474e+01 -1.900237857521354456e+01
-2.044732732574145118e+01 -1.920673070635114499e+01
-2.034639106194178382e+01 -1.906053581485500459e+01
-2.041987617313861847e+01 -1.903350920491404352e+01
-2.055552712579568109e+01 -1.914892802300391139e+01
-2.057890644172827521e+01 -1.833495001359419518e+01
-2.051220797499020776e+01 -1.899428424587497588e+01
-2.033587843428055564e+01 -1.906436595669040557e+01
-2.060821323096752167e+01 -1.888671548025948610e+01
-2.055629588166872779e+01 -1.847269454559722490e+01
-2.052204917371273041e+01 -1.925721365445620137e+01
-2.036996712287266931e+01 -1.881533185537759323e+01
-2.054282371203104773e+01 -1.902926075922978555e+01
-2.048259089390436927e+01 -1.889222142603490084e+01
-2.051170166830221930e+01 -1.896251643787730856e+01
-2.047487753132979194e+01 -1.914886514242593307e+01
-2.051488742232322693e+01 -1.937032108802300101e+01
-2.050265361865361413e+01 -1.896564780891715785e+01
-2.056999004135529319e+01 -1.922422878463546780e+01
-2.055104229847590247e+01 -1.910443438492812263e+01
-2.044312917192776879e+01 -1.931609891916250277e+01
-2.050370264798402786e+01 -1.927992537114527494e+01
-2.034522386888663092e+01 -1.900525608310451631e+01
-2.059475889305273810e+01 -1.903471369557566462e+01
-2.053560640911261359e+01 -1.888396730051412220e+01
-2.045308225353558740e+01 -1.913547712796694356e+01
-2.046911271909872809e+01 -1.864262279906830244e+01
-2.054830953727165976e+01 -1.862957006925112324e+01
-2.051032739380995551e+01 -1.846386713795847712e+01
-2.043625992536544800e+01 -1.928490841853154336e+01
-2.048037332793076715e+01 -1.900614480848436116e+01
-2.048651093741257867e+01 -1.889690710042978239e+01
-2.049888847768306732e+01 -1.791820223919756927e+01
-2.034513785938422004e+01 -1.891444470046402415e+01
-2.044634032746155938e+01 -1.862482509365329619e+01
-2.068176063150167465e+01 -1.903378882965484209e+01
-2.063032150765259942e+01 -1.881481662353911943e+01
-2.051107490559418878e+01 -1.837621012600985537e+01
-2.055744994183381280e+01 -1.903089736343978444e+01
-2.058913262685139856e+01 -1.891806678028849831e+01
-2.068039694428443909e+01 -1.886790016719273311e+01
-2.060576831797758857e+01 -1.911612518112380954e+01
-2.046048705279827118e+01 -1.866830264747916956e+01
-2.063196893036365509e+01 -1.778719786854533425e+01
-2.054626934230327606e+01 -1.824398315726936559e+01
-2.054025599857171258e+01 -1.795382837815718347e+01
-2.039337196946144104e+01 -1.873451262635069980e+01
-2.072294362386067590e+01 -1.919122123718261719e+01
-2.045344032347202301e+01 -1.901699447631835938e+01
-2.053774339954058448e+01 -1.885480112843699274e+01
-2.051620206236839294e+01 -1.898434595628218347e+01
-2.048257045944531640e+01 -1.851917385745358047e+01
-2.059938914080460748e+01 -1.920834018657733822e+01
-2.064335230489571771e+01 -1.809198806812236882e+01
-2.061411173641681671e+01 -1.886551504011277913e+01
-2.057337419688701630e+01 -1.894072200725604915e+01
-2.061886059989531716e+01 -1.896906479922207822e+01
-2.062533181905746460e+01 -1.887395233302921582e+01
-2.062552782644828042e+01 -1.904578488832944316e+01
-2.046419317275285721e+01 -1.898035522560020638e+01
-2.044948189953963080e+01 -1.868372886211841077e+01
-2.048092833658059320e+01 -1.880553417701225882e+01
-2.050896634161472321e+01 -1.909318123854599847e+01
-2.059013235569000244e+01 -1.860299822571989736e+01
-2.065098066131274024e+01 -1.893972161528352061e+01
-2.065838895738124847e+01 -1.814048367042046195e+01
-2.059705131252606591e+01 -1.784204513995678454e+01
-2.057259316245714942e+01 -1.852355023173542747e+01
-2.060739705214897910e+01 -1.896808246513465690e+01
-2.051904903848965844e+01 -1.912455536483169993e+01
-2.045956574877103051e+01 -1.903622618588534365e+01
-2.047507906953493872e+01 -1.893990207028079453e+01
-2.071276960770289222e+01 -1.877078460098861257e+01
-2.065798720717430115e+01 -1.896581908634730596e+01
-2.057329211632410804e+01 -1.897078385291161595e+01
-2.052334392070770264e+01 -1.827991272567154368e+01
-2.049625279009342194e+01 -1.923377570858249541e+01
-2.072452339033285895e+01 -1.882634247123420934e+01
-2.071526453892390052e+01 -1.854436977188308688e+01
-2.063475582251946250e+01 -1.903284616594190837e+01
-2.072192527850468835e+01 -1.874456509676846494e+01
-2.056435368955135345e+01 -1.861874461483645860e+01
-2.059933306773503503e+01 -1.894076673086587448e+01
-2.066499574482440948e+01 -1.883241293027803565e+01
-2.058729290962219238e+01 -1.878621139774074678e+01
-2.070097303390502930e+01 -1.863476261535248213e+01
-2.075571044782797614e+01 -1.898448770696466781e+01
-2.060639394819736481e+01 -1.869036195185277194e+01
-2.054018133382002631e+01 -1.899977389248934756e+01
-2.065479217718045035e+01 -1.864640358516148311e+01
-2.058157807588577271e+01 -1.874010156656240511e+01
-2.057345525920391083e+01 -1.860143343194738463e+01
-2.057168251276016235e+01 -1.911454760563837851e+01
-2.067700069149335107e+01 -1.868921205594942236e+01
-2.047016032288471976e+01 -1.893326728374927015e+01
-2.067863580087820807e+01 -1.859817066440334443e+01
-2.066858727236588678e+01 -1.909128797209108086e+01
-2.059215374290943146e+01 -1.892396436418805905e+01
-2.065806670983632287e+01 -1.823182420606736898e+01
-2.056104132036368171e+01 -1.819991770657626162e+01
-2.072825644910335541e+01 -1.877716831108192252e+01
-2.073700159291426459e+01 -1.905328599508706588e+01
-2.066875799496968469e+01 -1.881097938488056087e+01
-2.066673739502827445e+01 -1.810463766618208581e+01
-2.068767108271519461e+01 -1.891236156612247754e+01
-2.072731251021226129e+01 -1.861350594557724847e+01
-2.056227247913678369e+01 -1.893393138786414909e+01
-2.086899764835834503e+01 -1.869361588862035006e+01
-2.061782926569382468e+01 -1.878496027612066754e+01
-2.050261083741982659e+01 -1.857555119402996979e+01
-2.067896766463915625e+01 -1.871811171940394658e+01
-2.062993259727954865e+01 -1.893296463458569079e+01
-2.063050598651170731e+01 -1.894624718752774228e+01
-2.075294895718495169e+01 -1.910300615236356592e+01
-2.071218200524647912e+01 -1.845062650953020267e+01
-2.071139149367809296e+01 -1.721260838694386663e+01
-2.056388433774312219e+01 -1.878683039429899893e+01
-2.073756772776444635e+01 -1.902750059846159658e+01
-2.079055389265219489e+01 -1.899715731979964772e+01
-2.066147905588150024e+01 -1.882566362851625996e+01
-2.078888146082560340e+01 -1.834939250698337432e+01
-2.081219571828842163e+01 -1.854931307458258161e+01
-2.055457607408364495e+01 -1.878814505292223558e+01
-2.066998611390590668e+01 -1.872780368854473210e+01
-2.078804918130238732e+01 -1.872674144398082419e+01
-2.065241557856400689e+01 -1.889428698552119101e+01
-2.079218245049317559e+01 -1.877604324786694079e+01
-2.049709174533684930e+01 -1.887680686603892966e+01
-2.057382196187973022e+01 -1.908093222085531693e+01
-2.081295594076315680e+01 -1.888595079446767855e+01
-2.074636070430278778e+01 -1.894328345261611091e+01
-2.066789875427881995e+01 -1.901725344224409753e+01
-2.066426915427048883e+01 -1.882660537571101855e+01
-2.064498273531595984e+01 -1.849002664739435531e+01
-2.075954837600390235e+01 -1.882976756157813014e+01
-2.078049852450688562e+01 -1.868444406831419258e+01
-2.066999149570862571e+01 -1.910149758821957988e+01
-2.071317355831464013e+01 -1.870155989659296836e+01
-2.073788455128669739e+01 -1.857902241991711989e+01
-2.072201958298683167e+01 -1.878580002970509710e+01
-2.062093718598286429e+01 -1.889604209305404225e+01
-2.061463435490925988e+01 -1.790056110976578196e+01
-2.081576765576998511e+01 -1.910266960441292028e+01
-2.072316775719324866e+01 -1.887566535503833265e+01
-2.070539229114850244e+01 -1.904989854391519088e+01
-2.080276316901047906e+01 -1.900445237097802220e+01
-2.077261981864770135e+01 -1.913327939169747438e+01
-2.067606573303540429e+01 -1.881289313675521413e+01
-2.078649364908536157e+01 -1.790041478887781068e+01
-2.082587757209936896e+01 -1.891568135595941058e+01
-2.066547268629074097e+01 -1.892408971662645101e+01
-2.084357436249653617e+01 -1.875437669630174398e+01
-2.067256142199039459e+01 -1.883124597970541458e+01
-2.073238407572110376e+01 -1.871045479217132979e+01
-2.081748847911755362e+01 -1.904144884084726286e+01
-2.078651267786820611e+01 -1.908695768381094027e+01
-2.080241429060697556e+01 -1.905616214058616009e+01
-2.082483172416687012e+01 -1.861152258786288272e+01
-2.077358405292034149e+01 -1.878706153027422943e+01
-2.079138501485188684e+01 -1.886189975986232881e+01
-2.078762639065583429e+01 -1.873837328576422223e+01
-2.084524849553902826e+01 -1.841545183008367204e+01
-2.084558679163455963e+01 -1.849632670662619915e+01
-2.075709367295106134e+01 -1.907260067431957751e+01
-2.091337837775548181e+01 -1.841285600290670033e+01
-2.076778074602286139e+01 -1.872095744640796156e+01
-2.068072329461574554e+01 -1.896053096226283330e+01
-2.061908614635467529e+01 -1.872065977616743737e+01
-2.080044930179913720e+01 -1.903608220583432598e+01
-2.098513236145178595e+01 -1.908194292984999763e+01
-2.074173380434513092e+01 -1.881633785792759639e+01
-2.079421045382817468e+01 -1.920914534779338112e+01
-2.073907346526781836e+01 -1.890218828870104417e+01
-2.077766968309879303e+01 -1.889139747619628906e+01
-2.073008004824320594e+01 -1.848472094845462266e+01
-2.082977111637592316e+01 -1.893643834993436670e+01
-2.087282440066337585e+01 -1.905533988754470798e+01
-2.097445071736971656e+01 -1.921718057409509584e+01
-2.070712309082349023e+01 -1.890134416307721921e+01
-2.072273644308249274e+01 -1.891152623411896982e+01
-2.077443561951319495e+01 -1.871290775398155404e+01
-2.093012182414531708e+01 -1.890103925977434329e+01
-2.085827967772881308e+01 -1.856871004228468180e+01
-2.065193386375904083e+01 -1.914087911085648841e+01
-2.069542269905408105e+01 -1.888266108872054616e+01
-2.081813033670186996e+01 -1.879136734504204398e+01
-2.073354652027289191e+01 -1.857226267727938662e+01
-2.074064434071381768e+01 -1.900662638924338665e+01
-2.091494616369406501e+01 -1.874703552196552181e+01
-2.091429157058398047e+01 -1.841690209624055186e+01
-2.079135255018870154e+01 -1.885057350257774544e+01
-2.083191183706124505e+01 -1.902772116970706406e+01
-2.094503896435101709e+01 -1.878338474422306348e+01
-2.097781977057456970e+01 -1.835591265443083486e+01
-2.082935846845309058e+01 -1.855143507424887162e+01
-2.082339392602443695e+01 -1.915633387379832087e+01
-2.078249321381251136e+01 -1.875827671645523509e+01
-2.079130291938781738e+01 -1.906320129741321878e+01
-2.091452635327975074e+01 -1.882650739496404313e+01
-2.076177958150704583e+01 -1.895650702637511387e+01
-2.097977286577224731e+01 -1.835706555998170586e+01
-2.094270220150550088e+01 -1.882653324325363187e+01
-2.081355485816796502e+01 -1.901358723330807265e+01
-2.094259791572888574e+01 -1.872357881224000664e+01
-2.092980179687340936e+01 -1.840441166270862894e+01
-2.074887725710868835e+01 -1.824471707777543372e+01
-2.078883697589238366e+01 -1.905824985751857881e+01
-2.091933851440747461e+01 -1.892469429660152969e+01
-2.097708964347839355e+01 -1.846584956676928968e+01
-2.079566799104213715e+01 -1.859839740356841631e+01
-2.088595893979072571e+01 -1.868652379667604180e+01
-2.088256711264451226e+01 -1.866267312037480508e+01
-2.093838642537593842e+01 -1.862641589672534437e+01
-2.083642300466696540e+01 -1.887104886538022441e+01
-2.089248656729857245e+01 -1.852868168075363187e+01
-2.066282053788502893e+01 -1.875488734554934922e+01
-2.079787304997444153e+01 -1.881684180668422002e+01
-2.077171384791533271e+01 -1.886225482395716924e+01
-2.092293935020764550e+01 -1.831571117004790850e+01
-2.092513677974541864e+01 -1.867400124785187998e+01
-2.101839235424995422e+01 -1.861871547203559274e+01
-2.072796026865641394e+01 -1.871701747101622715e+01
-2.095459904770056525e+01 -1.890627288818359375e+01
-2.090555541714032373e+01 -1.881988146397974759e+01
-2.088002730657656869e+01 -1.863883177026525573e+01
-2.089547689259052277e+01 -1.875815905533827888e+01
-2.105130176246166229e+01 -1.883657456682874098e+01
-2.093489827712376794e+01 -1.886276295897248545e+01
-2.094451383749644080e+01 -1.893349002243636647e+01
-2.087131888171036920e+01 -1.881902656307468291e+01
-2.085886105398337165e+01 -1.884779700985202666e+01
-2.095858371754487237e+01 -1.835050405774797611e+01
-2.082074716190497199e+01 -1.869647558633383255e+01
-2.090289435287316522e+01 -1.868648915476613226e+01
-2.093338736891746521e+01 -1.892105000978940410e+01
-2.103730803728103638e+01 -1.879195114234825326e+01
-2.101753089328606805e+01 -1.906753220496239720e+01
-2.091361527144908905e+01 -1.827049573675378724e+01
-2.097964253028233728e+01 -1.870354175567626953e+01
-2.093109859029452124e+01 -1.893962572766588792e+01
-2.094604169825712958e+01 -1.891416871702516289e+01
-2.087192210555076599e+01 -1.903452349328375348e+01
-2.096579248706499854e+01 -1.851773617484352741e+01
-2.086341251929600915e+01 -1.902102222690334443e+01
-2.086789028843243798e+01 -1.907415554740212116e+01
-2.099959262708823005e+01 -1.860672512302150849e+01
-2.075324008365472039e+01 -1.913568330739999723e+01
-2.090361517171065131e+01 -1.880803972714907246e+01
-2.098410260677337646e+01 -1.886382405169598542e+01
-2.078847436855236808e+01 -1.895764231991458360e+01
-2.091027487814426422e+01 -1.899026982195965729e+01
-2.101751588781674585e+01 -1.909547008167613669e+01
-2.082160391906897345e+01 -1.860413937754445257e+01
-2.085687802731990814e+01 -1.890965082738306791e+01
-2.084366685648759088e+01 -1.882200368658288880e+01
-2.094944325089454651e+01 -1.857044057722215413e+01
-2.094984375933806220e+01 -1.861021200402990416e+01
-2.105072318017482758e+01 -1.887624613031164245e+01
-2.094856980443000793e+01 -1.881890428221070977e+01
-2.089310892919699469e+01 -1.909650880640203141e+01
-2.074129555871089181e+01 -1.878923671276538343e+01
-2.098152506848176202e+01 -1.902015077912962226e+01
-2.101920107007026672e+01 -1.880528461159049769e+01
-2.098248307406902313e+01 -1.880724753342665778e+01
-2.106052697201569757e+01 -1.896097009832208968e+01
-2.100007355709870538e+01 -1.862907564485227851e+01
-2.098206738630930701e+01 -1.877653727593359889e+01
-2.085685348014036933e+01 -1.846017137750402526e+01
-2.088606797158718109e+01 -1.860738011149616966e+01
-2.093037898838520050e+01 -1.856915741462212210e+01
-2.096945793430010596e+01 -1.889910211191548939e+01
-2.091326930622259894e+01 -1.874164566436371260e+01
-2.100986142953236779e+01 -1.916425956379283591e+01
-2.108663090070088586e+01 -1.873502216091403838e+01
-2.088766974210739136e+01 -1.810151579472925931e+01
-2.049076587210099021e+01 -1.887288981598693027e+01
-2.103389535844326019e+01 -1.814443564724612656e+01
-2.084971715509891510e+01 -1.887655844007219486e+01
-2.095983950297037879e+01 -1.868509442465645876e+01
-2.097678421437740326e+01 -1.905059430506322116e+01
-2.103791937728722772e+01 -1.875244631086076907e+01
-2.091664799054463586e+01 -1.878691814472148991e+01
-2.096547397971153259e+01 -1.843949471510849847e+01
-2.113636324306328973e+01 -1.810855996763551445e+01
-2.094024008512496948e+01 -1.830206949060613297e+01
-2.089736419419447699e+01 -1.804476799902978001e+01
-2.073275335629780969e+01 -1.885143459617317419e+01
-2.092109519739945611e+01 -1.901279314462240677e+01
-2.094391564528147498e+01 -1.882056258560775319e+01
-2.114653863012790680e+01 -1.857781039894401331e+01
-2.114212108651797095e+01 -1.891474764687674437e+01
-2.103904915352662286e+01 -1.893561348357757979e+01
-2.107863563795884332e+01 -1.856343263155454082e+01
-2.106095732748508453e+01 -1.741557713298054466e+01
-2.092481475571791449e+01 -1.873659096754990472e+01
-2.099312116702397546e+01 -1.874196203652914505e+01
-2.095157299935817719e+01 -1.879735712571577722e+01
-2.112376071512699127e+01 -1.873184934839025573e+01
-2.101702534655730048e+01 -1.797939878934389668e+01
-2.085023762285709381e+01 -1.868626974774645433e+01
-2.090603503833214560e+01 -1.895743893957757464e+01
-2.097718071689208230e+01 -1.914324049516157800e+01
-2.093908734122912207e+01 -1.839363971313872881e+01
-2.100421235462029657e+01 -1.873066538030451156e+01
-2.098969840010007104e+01 -1.881956469548212851e+01
-2.109569794436295709e+01 -1.876678211658031969e+01
-2.112523060043652734e+01 -1.912520367758614626e+01
-2.103610074023405829e+01 -1.844562394278390016e+01
-2.108594601353009423e+01 -1.843278723877745762e+01
-2.091437697410583496e+01 -1.804494690585445937e+01
-2.092702539265155792e+01 -1.824229834915755788e+01
-2.106274858613808831e+01 -1.899529806360021666e+01
-2.115049211680889130e+01 -1.857463082400235166e+01
-2.097204738358656684e+01 -1.808890902531611289e+01
-2.116789930562178412e+01 -1.884250747383415003e+01
-2.094350657363732537e+01 -1.892245509407737103e+01
-2.087546682357788086e+01 -1.881866152874835052e+01
-2.108485272526741028e+01 -1.891207102986125221e+01
-2.105046779414017877e+01 -1.852854324935318431e+01
-2.094647551079590997e+01 -1.894296192813229140e+01
-2.102568040788173676e+01 -1.816801534380231686e+01
-2.108362200856208801e+01 -1.879783048258199329e+01
-2.090248718361059943e+01 -1.866211943192915612e+01
-2.103549551467100898e+01 -1.808613670646370153e+01
-2.101023874183495721e+01 -1.856513506406313496e+01
-2.117670109371344367e+01 -1.890702300876765918e+01
-2.117294423778851709e+01 -1.860559952723515664e+01
-2.098947471876939019e+01 -1.851377670486251859e+01
-2.108864154915015021e+01 -1.917632360582227946e+01
-2.108584434787432471e+01 -1.879199192740700397e+01
-2.119523014624913415e+01 -1.900716265145834427e+01
-2.117621835569540778e+01 -1.837104461719463444e+01
-2.111079269150893012e+01 -1.864659565764588223e+01
-2.126067556440830231e+01 -1.878850796934846201e+01
-2.115822118024031440e+01 -1.881286730085100345e+01
-2.109682668745517731e+01 -1.845186432925137510e+01
-2.099076033631960669e+01 -1.886623912662654590e+01
-2.106248918175697327e+01 -1.910310181704434385e+01
-2.092794207235177240e+01 -1.897038025050968457e+01
-2.109812243779500207e+01 -1.872214027503868294e+01
-2.095250177880128106e+01 -1.904095154304009085e+01
-2.119588383038838586e+01 -1.877606992597703695e+01
-2.100699155032634735e+01 -1.868863233343347474e+01
-2.114147721230983734e+01 -1.869170227298488740e+01
-2.109379130105177680e+01 -1.843915710201511260e+01
