# Train Val
-7.611001692712306976e+00 -1.092476724966978452e+01
-1.102648777763048749e+01 -1.107982390966170883e+01
-1.118488407631715198e+01 -1.117729311722975538e+01
-1.121994936466217041e+01 -1.122080766237699123e+01
-1.126233183344205280e+01 -1.124022500942914959e+01
-1.127870811522006989e+01 -1.127282763750125127e+01
-1.129681229591369629e+01 -1.136851990528595735e+01
-1.133060445388158222e+01 -1.136917094695262342e+01
-1.137271465857823749e+01 -1.152010795397636223e+01
-1.150823450585206409e+01 -1.147923743419158171e+01
-1.176728031535943408e+01 -1.218134501041510198e+01
-1.197874468564987183e+01 -1.167019712007962795e+01
-1.222540462017059326e+01 -1.243041618053729636e+01
-1.233335044980049133e+01 -1.277521947713998607e+01
-1.267966032028198242e+01 -1.243174396417079741e+01
-1.301877652108669281e+01 -1.308746540852082063e+01
-1.307016495863596539e+01 -1.319099773504795259e+01
-1.312391759951909442e+01 -1.248402869395720671e+01
-1.343188132345676422e+01 -1.383838545970427703e+01
-1.346657935778299908e+01 -1.379197316292004771e+01
-1.364717140297094922e+01 -1.322593439542330174e+01
-1.376465372244516949e+01 -1.399737949860401720e+01
-1.386318858464558978e+01 -1.330171186496049884e+01
-1.418330927689870258e+01 -1.361026653876671411e+01
-1.412585351864496808e+01 -1.391221567300649831e+01
-1.418172769745190998e+01 -1.439166164398193359e+01
-1.441146010657151599e+01 -1.451896542769211962e+01
-1.430377230048179626e+01 -1.437045222062331007e+01
-1.445857621232668500e+01 -1.488863125825539591e+01
-1.461916944881280322e+01 -1.445537694295247455e+01
-1.456109760701656342e+01 -1.473318315163636782e+01
-1.472057833770910840e+01 -1.486081282297770123e+01
-1.478945506115754505e+01 -1.480383626008645059e+01
-1.474997051556905170e+01 -1.433100441174629402e+01
-1.478772026300430298e+01 -1.508608945210774799e+01
-1.521743987500667572e+01 -1.320335490886981589e+01
-1.465074306229750256e+01 -1.422593874809069447e+01
-1.497779163221518139e+01 -1.536551854549310114e+01
-1.518391151229540448e+01 -1.343715711740347096e+01
-1.520229443411032300e+01 -1.379210728865403368e+01
-1.521487461030483246e+01 -1.405480252779447170e+01
-1.542010027666886707e+01 -1.532737267323029329e+01
-1.538223086794217487e+01 -1.494998310773800654e+01
-1.525035852193832397e+01 -1.569808918390518571e+01
-1.559869223336378674e+01 -1.382325563675317959e+01
-1.546081173916657825e+01 -1.394005865928454213e+01
-1.569066645701726337e+01 -1.503171414595383837e+01
-1.563868758579095264e+01 -1.542880664727626616e+01
-1.548819711307684521e+01 -1.583219430385491755e+01
-1.584519656499226947e+01 -1.576047569666153336e+01
-1.593805044889450073e+01 -1.624834828499036021e+01
-1.603387331465880195e+01 -1.568910584082970239e+01
-1.576408732434113880e+01 -1.573980568616818232e+01
-1.602499385178089142e+01 -1.513093877450013736e+01
-1.586549635231494904e+01 -1.476735195746788598e+01
-1.564056814710299115e+01 -1.556879266103108783e+01
-1.592962060372034649e+01 -1.568000470674954983e+01
-1.571583967904249768e+01 -1.613634916452260981e+01
-1.610699213047822198e+01 -1.544431351392697138e+01
-1.590892982482910156e+01 -1.603500483586238090e+01
-1.618487105766932288e+01 -1.592690854194836803e+01
-1.634990288317203522e+01 -1.627189051799285124e+01
-1.636468500395615777e+01 -1.547854536007612225e+01
-1.620722790062427521e+01 -1.456230997427915952e+01
-1.615794287621974945e+01 -1.632713298308543770e+01
-1.645062789817650994e+01 -1.539589082277738186e+01
-1.624071713288624963e+01 -1.622026348114013672e+01
-1.621383522450923920e+01 -1.577810624929574779e+01
-1.642209138969580451e+01 -1.465943387838510326e+01
-1.631092349191506585e+01 -1.656873810596955110e+01
-1.645017432669798652e+01 -1.625170047466571432e+01
-1.619256664315859595e+01 -1.627226555653107454e+01
-1.622263399759928504e+01 -1.596963513203156282e+01
-1.649117077887058258e+01 -1.522881779303917504e+01
-1.632311782737572869e+01 -1.619243147434332286e+01
-1.645835450291633606e+01 -1.447970762008275791e+01
-1.653455973168214044e+01 -1.661745609381259925e+01
-1.631085691352685174e+01 -1.671179812993758773e+01
-1.646898793180783471e+01 -1.655443908006716924e+01
-1.653671985864639282e+01 -1.650385460486779010e+01
-1.625949543217818061e+01 -1.595948197291447634e+01
-1.663138554990291595e+01 -1.620566324087289800e+01
-1.665086738765239716e+01 -1.661290019597762679e+01
-1.659065413971741876e+01 -1.622804406973031988e+01
-1.650730195144812384e+01 -1.673856180142133709e+01
-1.662019481758276740e+01 -1.623090232946933753e+01
-1.656270328164100647e+01 -1.546824746254162974e+01
-1.684092406431834021e+01 -1.363345246437268443e+01
-1.649606787661711493e+01 -1.613946584554819097e+01
-1.668577406307061395e+01 -1.590804836077567863e+01
-1.667981677254040918e+01 -1.622790996844952005e+01
-1.668005485335985938e+01 -1.596566858047094151e+01
-1.668345584968725959e+01 -1.628853189028226467e+01
-1.687071425716082373e+01 -1.647200396122076427e+01
-1.679849994679291925e+01 -1.693836855277037046e+01
-1.695513106385866919e+01 -1.624425577506040952e+01
-1.662524022658665857e+01 -1.678676438942933657e+01
-1.692966796457767487e+01 -1.637061412517840964e+01
-1.679908087352911750e+01 -1.657601784437130732e+01
-1.681190202633539954e+01 -1.525875781132624631e+01
-1.692534798383712769e+01 -1.688050108689528273e+01
-1.697828629116217414e+01 -1.577082802699162478e+01
-1.687727489074071130e+01 -1.658084634634164800e+01
-1.695543711384137353e+01 -1.587897912049904825e+01
-1.708842755357424537e+01 -1.631739039298815541e+01
-1.691753716270129004e+01 -1.662068853622827902e+01
-1.694560933113098145e+01 -1.607769464835142514e+01
-1.717132147153218469e+01 -1.615139853648650359e+01
-1.711304806669553003e+01 -1.602990226256541817e+01
-1.696276243031024933e+01 -1.451030415755051806e+01
-1.707296066979567328e+01 -1.678809361580090709e+01
-1.703994351128737250e+01 -1.614892619695418929e+01
-1.685665515561898431e+01 -1.637751075549003232e+01
-1.685539844135443488e+01 -1.424343815827980997e+01
-1.712982562681039056e+01 -1.709961861830491259e+01
-1.688514403502146521e+01 -1.658795765118721377e+01
-1.677909123400847236e+01 -1.510469585809952164e+01
-1.696580404043197632e+01 -1.686181914500701140e+01
-1.706529614329338074e+01 -1.669847373473338692e+01
-1.706892030934492865e+01 -1.649723326854216765e+01
-1.657971378167470178e+01 -1.458946497012407306e+01
-1.709893951316674432e+01 -1.627218803992638385e+01
-1.737462037305037299e+01 -1.692245896657307824e+01
-1.705975983540217200e+01 -1.640775135235908877e+01
-1.722471957405408105e+01 -1.579515652778821178e+01
-1.731188254058361053e+01 -1.568117877764579582e+01
-1.723861788709958276e+01 -1.698142716823480214e+01
-1.738972982764244080e+01 -1.627911227788680648e+01
-1.687796965738137445e+01 -1.703316060090676487e+01
-1.725187863409519196e+01 -1.570728677358382797e+01
-1.696335036059220513e+01 -1.657502937316894531e+01
-1.715240541597207269e+01 -1.662168688651842885e+01
-1.736890995999177179e+01 -1.655575109139466861e+01
-1.741001889109611511e+01 -1.687023730155749135e+01
-1.700376399854819098e+01 -1.528466055943415647e+01
-1.736632395784060279e+01 -1.684425759926820376e+01
-1.718520442148049554e+01 -1.707732173724052060e+01
-1.743895149230957031e+01 -1.699724561740190509e+01
-1.750440466900666436e+01 -1.681987574161627208e+01
-1.736223913729190826e+01 -1.689414745722061539e+01
-1.744441667199134827e+01 -1.708502586071307761e+01
-1.724515658120314399e+01 -1.625380002535306545e+01
-1.748063873747984687e+01 -1.718170403211544794e+01
-1.727076830466588220e+01 -1.681503655360295113e+01
-1.757111752529938897e+01 -1.531184912950564581e+01
-1.754721965889136115e+01 -1.676973927326691438e+01
-1.727320326864719391e+01 -1.715235546307686221e+01
-1.712165999909241876e+01 -1.608079790457701108e+01
-1.742652991414070129e+01 -1.723274292090000159e+01
-1.719422135750452796e+01 -1.450597953796386719e+01
-1.764241127173105994e+01 -1.648981365790734088e+01
-1.784664015968640527e+01 -1.683554571102827069e+01
-1.750177003939946374e+01 -1.664658333705021676e+01
-1.735619240999221802e+01 -1.692811577136700052e+01
-1.736144958933194360e+01 -1.685690916501558689e+01
-1.755474140246709069e+01 -1.684869854266827005e+01
-1.739449660976727685e+01 -1.539801817673903273e+01
-1.749590111275513848e+01 -1.578730238400972752e+01
-1.763884399831295013e+01 -1.725680639804937755e+01
-1.744671110312144080e+01 -1.558547372084397509e+01
-1.758962125579516211e+01 -1.698238230974246221e+01
-1.727980350951353827e+01 -1.666188675318008805e+01
-1.775430398186047753e+01 -1.666346537761199187e+01
-1.777500907083352288e+01 -1.578551311981983751e+01
-1.778936613102753839e+01 -1.713998278593405544e+01
-1.787328522404034814e+01 -1.679273519760523214e+01
-1.779463405907154083e+01 -1.660166992285312659e+01
-1.745751205086708069e+01 -1.695689575488750833e+01
-1.788511584202448645e+01 -1.588758647136199187e+01
-1.762539745867252350e+01 -1.670295844933925622e+01
-1.761364381512006005e+01 -1.734507636534862129e+01
-1.787025171021620551e+01 -1.730385596935565573e+01
-1.776840307315190515e+01 -1.639258017906775677e+01
-1.758398709694544593e+01 -1.678575146503937532e+01
-1.787176904082298279e+01 -1.714790246425530995e+01
-1.770379651089509210e+01 -1.728530984047131724e+01
-1.755793824791908264e+01 -1.659999461051745229e+01
-1.764468063910802087e+01 -1.746765447274232486e+01
-1.793476110200087348e+01 -1.732117271423339844e+01
-1.761429670949776849e+01 -1.720199665656456745e+01
-1.771311612923939904e+01 -1.652621227655655289e+01
-1.813323138654232025e+01 -1.699845245556953799e+01
-1.791531806190808496e+01 -1.739201482137044152e+01
-1.748717585206031799e+01 -1.429658038799579245e+01
-1.775829141835371772e+01 -1.734972909780649175e+01
-1.777672401567300042e+01 -1.671933479798145683e+01
-1.760212701559066772e+01 -1.616352174220941151e+01
-1.798198994994163513e+01 -1.612271125500018698e+01
-1.790402160584926605e+01 -1.672972148504012679e+01
-1.787411079804102698e+01 -1.718448812533647541e+01
-1.788651605447133264e+01 -1.734219868977864465e+01
-1.791014423469702521e+01 -1.556110954284667969e+01
-1.807395845154921332e+01 -1.688071422087840645e+01
-1.771547363201777259e+01 -1.638738666436611169e+01
-1.824969292183716973e+01 -1.681789473998241036e+01
-1.797528907656669617e+01 -1.736315560952211001e+01
-1.785747680068016052e+01 -1.630461822411952966e+01
-1.778588568667570868e+01 -1.706624515240008932e+01
-1.806110820670922479e+01 -1.653049740424523151e+01
-1.816801698009173194e+01 -1.701255627167530449e+01
-1.776733796795209130e+01 -1.742280001518053822e+01
-1.802252524594466010e+01 -1.725428246229122919e+01
-1.788629348079363623e+01 -1.741361253689496991e+01
-1.741421000659465790e+01 -1.647232539837176901e+01
-1.786419236163298407e+01 -1.707776563595502850e+01
-1.816985678176085273e+01 -1.764080913250262839e+01
-1.776133846739928046e+01 -1.712214394104786308e+01
-1.832594234744707862e+01 -1.731210432297144308e+01
-1.825854157904784003e+01 -1.647057022192539222e+01
-1.812772387762864312e+01 -1.757501360086294184e+01
-1.820160117745399475e+01 -1.625430202484130859e+01
-1.787350404262542725e+01 -1.443396000984387584e+01
-1.831745623548825463e+01 -1.765002213991605373e+01
-1.807275276879469672e+01 -1.716623582595433817e+01
-1.811891197164853295e+01 -1.770889820196689612e+01
-1.804419266680876532e+01 -1.753602213737292104e+01
-1.813316203157107154e+01 -1.733191436376327133e+01
-1.792892467975616455e+01 -1.685519174429086675e+01
-1.821310352285702905e+01 -1.748564861982296748e+01
-1.811618608236312866e+01 -1.655879289675981525e+01
-1.814910495281219482e+01 -1.748847697331355278e+01
-1.817646270493666449e+01 -1.734468689942971409e+01
-1.830137608945369720e+01 -1.764142207610301583e+01
-1.784893021484215936e+01 -1.656722411131247341e+01
-1.837579159438610077e+01 -1.752243191156631852e+01
-1.813762900729973992e+01 -1.740619192367945089e+01
-1.813316369056701660e+01 -1.671393443376589971e+01
-1.830357492963473121e+01 -1.601791232671493148e+01
-1.834972297648588935e+01 -1.762880048996363058e+01
-1.826928333441416541e+01 -1.580944618811974145e+01
-1.830866947273413459e+01 -1.717897427387726594e+01
-1.828211558361848077e+01 -1.728357121883294667e+01
-1.810433458785216132e+01 -1.772198124420948417e+01
-1.820857933163642883e+01 -1.764650931725135052e+01
-1.834181339045365533e+01 -1.707128595694517514e+01
-1.803137483696142951e+01 -1.722610498086000064e+01
-1.830230583747227868e+01 -1.744156888815073003e+01
-1.858968167006969452e+01 -1.768436436775403209e+01
-1.826744419833024224e+01 -1.666179155692076108e+01
-1.852334401011466980e+01 -1.773608048756917199e+01
-1.832197588682174683e+01 -1.741586570250682442e+01
-1.836604984601338586e+01 -1.735932646042261496e+01
-1.846125193436940393e+01 -1.731003223321376794e+01
-1.839647678534189978e+01 -1.755177451402713018e+01
-1.843113216261069098e+01 -1.570777658315805247e+01
-1.833268372714519501e+01 -1.754358956752679433e+01
-1.832133138179779053e+01 -1.711839668567364114e+01
-1.849475442369778833e+01 -1.758988867050562277e+01
-1.840857179959614953e+01 -1.764294264866755668e+01
-1.841779258350531379e+01 -1.653503200335380185e+01
-1.842399781942367554e+01 -1.686286569252992251e+01
-1.838254698117573938e+01 -1.657783596332256693e+01
-1.821876272062460700e+01 -1.751861330179067622e+01
-1.849297639230887214e+01 -1.737459977467854699e+01
-1.829385029772917548e+01 -1.642935858017359152e+01
-1.832523990174134454e+01 -1.742694319211519627e+01
-1.855227640271186829e+01 -1.667691913017859662e+01
-1.843429159124692163e+01 -1.757567784725091542e+01
-1.834142868220806122e+01 -1.757806606781788261e+01
-1.844883441925048828e+01 -1.773190760001158139e+01
-1.863463885088761529e+01 -1.706502667451516331e+01
-1.854446408152580261e+01 -1.752985621721316534e+01
-1.831256929536660394e+01 -1.725100813156519308e+01
-1.838176340361436090e+01 -1.796699034862029265e+01
-1.876444440583388129e+01 -1.804489857111221696e+01
-1.840298782785733422e+01 -1.704547454149295049e+01
-1.830027085542678833e+01 -1.772506992633526224e+01
-1.841810983419418335e+01 -1.691617144071138767e+01
-1.815396824479103088e+01 -1.732275659610063556e+01
-1.860038844247658929e+01 -1.642213977911533362e+01
-1.821405270695686340e+01 -1.740242332067245101e+01
-1.858606909215450287e+01 -1.611848833622076427e+01
-1.838500249882538995e+01 -1.739673546033028018e+01
-1.876708806057770929e+01 -1.753976359734168255e+01
-1.855271051327387610e+01 -1.586842911060039896e+01
-1.869390447437763214e+01 -1.762252511733617411e+01
-1.865385958552360535e+01 -1.788125913571088788e+01
-1.858652366697788239e+01 -1.740923314216809459e+01
-1.862064863741397858e+01 -1.722104676564534387e+01
-1.877747742831707001e+01 -1.690121768071101371e+01
-1.850544700523217401e+01 -1.719044954348833087e+01
-1.844154039522011956e+01 -1.720026664244823067e+01
-1.836864918967087945e+01 -1.558564880566719246e+01
-1.840013521413008490e+01 -1.776732581701034164e+01
-1.877121063073476037e+01 -1.759737435365334690e+01
-1.849255070586999139e+01 -1.757853911473200981e+01
-1.885693101088206092e+01 -1.807950102977263640e+01
-1.891723962128162384e+01 -1.763761398119804014e+01
-1.862228783468405524e+01 -1.802691599038930903e+01
-1.868062255283196649e+01 -1.567980644030448723e+01
-1.877461420496304711e+01 -1.747476768493652344e+01
-1.845733592907587806e+01 -1.637265227391169731e+01
-1.873264190057913581e+01 -1.726109908177302543e+01
-1.885026838382085046e+01 -1.791307813693315509e+01
-1.859917119642098626e+01 -1.667009312067276383e+01
-1.853244944413502893e+01 -1.776127208807529456e+01
-1.876632318894068518e+01 -1.595237208635379034e+01
-1.868107018371422967e+01 -1.760716668153420628e+01
-1.884562795857588569e+01 -1.691390355428059777e+01
-1.882466642558574677e+01 -1.767211579053829951e+01
-1.880293124417464057e+01 -1.581625618078769868e+01
-1.855567400157451630e+01 -1.602438689500857549e+01
-1.834279932578404626e+01 -1.739489401303804783e+01
-1.880481890340645990e+01 -1.571815713246663471e+01
-1.830890228350957116e+01 -1.734552730658115394e+01
-1.885049811005592346e+01 -1.783284434294089138e+01
-1.856425406038761139e+01 -1.663099198463635631e+01
-1.902323216199874878e+01 -1.757153352101643762e+01
-1.890332326789696893e+01 -1.802835728571965035e+01
-1.850361775358517846e+01 -1.765569779811761464e+01
-1.876887817184130469e+01 -1.684247293227758036e+01
-1.846826810638109961e+01 -1.697226969401041785e+01
-1.876537747681140900e+01 -1.731350764250143826e+01
-1.890888844927151879e+01 -1.712516774886693582e+01
-1.912253130475680152e+01 -1.804972651065924083e+01
-1.878635380665461341e+01 -1.744578033838516617e+01
-1.875385105113188544e+01 -1.779894784780649175e+01
-1.879632428785165033e+01 -1.810232514601487352e+01
-1.855469262103239814e+01 -1.708293660481770715e+01
-1.871663513282934943e+01 -1.789649843558287046e+01
-1.882466909289360046e+01 -1.798132069905598840e+01
-1.883293268581231317e+01 -1.630369528745993435e+01
-1.894735238949457923e+01 -1.721806196066049566e+01
-1.900113166371981421e+01 -1.635344192309257139e+01
-1.869058623909950256e+01 -1.628672284346360399e+01
-1.878105373680591583e+01 -1.733352604890481174e+01
-1.871619312961896142e+01 -1.731742636362711707e+01
-1.888238669435183326e+01 -1.701510368249355309e+01
-1.901237856348355493e+01 -1.771174064049353802e+01
-1.884706011911233148e+01 -1.802996679452749262e+01
-1.906017769873142242e+01 -1.709324450370592885e+01
-1.870397548874219140e+01 -1.602514332991379931e+01
-1.897006788353125373e+01 -1.770363208575126279e+01
-1.897235270341237268e+01 -1.788352866050524526e+01
-1.883463053901990136e+01 -1.746137489416660316e+01
-1.879782410462697229e+01 -1.802943911919226849e+01
-1.906671055157979211e+01 -1.546443076011462026e+01
-1.890923829376697540e+01 -1.779072695512038038e+01
-1.908797819415728370e+01 -1.628182005270933530e+01
-1.893343389034271240e+01 -1.744473577157044986e+01
-1.895387631654739380e+01 -1.734508673350016394e+01
-1.849706244965394220e+01 -1.767259213863275136e+01
-1.898057732979456702e+01 -1.813402068309294890e+01
-1.889921096463998040e+01 -1.799948902619190605e+01
-1.895665680865446845e+01 -1.757939773950821305e+01
-1.916474334398905555e+01 -1.672398867973914349e+01
-1.883496065934498986e+01 -1.741459435683030321e+01
-1.895866206785042962e+01 -1.654619979858398438e+01
-1.878586027026176453e+01 -1.761543855911646261e+01
-1.914612881342570105e+01 -1.753945873945187373e+01
-1.889255983134110650e+01 -1.783682016225961675e+01
-1.915612213810284814e+01 -1.634778289305858223e+01
-1.902606052656968316e+01 -1.712476405119284451e+01
-1.895833133161067963e+01 -1.804680936764448163e+01
-1.881203866004943848e+01 -1.747021829164945217e+01
-1.923490771651268005e+01 -1.734770598778357709e+01
-1.887524389723936835e+01 -1.795958553216396325e+01
-1.931402647495269775e+01 -1.810291192470452870e+01
-1.898322102924187860e+01 -1.774690160995874777e+01
-1.904911621908346930e+01 -1.774072204492031091e+01
-1.903488976756731788e+01 -1.794601420867137520e+01
-1.902835943301518640e+01 -1.803252951304117957e+01
-1.909276085098584375e+01 -1.806190647223056800e+01
-1.934068140884240350e+01 -1.796461702004457095e+01
-1.913307181497414788e+01 -1.759033286265837859e+01
-1.925266642371813575e+01 -1.702984616695306386e+01
-1.889443940420945367e+01 -1.669980271657307824e+01
-1.919712367157141486e+01 -1.757093383104373174e+01
-1.930075989663600922e+01 -1.740517337505633932e+01
-1.923209477464358130e+01 -1.796845044845189676e+01
-1.883700028558572015e+01 -1.757722842387664031e+01
-1.933113514383633813e+01 -1.746796177595089716e+01
-1.920535828669865808e+01 -1.729636972378461834e+01
-1.930912675460179528e+01 -1.819965130243545914e+01
-1.922701276342074195e+01 -1.728461881784292231e+01
-1.956189113855361938e+01 -1.750156989464392865e+01
-1.912794460356235504e+01 -1.742589238973764409e+01
-1.900792490442593774e+01 -1.766485197116167072e+01
-1.943329948186874390e+01 -1.794394018711187755e+01
-1.922853557765483856e+01 -1.705881197024614337e+01
-1.904535254339377204e+01 -1.753570123819204341e+01
-1.914115176598231116e+01 -1.767218518868470767e+01
-1.925455233951409539e+01 -1.799723855043069065e+01
-1.912028680741786957e+01 -1.719631185287084207e+01
-1.904933052261670312e+01 -1.673218599955241004e+01
-1.922207281986872474e+01 -1.760364627838134766e+01
-1.944202907383441925e+01 -1.798110888554499809e+01
-1.899090103308359900e+01 -1.824014015686817558e+01
-1.941924651463826379e+01 -1.700464593447171779e+01
-1.916140357653300086e+01 -1.689740092937762839e+01
-1.932008294264475623e+01 -1.745826933934138481e+01
-1.906215167045593262e+01 -1.789891702700883869e+01
-1.926086742679278174e+01 -1.806351678799360272e+01
-1.940644001960754395e+01 -1.824089314387394722e+01
-1.929191765685876092e+01 -1.800069204966227332e+01
-1.940239682793617249e+01 -1.636291105319292072e+01
-1.925506245096524438e+01 -1.792394444881341542e+01
-1.908787673711776733e+01 -1.719327464470496380e+01
-1.921607225636641303e+01 -1.736744714394593814e+01
-1.916958584388097009e+01 -1.801312581086770237e+01
-1.939519994457562646e+01 -1.770510380084698099e+01
-1.881722720464070520e+01 -1.812295043162810515e+01
-1.949010287721951684e+01 -1.803654426183456039e+01
-1.917112613717715064e+01 -1.678437240307147604e+01
-1.943675731122493744e+01 -1.781060123443603516e+01
-1.929980886975924292e+01 -1.804626912337083056e+01
-1.890980187555154046e+01 -1.673042478316869364e+01
-1.956343044340610504e+01 -1.774117435553134925e+01
-1.946095251540343085e+01 -1.831702824127979667e+01
-1.952304822703202447e+01 -1.726662792303623206e+01
-1.920176050563653192e+01 -1.820267180907420723e+01
-1.927538742621739587e+01 -1.718268489837646484e+01
-1.938767413298289100e+01 -1.798982771849020779e+01
-1.945920591553052148e+01 -1.560172056540464780e+01
-1.951197270552317420e+01 -1.790941825279822552e+01
-1.962061563134193420e+01 -1.788914577777569193e+01
-1.937634081641833106e+01 -1.681212525490002818e+01
-1.928296432892481604e+01 -1.789456237890781409e+01
-1.950337115923563758e+01 -1.746945486313257589e+01
-1.947157795230547706e+01 -1.826889864603678504e+01
-1.955412417153517524e+01 -1.705130391243176646e+01
-1.916551832358042518e+01 -1.619889667706612002e+01
-1.934918393194675446e+01 -1.602125908778263863e+01
-1.921057005723317346e+01 -1.814462216695149621e+01
-1.954437762498855591e+01 -1.781311521774683371e+01
-1.945180787642796716e+01 -1.778075682811248015e+01
-1.922976426780223846e+01 -1.774855180887075434e+01
-1.943110949297745904e+01 -1.847898808503762424e+01
-1.959447098771731177e+01 -1.816653117155417263e+01
-1.962597320477167884e+01 -1.813870385976938238e+01
-1.974972362319628516e+01 -1.785079953609368886e+01
-1.934936373929182807e+01 -1.806709962013440318e+01
-1.938423213859399041e+01 -1.694409284836206808e+01
-1.935280014574527740e+01 -1.796987582475711065e+01
-1.940968382855256280e+01 -1.781798514341696560e+01
-1.934201428294181824e+01 -1.619613102154854190e+01
-1.968739056587219238e+01 -1.746844255007230373e+01
-1.950678079823653022e+01 -1.783018858004838947e+01
-1.950589484969775000e+01 -1.771801603757418064e+01
-1.937984771529833594e+01 -1.832101819454095448e+01
-1.945292829473813256e+01 -1.776047750619741450e+01
-1.925611262520154199e+01 -1.787854155516012966e+01
-1.953331442674000940e+01 -1.719178652152037046e+01
-1.960992402335007867e+01 -1.822912597656250000e+01
-1.966618761916955194e+01 -1.772796136904985431e+01
-1.955970455209414283e+01 -1.777973551627917104e+01
-1.965028598407904425e+01 -1.817305586888240043e+01
-1.925499940911928931e+01 -1.725713174771039959e+01
-1.946387818455696106e+01 -1.750306080549191279e+01
-1.944064061840375146e+01 -1.805787306565504835e+01
-1.930220496157805243e+01 -1.767944612258519754e+01
-1.951294346650441369e+01 -1.691033128591684331e+01
-1.938581923643748084e+01 -1.762250440548627850e+01
-1.950922679901123047e+01 -1.809629185994466027e+01
-1.942657605806986609e+01 -1.774780109601143252e+01
-1.968368173638979712e+01 -1.735654517931815732e+01
-1.948144354422887048e+01 -1.743630362779666143e+01
-1.956552629669507226e+01 -1.813912672874254994e+01
-1.967374060551325599e+01 -1.706911382919702902e+01
-1.954851207137107849e+01 -1.825347809913830943e+01
-1.948122442762057105e+01 -1.810101132515149303e+01
-1.943149907886981964e+01 -1.787239999037522509e+01
-1.984953781962394714e+01 -1.789764418968787396e+01
-1.961539188027381897e+01 -1.765906959924942399e+01
-1.975729878743489465e+01 -1.794535744495880891e+01
-1.956340532501538476e+01 -1.788368083269168096e+01
-1.947036738197008887e+01 -1.742145249782464589e+01
-1.929911465942859650e+01 -1.803635719494942080e+01
-1.926874103645483771e+01 -1.712112707969469838e+01
-1.958120553195476532e+01 -1.756518009381416690e+01
-1.972117749849955359e+01 -1.793399333953857422e+01
-1.957860563198725501e+01 -1.793054888798640434e+01
-1.960086683432261268e+01 -1.721414837470421588e+01
-1.968127524852752686e+01 -1.650105752700414286e+01
-1.968279219667116919e+01 -1.781849015064728547e+01
-1.985708663860956946e+01 -1.789300788977207191e+01
-1.961194801330566406e+01 -1.752390196384527599e+01
-1.972582635283470154e+01 -1.769914492582663357e+01
-1.937574453155199805e+01 -1.784194868038862225e+01
-1.979678004980087280e+01 -1.831728363037109375e+01
-1.957719931503136834e+01 -1.778021528781988536e+01
-1.978749598066012183e+01 -1.705818750919439708e+01
-1.926902904609839240e+01 -1.836792926299266426e+01
-1.965918041268984595e+01 -1.834659767150878906e+01
-1.986516054471333703e+01 -1.824754015604655066e+01
-1.971107698976993561e+01 -1.801136437440530003e+01
-1.951299949487050256e+01 -1.813956329150077451e+01
-1.994291491309801856e+01 -1.819435349488869846e+01
-1.969763990739981452e+01 -1.807029486925173956e+01
-1.963159498572349548e+01 -1.719709440378042231e+01
-1.948827982445557794e+01 -1.792546027745956039e+01
-1.994606564442316810e+01 -1.599266318785838514e+01
-1.945918477574984351e+01 -1.816879194210737225e+01
-1.985177740454673767e+01 -1.724627795586219037e+01
-1.978248905638853827e+01 -1.714117333827874745e+01
-1.979494135081768036e+01 -1.804960761926113122e+01
-1.948481791714827338e+01 -1.758312599475567239e+01
-1.971475071708361426e+01 -1.810794001359206007e+01
-1.982181304196516791e+01 -1.811196422576904297e+01
-1.974669373532136163e+01 -1.842830264262664031e+01
-1.976815369725227356e+01 -1.731492617191412364e+01
-1.983130483826001367e+01 -1.784609882648174661e+01
-2.006591661771138391e+01 -1.767504914601643762e+01
-1.986288146177927771e+01 -1.633454718956580365e+01
-1.979013679424921790e+01 -1.665980715629381947e+01
-1.976051984230677405e+01 -1.765446836520463947e+01
-1.987905926505724707e+01 -1.786297020545372760e+01
-1.985244294007619104e+01 -1.761083827874599450e+01
-1.963626271486282349e+01 -1.830183730981288903e+01
-1.973411437372366706e+01 -1.787818109072171779e+01
-1.987391347686449805e+01 -1.841210062075883869e+01
-1.989029186964035034e+01 -1.797647955478765880e+01
-1.984419558445612708e+01 -1.769077533330672836e+01
-1.963432278235753259e+01 -1.698956188788780963e+01
-1.964761142432689667e+01 -1.821130075210179911e+01
-1.988592458764712134e+01 -1.837889519715920628e+01
-1.988216149806976318e+01 -1.829716968536376953e+01
-1.994578555723031243e+01 -1.835472882099640657e+01
-1.980171113212903222e+01 -1.811240086188683307e+01
-1.975803542633851251e+01 -1.765427117469983287e+01
-1.979450377821922302e+01 -1.788737424214680871e+01
-1.978168553113937378e+01 -1.731503562438182442e+01
-1.972744258244832238e+01 -1.675941995474008550e+01
-2.014179475108782569e+01 -1.775811779804718782e+01
-1.978425184885660926e+01 -1.762641635307898724e+01
-2.016040190060933313e+01 -1.764017863151354604e+01
-1.952625358104705811e+01 -1.753036078428610622e+01
-2.019249139229456702e+01 -1.788066475207989114e+01
-1.965332140525181970e+01 -1.759953268980368435e+01
-1.962844094137350837e+01 -1.802497355143229285e+01
-1.986355039477348328e+01 -1.856761795435196305e+01
-1.989711443583170691e+01 -1.805672860756898501e+01
-1.989959852397441864e+01 -1.836036528073824314e+01
-2.003538321952025214e+01 -1.837414922469701395e+01
-1.986386312047640601e+01 -1.800030708312988281e+01
-1.944355587164561072e+01 -1.858792620438795851e+01
-2.010783943533897400e+01 -1.730213348682110208e+01
-1.999829759200413903e+01 -1.840235240642840964e+01
-2.005011397103468695e+01 -1.770103337214543160e+01
-1.977247719963391503e+01 -1.802556727482722465e+01
-1.995149111747741699e+01 -1.731740418458596409e+01
-2.013583761453628540e+01 -1.850114299089480596e+01
-2.011808607975642005e+01 -1.848319136790740203e+01
-1.987668513258298120e+01 -1.670622984568278113e+01
-1.962748063604037085e+01 -1.825569135714799884e+01
-1.975294726590315619e+01 -1.838386112604385758e+01
-2.006909956534703454e+01 -1.820846943977551646e+01
-1.991149861613909522e+01 -1.809919105431972497e+01
-2.003277879953384399e+01 -1.753462678958208087e+01
-1.992229050397872925e+01 -1.791422787690774143e+01
-2.006565864880879602e+01 -1.791035101963923637e+01
-1.960490567485491553e+01 -1.726199983939146421e+01
-1.997949276367823401e+01 -1.825940613868909068e+01
-2.016830812891324243e+01 -1.814116380153558339e+01
-1.976186761260032654e+01 -1.803106122139172740e+01
-1.978202943007151404e+01 -1.813253891773712922e+01
-2.019075559079647064e+01 -1.634247728494497309e+01
-1.997867349286874017e+01 -1.733069654611440669e+01
-2.008978845675786218e+01 -1.826984530228834913e+01
-2.020471237103144446e+01 -1.814154343727307506e+01
-1.995448081692059716e+01 -1.691477890503712089e+01
-1.958576252559820929e+01 -1.815663481981326299e+01
-2.015704659620920935e+01 -1.773457825489533235e+01
-2.003851644198099891e+01 -1.800927895766038134e+01
-2.013766462604204932e+01 -1.813112478989821241e+01
-1.976223994294802466e+01 -1.841565601642315286e+01
-2.000358333190282067e+01 -1.802229233277149589e+01
-2.009426344434420386e+01 -1.805379757514366901e+01
-1.989501245816548547e+01 -1.782176110683343495e+01
-1.973077233632405481e+01 -1.683341615627973553e+01
-2.002374206980069360e+01 -1.811619853973388672e+01
-2.007424379388491431e+01 -1.752959662217360304e+01
-1.962488946815331659e+01 -1.829838317479842758e+01
-1.983714945614337921e+01 -1.767836543841239560e+01
-1.981462475160757819e+01 -1.831308296399238955e+01
-1.989722757538159570e+01 -1.817122187981238568e+01
-1.996622937917709351e+01 -1.830214111621563333e+01
-2.010500819484392920e+01 -1.722220425728039928e+01
-2.030044748385747155e+01 -1.845713676550449378e+01
-1.990358932316303253e+01 -1.576118337191068264e+01
-2.000742576022942742e+01 -1.839269855694893252e+01
-2.019439616799354553e+01 -1.701935606736403273e+01
-1.988530905048052588e+01 -1.799107634715544890e+01
-2.028940924008687219e+01 -1.800162850893460842e+01
-2.016607066988945007e+01 -1.771494197845458984e+01
-2.035266253352165222e+01 -1.808799188564985272e+01
-2.000999385615189752e+01 -1.712266899989201363e+01
-1.971621776620547095e+01 -1.870845931615584945e+01
-2.029168974359830102e+01 -1.834118089920435324e+01
-2.028121191263198853e+01 -1.823605148608868021e+01
-2.033160683512687683e+01 -1.845104924226418674e+01
-2.011980098485946655e+01 -1.834747825524745934e+01
-1.993909202019373694e+01 -1.717401328453650677e+01
-2.001170113186041633e+01 -1.840836275540865330e+01
-2.009665764371554175e+01 -1.825491078694661340e+01
-2.016653735438982764e+01 -1.821400965177095799e+01
-2.043267175555229187e+01 -1.794889914683806609e+01
-2.003059374292691430e+01 -1.825111579895019531e+01
-1.993895227710406104e+01 -1.837393164023374936e+01
-2.045154212911923608e+01 -1.787748625339605724e+01
-2.012554207444190979e+01 -1.784935369247045145e+01
-2.009675987064838409e+01 -1.769314572749993886e+01
-2.000239736835161963e+01 -1.637650096110808562e+01
-2.009668422738711158e+01 -1.826579587887495038e+01
-2.020500376820564270e+01 -1.857954264909793096e+01
-2.041331564386685571e+01 -1.809684279026129161e+01
-2.033783097068468848e+01 -1.754319347479404456e+01
-2.011219990750153741e+01 -1.801799289996807474e+01
-1.983681395153204718e+01 -1.814404688126001730e+01
-2.014746893445650855e+01 -1.776607083051632685e+01
-2.018917953968048096e+01 -1.834695493257962795e+01
-2.018312984208266059e+01 -1.758403406387720480e+01
-1.970189460615317145e+01 -1.768705143072666175e+01
-2.035313191016514978e+01 -1.821879205948267355e+01
-2.017331420381863794e+01 -1.804207921639466861e+01
-1.985770418743292609e+01 -1.701343008188100825e+01
-2.025153960287570953e+01 -1.826946982359274685e+01
-2.014073025186856469e+01 -1.783849107302152248e+01
-2.021441850066184998e+01 -1.835513361906393826e+01
-2.043540364503860474e+01 -1.782441819019806672e+01
-2.031726978222529212e+01 -1.698316794175368116e+01
-1.966308493415514747e+01 -1.825081500028952419e+01
-1.997583374877770623e+01 -1.718576886103703316e+01
-2.010012645522753516e+01 -1.808606421641814421e+01
-2.044430340329806128e+01 -1.846360108791253651e+01
-2.002277623116970062e+01 -1.774867906325902567e+01
-2.027556633949279785e+01 -1.779199443719326013e+01
-2.050435634454091272e+01 -1.783165821662316120e+01
-2.033084725340207299e+01 -1.802754974365234375e+01
-1.988981869816780090e+01 -1.830857357612023151e+01
-2.036876735091209412e+01 -1.832061092670147318e+01
-2.006076522668202600e+01 -1.838260645744128041e+01
-1.990852777659893036e+01 -1.841395221612392419e+01
-2.052284143368403235e+01 -1.798067246950589748e+01
-2.063818395137786865e+01 -1.823078568776448449e+01
-2.050202045838038245e+01 -1.789966644384922034e+01
-1.999487685163815698e+01 -1.769781477023393634e+01
-2.027289542555809021e+01 -1.819221562605637743e+01
-2.013141536712646484e+01 -1.845452264639047613e+01
-2.021619989474614343e+01 -1.845902917323968495e+01
-2.035528619090716163e+01 -1.814887863550430680e+01
-2.051875143249829492e+01 -1.821856640546749873e+01
-2.045017897089322290e+01 -1.786629517873128137e+01
-2.014623751242955407e+01 -1.732014086307623302e+01
-2.025132832924525061e+01 -1.761569553766495133e+01
-2.041825751463572303e+01 -1.783858776092529297e+01
-2.034941516319910804e+01 -1.781649193396935260e+01
-2.005423983931541443e+01 -1.708518972152318582e+01
-2.049775408705075463e+01 -1.826296349060840996e+01
-2.057663816213607788e+01 -1.790402581141545113e+01
-2.022881964842478553e+01 -1.830890340071458056e+01
-2.016946883996327600e+01 -1.830120414342635726e+01
-2.054520059625307837e+01 -1.837049207931909933e+01
-2.038147610425949097e+01 -1.802495161692301551e+01
-2.007009263336658478e+01 -1.788379823244535061e+01
-2.054987868666648865e+01 -1.839997995816744236e+01
-2.054194997747739038e+01 -1.777244648566612995e+01
-2.055505058169364929e+01 -1.764973708910819639e+01
-2.011716417968273163e+01 -1.821048448024652089e+01
-2.009249859551588813e+01 -1.808886772547012711e+01
-2.037622447808583459e+01 -1.727380581391163261e+01
-2.020167716344197473e+01 -1.806621253184783171e+01
-2.042861116925875464e+01 -1.815783146100166690e+01
-2.008773067593574524e+01 -1.843722795828794858e+01
-2.020665392279624939e+01 -1.828100343850942622e+01
-2.056089149912198266e+01 -1.759745847261869045e+01
-2.046869950493176660e+01 -1.803570038233047867e+01
-2.029074697693188867e+01 -1.540259368603046042e+01
-2.003355090816815576e+01 -1.752870916708921811e+01
-2.034895796577135840e+01 -1.819180055765005122e+01
-2.019049384196599206e+01 -1.845382597507574474e+01
-2.076065465807914734e+01 -1.806727541410005955e+01
-2.055476634701092919e+01 -1.745233455071082318e+01
-2.006013168394565582e+01 -1.822315120697021484e+01
-2.049756694833437720e+01 -1.864325968424479285e+01
-2.048466165860493859e+01 -1.795294717641977300e+01
-2.061548131704330444e+01 -1.822475095895620356e+01
-2.014284900824229041e+01 -1.823242576305682761e+01
-2.051273719469706336e+01 -1.825834350096873848e+01
-2.059421446919441223e+01 -1.803636643825433339e+01
-2.052153515815734863e+01 -1.727636826344025422e+01
-2.065889757871627808e+01 -1.819653090452536404e+01
-2.033016914129257202e+01 -1.843617620223607645e+01
-2.059042306741078576e+01 -1.784143912486540984e+01
-2.059383122126261512e+01 -1.799725329570281218e+01
-2.024600031971931458e+01 -1.827767606881948481e+01
-2.052947670221328735e+01 -1.836751979436629867e+01
-2.068782918651898584e+01 -1.812346306825295628e+01
-2.022669450938701630e+01 -1.808473518567207705e+01
-2.044396181901295861e+01 -1.807506412114852523e+01
-2.050488598148028174e+01 -1.765773672935290151e+01
-2.055801944931348046e+01 -1.809701445163824474e+01
-2.031764300664265832e+01 -1.829960783933981716e+01
-2.074509445826212684e+01 -1.817705279130202101e+01
-2.042255733907222748e+01 -1.835352746034280003e+01
-2.068902407089869300e+01 -1.801236453423133099e+01
-2.059968884785969934e+01 -1.832710461738782115e+01
-2.066702245672543725e+01 -1.838893464895395269e+01
-2.071008155743281165e+01 -1.818431639059996030e+01
-2.066298633813858032e+01 -1.709120875138502882e+01
-2.058928204576174537e+01 -1.812635720081818391e+01
-2.046831838289896766e+01 -1.809226757440811539e+01
-2.076211028297742089e+01 -1.612863665360670851e+01
-2.022687889138857642e+01 -1.814609258602827069e+01
-2.064446980754534522e+01 -1.815933579664963915e+01
-2.036695453524589539e+01 -1.786754566583877946e+01
-2.026452266176541528e+01 -1.687500782502003105e+01
-2.038852620124816895e+01 -1.836380767822265625e+01
-2.071797506014506141e+01 -1.826313446729611201e+01
-2.055302532513936242e+01 -1.820419575617863472e+01
-2.040163818995157996e+01 -1.762542565663655481e+01
-2.082944601774215698e+01 -1.787026375990647509e+01
-2.027468865116437158e+01 -1.805032911056127176e+01
-2.070636443297068396e+01 -1.799587472279866418e+01
-2.067155750592549524e+01 -1.843102171482183849e+01
-2.075168869396050653e+01 -1.747836372179862607e+01
-2.033552269140879432e+01 -1.778775853377122118e+01
-2.056992748379707336e+01 -1.657006681882418064e+01
-2.063213864962260047e+01 -1.833420220399514378e+01
-2.081526476144790649e+01 -1.822513514298659132e+01
-2.051997069517771521e+01 -1.806761301480806736e+01
-2.047224283715089044e+01 -1.778591146224584207e+01
-2.039803865551948547e+01 -1.851350529988606652e+01
-2.060299542049567023e+01 -1.804907713180933371e+01
-2.054566622773806372e+01 -1.799705131237323386e+01
-2.062495691577593604e+01 -1.836523295671511846e+01
-2.032931187748908997e+01 -1.742096243149195089e+01
-2.051650106906890869e+01 -1.829486917838072202e+01
-2.032489718993504724e+01 -1.735387447552803408e+01
-2.077107142408688745e+01 -1.821270326467660894e+01
-2.067909905314445496e+01 -1.774643604572002786e+01
-2.051869052151839057e+01 -1.799082352564884957e+01
-2.041729619105656823e+01 -1.819215256128555680e+01
-2.029945569237073144e+01 -1.795862219883845512e+01
-2.057102753718693933e+01 -1.687541230519612512e+01
-2.061707127590974054e+01 -1.816256146553235240e+01
-2.064916772147019586e+01 -1.831441131004920209e+01
-2.025750772158304969e+01 -1.793765344375218973e+01
-2.054355207085609436e+01 -1.832903096614739979e+01
-2.064572525024414062e+01 -1.843714195642715836e+01
-2.046836349368095398e+01 -1.786453445141131979e+01
-2.045433896780014038e+01 -1.774962540161915214e+01
-2.074617951114972314e+01 -1.787611555441831968e+01
-2.085135788718859473e+01 -1.696263239933894340e+01
-2.051331783334414283e+01 -1.728740393809783171e+01
-2.054412558674812317e+01 -1.823577240185860049e+01
-2.039958365758259973e+01 -1.781033347203181449e+01
-2.068072622021039209e+01 -1.775070427625607294e+01
-2.075288853049278259e+01 -1.782405650310027312e+01
-2.056415257851282874e+01 -1.843656500791891872e+01
-2.061674227317174157e+01 -1.809028050838372792e+01
-2.093115465839703759e+01 -1.737877801748422613e+01
-2.046209415296713630e+01 -1.789760680076403432e+01
-2.056967184940974036e+01 -1.817562157068497086e+01
-2.050985529025395593e+01 -1.835366860414162815e+01
-2.040109076102574548e+01 -1.813309207329383099e+01
-2.081053712964057922e+01 -1.804625073457375706e+01
-2.081112304329872131e+01 -1.783526978125939166e+01
-2.078792253136634827e+01 -1.714949884170140848e+01
-2.069173046946525574e+01 -1.722036386147523501e+01
-2.062301748991012573e+01 -1.832686243301782980e+01
-2.067736760775248328e+01 -1.767214647928873816e+01
-2.054639404018719873e+01 -1.770662972865960683e+01
-2.083755171298980713e+01 -1.760618385901818073e+01
-2.065938922762870789e+01 -1.837685609475160220e+01
-2.052571898202101508e+01 -1.811744719285231398e+01
-2.054703672726948938e+01 -1.804088406685071178e+01
-2.076779037714004517e+01 -1.845351402576153177e+01
-2.074829088648160180e+01 -1.821596536880884543e+01
-2.077236687143643579e+01 -1.861373182443471919e+01
-2.060967119534810266e+01 -1.807387811709672931e+01
-2.021614609162012854e+01 -1.805683769323886878e+01
-2.065555645028750220e+01 -1.736662382957262807e+01
-2.098754291733105859e+01 -1.815638864957369236e+01
-2.065665271381537238e+01 -1.828207363226474769e+01
-2.075355167190233985e+01 -1.502668334276248174e+01
-2.056169037024180213e+01 -1.795934921655899430e+01
-2.060763545334339142e+01 -1.767793983068221664e+01
-2.032459243138631066e+01 -1.770968936039851371e+01
-2.042911219100157538e+01 -1.746736937302809523e+01
-2.065905433893203735e+01 -1.827080171536176678e+01
-2.050012506047884742e+01 -1.758474856156569288e+01
-2.082484137018521508e+01 -1.762006952823736583e+01
-2.097551342844963074e+01 -1.818315166082137679e+01
-2.068837078412373742e+01 -1.791560613192044826e+01
-2.038592759768168250e+01 -1.850983512095915984e+01
-2.077795733014742652e+01 -1.846748890020908362e+01
-2.059279569983482361e+01 -1.841294310643122856e+01
-2.081625724832217017e+01 -1.754573540809827037e+01
-2.064740253984928131e+01 -1.824028090941600411e+01
-2.075521493951479712e+01 -1.677624956766764441e+01
-2.053677330414454261e+01 -1.772934175148988345e+01
-2.075521180033683777e+01 -1.794055300492506788e+01
-2.057007864117622375e+01 -1.790901607122176742e+01
-2.092365625997384271e+01 -1.835767995394193264e+01
-2.074686500430107117e+01 -1.731686386695275104e+01
-2.097359035412470618e+01 -1.813798948434682856e+01
-2.052397032578786096e+01 -1.807809746571076204e+01
-2.072419329484303674e+01 -1.775710873726086803e+01
-2.098837357759475708e+01 -1.863795045705942144e+01
-2.039953092237313470e+01 -1.800995970994998174e+01
-2.094531278808911523e+01 -1.810133618574876024e+01
-2.056547576685746392e+01 -1.799989944849258805e+01
-2.071753055850664893e+01 -1.825083673917330174e+01
-2.072444772720336914e+01 -1.752669368646083825e+01
-2.103641628225644311e+01 -1.790814605126013959e+01
-2.055413583914439002e+01 -1.817334165328588114e+01
-2.041797825694084167e+01 -1.634673033005152121e+01
-2.060399372378985206e+01 -1.848157804440229413e+01
-2.079199423392613610e+01 -1.810979693975204086e+01
-2.102290484309196472e+01 -1.726267310900565732e+01
-2.096580728888511658e+01 -1.838726298014323035e+01
-2.068342925111452857e+01 -1.815178663302690509e+01
-2.071985812981923303e+01 -1.800126183338654329e+01
-2.085711597402890405e+01 -1.818930782415927894e+01
-2.089262016614278039e+01 -1.778530634366548924e+01
-2.095949015021324158e+01 -1.783438802376771548e+01
-2.070468184351921082e+01 -1.833036571893936539e+01
-2.091050852338473121e+01 -1.860713672637939453e+01
-2.098940200606982032e+01 -1.799814040844256979e+01
-2.078403493762016296e+01 -1.767605258256961065e+01
-2.098862481117248535e+01 -1.812728001521183785e+01
-2.084639562169710914e+01 -1.788370186243301774e+01
-2.103905135393142700e+01 -1.760079924265543738e+01
-2.085145796338717261e+01 -1.764809104723807920e+01
-2.069724108775456628e+01 -1.797758307823767865e+01
-2.079541695117950439e+01 -1.760439884968293001e+01
-2.060415957371393958e+01 -1.775091075897216797e+01
-2.054046089450518409e+01 -1.820723814842028432e+01
-2.097084667285283288e+01 -1.833266786428598394e+01
-2.093909529844919959e+01 -1.808850420438326267e+01
-2.119780660669009009e+01 -1.657755839519011687e+01
-2.088094811638196191e+01 -1.825319705865322106e+01
-2.039844745397567749e+01 -1.831268320328150168e+01
-2.077707536021868506e+01 -1.754401062696408076e+01
-2.105070521434148034e+01 -1.775544963738857263e+01
-2.072954673568407813e+01 -1.775236635941725538e+01
-2.053008311986923218e+01 -1.730888273777105724e+01
-2.082570224006970605e+01 -1.833094181158603675e+01
-2.101427442828814307e+01 -1.852085336049397668e+01
-2.063682401180267334e+01 -1.802758549421261591e+01
-2.104936526219050208e+01 -1.789797078646146389e+01
-2.113324729601542273e+01 -1.813286607693403241e+01
-2.095434908072153846e+01 -1.750117206573486328e+01
-2.089874027172724524e+01 -1.760561891702505122e+01
-2.099807855486869812e+01 -1.725051669585399239e+01
-2.059288414319356164e+01 -1.798907077006804656e+01
-2.073710575699806213e+01 -1.824211494739239114e+01
-2.086952947576840600e+01 -1.754822251735589589e+01
-2.086983641982078552e+01 -1.776165524507180393e+01
-2.089987899859746179e+01 -1.823416917751996991e+01
-2.103142408529917518e+01 -1.809409845792330174e+01
-2.090542794267336646e+01 -1.828398802341558849e+01
-2.094980434576670447e+01 -1.829686228434244910e+01
-2.121055680513381958e+01 -1.810678526071401606e+01
-2.083264485994974891e+01 -1.761193515092898565e+01
-2.081241460641225061e+01 -1.815548466413449091e+01
-2.099017807841300964e+01 -1.831927453554593654e+01
-2.095574662089347839e+01 -1.785061078193860240e+01
-2.103720638155937195e+01 -1.795876336709046939e+01
-2.100080136458079139e+01 -1.759463439843593591e+01
-2.061298007269700250e+01 -1.773513896648700339e+01
-2.095866080125172815e+01 -1.749046954130514919e+01
-2.102224199970563134e+01 -1.810650632320306386e+01
-2.081603024403254310e+01 -1.855406223199306481e+01
-2.092298249403635779e+01 -1.802401774968856429e+01
-2.072746717929840088e+01 -1.827256870269775391e+01
-2.120563042163848877e+01 -1.833897047776442335e+01
-2.129229361812273780e+01 -1.845120219695262520e+01
-2.098161516586939612e+01 -1.720083415202605437e+01
-2.095060954491297522e+01 -1.756982275155874262e+01
-2.096426154176394263e+01 -1.822767125643216701e+01
-2.075584681828816613e+01 -1.658464245918469615e+01
-2.058657930294672767e+01 -1.835146899101061635e+01
-2.091186225414276123e+01 -1.772268204811291881e+01
-2.082358209292094031e+01 -1.818280259156838596e+01
-2.087021306157112122e+01 -1.801655581058599864e+01
-2.101264552275339881e+01 -1.754773083711281956e+01
-2.081022130449612817e+01 -1.763596471150716027e+01
-2.071521709362665931e+01 -1.786596506069868084e+01
-2.119657785693804541e+01 -1.810790773538442622e+01
-2.106889871756235877e+01 -1.771156311035156250e+01
-2.081405478715896606e+01 -1.800512443444667809e+01
-2.109932348132133484e+01 -1.832856329893454372e+01
-2.118516648809115210e+01 -1.778483209854517355e+01
-2.106085635224978247e+01 -1.787492111401680361e+01
-2.107378239432970801e+01 -1.796504805638240043e+01
-2.048071236411730567e+01 -1.785538389743902599e+01
-2.089931687712669373e+01 -1.790261584061842726e+01
-2.096842388312022010e+01 -1.843252226022573481e+01
-2.110261756181716919e+01 -1.835492092523819352e+01
-2.123555254936218262e+01 -1.808736197153727332e+01
-2.096861709157625953e+01 -1.733000346941825498e+01
-2.114432571331660071e+01 -1.824377382718599705e+01
-2.087134537100791931e+01 -1.835093287932567208e+01
-2.122770383954048157e+01 -1.697977973253298956e+01
-2.097093788782755652e+01 -1.814597137157733542e+01
-2.106327884395917138e+01 -1.814759599245511623e+01
-2.105207474033037940e+01 -1.835632739922939294e+01
-2.104980045557022095e+01 -1.841770384861872856e+01
-2.108302523692448815e+01 -1.753141503456311412e+01
-2.111592461665471276e+01 -1.804903147770808403e+01
-2.072784164547920227e+01 -1.717508563017233669e+01
-2.105894284447034082e+01 -1.779679723886343012e+01
-2.076883100469907006e+01 -1.774264389429336930e+01
-2.062235393126805505e+01 -1.831149277320275104e+01
-2.096703894933064660e+01 -1.823975665752704245e+01
-2.063607418537139893e+01 -1.775234623444385917e+01
-2.115252338846524438e+01 -1.828190568777231206e+01
-2.117846411466598511e+01 -1.759378582391983414e+01
-2.083614890774090966e+01 -1.733343877547826395e+01
-2.096569404999415198e+01 -1.756880838443071369e+01
-2.119692582885424414e+01 -1.806024791032839971e+01
-2.100178469220797339e+01 -1.835909946148212057e+01
-2.104078784584999084e+01 -1.846121920072115330e+01
-2.126446719964345178e+01 -1.818314723479442208e+01
-2.119951506455739221e+01 -1.780151259593474578e+01
-2.119967518250147620e+01 -1.781106630961100379e+01
-2.097563278675079346e+01 -1.835345566578400422e+01
-2.088325851162274560e+01 -1.712629567659818264e+01
-2.082157577077547828e+01 -1.759951148889003747e+01
-2.069452140728632727e+01 -1.778154532114664832e+01
-2.114906400442123413e+01 -1.658349367288442622e+01
-2.111134908596674720e+01 -1.811348844185853579e+01
-2.112279598911603173e+01 -1.830392072139642323e+01
-2.125181201100349426e+01 -1.803927181928585810e+01
-2.104907887180646142e+01 -1.826142372229160316e+01
-2.094742413361867150e+01 -1.788137267186091606e+01
-2.053226889173189917e+01 -1.797724961011837763e+01
-2.124825560053189477e+01 -1.784530282631898501e+01
-2.125600801904996118e+01 -1.808188125414725889e+01
-2.115916708111763000e+01 -1.820934613545735559e+01
-2.118426396449406823e+01 -1.689694341023762902e+01
-2.110401380062103271e+01 -1.794512225420047002e+01
-2.129998552799224854e+01 -1.792523420774019627e+01
-2.097598461310068885e+01 -1.726813920338948449e+01
-2.056587082147598267e+01 -1.725744002904647445e+01
-2.115549443165461341e+01 -1.847052319844563684e+01
-2.112101153532664100e+01 -1.715636165325458151e+01
-2.125698901216189185e+01 -1.765998145861503232e+01
-2.113467148939768592e+01 -1.759313492897229381e+01
-2.117118859291076660e+01 -1.735245037078857422e+01
-2.116326226790745935e+01 -1.824758143302721791e+01
-2.097693503896395484e+01 -1.729492923540946592e+01
-2.125903008381525794e+01 -1.841960743146065127e+01
-2.093544883529345313e+01 -1.680224553132668674e+01
-2.121657440066337585e+01 -1.830127200102194607e+01
-2.129320733745892724e+01 -1.740694950788449091e+01
-2.143101198474566260e+01 -1.768888485737335969e+01
-2.114278641343116760e+01 -1.833411776713835906e+01
-2.110507731636365136e+01 -1.738734343113043224e+01
-2.103999611735343933e+01 -1.707256221771240234e+01
-2.131699359416961670e+01 -1.821842039548433689e+01
-2.130085570613543311e+01 -1.838015275123791881e+01
-2.138191324472427368e+01 -1.850715319315592566e+01
-2.093062816063563147e+01 -1.816389641394982135e+01
-2.119672784209251404e+01 -1.813505258315648661e+01
-2.131123835841814795e+01 -1.706962722387069320e+01
-2.120556250214576721e+01 -1.854601400326459881e+01
-2.099761255582173547e+01 -1.714352206694774239e+01
-2.105194106698036194e+01 -1.819915470710167682e+01
-2.118919263283411780e+01 -1.788558272826366036e+01
-2.123832577466964722e+01 -1.799504571083264537e+01
-2.108295051256815711e+01 -1.819656579922407147e+01
-2.149254037936528405e+01 -1.775564465155968463e+01
-2.118564794460932532e+01 -1.646347305102225889e+01
-2.141125572721163550e+01 -1.793681834294245903e+01
-2.071310095985730371e+01 -1.802672838553404233e+01
-2.123882376154263696e+01 -1.799078934009258646e+01
-2.111538019776344299e+01 -1.784484599186824028e+01
-2.131282755732536316e+01 -1.822026137816600411e+01
-2.109063423673311988e+01 -1.749547726068741227e+01
-2.132732971509297570e+01 -1.825986964886005026e+01
-2.115846312046051025e+01 -1.826053078969319543e+01
-2.145437715450922767e+01 -1.862437302026993180e+01
-2.078579541047414025e+01 -1.834414951617901224e+01
-2.129443142811457435e+01 -1.759924529148982231e+01
-2.124613218506177148e+01 -1.806604901338235081e+01
-2.137928593158721924e+01 -1.794289701412885663e+01
-2.110668941338856897e+01 -1.824845284682053759e+01
-2.145328456163406372e+01 -1.771847001100197971e+01
-2.129297194878260413e+01 -1.819976205092210009e+01
-2.130589190125465393e+01 -1.841642629183255764e+01
-2.127889392773310462e+01 -1.771856513390174115e+01
-2.119721345106760779e+01 -1.774693496410663229e+01
-2.083216411868731299e+01 -1.781003912901266872e+01
-2.106234339872996131e+01 -1.792037090888390338e+01
-2.110021607081095496e+01 -1.818591413742456808e+01
-2.082033989826838294e+01 -1.769458289024157338e+01
-2.148443359136581421e+01 -1.804079405466715613e+01
-2.102184544006983558e+01 -1.800972962990785220e+01
-2.110939801732699195e+01 -1.836496810424022286e+01
-2.135604412357012549e+01 -1.834745116111559682e+01
-2.138414734601974487e+01 -1.732927180559207159e+01
-2.143585051099459449e+01 -1.807600366152249904e+01
-2.139747256040573120e+01 -1.827458948966784291e+01
-2.138149465123812476e+01 -1.785776465978377914e+01
-2.125678291916847229e+01 -1.795150771507849896e+01
-2.138432997465133667e+01 -1.784350111545660411e+01
-2.146049071351687232e+01 -1.792044781415890498e+01
-2.108011320233345032e+01 -1.810289402497120292e+01
-2.141473794976870337e+01 -1.637990369552220926e+01
-2.136093709866205970e+01 -1.807469475574982454e+01
-2.130529915293057641e+01 -1.792109257135635758e+01
-2.112279284000396729e+01 -1.694774495638333889e+01
-2.143229325612385949e+01 -1.828139906663161085e+01
-2.127957644065221032e+01 -1.796119851332444384e+01
-2.134824671347935876e+01 -1.784181374769944384e+01
-2.132519903779029846e+01 -1.786512695214687341e+01
-2.128990563750267029e+01 -1.832148329416910926e+01
-2.130376332998275757e+01 -1.816188012636624904e+01
-2.140728961428006372e+01 -1.768267453022492219e+01
-2.116891803344090661e+01 -1.708556737655248270e+01
-2.094119408726692200e+01 -1.747546677711682506e+01
-2.119978300730387488e+01 -1.783635371770614242e+01
-2.161188199122746667e+01 -1.780366357167561731e+01
-2.111821360389391700e+01 -1.746429059444329823e+01
-2.149949926137924194e+01 -1.775388526916503906e+01
-2.134990065296490869e+01 -1.816905390910613249e+01
-2.129446171720822534e+01 -1.778216384007380668e+01
-2.119628986716270447e+01 -1.695954545338948449e+01
-2.096668033798535546e+01 -1.715049765660212699e+01
-2.107225000858306885e+01 -1.821235715425931545e+01
-2.155414793888727942e+01 -1.813128461593236551e+01
-2.129110478361447534e+01 -1.817647141676682665e+01
-2.158632963895797729e+01 -1.800495213728684618e+01
-2.123660704493522644e+01 -1.804173584473438652e+01
-2.144010039170582971e+01 -1.795971956008519754e+01
-2.128795380393664161e+01 -1.774796762221898661e+01
-2.149114056428273400e+01 -1.830294489249205014e+01
-2.155071128408114234e+01 -1.807196758954952998e+01
-2.096937801440556726e+01 -1.794888723813570408e+01
-2.120725940664609155e+01 -1.781072303576346982e+01
-2.104951658844947815e+01 -1.701363399701240908e+01
-2.139977158109347144e+01 -1.801673500354473489e+01
-2.152789558966954431e+01 -1.807598651983798987e+01
-2.081481688221295556e+01 -1.756481931148431386e+01
-2.122770109772682190e+01 -1.820907695476825339e+01
-2.142350265383720398e+01 -1.794181933769812787e+01
-2.127794184287389001e+01 -1.807872549692789832e+01
-2.127323935429255286e+01 -1.809913872449826044e+01
-2.138615973790486535e+01 -1.804652101565629962e+01
-2.144372489054997644e+01 -1.852641242589706039e+01
-2.121193414926528931e+01 -1.808189081534361264e+01
-2.120898941655953607e+01 -1.825676128191825498e+01
-2.169640023509661475e+01 -1.772240783006716924e+01
-2.158225979407628259e+01 -1.820847804729755026e+01
-2.122905234495798865e+01 -1.784579100975623334e+01
-2.106125691533088684e+01 -1.821497763120211033e+01
-2.138456158836682519e+01 -1.828156150915683753e+01
-2.130867153902848443e+01 -1.795155170636299502e+01
-2.140032540758450708e+01 -1.733685860267052448e+01
-2.172155919671058655e+01 -1.773058632092598330e+01
-2.144370053211848060e+01 -1.803355432168031314e+01
-2.148357748985290527e+01 -1.760657405853271484e+01
-2.108410598834355554e+01 -1.820010006733429719e+01
-2.126059090097745141e+01 -1.842475477854410926e+01
-2.131707010666529456e+01 -1.804177257342216123e+01
-2.159925022721290588e+01 -1.752890625978127659e+01
-2.160866567492485046e+01 -1.793412335713704309e+01
-2.156472747524579248e+01 -1.790682203341753009e+01
-2.124214566747347632e+01 -1.703397931808080301e+01
-2.161083958546320716e+01 -1.791373267540564740e+01
-2.164126037557919702e+01 -1.801943813226161950e+01
-2.149371108909447869e+01 -1.738021811460837185e+01
-2.114891080061594764e+01 -1.796384645119691470e+01
-2.145073330402374268e+01 -1.826424926366561508e+01
-2.131152442097663879e+01 -1.699070805769700243e+01
-2.157446296016375342e+01 -1.816882392687675107e+01
-2.156213910380999366e+01 -1.717276744353465645e+01
-2.125547670324643335e+01 -1.790927204718956745e+01
-2.134310799837112427e+01 -1.766551827161740107e+01
-2.174751294652621070e+01 -1.771666067074506756e+01
-2.135712175567944726e+01 -1.759507203713441470e+01
-2.137869811058044434e+01 -1.802864840091802989e+01
-2.171048174301783362e+01 -1.719862294808412173e+01
-2.131174583236376563e+01 -1.818656041071965035e+01
-2.143155916531880578e+01 -1.772229722829965581e+01
-2.116947287321090698e+01 -1.766661859169984439e+01
-2.172527045011520386e+01 -1.638674520834898374e+01
-2.110187516609827796e+01 -1.804556809938870998e+01
-2.138122582435607910e+01 -1.787416326082669826e+01
-2.118166896700859070e+01 -1.777073468917455301e+01
-2.144556097189585486e+01 -1.814170482831123721e+01
-2.165562817454338074e+01 -1.784887695312500000e+01
-2.142477471629778663e+01 -1.776933498871632011e+01
-2.119305957357088843e+01 -1.773354337154290761e+01
-2.108229446907838067e+01 -1.788159446227244942e+01
-2.136091170708338538e+01 -1.732832580957657242e+01
