# Train Val
-9.765096358334025339e+00 -1.140736344572785654e+01
-1.140563902010520358e+01 -1.129647465495320091e+01
-1.147166622678438763e+01 -1.154695289165942640e+01
-1.162962624182303806e+01 -1.150725850191983390e+01
-1.300852906703948975e+01 -1.453140672460778937e+01
-1.589297126978635788e+01 -1.865023936234511481e+01
-1.779147690782944480e+01 -1.896455599425674876e+01
-1.874877126018206397e+01 -1.967916476881349297e+01
-1.930333957572777948e+01 -1.749667640165849036e+01
-1.961976779252290726e+01 -2.040947755590661927e+01
-1.981351297845442971e+01 -1.969763089464856520e+01
-2.047320277243852615e+01 -2.113244512483671045e+01
-2.025596611946821213e+01 -2.035004833766392451e+01
-2.008994968980550766e+01 -2.000543146009568929e+01
-2.050796021769444266e+01 -2.070064939771379642e+01
-2.085945054392020026e+01 -1.901446543111429577e+01
-2.071789284547169885e+01 -2.084635634236521540e+01
-2.079346384356419364e+01 -1.886086673241156930e+01
-2.100032670547564706e+01 -2.114459798243138522e+01
-2.118698480476935586e+01 -2.037605864041811543e+01
-2.130172120779752731e+01 -2.140509820913339567e+01
-2.114385359485943994e+01 -2.126466234628256302e+01
-2.126000426461299142e+01 -2.079382647477187263e+01
-2.139000525822241983e+01 -2.032259408529702682e+01
-2.154267680148283759e+01 -2.227290725088738910e+01
-2.155904745558897773e+01 -2.192876068957440339e+01
-2.141004631916682044e+01 -2.113423653392048607e+01
-2.149979204436143121e+01 -2.228916861794211712e+01
-2.161141302188237390e+01 -2.186448164110059977e+01
-2.196673503021399299e+01 -2.166471211321942292e+01
-2.154687926918268204e+01 -1.994926969107095260e+01
-2.143606053044398507e+01 -2.107300267900739499e+01
-2.156382326036691666e+01 -1.832669686651849261e+01
-2.175288166602452478e+01 -2.177682564475319538e+01
-2.183638793230056763e+01 -2.207051401207973385e+01
-2.160132861882448196e+01 -2.156288185522153711e+01
-2.201646444201469421e+01 -2.181273536248640710e+01
-2.213658687720696250e+01 -2.096955641523584291e+01
-2.194095434745152673e+01 -2.131813196702437097e+01
-2.155970691889524460e+01 -2.217210102081298828e+01
-2.219699493050575256e+01 -2.076758168270061589e+01
-2.219295881688594818e+01 -2.265428419237013102e+01
-2.234470444420973578e+01 -2.214016270327877578e+01
-2.197910751402378082e+01 -2.054748093927061348e+01
-2.232584549734989920e+01 -2.261120951020872383e+01
-2.216198992729187012e+01 -2.216544029929421100e+01
-2.209481056034564972e+01 -2.247959711025287532e+01
-2.237020623683929443e+01 -2.298047722160042028e+01
-2.255348995327949524e+01 -2.024719269863970794e+01
-2.219917064408461371e+01 -2.246052754389775430e+01
-2.252882445355256280e+01 -2.172859535588846569e+01
-2.229583678394556046e+01 -2.199463863806290931e+01
-2.263030281166235724e+01 -2.281527679616754867e+01
-2.233602320651213446e+01 -2.225540763681584977e+01
-2.271921399235725403e+01 -2.094181990933108750e+01
-2.256535478432973107e+01 -2.144696685246058721e+01
-2.282489126920700073e+01 -2.180666094940978184e+01
-2.254325361549854279e+01 -2.277838295267580548e+01
-2.268494632343451300e+01 -2.215514602908840303e+01
-2.293314289053281030e+01 -2.162957813832667142e+01
-2.262142733732859412e+01 -2.253333384030825215e+01
-2.294146083046992501e+01 -2.199877954458261442e+01
-2.284318127234776696e+01 -2.218852538567084665e+01
-2.276372448603312293e+01 -2.241329314491965619e+01
-2.308204752455155173e+01 -1.967638138362339717e+01
-2.278443249563376227e+01 -2.103898701729712428e+01
-2.284536635378996650e+01 -2.239097409434132757e+01
-2.274751103172699729e+01 -2.291409803365732145e+01
-2.287022740145524224e+01 -2.267339324951171875e+01
-2.302077862620353699e+01 -2.219822634659804450e+01
-2.321181983252366265e+01 -1.976699355980018424e+01
-2.305397047102451324e+01 -2.291392304061294993e+01
-2.340691700081030646e+01 -2.230178804521436930e+01
-2.325758635501066962e+01 -2.396918960670372201e+01
-2.318454370399316034e+01 -2.081531797136579343e+01
-2.319245425363381585e+01 -2.014271827796837044e+01
-2.318358005583286285e+01 -2.312829768193232383e+01
-2.298940270145734033e+01 -2.363981222177480745e+01
-2.341515696545441827e+01 -2.298178104301551627e+01
-2.323907124996185303e+01 -1.990528281323321380e+01
-2.336727677782376489e+01 -2.260284754517790518e+01
-2.327460996806621552e+01 -2.109327770827652415e+01
-2.319114570071299752e+01 -2.161200534523307581e+01
-2.348059016962846002e+01 -2.316787486881404590e+01
-2.300320014605919638e+01 -2.244806683527959024e+01
-2.358230432868003845e+01 -2.115972521397974759e+01
-2.339257108171780786e+01 -2.078850356015292178e+01
-2.369190561523040017e+01 -2.353474385088140153e+01
-2.334139895439147949e+01 -1.932463518365636901e+01
-2.359808628261089325e+01 -2.367950464378703757e+01
-2.346903581172227859e+01 -2.202259719526612969e+01
-2.370037041604518890e+01 -2.367513616982992630e+01
-2.358154410620530328e+01 -2.151043699933336839e+01
-2.361278617878754815e+01 -2.300205309514875651e+01
-2.365349494417508325e+01 -2.380919694281243792e+01
-2.348462365070978919e+01 -2.208241894957307139e+01
-2.350141582886378089e+01 -2.351260274416440410e+01
-2.375892820457617560e+01 -2.228978555852716781e+01
-2.385030709703763208e+01 -2.342521382616711989e+01
-2.386637697120507440e+01 -2.295210791253424176e+01
-2.366080512603123864e+01 -2.217479573906242152e+01
-2.384323406219482422e+01 -2.412738388854187832e+01
-2.368998714039723197e+01 -2.378453804610611400e+01
-2.390623051921526709e+01 -2.349280208736271192e+01
-2.361177788178126136e+01 -2.423947577043013268e+01
-2.373472559452056885e+01 -2.366535782504391250e+01
-2.402598193784554681e+01 -2.378663799979469928e+01
-2.385599402586619178e+01 -2.254044790391798259e+01
-2.395628068099419394e+01 -2.291983128832532302e+01
-2.411804075539112091e+01 -2.403280800658387051e+01
-2.382077487309773645e+01 -2.384855396716625719e+01
-2.390085980792840203e+01 -2.386300381127890091e+01
-2.433033983409404755e+01 -2.389269363106071253e+01
-2.366244452695051947e+01 -2.319475679273729085e+01
-2.421185391644636908e+01 -2.136808417679427663e+01
-2.416100366910298547e+01 -2.280512441907610111e+01
-2.397385409971078118e+01 -2.324693198018259821e+01
-2.412139836450417718e+01 -2.438672197019899102e+01
-2.398698670665423194e+01 -2.257629828638844671e+01
-2.395878453552722931e+01 -2.304648924493170270e+01
-2.434477576116720954e+01 -2.255278213302810641e+01
-2.444175704816977301e+01 -2.418057246022410212e+01
-2.427190948029359063e+01 -2.378907066196590137e+01
-2.407482166588306427e+01 -2.288476257819634085e+01
-2.423446959753831109e+01 -2.228209703618830062e+01
-2.421000368396441260e+01 -2.368298731221781139e+01
-2.428385341664155206e+01 -2.160348121841232327e+01
-2.446906620760758599e+01 -2.362196483859768037e+01
-2.425444226463635644e+01 -2.373506759049056569e+01
-2.444467008610566339e+01 -2.429059427434748031e+01
-2.449245225389798364e+01 -2.406111359286617812e+01
-2.422921598951021949e+01 -2.392680834485338792e+01
-2.457087933272123337e+01 -2.424663058194247256e+01
-2.431331458687782288e+01 -2.277074000123259268e+01
-2.436916958043972770e+01 -2.346588943530986882e+01
-2.441963691016038140e+01 -2.437077722920999889e+01
-2.434980244934558868e+01 -2.288983773565911761e+01
-2.449953267971674720e+01 -2.338061146921925726e+01
-2.458919822176297387e+01 -2.364648773143817806e+01
-2.458883774280548096e+01 -2.287636754419896334e+01
-2.456089751919110498e+01 -2.428961426871163454e+01
-2.455581121891736984e+01 -2.420333475880808649e+01
-2.460430530458688736e+01 -2.339376912798200436e+01
-2.437073358645041665e+01 -2.397603348942546120e+01
-2.452038275202115258e+01 -2.285592106410435420e+01
-2.460846051573753357e+01 -2.274012821990174160e+01
-2.470611945788065711e+01 -2.433522410826249427e+01
-2.499665328363577643e+01 -2.401831670240922278e+01
-2.461221208175023278e+01 -2.338180826855944261e+01
-2.461798106133937836e+01 -2.234257369846492480e+01
-2.485555296142895898e+01 -2.419606440407889281e+01
-2.468998967111110687e+01 -2.316111284726625996e+01
-2.480841272075970849e+01 -2.305574362618582640e+01
-2.467528664072354516e+01 -2.303957333502831517e+01
-2.482809348901112756e+01 -2.406441024681190299e+01
-2.481736956040064612e+01 -2.448874593090701524e+01
-2.466158229609330377e+01 -2.429490599694189967e+01
-2.485319087902704993e+01 -2.255556686203201266e+01
-2.482883954048156738e+01 -2.372615759713309203e+01
-2.448355202873547753e+01 -2.324527243824748268e+01
-2.502457952499389648e+01 -2.260910021794306601e+01
-2.476500212152798852e+01 -2.290084121753643132e+01
-2.472258848945299903e+01 -2.402893293058717461e+01
-2.483621267974376678e+01 -2.446933174133300781e+01
-2.510765593250592431e+01 -2.332271142439408607e+01
-2.494234398007392883e+01 -2.468746371083445368e+01
-2.494803132613499841e+01 -2.395695094319133034e+01
-2.499265366295973578e+01 -2.361626159370719691e+01
-2.473021905124187469e+01 -2.416867986902013854e+01
-2.487391990423202515e+01 -2.375634290026379958e+01
-2.471355100472768029e+01 -2.469846192892495651e+01
-2.498983902235825738e+01 -2.360481678355823831e+01
-2.488750081012646476e+01 -2.084159089373303786e+01
-2.456915988028049469e+01 -2.425955096158114443e+01
-2.496445400019486627e+01 -2.410875077681107825e+01
-2.524023775756359100e+01 -2.401079854098233213e+01
-2.514338290691375732e+01 -2.365296903833166198e+01
-2.510997115572293481e+01 -2.470546714980880765e+01
-2.500812281916538993e+01 -2.462402695494812832e+01
-2.496389866371949395e+01 -2.395244738343474111e+01
-2.499697927137215814e+01 -2.281320698230297594e+01
-2.524958288669586182e+01 -2.498818412384429521e+01
-2.494975775480270386e+01 -2.480963162013462764e+01
-2.478410315513610840e+01 -2.513586034403218861e+01
-2.497851721942424774e+01 -2.395875488628040628e+01
-2.500499072670936584e+01 -2.432033286156592311e+01
-2.515178669492403785e+01 -2.318437417761072084e+01
-2.540921829640865326e+01 -2.420148133612298480e+01
-2.537192634741465369e+01 -2.276037340040330648e+01
-2.551033914089202881e+01 -2.462347725459507686e+01
-2.485466899971167365e+01 -2.268811178826666364e+01
-2.522460207343101501e+01 -2.380963682199453402e+01
-2.527876286208629608e+01 -2.527171053205217532e+01
-2.542163868248462677e+01 -2.453310986308308372e+01
-2.500395044187704841e+01 -2.386575012702446585e+01
-2.521433847149213037e+01 -2.406315114900663232e+01
-2.554466193914413452e+01 -2.279479180373154534e+01
-2.523548411329587182e+01 -2.377207585124226341e+01
-2.547083330154418945e+01 -2.402914455958775264e+01
-2.534127457439899445e+01 -2.474249354275790225e+01
-2.539244748651981354e+01 -2.427096911839076299e+01
-2.554471589128176490e+01 -2.401953590690315465e+01
-2.498249464730421820e+01 -2.227597075623351230e+01
-2.544329731663068017e+01 -2.378945229270241413e+01
-2.528472020228703698e+01 -2.443650890944839915e+01
-2.549183804293473443e+01 -2.424136617586210107e+01
-2.544075992206732550e+01 -2.418574907872584134e+01
-2.548494149247805396e+01 -2.218271241869245358e+01
-2.519039942820866784e+01 -2.546018957162832308e+01
-2.548516844213008881e+01 -2.502786223919360609e+01
-2.532338627676169196e+01 -2.482936047888421527e+01
-2.551179335017998895e+01 -2.355682997270064050e+01
-2.554618334273497382e+01 -2.417990976804262715e+01
-2.547261815269787988e+01 -2.420343667810613297e+01
-2.531636700530846795e+01 -2.469759973303064271e+01
-2.525244367867708206e+01 -2.423324075921789245e+01
-2.543645756443341455e+01 -2.467721924224457197e+01
-2.558374693989753723e+01 -2.383569016394677220e+01
-2.531149163842201233e+01 -2.401794382813688955e+01
-2.554186681906382361e+01 -2.511573573521205205e+01
-2.544353014727433404e+01 -2.324759402832427568e+01
-2.556242799262205878e+01 -2.357181587466945771e+01
-2.571978304286797723e+01 -2.540145797234076852e+01
-2.560371307035287103e+01 -2.528377675390862933e+01
-2.558140642444292823e+01 -2.496460436536120042e+01
-2.555382597943146905e+01 -2.293862740405194245e+01
-2.564749268690745154e+01 -2.442948106047395029e+01
-2.525430666903654853e+01 -2.442828969831590413e+01
-2.569878955682118615e+01 -2.238419569932021247e+01
-2.547029837965965271e+01 -2.534907726188758659e+01
-2.543059453864892205e+01 -2.427311152916449899e+01
-2.562183590730031213e+01 -2.400350149575766068e+01
-2.579473311702410498e+01 -2.372082882422905570e+01
-2.563734042147795478e+01 -2.417017656796938496e+01
-2.576392577091852942e+01 -2.304419579443993626e+01
-2.552246159811814508e+01 -2.486036388595382718e+01
-2.598709199329217157e+01 -2.456094186956232406e+01
-2.575612222154935083e+01 -2.479097393580845576e+01
-2.571652812759081641e+01 -2.467405285773339330e+01
-2.564192524055640021e+01 -2.531919033496410876e+01
-2.585394233961899957e+01 -2.519088425574364720e+01
-2.557185984651247779e+01 -2.472262668609619141e+01
-2.526002241174380103e+01 -2.432103652458686227e+01
-2.615668851633866510e+01 -2.465332903180803470e+01
-2.586232285698254785e+01 -2.455301262496353587e+01
-2.567545316616694251e+01 -2.391373334612165280e+01
-2.605681552986304084e+01 -2.463907063471806680e+01
-2.591455317536989966e+01 -2.316090781967361423e+01
-2.581539611021677771e+01 -2.529287117797058926e+01
-2.575379154086112976e+01 -2.016093444824218750e+01
-2.553257749974727631e+01 -2.540056409464254017e+01
-2.577981921037038049e+01 -2.269802841582855635e+01
-2.572633357842763147e+01 -2.405876268659319095e+01
-2.574185753365357598e+01 -2.429513132417356758e+01
-2.594632970293362817e+01 -2.557645180937531748e+01
-2.583966793119907379e+01 -2.554819012926770583e+01
-2.612521289785702905e+01 -2.567001501306310729e+01
-2.591577986379464349e+01 -2.573939605811973763e+01
-2.619464403390884399e+01 -2.408289500645228642e+01
-2.565712218483288964e+01 -2.333573389672613629e+01
-2.602047460774580756e+01 -2.445354543413434811e+01
-2.580454003314177314e+01 -2.396478609605269128e+01
-2.578313441574573517e+01 -2.542217006931057099e+01
-2.597116438051064691e+01 -2.562392415628804798e+01
-2.629667807618777076e+01 -2.580185622673529977e+01
-2.622506991525490960e+01 -2.345649002124736882e+01
-2.579766481618086615e+01 -2.507875467275644255e+01
-2.610848954816659173e+01 -2.400698768318473597e+01
-2.602041603624820709e+01 -2.292727347782679814e+01
-2.617926889161268988e+01 -2.496122979498528949e+01
-2.612217432757218560e+01 -2.513714146304440078e+01
-2.577074194451173028e+01 -2.505198404386446143e+01
-2.596674134830633918e+01 -2.511886688331505013e+01
-2.602966929972171783e+01 -2.503613645380193375e+01
-2.625280881424744805e+01 -2.508775343213762454e+01
-2.605946354568004608e+01 -2.556964515091537038e+01
-2.642104177176952362e+01 -2.498500219568029479e+01
-2.599800128738085547e+01 -2.494461800216080150e+01
-2.624793593088785926e+01 -2.392959818901953639e+01
-2.622651966909567633e+01 -2.524960651645412568e+01
-2.611292138695716858e+01 -2.546098612500475511e+01
-2.604352452357609948e+01 -2.504814554189706755e+01
-2.581873176991939545e+01 -2.278089758637663564e+01
-2.624233642220497131e+01 -2.476832389831542969e+01
-2.591294218103091040e+01 -2.600046341140548734e+01
-2.619578486680984497e+01 -2.381072666118671322e+01
-2.615769625206788263e+01 -2.560754253337909603e+01
-2.643262155850728234e+01 -2.577268957162832308e+01
-2.603331798811753472e+01 -2.483861715143376969e+01
-2.633737919231255731e+01 -2.531509572809392594e+01
-2.582799902558326721e+01 -2.489052381143941517e+01
-2.623896241188049316e+01 -2.507266530123623838e+01
-2.607135080297787866e+01 -2.496914544043603001e+01
-2.642874906460444251e+01 -2.227874052369749336e+01
-2.628377196192741394e+01 -2.430103066679719248e+01
-2.600610557198524475e+01 -2.488739613124302608e+01
-2.588027148445447168e+01 -2.411904154195413952e+01
-2.623076982299486914e+01 -2.501831198357916364e+01
-2.629954277475674829e+01 -2.466077019332291087e+01
-2.618031214674313745e+01 -2.464287790075525209e+01
-2.600733652214209357e+01 -2.417914700198483047e+01
-2.625664527217547217e+01 -2.379401251557585439e+01
-2.630063685278097907e+01 -2.388837561669287624e+01
-2.654962618649005890e+01 -2.544447440605658883e+01
-2.614785236120223999e+01 -2.549222007355132646e+01
-2.631769036749998847e+01 -2.336029998977462796e+01
-2.649338910480340203e+01 -2.395624559575861312e+01
-2.625542060534159461e+01 -2.397088709744540225e+01
-2.613391153017679969e+01 -2.419840574883795270e+01
-2.645846864084402839e+01 -2.561330986022949219e+01
-2.637866034607092658e+01 -2.513281030778761149e+01
-2.630363400280475616e+01 -2.429971682560908164e+01
-2.615328530470530310e+01 -2.510871266080187425e+01
-2.630353552103042603e+01 -2.180252019461099167e+01
-2.642713816463947296e+01 -2.504509239692192679e+01
-2.652207317948341370e+01 -2.483867268748097601e+01
-2.627718645830949029e+01 -2.586458704069063330e+01
-2.653775780647993088e+01 -2.468395161319088515e+01
-2.607361132403214654e+01 -2.560248761362843695e+01
-2.628533473114172736e+01 -2.463419005158659658e+01
-2.653857749203841010e+01 -2.609140131071016455e+01
-2.654516726732254028e+01 -2.450180412886978587e+01
-2.628404314815998077e+01 -2.558775317204462851e+01
-2.651909565428892890e+01 -2.496442086356026735e+01
-2.667502877612908563e+01 -2.542440538282518148e+01
-2.622045821944872657e+01 -2.451442536440762510e+01
-2.649057437976201257e+01 -2.564105607317639723e+01
-2.646286331613858422e+01 -2.465090169535054798e+01
-2.629072469969590387e+01 -2.304536720374962044e+01
-2.618502056101958075e+01 -2.459948034410352946e+01
-2.627604417999585351e+01 -2.484163014300457917e+01
-2.616989363233248511e+01 -2.612547032244793854e+01
-2.664383472005526343e+01 -2.527854414110059977e+01
-2.643575687706470490e+01 -2.560317819768732406e+01
-2.636890109876791755e+01 -2.319471278747954912e+01
-2.640236762166023254e+01 -2.312242361787077627e+01
-2.643101411561171332e+01 -2.566363713648411959e+01
-2.651728026072184363e+01 -2.469364909382609596e+01
-2.649227578441302100e+01 -2.460524157734660378e+01
-2.665375055372714996e+01 -2.452265013657607184e+01
-2.658536900579929352e+01 -2.575455564028256816e+01
-2.651567618052164832e+01 -2.130885944118747588e+01
-2.628538959225018701e+01 -2.588238233095639629e+01
-2.644813012083371362e+01 -2.473856061464780254e+01
-2.637188941240310669e+01 -2.275086794271097546e+01
-2.649373586475849152e+01 -2.530768240891493903e+01
-2.690137204031149665e+01 -2.256668757153795823e+01
-2.654187109073003015e+01 -2.522683248891458874e+01
-2.653790191312630853e+01 -2.578929210018802110e+01
-2.675507702926794806e+01 -2.560110364641462155e+01
-2.676296317577362061e+01 -2.593651352919541253e+01
-2.656147608657677850e+01 -2.307578926581841117e+01
-2.635876714686552802e+01 -2.549192916572868128e+01
-2.663384054104487220e+01 -2.309369384468375941e+01
-2.643626509110132972e+01 -2.541746132095138577e+01
-2.662012930711110315e+01 -2.587965249395989886e+01
-2.646771467228730401e+01 -2.537711056795987119e+01
-2.659273838996887207e+01 -2.561494593186812097e+01
-2.628641901910305023e+01 -2.549045562744140625e+01
-2.680792249242464820e+01 -2.518995059620250387e+01
-2.680512637396653375e+01 -2.556788570849926501e+01
-2.672720484435558319e+01 -2.322134543084478864e+01
-2.661110536754131317e+01 -2.404881445153966979e+01
-2.663045375049114227e+01 -2.534735642470322503e+01
-2.673705907166004181e+01 -2.423543511427842034e+01
-2.640126238763332367e+01 -2.486041215178254404e+01
-2.668442721168200293e+01 -2.447131194077529059e+01
-2.692982844511668006e+01 -2.546575637916465951e+01
-2.688449109097321710e+01 -2.452007613243994655e+01
-2.679280395309130469e+01 -2.421307672773088626e+01
-2.673657185832659522e+01 -2.383274925529182653e+01
-2.686021876335144043e+01 -2.611378880290241966e+01
-2.669465826948483667e+01 -2.520318072182791624e+01
-2.687183593213558197e+01 -2.487514550345284547e+01
-2.660915587842464447e+01 -2.492591303045099593e+01
-2.690379984180132666e+01 -2.512001778243423900e+01
-2.618385962645212928e+01 -2.397842124839881706e+01
-2.667122924327850342e+01 -2.509225444050578346e+01
-2.686789946258068085e+01 -2.478336297072373284e+01
-2.627458908657233039e+01 -2.453909307950502949e+01
-2.681772642334302148e+01 -2.434230082375662718e+01
-2.644864811499913415e+01 -2.414981700847675228e+01
-2.636438452204068383e+01 -2.221050889151436891e+01
-2.695286446313063422e+01 -2.436088454258906211e+01
-2.687658914426962653e+01 -2.327157135752888450e+01
-2.665760369598865509e+01 -2.468510124900124225e+01
-2.685389078160126886e+01 -2.543859500389594430e+01
-2.693317841490109643e+01 -2.536594970504959079e+01
-2.698214962085087976e+01 -2.452096924224457197e+01
-2.647154857218265533e+01 -2.504075573017070866e+01
-2.662613598008950433e+01 -2.463376718991762715e+01
-2.695017901062965393e+01 -2.539301441242168522e+01
-2.684397399922211847e+01 -2.355310047446907262e+01
-2.666286519666512689e+01 -2.615188182484019919e+01
-2.686927757163842401e+01 -2.570529281318961878e+01
-2.688142325480778894e+01 -2.558284026306944980e+01
-2.703290853897730628e+01 -2.408915901184082031e+01
-2.673961794376373291e+01 -2.523902811322893314e+01
-2.698514930407206336e+01 -2.553857560591264075e+01
-2.698062621553738794e+01 -2.525753330874752578e+01
-2.729856921235720435e+01 -2.624363344365900375e+01
-2.683555454512437066e+01 -2.589009772957145472e+01
-2.688350758453210076e+01 -2.501342800685337764e+01
-2.710333492855231086e+01 -2.498873143381886663e+01
-2.693290676673253259e+01 -2.552969880537553138e+01
-2.682303200662136078e+01 -2.557841719590224372e+01
-2.691664388775825500e+01 -2.536322053686365052e+01
-2.686556028326352319e+01 -2.279578473970487451e+01
-2.700372124214966973e+01 -2.416083418858515586e+01
-2.700617934763431549e+01 -2.351276660275149766e+01
-2.691685530046622077e+01 -2.528666216367250996e+01
-2.717147106925646582e+01 -2.596244564304103974e+01
-2.686340067783991614e+01 -2.436897490860580007e+01
-2.693422437707583228e+01 -2.539038524379978057e+01
-2.716178536911805352e+01 -2.122005805721530791e+01
-2.673880213499069214e+01 -2.587482596062994489e+01
-2.661387838919957360e+01 -2.519631638464989720e+01
-2.668738557398319244e+01 -2.614386392568613005e+01
-2.716042172908782959e+01 -2.614339333075981742e+01
-2.706115046640237054e+01 -2.511884384650688773e+01
-2.694977528353532037e+01 -2.466706112452915889e+01
-2.708241686721642694e+01 -2.589768142204779977e+01
-2.697332952916622162e+01 -2.514402716500418578e+01
-2.693042012055714807e+01 -2.449945600930746537e+01
-2.677456993858019629e+01 -2.604752253247545823e+01
-2.715198187530040741e+01 -2.530089069960953196e+01
-2.688135081529617310e+01 -2.562579831210049619e+01
-2.657972136139869690e+01 -2.454946522898488226e+01
-2.694945009052753448e+01 -2.512069974626813718e+01
-2.703526352345943451e+01 -2.434376943266236992e+01
-2.698867990076541901e+01 -2.554600158295074053e+01
-2.687694225211938104e+01 -2.613260878525771247e+01
-2.738252656658490380e+01 -2.436763976456283132e+01
-2.695929906268914422e+01 -2.489723710889940023e+01
-2.687396129469076911e+01 -2.581213502760057210e+01
-2.680403537551562110e+01 -2.514825697069044352e+01
-2.709291581809520721e+01 -2.621746021122127246e+01
-2.699888325730959693e+01 -2.521115310470779391e+01
-2.698174976805846015e+01 -2.513102370423155918e+01
-2.695021207133929053e+01 -2.524477850926386679e+01
-2.668464939296245575e+01 -2.548407931142039118e+01
-2.721862597763538361e+01 -2.567092449634106188e+01
-2.716065547366936883e+01 -2.603202510189700547e+01
-2.710599437852700433e+01 -2.556768154788326797e+01
-2.724633024136225501e+01 -2.470516620982776956e+01
-2.691084213554859161e+01 -2.547646074171190023e+01
-2.694460509220759192e+01 -2.496799657251927584e+01
-2.720648324986298761e+01 -2.511021448110605192e+01
-2.713308657209078589e+01 -2.576996804522229567e+01
-2.726639540990193566e+01 -2.523093342471432265e+01
-2.685558041433493415e+01 -2.595259175981794186e+01
-2.698981889088948449e+01 -2.499574022169236898e+01
-2.706355176369349280e+01 -2.616864174681824551e+01
-2.668183805793523788e+01 -2.523628158073920602e+01
-2.707384135325749597e+01 -2.517801440845836325e+01
-2.714315611620743951e+01 -2.587369770198673535e+01
-2.714708703756332397e+01 -2.574549516454919740e+01
-2.685311297078927240e+01 -2.493988577111974791e+01
-2.685199653108914575e+01 -2.511885050984172096e+01
-2.713160755236943444e+01 -2.602033543277096328e+01
-2.729456498722235480e+01 -2.572189711285875902e+01
-2.717924849192301551e+01 -2.569115133409376384e+01
-2.692856792112191400e+01 -2.601531742145488835e+01
-2.721771313250064850e+01 -2.611439221865170879e+01
-2.723159226775169373e+01 -2.585754337558498506e+01
-2.675678845743338385e+01 -2.608277105356191683e+01
-2.720721616347630700e+01 -2.407242693219865970e+01
-2.699162233869234839e+01 -2.527829098391842422e+01
-2.746921447416146478e+01 -2.606975743677708834e+01
-2.726515633861223975e+01 -2.524330612281700326e+01
-2.720468041300773621e+01 -2.501245882604029447e+01
-2.708895054459571838e+01 -2.561049218611283607e+01
-2.714474334319432458e+01 -2.508942062204534196e+01
-2.734749420980612555e+01 -2.568075472348696309e+01
-2.736531457304954529e+01 -2.579004411573533773e+01
-2.694510897000630578e+01 -2.604442636068765182e+01
-2.687199162443478784e+01 -2.542580603314684495e+01
-2.702057156215111533e+01 -2.497888884606299342e+01
-2.738486274083455285e+01 -2.529242411526766787e+01
-2.721474694708983222e+01 -2.575542401648187152e+01
-2.729106487830479821e+01 -2.557035104330483932e+01
-2.701616280277569970e+01 -2.575646878527356520e+01
-2.724136696259180823e+01 -2.569343177993576077e+01
-2.737885797520478448e+01 -2.527939847227814951e+01
-2.704443015654881677e+01 -2.498833200529024268e+01
-2.722965120275815210e+01 -2.594811131118179759e+01
-2.715858969092369080e+01 -2.158472656894039687e+01
-2.679232500990231713e+01 -2.223472972968956185e+01
-2.717704431215922156e+01 -2.626538593738110094e+01
-2.719554116328557214e+01 -2.604305034488826465e+01
-2.733621682723363122e+01 -2.291511045183454343e+01
-2.725114309291044989e+01 -2.595648728407822503e+01
-2.736401745180289069e+01 -2.548579116920372201e+01
-2.751453099151452264e+01 -2.502322972285283242e+01
-2.693984770774841309e+01 -2.411269467836850566e+01
-2.732520824670791626e+01 -2.352516049224060879e+01
-2.708067049582799157e+01 -2.493499539115212116e+01
-2.753795346120993415e+01 -2.414426439458673812e+01
-2.694883422056834021e+01 -2.580909572948108988e+01
-2.751693843801816186e+01 -2.618975844940581865e+01
-2.741711641848087311e+01 -2.497221798091739942e+01
-2.731233092645804206e+01 -2.408718765556038122e+01
-2.736864386002222815e+01 -2.548638193947928343e+01
-2.722542965412139893e+01 -2.473969241550990361e+01
-2.722208618621031562e+01 -2.511522986672141400e+01
-2.729028963545958320e+01 -2.616374860491071530e+01
-2.749920674165089807e+01 -2.628525837984951963e+01
-2.768352609872817993e+01 -2.609862476200252246e+01
-2.726769461731116095e+01 -2.532947278951669645e+01
-2.743231841921806335e+01 -2.566732468543114720e+01
-2.743238319456577301e+01 -2.473149843339796305e+01
-2.726855755349000177e+01 -2.601328584745332861e+01
-2.714617717762788018e+01 -2.577086199723281013e+01
-2.716723714768886566e+01 -2.546674309767685784e+01
-2.726439360280831536e+01 -2.420860763648887826e+01
-2.731232965489228448e+01 -2.514838483736112451e+01
-2.728991904854774475e+01 -2.536544054204767562e+01
-2.730841141939163208e+01 -2.622503917248218031e+01
-2.749118059376875678e+01 -2.468394403333787679e+01
-2.704639957845211029e+01 -2.595969366098379183e+01
-2.771069492399692535e+01 -2.524056432154271334e+01
-2.710689535737037659e+01 -2.592560925421776830e+01
-2.726568618913491449e+01 -2.564286786859685563e+01
-2.751492122809092322e+01 -2.558308423029912149e+01
-2.740723301966984948e+01 -2.471456715967747897e+01
-2.719303693373997888e+01 -2.587990768234451266e+01
-2.744188766181468964e+01 -2.478045456130783109e+01
-2.747124652067820350e+01 -2.531335213896516123e+01
-2.710609429577986518e+01 -2.537265004740132923e+01
-2.757884125411510468e+01 -2.518486352400346107e+01
-2.755017797152201453e+01 -2.574221589967801904e+01
-2.762062551081180573e+01 -2.551352986422451963e+01
-2.726599714159965515e+01 -2.627191798717944593e+01
-2.718292614320914069e+01 -2.244929844992501344e+01
-2.753444546957810601e+01 -2.616695892036735316e+01
-2.743756001194318017e+01 -2.579058233484045104e+01
-2.726017535229523858e+01 -2.637832208113236732e+01
-2.743536135554313660e+01 -2.577401245414436559e+01
-2.756027309596538544e+01 -2.581629473203188496e+01
-2.747189008692900458e+01 -2.567827997579203014e+01
-2.737067411839962006e+01 -2.568131498856978112e+01
-2.707009359200795373e+01 -2.389906922872964401e+01
-2.723831489682197571e+01 -2.499672728699523105e+01
-2.765856535236040870e+01 -2.624773374780431823e+01
-2.733427620927492896e+01 -2.564874701066450768e+01
-2.752368645866711816e+01 -2.526116841799252910e+01
-2.740851028263568878e+01 -2.611125408519398050e+01
-2.733194183309872827e+01 -2.628750109982181016e+01
-2.718198393285274506e+01 -2.510630186502035599e+01
-2.741536936163902283e+01 -2.417023606733842200e+01
-2.723813887437184533e+01 -2.539772875897295989e+01
-2.752663021286328515e+01 -2.634488479812423734e+01
-2.743312870462735376e+01 -2.429843119831828346e+01
-2.723623937368392944e+01 -2.577383009179845885e+01
-2.765872399012247840e+01 -2.561598355429513063e+01
-2.739422666033108911e+01 -2.532850376971356354e+01
-2.761833876123030862e+01 -2.485744784714339772e+01
-2.731413492063681403e+01 -2.648243656406154756e+01
-2.739461252590020379e+01 -2.602151330724939271e+01
-2.752672412494818488e+01 -2.510393100589900683e+01
-2.728909713526566705e+01 -2.457834179370434313e+01
-2.768962053457896033e+01 -2.472734713864016953e+01
-2.723138333360354224e+01 -2.616641213057877025e+01
-2.761572683850924292e+01 -2.576373722026874447e+01
-2.762646502256393433e+01 -2.595275376059792194e+01
-2.763130769630273065e+01 -2.613956020404766178e+01
-2.767107167840003967e+01 -2.513038181948971328e+01
-2.758567110200722894e+01 -2.557740761397720775e+01
-2.749120202163855353e+01 -2.399694378345043688e+01
-2.704144005477428436e+01 -2.594202838005957545e+01
-2.766562654078006744e+01 -2.629540785256918412e+01
-2.758758525550365448e+01 -2.574715770374644919e+01
-2.741420007745425025e+01 -2.565752817129159880e+01
-2.766005073984463891e+01 -2.607643375149021026e+01
-2.731189994513988495e+01 -2.469992687175800228e+01
-2.763235740363597870e+01 -2.570692134213138047e+01
-2.754487629234790802e+01 -2.508505692420067845e+01
-2.766430254777272424e+01 -2.583119194228927640e+01
-2.732777131100495538e+01 -2.639675645704393148e+01
-2.760331954558690271e+01 -2.524809728349958249e+01
-2.764539441466331482e+01 -2.505582437886820202e+01
-2.760137811799843988e+01 -2.499425994575797816e+01
-2.765415573120117188e+01 -2.596489831998750830e+01
-2.755665821333726129e+01 -2.614712135513107327e+01
-2.762369710206985474e+01 -2.603749104289265404e+01
-2.747918427983919898e+01 -2.594016166786094857e+01
-2.780897050102551660e+01 -2.565543506671856022e+01
-2.749944023787975311e+01 -2.628104361001547318e+01
-2.738073108096917352e+01 -2.450954462026620817e+01
-2.763901203374068061e+01 -2.527147828139267816e+01
-2.769253575801849365e+01 -2.637501820650967588e+01
-2.714416573941707611e+01 -2.604050646199808483e+01
-2.762438560028870782e+01 -2.555659313945027122e+01
-2.751339170833428582e+01 -2.401942067332081976e+01
-2.770062114795048913e+01 -2.609006772722516843e+01
-2.778490334749221802e+01 -2.586077038653485261e+01
-2.780080321927865228e+01 -2.453562897521180020e+01
-2.764907429615656653e+01 -2.493988800048828125e+01
-2.753738296528657159e+01 -2.603457327012892009e+01
-2.722841032842795173e+01 -2.580517563262543135e+01
-2.746005353828271112e+01 -2.616887805988262272e+01
-2.766184109449386597e+01 -2.587537223023253574e+01
-2.766055753827095032e+01 -2.531667952104048425e+01
-2.762225598593552789e+01 -2.466644557110674896e+01
-2.758384381731351098e+01 -2.637992001818372145e+01
-2.745774069925149163e+01 -2.549886123855392484e+01
-2.757751061518986901e+01 -2.271622031075613890e+01
-2.775945085783799371e+01 -2.443681253705705814e+01
-2.779059296349684516e+01 -2.610023000642850732e+01
-2.739615066349506378e+01 -2.545312180457177220e+01
-2.760425813496112823e+01 -2.516235787527901735e+01
-2.767957793176174164e+01 -2.283702919699928913e+01
-2.755775114893913269e+01 -2.497271322275136995e+01
-2.783557188510894775e+01 -2.640764977095962962e+01
-2.794471104939778527e+01 -2.539708142466359320e+01
-2.782619917392730713e+01 -2.585550759055397663e+01
-2.750828406711419305e+01 -2.516460138791567402e+01
-2.768359887103239814e+01 -2.345428121244752617e+01
-2.789818525811036309e+01 -2.570744536759017507e+01
-2.775180422266324243e+01 -2.510460685135482350e+01
-2.788794685403506080e+01 -2.646135122125798844e+01
-2.769181442757447442e+01 -2.529981531415666751e+01
-2.766640506684780121e+01 -2.521943492393988961e+01
-2.776754749317963800e+01 -2.614666552357859430e+01
-2.775003162523110589e+01 -2.560589827500380622e+01
-2.766365769008795539e+01 -2.612891068396630345e+01
-2.769839249054590979e+01 -2.620019022210851745e+01
-2.775437524914741516e+01 -2.623318405894490013e+01
-2.754225253562132636e+01 -2.564752266623757038e+01
-2.743436273932456970e+01 -2.485968545195344248e+01
-2.798417679468790809e+01 -2.522350016507235537e+01
-2.789419998228549957e+01 -2.589509577565378962e+01
-2.765391977131366730e+01 -2.616246349780590563e+01
-2.763474231461684028e+01 -2.496477949464475898e+01
-2.775193490087985992e+01 -2.523101251775568343e+01
-2.767244104047616204e+01 -2.566534638095211562e+01
-2.791923697292804718e+01 -2.482964577612938939e+01
-2.765523737668991089e+01 -2.605957482077858600e+01
-2.803156938155492028e+01 -2.622962855054186448e+01
-2.768149424592654029e+01 -2.609971638468952904e+01
-2.789727285007635871e+01 -2.563930206794243460e+01
-2.797031608720620355e+01 -2.485734216268960495e+01
-2.772444779177506646e+01 -2.556918964138278838e+01
-2.758254696925481042e+01 -2.606983355732707253e+01
-2.784900414943695068e+01 -2.617308206682081462e+01
-2.765663901964823523e+01 -2.535518677203686266e+01
-2.784829625984032830e+01 -2.525965063912527953e+01
-2.780796574056148529e+01 -2.613269362511572780e+01
-2.787463906407356262e+01 -2.625601614914931403e+01
-2.775984249015649041e+01 -2.626072152868493959e+01
-2.765470473468303680e+01 -2.628557690707119932e+01
-2.760653738180796424e+01 -2.488701097067300338e+01
-2.753364697595437249e+01 -2.600525524089862728e+01
-2.791708024342854699e+01 -2.541791509653066683e+01
-2.772230490048726281e+01 -2.561521916575246038e+01
-2.784152070184548577e+01 -2.643100240633085107e+01
-2.796425578991572181e+01 -2.473473381686520156e+01
-2.784888625144958496e+01 -2.604838952151211728e+01
-2.782080892721812049e+01 -2.612503889009549951e+01
-2.769819851219654083e+01 -2.500494109810172816e+01
-2.780982807775338372e+01 -2.633933976408723154e+01
-2.777675493061542511e+01 -2.628249463168057432e+01
-2.774394069612026215e+01 -2.573816787422477503e+01
-2.796092437704404077e+01 -2.616312024500462741e+01
-2.776843300958474359e+01 -2.639400234470119599e+01
-2.796327672898769379e+01 -2.531777749742780514e+01
-2.764589329560597619e+01 -2.588380137356844912e+01
-2.803846597671508789e+01 -2.579762064946162070e+01
-2.805577093859513482e+01 -2.512800645208978167e+01
-2.755843240022659302e+01 -2.574802993179915944e+01
-2.801930115620295325e+01 -2.420181663934286576e+01
-2.786494556069374084e+01 -2.640363817091111898e+01
-2.794492835799853125e+01 -2.572620540470271777e+01
-2.805182593067486962e+01 -2.578330686494901514e+01
-2.779704551398754120e+01 -2.608951221812855081e+01
-2.785183592637379846e+01 -2.630269806106369046e+01
-2.780733480552832404e+01 -2.575156417450347490e+01
-2.792656297485033789e+01 -2.569021123415463848e+01
-2.806021259228388587e+01 -2.555379543056735869e+01
-2.790603845318158349e+01 -2.576316367805778285e+01
-2.781832808752854547e+01 -2.630668598026424121e+01
-2.790267389019330224e+01 -2.528151242144696198e+01
-2.808992107709248742e+01 -2.621985029245351839e+01
-2.785073076188564301e+01 -2.555647557741635723e+01
-2.790890816847483435e+01 -2.618064436974463405e+01
-2.786094065507252893e+01 -2.496514968128947487e+01
-2.784891895453135291e+01 -2.633641791653323594e+01
-2.795558119813601294e+01 -2.570755289746569261e+01
-2.779664883514245233e+01 -2.589624917661988945e+01
-2.791528829932212830e+01 -2.660817973644702406e+01
-2.822230962415536126e+01 -2.569919970128443509e+01
-2.821030196050802985e+01 -2.531668583758465729e+01
-2.812228881816069403e+01 -2.616651216729894713e+01
-2.797926244636376580e+01 -2.616185079302106686e+01
-2.770555462936560431e+01 -2.253974634641176777e+01
-2.799072889486948768e+01 -2.627178610764540778e+01
-2.808490200837453088e+01 -2.556485485720943984e+01
-2.795662219325701514e+01 -2.541399225012048646e+01
-2.796229427059491357e+01 -2.613645719552969027e+01
-2.825015853345394135e+01 -2.482466227048403340e+01
-2.817253249883651733e+01 -2.570368803940810309e+01
-2.750106624265511712e+01 -2.586771130252193984e+01
-2.792587949832280358e+01 -2.601232957220696917e+01
-2.813132578134536743e+01 -2.498021613777457972e+01
-2.805381889641284943e+01 -2.615234664817909049e+01
-2.803468185166518012e+01 -2.643995735862038288e+01
-2.805951962868372718e+01 -2.503944265687620430e+01
-2.803874413172404090e+01 -2.337837506579114333e+01
-2.795260658363501349e+01 -2.446332979821539411e+01
-2.810915536185105523e+01 -2.655253197310806712e+01
-2.791173408925533295e+01 -2.541900382103857936e+01
-2.804770587881406030e+01 -2.638468199890929355e+01
-2.800098585585753241e+01 -2.618063674035010280e+01
-2.785439233481884003e+01 -2.500638114631950160e+01
-2.801959561804930487e+01 -2.631986092901849261e+01
-2.834433349470297614e+01 -2.608044019922033385e+01
-2.804671710729598999e+01 -2.612906324708616523e+01
-2.783133012553055963e+01 -2.434542720348803968e+01
-2.795799049238364020e+01 -2.606007741952871370e+01
-2.795795313020547113e+01 -2.442531070461521026e+01
-2.820611716310183326e+01 -2.622098080523602448e+01
-2.784621301790078363e+01 -2.632005463637314691e+01
-2.797300725181897363e+01 -2.505520615020355635e+01
-2.789349020520846167e+01 -2.613258475761908883e+01
-2.799127591649691382e+01 -2.550351893437373008e+01
-2.815493153532345971e+01 -2.569570751933308372e+01
-2.816016430159409722e+01 -2.655674647046373948e+01
-2.805225205421447754e+01 -2.532361924803102227e+01
-2.797079340616862098e+01 -2.654302779110995303e+01
-2.804452584683895111e+01 -2.525583358863731576e+01
-2.824157570302486420e+01 -2.569904012803907634e+01
-2.835161389410495758e+01 -2.575846072605677861e+01
-2.785271935164928436e+01 -2.444155138189142562e+01
-2.769494395454724511e+01 -2.546074894496372920e+01
-2.807151653369267663e+01 -2.616336071955693399e+01
-2.816177545984585961e+01 -2.579831717850326100e+01
-2.809327782690525055e+01 -2.514607867946872588e+01
-2.787927718957265100e+01 -2.587478018426275739e+01
-2.799009332060813904e+01 -2.535719935924975843e+01
-2.795230085154374322e+01 -2.484923606723933887e+01
-2.804428448776404181e+01 -2.646156590944760723e+01
-2.821333873271942139e+01 -2.653747092903434535e+01
-2.814060524106025696e+01 -2.634811183384486455e+01
-2.835533123215039453e+01 -2.577722864027147054e+01
-2.825149852534135064e+01 -2.609811019897460938e+01
-2.825349736710389337e+01 -2.668238312857491579e+01
-2.812017867465813836e+01 -2.530375433587408551e+01
-2.782177338004112244e+01 -2.531193839729606410e+01
-2.793140411376953125e+01 -2.506249660640568067e+01
-2.820165558159351349e+01 -2.441192017592392816e+01
-2.818260359267393866e+01 -2.425002825105345039e+01
-2.810444101194540778e+01 -2.633623628492479085e+01
-2.807669398685296258e+01 -2.454896026462703418e+01
-2.804022159179051599e+01 -2.483866446358817015e+01
-2.821055348217487335e+01 -2.590160549461067419e+01
-2.804550983508427819e+01 -2.580117936567826575e+01
-2.811963072915871820e+01 -2.514234791792832269e+01
-2.802707140147686005e+01 -2.539392972921396208e+01
-2.822560537358124932e+01 -2.522186043974641123e+01
-2.811110406617323676e+01 -2.525741468157087155e+01
-2.820252257088820258e+01 -2.633183461969548844e+01
-2.825629239281018457e+01 -2.624216604852056989e+01
-2.803397837281227112e+01 -2.548222333734685563e+01
-2.815518290301163873e+01 -2.655029762565315465e+01
-2.833810870349407196e+01 -2.392124034832050228e+01
-2.807697996497154236e+01 -2.533058129347763909e+01
-2.812153938909371576e+01 -2.513304750021401901e+01
-2.793329245348771295e+01 -2.549191622300581628e+01
-2.826792302230994025e+01 -2.482489478123652304e+01
-2.765582287311553955e+01 -2.603362261784540976e+01
-2.807540338238080224e+01 -2.649197444668063994e+01
-2.810769929985205451e+01 -2.575122052972966813e+01
-2.798073262472947320e+01 -2.567033017146123086e+01
-2.839627636969089508e+01 -2.564546334898317070e+01
-2.792764850954214850e+01 -2.606857802651145306e+01
-2.813096198936303338e+01 -2.574189272793856631e+01
-2.822083613276481628e+01 -2.534618928834989404e+01
-2.842574036618073663e+01 -2.616353370616962337e+01
-2.833812938133875647e+01 -2.551037896143925821e+01
-2.828492798904578009e+01 -2.617062141368915462e+01
-2.823379950225353241e+01 -2.571887003911005820e+01
-2.807560260593891144e+01 -2.577665611366172982e+01
-2.814949659506480018e+01 -2.518060533102456588e+01
-2.830938343703746796e+01 -2.613877840165968180e+01
-2.814062088231245795e+01 -2.654477493484298734e+01
-2.813718010981877526e+01 -2.541377793349228753e+01
-2.820386602481206140e+01 -2.568757834991851396e+01
-2.838900530338287354e+01 -2.611743287916307210e+01
-2.816191133360068122e+01 -2.605824113821054411e+01
-2.820919456084569177e+01 -2.562438341859099111e+01
-2.838695759574572364e+01 -2.612111717075496387e+01
-2.821329607069492340e+01 -2.541101287247298757e+01
-2.837848167618115625e+01 -2.572617778530368682e+01
-2.812069633106390754e+01 -2.493150427434351712e+01
-2.826804961264133453e+01 -2.520351375233043356e+01
-2.819110182921091834e+01 -2.583903936906294518e+01
-2.830817139645417413e+01 -2.605467996968851452e+01
-2.828181020418803016e+01 -2.555466406685965453e+01
-2.820979618529478827e+01 -2.551923370361328125e+01
-2.804435115555922309e+01 -2.563589327675955687e+01
-2.833220297098159790e+01 -2.594644762014413786e+01
-2.824306593835353851e+01 -2.493609899050229473e+01
-2.831036558747291565e+01 -2.547387135493291055e+01
-2.819501345356305322e+01 -2.640654051149046211e+01
-2.828682589034239570e+01 -2.626653834751673955e+01
-2.836593869825204095e+01 -2.622524029867989626e+01
-2.801637623707453528e+01 -2.616060881181196862e+01
-2.812905940413475037e+01 -2.542046688129375553e+01
-2.815041992068290710e+01 -2.627245771730100898e+01
-2.848451618850231171e+01 -2.575207001822335329e+01
-2.820181833704312524e+01 -2.474271425024255677e+01
-2.797326680521170417e+01 -2.670338739667619876e+01
-2.833578432102997979e+01 -2.604515593392508421e+01
-2.833950635790824890e+01 -2.457456942967005986e+01
-2.811836916704972467e+01 -2.653129010386281195e+01
-2.844182874262332916e+01 -2.625317952540013522e+01
-2.840712691346804419e+01 -2.504223338040438662e+01
-2.831296715140342712e+01 -2.554277424998097601e+01
-2.835566288232803345e+01 -2.570256354592063275e+01
-2.821466172238190850e+01 -2.424573130421824274e+01
-2.810148182014624396e+01 -2.513618018410422650e+01
-2.822906179726123810e+01 -2.542237975380637494e+01
-2.807248417536417762e+01 -2.634618598145323887e+01
-2.816907828549544135e+01 -2.608289361928964567e+01
-2.842518443365891656e+01 -2.520485558447899876e+01
-2.831510761380195618e+01 -2.597022960712383366e+01
-2.818432256082693854e+01 -2.601705305916922484e+01
-2.853475325306256494e+01 -2.517619646988906013e+01
-2.824257217099269113e+01 -2.661989472129128131e+01
-2.844428107142448425e+01 -2.451824128782594414e+01
-2.819611971080303192e+01 -2.620825547057312832e+01
-2.802276428540547570e+01 -2.591625964177119101e+01
-2.796587161223093787e+01 -2.679487627202814437e+01
-2.841749870280424872e+01 -2.609254049325918245e+01
-2.846016833186149597e+01 -2.596045045728807210e+01
-2.808283037319779396e+01 -2.457183089813628740e+01
-2.835663964847723761e+01 -2.573031603825556601e+01
-2.820601879060268402e+01 -2.555257921095018148e+01
-2.854194263617197791e+01 -2.652390558069402360e+01
-2.824632035195827484e+01 -2.568622231173824844e+01
-2.834399354954560479e+01 -2.599556474561815023e+01
-2.845394807557265082e+01 -2.595834120217855912e+01
-2.828775531053543091e+01 -2.639575497515789948e+01
-2.829241758584976196e+01 -2.571104391519125443e+01
-2.842286033928394318e+01 -2.635385768444507093e+01
-2.849899627268314362e+01 -2.670261047412822819e+01
-2.821245397130648414e+01 -2.419963105932458802e+01
-2.815088066458702087e+01 -2.584881336658031969e+01
-2.842177142699559411e+01 -2.472943525190477132e+01
-2.820928569138050079e+01 -2.619079708743404922e+01
-2.848091720044612885e+01 -2.660709804683536817e+01
-2.839030595123767853e+01 -2.614693039733094082e+01
-2.836094272136688232e+01 -2.608920218727805462e+01
-2.825904622673988342e+01 -2.563484892907080592e+01
-2.827129413187503815e+01 -2.337885696857006579e+01
-2.817796839773654938e+01 -2.612267461999670104e+01
-2.852062370379765710e+01 -2.538129103028929023e+01
-2.795862951378027716e+01 -2.607925573571935729e+01
-2.825454720854759216e+01 -2.535554546504825879e+01
-2.846615449587504187e+01 -2.632158690613585605e+01
-2.856012267867724219e+01 -2.600730977739606686e+01
-2.837037734687328339e+01 -2.645669810802905531e+01
-2.821065323551495752e+01 -2.600089324604381247e+01
-2.828765092790126801e+01 -2.537604081785524102e+01
-2.813318287829558173e+01 -2.548295032203971644e+01
-2.820715211331844330e+01 -2.586934087183568209e+01
-2.830594904720783234e+01 -2.598715977854542913e+01
-2.828773169219493866e+01 -2.575458768126252451e+01
-2.833215646942456445e+01 -2.480750257318669938e+01
-2.805656495690345764e+01 -2.494824117189877910e+01
-2.844527628521124640e+01 -2.554088634639591504e+01
-2.838647978007793427e+01 -2.656955622388170823e+01
-2.858206242322921753e+01 -2.613477225117869196e+01
-2.840462167064348975e+01 -2.529166873089678802e+01
-2.814002377291520318e+01 -2.591881068341143646e+01
-2.831367301940917969e+01 -2.602272297500015696e+01
-2.838297448555628577e+01 -2.623828910233138600e+01
-2.828871843218803406e+01 -2.636088802288104915e+01
-2.828751230736573419e+01 -2.472688149786614886e+01
-2.828677329421043396e+01 -2.623850329510577239e+01
-2.833247092862923822e+01 -2.646387824764499541e+01
-2.840401374300320825e+01 -2.620820218866521500e+01
-2.832838364938895026e+01 -2.573118303967760667e+01
-2.831665763755639276e+01 -2.658927694543615416e+01
-2.838878417511780938e+01 -2.605747812444513656e+01
-2.832680813471476355e+01 -2.580476976369882536e+01
-2.850762629012266913e+01 -2.621166088054706478e+01
-2.814610264201958856e+01 -2.645594439568457545e+01
-2.829348855714003363e+01 -2.572710255214146358e+01
-2.830193091432253638e+01 -2.617941990146389131e+01
-2.791787300507227698e+01 -2.573633374796285267e+01
-2.813281518220901489e+01 -2.527485522976169463e+01
-2.824929211537043372e+01 -2.600494435545686045e+01
-2.879504320025444031e+01 -2.577255402602158441e+01
-2.835411587357521057e+01 -2.545211203686602630e+01
-2.861753523349761963e+01 -2.632413277068695479e+01
-2.858512476583321771e+01 -2.495070625899673900e+01
-2.816742448508739471e+01 -2.550104395135656432e+01
-2.811749937136967858e+01 -2.530042622306130085e+01
-2.837832737962405005e+01 -2.609497773802125664e+01
-2.816562881569067756e+01 -2.638382486863569909e+01
-2.829385172824065009e+01 -2.644100729211584166e+01
-2.841712518036365509e+01 -2.633811990316812057e+01
-2.822979375223318854e+01 -2.594868968369124929e+01
-2.800398150086402893e+01 -2.178275550495494528e+01
-2.849099339544773102e+01 -2.556147075009036485e+01
-2.809739881257216254e+01 -2.487412816827947282e+01
-2.833768693606058875e+01 -2.610584826283640680e+01
-2.851007035871346673e+01 -2.479165362073229417e+01
-2.824583948651949683e+01 -2.501490397267527399e+01
-2.859747034807999810e+01 -2.542277452543184424e+01
-2.848357112209002295e+01 -2.500336857585163841e+01
-2.806341519455115119e+01 -2.597653522739162568e+01
-2.857154799997806549e+01 -2.532394716337129736e+01
-2.841455862422784051e+01 -2.633589742090794772e+01
-2.805383604764938354e+01 -2.637823275776652565e+01
-2.839217561980088433e+01 -2.541864258902413454e+01
-2.846224414805571357e+01 -2.601908724648611937e+01
-2.846376806497573853e+01 -2.638324177729619180e+01
-2.845196511348088464e+01 -2.606140386903440742e+01
-2.840149325629075250e+01 -2.586988934603604307e+01
-2.847903793553511420e+01 -2.540378644868924951e+01
-2.837239076197147369e+01 -2.627725291561770860e+01
-2.837403341134389123e+01 -2.618895971620237617e+01
-2.850486273070176324e+01 -2.659130780108563386e+01
-2.821770167350769043e+01 -2.585611172465534935e+01
-2.827064432700474939e+01 -2.648223066949224958e+01
-2.853946581482887268e+01 -2.545050965346299066e+01
-2.866271497309207916e+01 -2.541802379063197392e+01
-2.873406392335891724e+01 -2.636664058635761165e+01
-2.867311202486355981e+01 -2.658859391645951575e+01
-2.828369599580764771e+01 -2.588811170900022773e+01
-2.859566217164198676e+01 -2.580927603585379515e+01
-2.862149914105733117e+01 -2.545861965030818652e+01
-2.846572111050288001e+01 -2.569519876504873324e+01
-2.862718017896016320e+01 -2.532844600429782744e+01
-2.808687701324621955e+01 -2.424798055128617591e+01
-2.835271456837654114e+01 -2.531145544175977946e+01
-2.844927242398262024e+01 -2.616515657499239111e+01
-2.846306811273097992e+01 -2.572049757722136221e+01
-2.847299381593863288e+01 -2.528353235319063330e+01
-2.852076118191083154e+01 -2.614881350777366009e+01
-2.841624224185943604e+01 -2.654148532817890072e+01
-2.871061129868030548e+01 -2.580917017800467406e+01
-2.828497393429279327e+01 -2.596602796579336214e+01
-2.851557240883509436e+01 -2.644184449431184092e+01
-2.866231428583462915e+01 -2.626941775037096605e+01
-2.834403254091739655e+01 -2.591102008076457253e+01
-2.847008561094601831e+01 -2.663334338695971937e+01
-2.833357150355974952e+01 -2.614083098126696214e+01
-2.844421997169653693e+01 -2.545270981726708470e+01
-2.859190671642621240e+01 -2.566776216184938164e+01
-2.835357401271661004e+01 -2.484856419749074163e+01
-2.840422684947649756e+01 -2.575516274687531748e+01
-2.850641366342703620e+01 -2.604921480897185049e+01
-2.846154222389062127e+01 -2.631629745681564359e+01
-2.873377343018849572e+01 -2.636647603418919772e+01
-2.838731474677721778e+01 -2.484724126543317624e+01
-2.872935664157072821e+01 -2.611666669474019642e+01
-2.869634143014748773e+01 -2.639835065371030254e+01
-2.825651751458644867e+01 -2.578975712169300394e+01
-2.846458574136098107e+01 -2.570951086514956074e+01
-2.863747338453928748e+01 -2.575182136931976729e+01
-2.861692279080549994e+01 -2.607469291191596383e+01
-2.857133272290229797e+01 -2.543193740349311227e+01
-2.831250028808911523e+01 -2.578698874139166364e+01
-2.862206757565339288e+01 -2.606068945550299176e+01
-2.844900699953238288e+01 -2.670979068805645085e+01
-2.857187709709008416e+01 -2.641638703779740638e+01
-2.862582445641358575e+01 -2.653806151352919684e+01
-2.888538844386736670e+01 -2.600746874375776940e+01
-2.860795332988103112e+01 -2.592068083874590911e+01
-2.869012275834878167e+01 -2.601752040912578678e+01
-2.863529925545056543e+01 -2.551043114104828291e+01
-2.788778196771939477e+01 -2.565670789991106204e+01
-2.839132900536060333e+01 -2.588533870895187405e+01
-2.842145089805126190e+01 -2.318741177893304339e+01
-2.840986670553684235e+01 -2.652224746307769365e+01
-2.842023378610610962e+01 -2.661681041469821807e+01
-2.868929737806320190e+01 -2.600825637966007520e+01
-2.836983071267604828e+01 -2.612138787802163620e+01
-2.857283829649289331e+01 -2.602124018483347712e+01
-2.858613189558188239e+01 -2.624041869423606244e+01
-2.861450716356436530e+01 -2.497230471573866950e+01
-2.852071574827035150e+01 -2.628278774410099317e+01
-2.862636509040991584e+01 -2.639817060743059329e+01
-2.825855882465839386e+01 -2.660440430083832197e+01
-2.861372717221577844e+01 -2.539512914186948223e+01
-2.875576019287109375e+01 -2.561764947470132370e+01
-2.840174553791682044e+01 -2.601921581912350234e+01
-2.846591461698214331e+01 -2.564982624797077904e+01
-2.871072270969549933e+01 -2.669362068176269531e+01
-2.856169760227203369e+01 -2.632599558149065189e+01
-2.842000452677408973e+01 -2.659032829086502048e+01
-2.877474209666252136e+01 -2.601552296923352614e+01
-2.862414413690567017e+01 -2.586820342323996869e+01
-2.845391696691513062e+01 -2.652101630669135446e+01
-2.854326267043749610e+01 -2.612087644849504642e+01
-2.876776710649331292e+01 -2.616597923675140791e+01
-2.860149935384591302e+01 -2.550820313490830316e+01
-2.852509666979312897e+01 -2.574687303815569095e+01
-2.864381240308284760e+01 -2.675968581360655918e+01
-2.837341272830963135e+01 -2.625451719606077461e+01
-2.860057876010735711e+01 -2.581559096992790003e+01
-2.887664884328842163e+01 -2.698368664530964622e+01
-2.832836022973060608e+01 -2.674424287870332861e+01
-2.885119203726450721e+01 -2.675360642470322503e+01
-2.861672599613666534e+01 -2.672121622655298978e+01
-2.883014673988024512e+01 -2.582312870025634766e+01
-2.859495260318120202e+01 -2.634443176566780309e+01
-2.894624416530132294e+01 -2.647490967094124059e+01
-2.861961753666400909e+01 -2.641778373718261719e+01
-2.867246183753013611e+01 -2.640735950717678193e+01
-2.876245008409023285e+01 -2.623170746146858434e+01
-2.865274493396282196e+01 -2.645558005493956699e+01
-2.852997094392776489e+01 -2.624533404313124763e+01
-2.849587415158748627e+01 -2.570099094935826045e+01
-2.830300128956635675e+01 -2.589653978719339733e+01
-2.841579728325207910e+01 -2.609270613534109984e+01
-2.834761859973271569e+01 -2.638157859405913896e+01
-2.852895407875378808e+01 -2.642507188970392562e+01
-2.872901988526185235e+01 -2.673057016149743959e+01
-2.891879764199256897e+01 -2.518635446375066422e+01
-2.852340549727280816e+01 -2.561672976109888822e+01
-2.872759290536244592e+01 -2.533600207737513799e+01
-2.842579620579878608e+01 -2.663132407448508587e+01
-2.839118289947509766e+01 -2.659204567252815465e+01
-2.875037572284539422e+01 -2.619945444379533939e+01
-2.891893794635931769e+01 -2.663644785695261774e+01
-2.852793437739213189e+01 -2.561693290611366081e+01
-2.878461394210656366e+01 -2.593318703886750498e+01
-2.852346848448117456e+01 -2.563743445161101064e+01
-2.859710221489270410e+01 -2.582893782776671543e+01
-2.813790674010912696e+01 -2.624428223944329730e+01
-2.860226389269034186e+01 -2.566106778925115250e+01
-2.873729511102040490e+01 -2.691293941844593363e+01
-2.872648428380489349e+01 -2.679916327340262328e+01
-2.878676089644432068e+01 -2.658324356822224388e+01
-2.885237607856591424e+01 -2.646002474698153506e+01
-2.855193416277567664e+01 -2.646919820215794772e+01
-2.863248122235139093e+01 -2.605286179579697503e+01
-2.857213024795055389e+01 -2.653068383947595521e+01
-2.885988987982273102e+01 -2.608344741920372201e+01
-2.855725038051605225e+01 -2.641895024188153229e+01
-2.859573810299237451e+01 -2.565598918865253353e+01
-2.864842877288659295e+01 -2.683811943252365140e+01
-2.845575100183486938e+01 -2.642330600688983822e+01
-2.883761059741179267e+01 -2.630770197781649600e+01
-2.863848605751991272e+01 -2.613915901679497367e+01
-2.874104422330856323e+01 -2.577637385083483323e+01
-2.884986214836438378e+01 -2.622856969957227946e+01
-2.864224239687125007e+01 -2.671939631870814580e+01
-2.868104878067970276e+01 -2.626295609907670325e+01
-2.887521051863829413e+01 -2.600578744070870485e+01
-2.876477167507012567e+01 -2.662502405240938330e+01
-2.858651505410671234e+01 -2.554818685952719193e+01
-2.879991694788138190e+01 -2.646553470562030697e+01
-2.878757501641909400e+01 -2.612393557560908164e+01
-2.871740678449471673e+01 -2.641004686231736898e+01
-2.816269510984420776e+01 -2.545550878945883255e+01
-2.798086662590503693e+01 -2.563299830548174896e+01
-2.858104566236336908e+01 -2.615149604500114222e+01
-2.864752532045046607e+01 -2.679812057296951266e+01
-2.864941283563772956e+01 -2.571048886435372438e+01
-2.861240089436372003e+01 -2.602597395166174010e+01
-2.875725463529427728e+01 -2.612404495090633105e+01
-2.878152648111184320e+01 -2.637124093786462709e+01
-2.878223851323127747e+01 -2.606383784405596771e+01
-2.890600757797558984e+01 -2.594149615547873822e+01
-2.848595035076141357e+01 -2.549054564438857184e+01
-2.861458580692609033e+01 -2.658452036473658353e+01
-2.888266206781069556e+01 -2.569285729643586436e+01
-2.875038732588291168e+01 -2.527294152742856426e+01
-2.864211775362491608e+01 -2.609360328277984209e+01
-2.870915870865185937e+01 -2.635323133097066517e+01
-2.879263317088286200e+01 -2.528373242663098708e+01
-2.866300093630949775e+01 -2.640196961241883145e+01
-2.868041116495927056e+01 -2.306103905764492978e+01
-2.846554987132549286e+01 -2.627623151803945589e+01
-2.880873471995194635e+01 -2.564920264405089512e+01
-2.877657194932301721e+01 -2.626667390550885983e+01
-2.883777024845282355e+01 -2.606153993482713460e+01
-2.869786687692006311e+01 -2.644538780311485482e+01
-2.882929177582263947e+01 -2.617176486300183669e+01
-2.861067058642705163e+01 -2.638714574838613558e+01
-2.864631781975428382e+01 -2.592933511114739886e+01
-2.890229735275109491e+01 -2.657390383930949440e+01
-2.897880754868189612e+01 -2.656620685775558499e+01
-2.851555860539277276e+01 -2.564825863033146192e+01
-2.853520700832207879e+01 -2.620386842009309092e+01
-2.894696117937564850e+01 -2.601093570907394437e+01
-2.870769821604092797e+01 -2.592932889368626803e+01
-2.860375239451726159e+01 -2.673741828621207972e+01
-2.889755148688952247e+01 -2.649941808527166032e+01
-2.865810612340768060e+01 -2.626744520509397773e+01
-2.885189361373583594e+01 -2.661094695252257480e+01
-2.886903484662373742e+01 -2.602864089569488115e+01
-2.848972201844056329e+01 -2.413125893976781100e+01
-2.873846420149008551e+01 -2.655500057765415889e+01
-2.866062827905019006e+01 -2.545056850879223376e+01
-2.871768622100353241e+01 -2.629262437448873158e+01
-2.888035231828689575e+01 -2.568753294511274987e+01
-2.854513403773307800e+01 -2.500277474638703623e+01
-2.890335166951020440e+01 -2.592226860739967975e+01
-2.873532764116923133e+01 -2.598759974442519294e+01
-2.824229455987612525e+01 -2.592714384004667139e+01
-2.831786695122718811e+01 -2.649984089739911042e+01
-2.855416194597880164e+01 -2.645160390185071364e+01
-2.885119444628556451e+01 -2.651919838050743294e+01
-2.884992503623167792e+01 -2.606572520268427695e+01
-2.887484719852606574e+01 -2.604190464762898216e+01
-2.881219481428464135e+01 -2.555218674300552806e+01
-2.860396655400593957e+01 -2.655644816856879586e+01
-2.890120461583137512e+01 -2.558891152716302386e+01
-2.848938668767611304e+01 -2.552349720992051019e+01
-2.884169606367747107e+01 -2.582936517294351120e+01
-2.880886297921339789e+01 -2.613301680924056569e+01
-2.876348953942457953e+01 -2.640574378471869821e+01
-2.867161236206690589e+01 -2.655876454440030088e+01
-2.870531102021535119e+01 -2.639614006141563607e+01
-2.871380478143692017e+01 -2.670195656318169242e+01
-2.858598835766315460e+01 -2.621850140063793688e+01
-2.861645894745985785e+01 -2.572827782568993626e+01
-2.884179919461409369e+01 -2.566371516438273659e+01
-2.884631807108720025e+01 -2.658707180270900849e+01
-2.893744931121667108e+01 -2.464755899255925797e+01
-2.851204148431618890e+01 -2.569379561288016234e+01
-2.836926422516505042e+01 -2.632848023749017230e+01
-2.885025313496589661e+01 -2.615475387077826852e+01
-2.867091343303521356e+01 -2.580409293979793262e+01
-2.876991596321265021e+01 -2.551747706029322416e+01
-2.892824256916840753e+01 -2.683786746433802861e+01
-2.885029380023479462e+01 -2.654326272939706755e+01
-2.898884078363577643e+01 -2.675070594193099538e+01
-2.881495149433612823e+01 -2.648181712162958945e+01
-2.875895404318968573e+01 -2.615449719614796820e+01
-2.871002295613288879e+01 -2.641228958228965951e+01
-2.879541027545928955e+01 -2.580518393083052331e+01
-2.829519638419151306e+01 -2.617537914622913675e+01
-2.891690868635972222e+01 -2.579282683830756540e+01
-2.879920418560504913e+01 -2.649664180309741468e+01
-2.866198752323786536e+01 -2.654524171507203789e+01
-2.886125952502091607e+01 -2.673171923996566335e+01
-2.873097737133502960e+01 -2.621969356784572724e+01
-2.871704235176245490e+01 -2.627103411686884726e+01
-2.873467806478341302e+01 -2.618973459516252689e+01
-2.862380232413609704e+01 -2.534155877844079896e+01
-2.897438609103361884e+01 -2.622747889432040225e+01
-2.874168706933657447e+01 -2.606840350411155072e+01
-2.905654823283354560e+01 -2.650132540913371315e+01
-2.848612910509109497e+01 -2.667280615769423591e+01
-2.867985541621844092e+01 -2.593295003222180739e+01
-2.910117133458455285e+01 -2.669406028846641732e+01
-2.888616433739662170e+01 -2.615261045678869323e+01
-2.896030942598978797e+01 -2.617389698771687279e+01
-2.867462715506553650e+01 -2.590184863201983489e+01
-2.888146412372589111e+01 -2.634205937075924453e+01
-2.882072301705678186e+01 -2.664322766390713682e+01
-2.886190833151340485e+01 -2.605789115212180462e+01
-2.905084318419297418e+01 -2.559016163318188219e+01
-2.879610499739646912e+01 -2.608437144291865195e+01
-2.879595979054768762e+01 -2.687132029099898034e+01
-2.901121273636817932e+01 -2.489858852733265238e+01
-2.880451734860738000e+01 -2.667834376050280198e+01
-2.897282810509204865e+01 -2.672980194587212210e+01
-2.886320045093695441e+01 -2.635653475971965065e+01
-2.879570132990678033e+01 -2.668346949986048955e+01
-2.890757484237353125e+01 -2.626188820677918301e+01
-2.881629064182440558e+01 -2.632147348081910820e+01
-2.905068395038445672e+01 -2.633271504687024489e+01
-2.891080079476038733e+01 -2.646329416547502689e+01
-2.896532164514064789e+01 -2.658176464229435254e+01
-2.887630146245161811e+01 -2.620210891575008105e+01
-2.864001708229382714e+01 -2.514596979958670531e+01
-2.871189804871876916e+01 -2.583564769447623988e+01
-2.894034115970134735e+01 -2.526270050197452832e+01
-2.877658658226330957e+01 -2.652613736437512770e+01
-2.878174552321434021e+01 -2.622677353450230342e+01
-2.896147624651591101e+01 -2.642893912575461712e+01
-2.895892418424288550e+01 -2.671970753855519476e+01
-2.885853528479735175e+01 -2.503874882784756650e+01
-2.895826506117979804e+01 -2.649509007590157594e+01
-2.891165801882743835e+01 -2.646171772944462930e+01
-2.872691980997721473e+01 -2.585174087425330924e+01
-2.884429091215133667e+01 -2.654099018542797594e+01
-2.900434358417987823e+01 -2.635239618474787093e+01
-2.896905080974102020e+01 -2.688843530184262676e+01
-2.907488642632961273e+01 -2.494914134137042083e+01
-2.893227315942446509e+01 -2.612926250309138965e+01
-2.893407881259918213e+01 -2.549879178133877744e+01
-2.885189402103424072e+01 -2.430241510465547705e+01
-2.897914388279120246e+01 -2.644292952797629681e+01
-2.893017486731211463e+01 -2.664639968376654977e+01
-2.878621549407641211e+01 -2.690671910868062611e+01
-2.898707597951094428e+01 -2.645825579259302884e+01
-2.855586988230546197e+01 -2.678482902824104528e+01
-2.889465698103110114e+01 -2.541184705263608379e+01
-2.892662145694096765e+01 -2.547387853845373229e+01
-2.890272118647893151e+01 -2.579009109348445605e+01
-2.888926099240779877e+01 -2.545065978904823112e+01
-2.885996919870376587e+01 -2.619631601308847380e+01
-2.903652503093083581e+01 -2.611272970422521666e+01
-2.887548433244228363e+01 -2.626262969475287790e+01
-2.859127209583918372e+01 -2.605735726789994544e+01
-2.902185789247353753e+01 -2.569163523091898327e+01
-2.899948045114676276e+01 -2.582075787829114333e+01
-2.908593867719173431e+01 -2.595607267107282468e+01
-2.891692704955736914e+01 -2.608304100532036429e+01
-2.895269525547822198e+01 -2.607545391924969636e+01
-2.854284837345282355e+01 -2.683353168933422594e+01
-2.885493169724941254e+01 -2.639918350863766250e+01
-2.924218993882338324e+01 -2.701303588569938441e+01
-2.911161017417907715e+01 -2.583997285520875664e+01
-2.858831144372622290e+01 -2.650687814687753630e+01
-2.858085796236991882e+01 -2.626976865297788066e+01
-2.873843848208586493e+01 -2.626260574142654391e+01
-2.896563558280467987e+01 -2.464268842920080260e+01
-2.902791409194469452e+01 -2.660959689648120374e+01
-2.887304654717445374e+01 -2.624620506980202350e+01
-2.897790989279747009e+01 -2.618739098387879238e+01
-2.874938986698786536e+01 -2.538633235089190521e+01
-2.861309262613455573e+01 -2.656947978131182708e+01
-2.906352140009403229e+01 -2.677212303954285488e+01
-2.919711991151173791e+01 -2.649110320945838737e+01
-2.917192581295967102e+01 -2.638678208883706588e+01
-2.885849034289519111e+01 -2.573094107887961712e+01
-2.902682410677273950e+01 -2.681610061595966243e+01
-2.908070941766102990e+01 -2.581907019677100124e+01
-2.899711482723553857e+01 -2.674455117560052386e+01
-2.911928971111774445e+01 -2.651755424598594857e+01
-2.895558836062749108e+01 -2.619188274036754294e+01
-2.886603837211926660e+01 -2.639217780472396413e+01
-2.875169127682844916e+01 -2.562115094568822116e+01
-2.891004678358634195e+01 -2.691829072035752191e+01
-2.897022403279940406e+01 -2.624413101394454984e+01
-2.880786613126595697e+01 -2.660293754973968916e+01
-2.907738757133483887e+01 -2.646685647345208636e+01
-2.910992975036303321e+01 -2.624302762514584941e+01
-2.898137238621711731e+01 -2.624103038341968031e+01
-2.872806218266487122e+01 -2.621802342402470742e+01
-2.913652503490447998e+01 -2.618965505624746370e+01
-2.887916983664035797e+01 -2.666429032907857533e+01
-2.912502812345822534e+01 -2.571772959325220853e+01
-2.887866355478763580e+01 -2.547021907955021192e+01
-2.880741807818412781e+01 -2.619758490772990456e+01
-2.893094364802042762e+01 -2.665169672532515222e+01
-2.914356640477975091e+01 -2.632801417561320534e+01
-2.907673485577106476e+01 -2.604353983990557708e+01
-2.883718456824620446e+01 -2.630298527804287900e+01
-2.901219214002291480e+01 -2.662031295082785931e+01
-2.901004763444264611e+01 -2.651115457113687057e+01
-2.901230026781558990e+01 -2.663268490580769310e+01
-2.899553517500559607e+01 -2.608781361270260390e+01
-2.879962148020664969e+01 -2.623500571312842311e+01
-2.893909801542758942e+01 -2.643939367517248229e+01
-2.897282248735427856e+01 -2.627672711904946823e+01
-2.868550341824690619e+01 -2.538940273631702738e+01
-2.891321765383084497e+01 -2.565926951866645211e+01
-2.887919094661871711e+01 -2.665815298897879515e+01
-2.893077156444390496e+01 -2.577513049484847585e+01
-2.901707759499549866e+01 -2.553640278902920713e+01
-2.880247818926970282e+01 -2.626653225390942126e+01
-2.890383917589982232e+01 -2.664272863214666032e+01
-2.898396548628807068e+01 -2.654334519126198444e+01
-2.888637670874595642e+01 -2.607861907760818454e+01
-2.876168069243431091e+01 -2.614877284656871481e+01
-2.899625909825165948e+01 -2.666377055180537070e+01
-2.898242997626463691e+01 -2.597127139103876914e+01
-2.894725400706132135e+01 -2.554280689784458858e+01
-2.915924927095572272e+01 -2.655326181882387715e+01
-2.907517866293589393e+01 -2.646938076266994599e+01
-2.889463064571221551e+01 -2.637346422517454414e+01
-2.882894204556941986e+01 -2.612546481095351325e+01
-2.914375226696332177e+01 -2.597849466893580228e+01
-2.894337717692057410e+01 -2.651616264937759837e+01
-2.883087444802125177e+01 -2.665115819658551999e+01
-2.907673082252343377e+01 -2.526433667269619932e+01
-2.886449371278285980e+01 -2.650068795835817070e+01
-2.915913616120815277e+01 -2.682578493093515348e+01
-2.918919002016385278e+01 -2.509562148057021247e+01
-2.906280759970347205e+01 -2.644955347729967698e+01
-2.881360131998856744e+01 -2.677447410682579232e+01
-2.885244014859199524e+01 -2.635255605524236344e+01
-2.894738727807998657e+01 -2.641556203520143242e+01
-2.876848262548446655e+01 -2.640863703442858323e+01
-2.907814056674639502e+01 -2.651893484437620430e+01
-2.910417165358861169e+01 -2.649207697286234264e+01
-2.884751269221305847e+01 -2.672387881093210993e+01
-2.882811065018177032e+01 -2.625839227205747051e+01
-2.880495705455541611e+01 -2.557238653108671045e+01
-2.878316619495550910e+01 -2.702221121106828861e+01
-2.885414495070775232e+01 -2.515087605761243239e+01
-2.896105919778347015e+01 -2.515476885708895693e+01
-2.895712638398011407e+01 -2.632343931321974040e+01
-2.896316374838352203e+01 -2.671981786752676058e+01
-2.919914032022158423e+01 -2.655887062518627673e+01
-2.906978627045949182e+01 -2.568008791935908164e+01
-2.889969476064046106e+01 -2.665793609619140625e+01
-2.901497464378674707e+01 -2.679028388432093877e+01
-2.900146944820880890e+01 -2.627660198954792747e+01
-2.878351317998021841e+01 -2.581076926689643258e+01
-2.917164245247840881e+01 -2.583818430714793024e+01
-2.915429224570592126e+01 -2.645739282880510501e+01
-2.914679572979609290e+01 -2.604509409371908646e+01
-2.899242742359638214e+01 -2.634054572860916110e+01
-2.896795733273029327e+01 -2.631707203852666055e+01
-2.894660326341788092e+01 -2.594180292897410212e+01
-2.851554433504740516e+01 -2.680851723311783275e+01
-2.904525230824947357e+01 -2.563996233258928470e+01
-2.909928097327550134e+01 -2.684960754196365329e+01
-2.919523155192534247e+01 -2.641660687830540866e+01
-2.859768749773502350e+01 -2.683198438371930905e+01
-2.906394391258557519e+01 -2.573320904025783662e+01
-2.898601181308428565e+01 -2.620730263846261110e+01
-2.917333652575810632e+01 -2.638941087351216908e+01
-2.894964875777562341e+01 -2.578261426207307139e+01
-2.849137721459070960e+01 -2.664465138819310397e+01
-2.930149089793364325e+01 -2.640876092539205189e+01
-2.910193363825480262e+01 -2.523217067470798369e+01
-2.917065331836541375e+01 -2.630563235592532578e+01
-2.916166952252388000e+01 -2.507346404372871618e+01
-2.888599356512228766e+01 -2.386189017357764186e+01
-2.913135669132073602e+01 -2.646473659168590231e+01
-2.895797714591026306e+01 -2.632255014196618959e+01
-2.913774228096008301e+01 -2.663558737024084166e+01
-2.898721454540888587e+01 -2.647613778052392064e+01
-2.908797025680541992e+01 -2.580467360360281859e+01
-2.911334609985351562e+01 -2.645634888983392230e+01
-2.916166134178638458e+01 -2.486354040170644808e+01
-2.906128434836864471e+01 -2.676036651413162204e+01
-2.905123318731784821e+01 -2.686628601767800006e+01
-2.902755857507387915e+01 -2.643562619097821198e+01
-2.922483971714973450e+01 -2.679968788097431087e+01
-2.913655646642049035e+01 -2.551162585964450713e+01
-2.918235769371191779e+01 -2.665005057198660765e+01
-2.904121776421864709e+01 -2.533300109962364388e+01
-2.904791964590549469e+01 -2.677073969159807376e+01
-2.918574348588784417e+01 -2.507387801579066533e+01
-2.902224846680958947e+01 -2.695000995289195700e+01
-2.883310440679391107e+01 -2.673851573002802695e+01
-2.890955921510855475e+01 -2.641944295709783219e+01
-2.902704501152038574e+01 -2.564836078495174121e+01
-2.918696457644303521e+01 -2.589118841561404238e+01
-2.901745449999968329e+01 -2.655709115560952682e+01
-2.903320967157681665e+01 -2.626213633549677695e+01
-2.906221799552440643e+01 -2.633518545968192015e+01
-2.903846486906210700e+01 -2.660800044567553968e+01
-2.908764490981896600e+01 -2.574841786669446364e+01
-2.882287998497486115e+01 -2.517854688074681491e+01
-2.909085300564765930e+01 -2.595532235232266416e+01
-2.924982959032058716e+01 -2.575148887138862008e+01
-2.907852304975191871e+01 -2.614172368235402288e+01
-2.922939904530842981e+01 -2.652885245038317308e+01
-2.882610529164473334e+01 -2.650740243242932692e+01
-2.910384896894295892e+01 -2.635753153516100511e+01
-2.909084902207056800e+01 -2.674261563784116191e+01
-2.905072818696498871e+01 -2.680717661473658353e+01
-2.924947785834471503e+01 -2.633495234204577073e+01
-2.915894521276156226e+01 -2.686781878285593805e+01
-2.897054927547772607e+01 -2.632888551191850013e+01
-2.904916749894618988e+01 -2.655161045124004460e+01
-2.914945497612158576e+01 -2.645918683881883382e+01
-2.923656722903251648e+01 -2.633129441892945977e+01
-2.924651387333869934e+01 -2.612036182354022884e+01
-2.883907945950825891e+01 -2.704822513035365361e+01
-2.882406606773535529e+01 -2.696300263838334388e+01
-2.907124951978524408e+01 -2.598279997590300283e+01
-2.899851489067077637e+01 -2.687054775287578678e+01
-2.926377589503924170e+01 -2.643169967849533109e+01
-2.910578977564970771e+01 -2.541283595097529258e+01
-2.929015199343363562e+01 -2.656976152395273161e+01
-2.905041885375976562e+01 -2.644059846308324069e+01
-2.903815983732541284e+01 -2.566893588722526331e+01
-2.928679017225901404e+01 -2.651357713922277526e+01
-2.918222216268380365e+01 -2.555064065115792360e+01
-2.910069831212361535e+01 -2.577578145807439469e+01
-2.907460168997446814e+01 -2.611261273668958083e+01
-2.917499870061874390e+01 -2.638169169735598985e+01
-2.913061740994453430e+01 -2.548338108558159476e+01
-2.903232135872046271e+01 -2.645124997721089954e+01
-2.907386546830336371e+01 -2.617503662852497825e+01
-2.927376009523868561e+01 -2.601319295709783219e+01
-2.922651931643486023e+01 -2.638979489462716188e+01
-2.918666225671768188e+01 -2.618602321674297428e+01
-2.943730040887991706e+01 -2.620217329495913106e+01
-2.919985777139663696e+01 -2.655772134855196143e+01
-2.911469331880410394e+01 -2.717925730618563662e+01
-2.893455549081166467e+01 -2.629217308837097988e+01
-2.888941789092496037e+01 -2.689055048954951133e+01
-2.927334129313627997e+01 -2.554309578994651986e+01
-2.900459810594717780e+01 -2.574539885582861842e+01
-2.914677245418230811e+01 -2.655205409557788343e+01
-2.878304677208264550e+01 -2.439744612458464346e+01
-2.910792708396911621e+01 -2.578209787839418965e+01
-2.926108097533385077e+01 -2.589434685645165501e+01
-2.931516227126121521e+01 -2.643169962895380820e+01
-2.918700518707434455e+01 -2.625022779192243405e+01
-2.917836769918600837e+01 -2.654037079253754072e+01
-2.913457891841729364e+01 -2.624903699329921025e+01
-2.903153373797734460e+01 -2.645766976591828623e+01
-2.918494185805320740e+01 -2.657885719893814525e+01
-2.937978407243887702e+01 -2.633103622089732809e+01
-2.924149907628695289e+01 -2.662347746514654645e+01
-2.932554096976916114e+01 -2.666282336742846937e+01
-2.904387845595677575e+01 -2.497375667869270544e+01
-2.924981422225634375e+01 -2.668930212243810729e+01
-2.913208885490894318e+01 -2.595225557104333802e+01
-2.913885131975014886e+01 -2.648296146888237601e+01
-2.924808083474636078e+01 -2.671300308425704984e+01
-2.912374169131119928e+01 -2.651031575884137936e+01
-2.927397283911705017e+01 -2.639604888024268092e+01
-2.903504056235154351e+01 -2.685822667704000111e+01
-2.924563403427600861e+01 -2.576447192105380068e+01
-2.898416884740193566e+01 -2.674517131161380235e+01
-2.904511582851409912e+01 -2.664427427812056237e+01
-2.929389411211013794e+01 -2.576725475664262532e+01
-2.917980068425337592e+01 -2.672085771932230358e+01
-2.924825555086135864e+01 -2.643676630243078307e+01
-2.929407462477684021e+01 -2.521854068706561947e+01
-2.898793333272139350e+01 -2.632226548876081296e+01
-2.915933202207088470e+01 -2.650685357428216449e+01
-2.913259138166904449e+01 -2.636233495737051058e+01
-2.929422635833422461e+01 -2.641815988119546432e+01
-2.908752817412217340e+01 -2.646287551483550615e+01
-2.917174531022707740e+01 -2.662368281475909271e+01
-2.957788989941279212e+01 -2.636927121645444316e+01
-2.909102649490038672e+01 -2.646769848117580537e+01
-2.929453606903553009e+01 -2.632831652752764739e+01
-2.914167419572671136e+01 -2.663137029672597933e+01
-2.921289841334025184e+01 -2.634123668422946807e+01
-2.929123195509115973e+01 -2.601428212747945423e+01
-2.921414462228615960e+01 -2.616443123755517064e+01
-2.908202149470647058e+01 -2.621577687696976966e+01
-2.938253320753574371e+01 -2.648251265984076852e+01
-2.921699589987595758e+01 -2.668013727510130195e+01
-2.916433163483937463e+01 -2.528919777312836104e+01
-2.911673451463381568e+01 -2.599448986796589622e+01
-2.876522412896156311e+01 -2.639981677315451947e+01
-2.902206332484881202e+01 -2.601621823496632757e+01
-2.929021943608919898e+01 -2.650840670102602559e+01
-2.936510830620924750e+01 -2.662114216445328196e+01
-2.921982202430566034e+01 -2.692171504280783978e+01
-2.926431808372338494e+01 -2.627828636417141084e+01
-2.881948338945706567e+01 -2.470160362937233600e+01
-2.899117491642634192e+01 -2.613607800471318399e+01
-2.905146788557370385e+01 -2.643951936201615638e+01
-2.903828113277753076e+01 -2.638237847910298939e+01
-2.907147194941838464e+01 -2.533987248408330117e+01
-2.925484687089920044e+01 -2.605500211344136829e+01
-2.907757738729317865e+01 -2.622775196719479140e+01
-2.937111374735832214e+01 -2.656143946461863337e+01
-2.938166403273741523e+01 -2.546774264744349736e+01
-2.906299508114655694e+01 -2.641946889208508864e+01
-2.929108113547166070e+01 -2.653053073139933815e+01
-2.892353570461273193e+01 -2.665944587410270472e+01
-2.887120878696441650e+01 -2.634750078870104417e+01
-2.917238389452298364e+01 -2.668377752427931071e+01
-2.920717861255009851e+01 -2.659945588297658148e+01
-2.933108366529146949e+01 -2.672760588162905293e+01
-2.935372935235500336e+01 -2.653268132890973874e+01
-2.908917730053265771e+01 -2.589088002737466354e+01
-2.933888829251130304e+01 -2.606071139001226911e+01
-2.876234550277392188e+01 -2.650254697923536540e+01
-2.935645026961962500e+01 -2.616926471908370999e+01
-2.939967372516791144e+01 -2.634898141142609873e+01
-2.921168436606724939e+01 -2.685519189958448649e+01
-2.900863772630691528e+01 -2.646245151371150683e+01
-2.887375028431415558e+01 -2.593719103429224759e+01
-2.937077338000138482e+01 -2.678722084342659215e+01
-2.900665083527565002e+01 -2.552931469137018539e+01
-2.932205581168333808e+01 -2.639529997342592793e+01
-2.935897067189216614e+01 -2.617229659836013766e+01
-2.934783551593621453e+01 -2.673556981767926999e+01
-2.918563675383726874e+01 -2.689344505210975456e+01
-2.894677562514941016e+01 -2.662446732954545325e+01
-2.916808228691418847e+01 -2.645905212303260612e+01
-2.908141099413235864e+01 -2.641541549137660283e+01
-2.946865541736285010e+01 -2.624326743088759528e+01
-2.911529088020324707e+01 -2.652611043855741357e+01
-2.910797831416130066e+01 -2.633815795105773105e+01
-2.928296576937039575e+01 -2.620643827512666846e+01
-2.946752422054608544e+01 -2.632690832212373877e+01
-2.907658708592255792e+01 -2.679994469184380179e+01
-2.927580747008323669e+01 -2.624771633395900849e+01
-2.930988476673762122e+01 -2.676327369739482975e+01
-2.929432227710882941e+01 -2.590616337664715729e+01
-2.942171760896841803e+01 -2.680304267189719525e+01
-2.944195802509784698e+01 -2.652542304992675781e+01
-2.938518971204757690e+01 -2.677145398127568399e+01
-2.942660440504550934e+01 -2.612615738905869378e+01
-2.938607571522394935e+01 -2.471804371127834443e+01
-2.936681923270225525e+01 -2.681446694708489886e+01
-2.924486196537812432e+01 -2.522102154075325231e+01
-2.918095858395099640e+01 -2.659518890876274710e+01
-2.915790449082851410e+01 -2.535592552284141732e+01
-2.928571338951587677e+01 -2.643374949616271152e+01
-2.921287553509076318e+01 -2.663351186529382630e+01
-2.935011627773443976e+01 -2.603595490269846735e+01
-2.891729771283765515e+01 -2.632348671207180146e+01
-2.944298514227072516e+01 -2.616853569080303288e+01
-2.940463092426459113e+01 -2.634435482768269310e+01
-2.913755983610947808e+01 -2.623709748008034381e+01
-2.941942119598388672e+01 -2.572705358034604473e+01
-2.909573011100292206e+01 -2.681382791098062057e+01
-2.908513017495473107e+01 -2.547068785382555589e+01
-2.947399967412153998e+01 -2.705304828247466631e+01
-2.923390981058279792e+01 -2.637253206426447250e+01
-2.932767405609289924e+01 -2.597287021983753519e+01
-2.935500242312749108e+01 -2.656241623767010651e+01
-2.911502332985401154e+01 -2.468095080883471937e+01
-2.894823488344748696e+01 -2.630180798567734612e+01
-2.903713737924893579e+01 -2.647506357168222380e+01
-2.928390511373678962e+01 -2.557916888942966338e+01
-2.901930604378382483e+01 -2.600328430572113447e+01
-2.933722827831904212e+01 -2.644942754274838848e+01
-2.908574164658784866e+01 -2.644437284593458415e+01
-2.883483912050724030e+01 -2.682107152567281361e+01
-2.932235695421695709e+01 -2.501474099345021429e+01
-2.922531204422314843e+01 -2.641979182850230856e+01
-2.924255596101284027e+01 -2.700608402103572558e+01
-2.946205782890319824e+01 -2.623967662414947100e+01
-2.925272589425246039e+01 -2.639347755134879847e+01
-2.937068911393483361e+01 -2.654678240689364443e+01
-2.915663381417592248e+01 -2.628048827431418744e+01
-2.924909996489683905e+01 -2.691706851860145377e+01
-2.929536016782124719e+01 -2.668955059794636497e+01
-2.915351097782452783e+01 -2.602607810032831992e+01
-2.912590206166108331e+01 -2.658710611021363945e+01
-2.929868878920872888e+01 -2.648559401871322194e+01
-2.934593439102172852e+01 -2.579350221311891289e+01
-2.944111882150173187e+01 -2.603369660810990638e+01
-2.938829229772090912e+01 -2.635076180990640182e+01
-2.925524688760439673e+01 -2.617093217527711602e+01
-2.935316366950670997e+01 -2.669898973192487546e+01
-2.953626551727453986e+01 -2.622460107679490804e+01
-2.896667878329753876e+01 -2.665197607758757314e+01
-2.944287331899007043e+01 -2.649959232280780697e+01
-2.948214687407016754e+01 -2.590990809651164284e+01
-2.927312523126602173e+01 -2.635334490491198167e+01
-2.934672912458578864e+01 -2.665898320582005709e+01
-2.949260249733924866e+01 -2.681956271382121315e+01
-2.927838195860385895e+01 -2.627954218604347858e+01
-2.944778211414813995e+01 -2.563139766841739942e+01
-2.892197458446025848e+01 -2.655221843719482422e+01
-2.931581785281499108e+01 -2.659356989179338626e+01
-2.940414639810721198e+01 -2.617825696375462741e+01
-2.924536881844202796e+01 -2.511320642372230338e+01
-2.943550418814023217e+01 -2.578240236678680830e+01
-2.885660208761692047e+01 -2.559899691482642936e+01
-2.911092376708984375e+01 -2.635519322482022275e+01
-2.932948638995488366e+01 -2.549952245687509489e+01
-2.937271040678024292e+01 -2.614789167627111510e+01
-2.950034318367640296e+01 -2.669982414741020804e+01
-2.956901890039443970e+01 -2.644664680183707972e+01
-2.930458422501881799e+01 -2.496755420387565394e+01
-2.932192190488179406e+01 -2.531493217914135485e+01
-2.930075341959794244e+01 -2.646615347924170436e+01
-2.943192962805430213e+01 -2.680599809002566758e+01
-2.924930518368880072e+01 -2.567333924925172539e+01
-2.947112383941809455e+01 -2.636042306330296725e+01
-2.935718519488970557e+01 -2.629315124858509378e+01
-2.950121702750523767e+01 -2.647970358117834166e+01
-2.947967681785424432e+01 -2.593683034723455094e+01
-2.950048947830994805e+01 -2.658690435855419665e+01
-2.943555745979150018e+01 -2.685138192114892064e+01
-2.927038391927878180e+01 -2.663700331650771247e+01
-2.907730170587698737e+01 -2.554722236038802663e+01
-2.917516237994034967e+01 -2.667046842946634655e+01
-2.932666469117005548e+01 -2.670999248306472751e+01
-2.964646133283774176e+01 -2.666930575185007868e+01
-2.947266978025436401e+01 -2.646222206214805794e+01
-2.925121345619360724e+01 -2.660267753105658883e+01
-2.921943989892800531e+01 -2.589253423121068209e+01
-2.960751604537169257e+01 -2.625593927309110498e+01
-2.942309460043907166e+01 -2.628575321296592904e+01
-2.921884125471115112e+01 -2.687205177158504199e+01
-2.943806091447671136e+01 -2.686633325552011442e+01
-2.929772914449373999e+01 -2.661754416180895433e+01
-2.915740699072678765e+01 -2.651304393619685840e+01
-2.925166509548823157e+01 -2.648894928028057194e+01
-2.943800452848275384e+01 -2.552441956160904368e+01
-2.947587496042251587e+01 -2.528320069746537513e+01
-2.938706329464912415e+01 -2.628684167738084554e+01
-2.940343293050925055e+01 -2.692748487150514336e+01
-2.920725994308789453e+01 -2.610323032775482588e+01
-2.938143570224444190e+01 -2.607622597434303913e+01
-2.917750749985377112e+01 -2.600619979957481576e+01
-2.924661103884379187e+01 -2.673253272415755788e+01
-2.910942721863587579e+01 -2.637887781316583968e+01
-2.947392653922240058e+01 -2.634966032845633421e+01
-2.958813240627447883e+01 -2.646907502954656266e+01
-2.941843892633914948e+01 -2.613365755452738171e+01
-2.933674969772497931e+01 -2.646012509333623086e+01
-2.927269177635510644e+01 -2.674407916874080371e+01
-2.942905344069004059e+01 -2.646803779106635446e+01
-2.918254887064297876e+01 -2.652419839586530514e+01
-2.940577775736649713e+01 -2.630055395349279479e+01
-2.928905012210210046e+01 -2.586022287839418965e+01
-2.916811521848042688e+01 -2.568962406802486953e+01
-2.954391612112522125e+01 -2.620468327906224459e+01
-2.946157237887382507e+01 -2.600698030149781914e+01
-2.945530304312705994e+01 -2.640479345445509196e+01
-2.953285933534304419e+01 -2.620202994656253281e+01
-2.936201012631257257e+01 -2.644118312736610221e+01
-2.919006759425004205e+01 -2.690948856651008825e+01
-2.946824799478054047e+01 -2.661186592300216702e+01
-2.919894196093082428e+01 -2.573031514650815410e+01
-2.939861010015010834e+01 -2.612485640389578734e+01
-2.921066019932429114e+01 -2.600963493446251107e+01
-2.959123662114143372e+01 -2.706581126869498988e+01
-2.948466567198435584e+01 -2.656815821164614277e+01
-2.936213437219460687e+01 -2.609604976703594303e+01
-2.950783812006314477e+01 -2.638282208628468695e+01
-2.953052205840746680e+01 -2.639799339740307360e+01
-2.917773635685443878e+01 -2.567038100106375609e+01
-2.932849572598934174e+01 -2.583727378969068766e+01
-2.923279862602551660e+01 -2.614846202305384892e+01
-2.945100081463654718e+01 -2.608052440742393685e+01
-2.940022324025630951e+01 -2.663260648157689303e+01
-2.918150347967942437e+01 -2.640140651108382741e+01
-2.939672014117240906e+01 -2.589533700571431751e+01
-2.946627779304981232e+01 -2.623136953874067956e+01
-2.957870184381802758e+01 -2.659212413391509600e+01
-2.945364705224831781e+01 -2.643638137718299674e+01
-2.940875440835952759e+01 -2.659893351715880527e+01
-2.945402516424655914e+01 -2.631977452860250111e+01
-2.944043650726477424e+01 -2.579355129638275557e+01
-2.948347584406534949e+01 -2.661745155631721715e+01
-2.962050960958003998e+01 -2.592848312080680628e+01
-2.924278020858764648e+01 -2.634465390985662125e+01
-2.927462178965409478e+01 -2.671644771873176794e+01
-2.954859629770119867e+01 -2.674896998219675837e+01
-2.963831141591072083e+01 -2.662096982188039007e+01
-2.936518215636412421e+01 -2.651149784434925394e+01
-2.909970893462498864e+01 -2.589453691631168653e+01
-2.929193124175071716e+01 -2.697473134622945423e+01
-2.914604994157950202e+01 -2.615073874089625150e+01
-2.916037545104821405e+01 -2.662545212832364072e+01
-2.926640254259109497e+01 -2.546835219395624961e+01
-2.919749681651592255e+01 -2.667874543697802991e+01
-2.945586808025836945e+01 -2.528788814296970244e+01
-2.944460735221703729e+01 -2.645465562869976139e+01
-2.949894632895787439e+01 -2.638464831686639300e+01
-2.953497567276160041e+01 -2.637195924040559092e+01
-2.932580156624317169e+01 -2.638328679815515443e+01
-2.957561023533344269e+01 -2.610332768923276348e+01
-2.944723910590012750e+01 -2.649738581768878021e+01
-2.940136538942654809e+01 -2.613798344599736367e+01
-2.902772890528042993e+01 -2.688395225227653285e+01
-2.939112993578116217e+01 -2.565213764487922887e+01
-2.927081727484862128e+01 -2.546644988617339678e+01
-2.926832142472267151e+01 -2.458657893886813994e+01
-2.926074051360289374e+01 -2.694030615571257314e+01
-2.941786303122838220e+01 -2.677149376311859541e+01
-2.953621506194273749e+01 -2.637481924775358877e+01
-2.947053510944048682e+01 -2.609893517679982367e+01
-2.961962423721949378e+01 -2.604540027271617575e+01
-2.938257482151190558e+01 -2.633137021745954343e+01
-2.943236553172270575e+01 -2.563461618299607991e+01
-2.962622862557570258e+01 -2.575392465467576741e+01
-2.946113287905852118e+01 -2.605659581469251052e+01
-2.933661591013272485e+01 -2.636588775337516566e+01
-2.951622943580150604e+01 -2.535618744887314691e+01
-2.945828828215599060e+01 -2.611893397492247715e+01
-2.947134655217329779e+01 -2.674194249239834775e+01
-2.945863193273544312e+01 -2.564500694770317679e+01
-2.953226892153422156e+01 -2.646192021803422278e+01
-2.966159376005331794e+01 -2.668874413007265645e+01
-2.936814362804095069e+01 -2.658382634373454323e+01
-2.956625535090764245e+01 -2.692493161288174619e+01
-2.915860141317049781e+01 -2.617318789989917249e+01
-2.937989706794420997e+01 -2.648585897916323262e+01
-2.962051891287167749e+01 -2.667124350659258880e+01
-2.951338999966780463e+01 -2.625069562490884323e+01
-2.959367867807547370e+01 -2.642414593386959609e+01
-2.917769353588422021e+01 -2.587057736632111826e+01
-2.928551671902338782e+01 -2.670138584483753519e+01
-2.952893276512622833e+01 -2.553443708048238392e+01
-2.937761723001797876e+01 -2.651735980789382907e+01
-2.911125623186429223e+01 -2.624960855384925651e+01
-2.948557271063327789e+01 -2.579746392485383311e+01
-2.901837515334288398e+01 -2.578715811147318249e+01
-2.913792219758033752e+01 -2.617353023182262106e+01
-2.951711573700110236e+01 -2.609761341516073685e+01
-2.937214750051498413e+01 -2.589208333523242445e+01
-2.944887743393580237e+01 -2.638918145291216888e+01
-2.942223292092482367e+01 -2.570456554982569486e+01
-2.961120987931887427e+01 -2.548839452669217920e+01
-2.946756252646446228e+01 -2.652083649573388158e+01
-2.972275306284427643e+01 -2.640343569470690355e+01
-2.944840400914351264e+01 -2.672607174167385224e+01
-2.906272284189860144e+01 -2.584851222843318652e+01
-2.931662277380625525e+01 -2.632420980775511055e+01
-2.925797199209531030e+01 -2.660429387278371038e+01
-2.956977916260560235e+01 -2.672479817774388522e+01
-2.938523467381795129e+01 -2.633982410678615693e+01
-2.954665468136469642e+01 -2.621922090456083154e+01
-2.947049276034037391e+01 -2.680867160450328512e+01
-2.942931202054023743e+01 -2.515732737949916142e+01
-2.945278711616992950e+01 -2.641021619524274655e+01
-2.939229459067185601e+01 -2.602435795672528229e+01
-2.954043128589789191e+01 -2.549536139005190449e+01
-2.942828054726123810e+01 -2.517748314374453145e+01
-2.931338465213775635e+01 -2.651087276656906155e+01
-2.963746996720631799e+01 -2.627882961174110221e+01
-2.938175939023494720e+01 -2.667268943786621094e+01
-2.956957368552684784e+01 -2.658094477963138047e+01
-2.940761360029379645e+01 -2.559248485812893037e+01
-2.921939712762832642e+01 -2.637096162275834388e+01
-2.962810666859149933e+01 -2.608978644284335147e+01
-2.962853684027989587e+01 -2.603999510059108857e+01
-2.965735527376333991e+01 -2.578301416124616452e+01
-2.930287428696950158e+01 -2.600143627067664909e+01
-2.920005317032337189e+01 -2.539639617870380306e+01
-2.937172589202721795e+01 -2.632200103611140918e+01
-2.956473969419797143e+01 -2.651778354892482881e+01
-2.951179708540439606e+01 -2.630382944082284880e+01
-2.955593016246954718e+01 -2.607706782105681143e+01
-2.943315148850281915e+01 -2.670101388708337709e+01
-2.961032786468664924e+01 -2.486303357954149007e+01
-2.935350949068864068e+01 -2.580805429235681459e+01
-2.945885513722896576e+01 -2.580553698849368516e+01
-2.963833305736382684e+01 -2.678233624743176833e+01
-2.942612753808498383e+01 -2.580666171730338831e+01
-2.949718966583411017e+01 -2.665146879716353112e+01
-2.970727221667766571e+01 -2.698048641155292415e+01
-2.957434602081775665e+01 -2.645037284454742021e+01
-2.937844729423522949e+01 -2.642396742337709981e+01
-2.956876583894093713e+01 -2.611987329458261442e+01
-2.918232171734173974e+01 -2.640041955724939271e+01
-2.963551165163516998e+01 -2.619835512978690062e+01
-2.959954692423343658e+01 -2.659341963854702939e+01
-2.959710455934206763e+01 -2.592028904580450543e+01
-2.958264622092247009e+01 -2.630197512639033164e+01
-2.913681430617968360e+01 -2.659860229492187500e+01
-2.923239606122175971e+01 -2.698236279673390570e+01
-2.948705943425496301e+01 -2.678071584329976673e+01
-2.956273745993773261e+01 -2.701739867321856536e+01
-2.967383489509423455e+01 -2.593131012111515332e+01
-2.959602078795433044e+01 -2.634540549191561709e+01
-2.945601471761862555e+01 -2.584694651814250221e+01
-2.950583171844482422e+01 -2.664619812408050947e+01
-2.940503896772861481e+01 -2.634136188804329137e+01
-2.936175090074539185e+01 -2.623093569123899726e+01
-2.950553371012210846e+01 -2.580797376261129017e+01
-2.954147397478421411e+01 -2.615541448221578236e+01
-2.955452967186768731e+01 -2.679200473389068193e+01
-2.966057898104190826e+01 -2.579655774227984466e+01
-2.968158237636089325e+01 -2.633681336935464401e+01
-2.930803731083869934e+01 -2.593103885650634766e+01
-2.905055006841818610e+01 -2.658090604435313864e+01
-2.960185431937376777e+01 -2.612485455228136644e+01
-2.916760789851347724e+01 -2.545435589629334316e+01
-2.940708604454994202e+01 -2.679617167138433942e+01
-2.943553870419661322e+01 -2.644712596125416937e+01
-2.948955128093560418e+01 -2.602724936720612803e+01
-2.940458105504512787e+01 -2.617089332233775778e+01
-2.935613632202148438e+01 -2.608407135752888450e+01
-2.962576936185359955e+01 -2.645981648680451670e+01
-2.978010117510954657e+01 -2.578133370659568158e+01
-2.935480678826570511e+01 -2.628930716081099206e+01
-2.964874939620494843e+01 -2.683911401575261735e+01
-2.936799258987108985e+01 -2.623046040225338515e+01
-2.984036514163017273e+01 -2.633259473528180905e+01
-2.961815974613030633e+01 -2.623656246878883991e+01
-2.932146314283211908e+01 -2.613007379507089567e+01
-2.958399983743826667e+01 -2.656141486725249834e+01
-2.958220733702182770e+01 -2.703640268994616136e+01
-2.972889466087023536e+01 -2.688409204606886149e+01
-2.960013451675574103e+01 -2.643487553163008386e+01
-2.952884276211261749e+01 -2.654322556086949092e+01
-2.917867576579252997e+01 -2.618825199696924955e+01
-2.961592950423558435e+01 -2.688740321568080205e+01
-2.956407161056995392e+01 -2.597791576385498047e+01
-2.958443403244018555e+01 -2.637225743083210716e+01
-2.943322545289993286e+01 -2.673167206405044993e+01
-2.953953239321708679e+01 -2.642641609984558926e+01
-2.947135514020919800e+01 -2.612852055685860719e+01
-2.951881739993890008e+01 -2.625799888759464551e+01
-2.957527663310368737e+01 -2.695097757314706755e+01
-2.947875496248404303e+01 -2.633063630933885335e+01
-2.963187230626742164e+01 -2.619509874071393796e+01
-2.967925873398780823e+01 -2.597835076319707071e+01
-2.967922424276669702e+01 -2.626554687301834079e+01
-2.978348622719446936e+01 -2.627704835866952848e+01
-2.971124168733755866e+01 -2.628177855850814382e+01
-2.944677136341730872e+01 -2.542989843541925765e+01
-2.972539989153544226e+01 -2.623399408761557083e+01
-2.956101547678311547e+01 -2.635655240888719320e+01
-2.969830312828223029e+01 -2.613368156978062373e+01
-2.958543436229228973e+01 -2.569495240744058151e+01
-2.955441688497861108e+01 -2.635542562410428857e+01
-2.943519430359204492e+01 -2.677396078852864036e+01
-2.989178228875001153e+01 -2.606026343556193581e+01
-2.955337216953436652e+01 -2.592610671303489056e+01
-2.950965745250384131e+01 -2.630310388044877357e+01
-2.909393534064292908e+01 -2.622460333093420104e+01
-2.930473769207795343e+01 -2.525107601710728389e+01
-2.918816832204659661e+01 -2.703288321061567956e+01
-2.946309331556161126e+01 -2.625099746902267484e+01
-2.928186281025409698e+01 -2.663354598701774378e+01
-2.931749482949574670e+01 -2.489852230270187405e+01
-2.961495158076286316e+01 -2.681782472288453789e+01
-2.967352936665217200e+01 -2.676169147739162568e+01
-2.951556108891963959e+01 -2.634265002956638213e+01
-2.953327021002769470e+01 -2.585803183023031693e+01
-2.958438020447890082e+01 -2.617800850063175488e+01
-2.958056934177875519e+01 -2.648653061358959704e+01
-2.951245254278182983e+01 -2.603250762394496221e+01
-2.945377470056216040e+01 -2.441501290457589235e+01
-2.963796817262967309e+01 -2.579110058871182432e+01
-2.965834592282772064e+01 -2.602151185815984391e+01
-2.951782066126664361e+01 -2.580162014899315892e+01
-2.967343401412169257e+01 -2.618806799356039505e+01
-2.975488738715648651e+01 -2.658820158475405293e+01
-2.946643397708733758e+01 -2.686845109369847506e+01
-2.933616305390993872e+01 -2.641614077927230397e+01
-2.955142962435881415e+01 -2.517429691166072558e+01
-2.954380008578300476e+01 -2.565979729689560784e+01
-2.965105979144573212e+01 -2.575036590130298109e+01
-2.939258593320846558e+01 -2.631255417365532523e+01
-2.953266745309035102e+01 -2.647270036672616911e+01
-2.945587811370690545e+01 -2.492094251707002783e+01
-2.960306435326735297e+01 -2.663171381764597712e+01
-2.949677611390749732e+01 -2.660681853356299342e+01
-2.947630622486273566e+01 -2.605230384678035449e+01
-2.957409899433453759e+01 -2.554243402357225179e+01
-2.909164901574452600e+01 -2.646989679955816754e+01
-2.945987703402836999e+01 -2.654719000977355137e+01
-2.936146661142508307e+01 -2.526370965041123284e+01
-2.953884623448054114e+01 -2.597633233008446751e+01
-2.955073405802249908e+01 -2.583280337940562887e+01
-2.954175239801406860e+01 -2.612401320717551556e+01
-2.967187971870104590e+01 -2.634876560855221328e+01
-2.956939696768919745e+01 -2.599519509154480801e+01
-2.945267150799433509e+01 -2.599034412185867282e+01
-2.952886387209097663e+01 -2.639834021283434495e+01
-2.985984785854816437e+01 -2.661205881292169906e+01
-2.971555506189664086e+01 -2.630541496772270804e+01
-2.954896680514017859e+01 -2.593727877232935697e+01
-2.963789097468058387e+01 -2.651346464280958415e+01
-2.940640437106291571e+01 -2.675027141323337432e+01
-2.959297635654608527e+01 -2.622054417102367907e+01
-2.949269129832585534e+01 -2.670413901589133587e+01
-2.966862359146277228e+01 -2.628707041059221439e+01
-2.955418920020262519e+01 -2.594267646987716702e+01
-2.936480569342772284e+01 -2.495948005032229844e+01
-2.969708750645319739e+01 -2.546185469937015000e+01
-2.962691261867682258e+01 -2.650352772799405088e+01
-2.933782902856667718e+01 -2.580592767294351120e+01
-2.933351416389147559e+01 -2.649379994033218821e+01
-2.957994317015011987e+01 -2.579244053828251992e+01
-2.955146333078543464e+01 -2.654791797291148825e+01
-2.947009319563706597e+01 -2.641367404491870374e+01
-2.956324124832947930e+01 -2.673531329167353476e+01
-2.946767042577266693e+01 -2.644415781095430518e+01
-2.957127236326535424e+01 -2.615830478420505401e+01
-2.960643359025319299e+01 -2.686055292401994876e+01
-2.968112310767173767e+01 -2.643758829537924271e+01
-2.963120182851950446e+01 -2.636667214430771722e+01
-2.954730344315369805e+01 -2.663262280550869932e+01
-2.975897458195686340e+01 -2.634773094623119860e+01
-2.945738550027211389e+01 -2.666660349709647093e+01
-2.929542761544386664e+01 -2.649325038860370540e+01
-2.926504310468832770e+01 -2.564100800551377191e+01
-2.953228339056174079e+01 -2.653694572696437959e+01
-2.977556654314200202e+01 -2.616441929804814492e+01
-2.964823269347349921e+01 -2.635944451914205189e+01
-2.968566852311293403e+01 -2.679380260814319925e+01
-2.966394913693268975e+01 -2.674720295992764463e+01
-2.934512088199456414e+01 -2.626527406023694411e+01
-2.962294085820515832e+01 -2.644846378673206644e+01
-2.969653686881065369e+01 -2.666972118229060840e+01
-2.978176951408386230e+01 -2.662008503505161983e+01
-2.976007167001565179e+01 -2.606678004079050837e+01
-2.971171719332535943e+01 -2.633644869420435697e+01
-2.957488210499286652e+01 -2.560434252255922871e+01
-2.962184582153956214e+01 -2.649921269850297278e+01
-2.968369864920775214e+01 -2.559857670672528229e+01
-2.943245161573092261e+01 -2.647171206288523493e+01
-2.963352223734061042e+01 -2.687069370220233822e+01
-2.956293360888957977e+01 -2.620724477396382923e+01
-2.973200375338395318e+01 -2.609275891564109173e+01
-2.943321435650189599e+01 -2.604607655785300580e+01
-2.945625877877076348e+01 -2.637535263656021556e+01
-2.953506789108117303e+01 -2.509467823474438219e+01
-2.950901157657305518e+01 -2.600361262977897425e+01
-2.942976940671603003e+01 -2.636106962971873102e+01
