# Train Val
-7.914743779848019578e+00 -8.554814827906621844e+00
-8.615284495055675507e+00 -8.650973549136868002e+00
-8.666277720282474561e+00 -8.725493201961764811e+00
-8.852724923441806837e+00 -9.407113161954013592e+00
-1.050620830183227916e+01 -1.226961251048298607e+01
-1.209696869800488095e+01 -1.188537658344615622e+01
-1.304833232363065143e+01 -1.316920499677781997e+01
-1.348963914563258548e+01 -1.428839640183882231e+01
-1.366243670632441898e+01 -1.379502224612545724e+01
-1.387732022007306476e+01 -1.475066207291243892e+01
-1.405394210914770703e+01 -1.455786352033739028e+01
-1.399604533116022687e+01 -1.395855761193609901e+01
-1.433918407062689404e+01 -1.321168173752821851e+01
-1.405957715958356857e+01 -1.152723530360630555e+01
-1.444128937522570233e+01 -1.283981740629518242e+01
-1.424491931498050690e+01 -1.126257724266547733e+01
-1.467539436370134354e+01 -1.309952927874280348e+01
-1.468097927918036838e+01 -1.450572662848930783e+01
-1.477413571874300580e+01 -1.518524423822180047e+01
-1.469074906160434146e+01 -1.519396071000532622e+01
-1.489437857021888156e+01 -1.537774073613154435e+01
-1.496054889758427997e+01 -1.380425650113588887e+01
-1.492459698021411896e+01 -1.444105508730008935e+01
-1.503738848119974136e+01 -1.475601974090972490e+01
-1.518190191686153412e+01 -1.564290524767590895e+01
-1.520591461161772351e+01 -1.528017206315870347e+01
-1.508389492581287961e+01 -1.340942976072237158e+01
-1.526895212878783603e+01 -1.579566302856841631e+01
-1.536478074391683002e+01 -1.611054793271151553e+01
-1.540664793302615543e+01 -1.469627881979013395e+01
-1.528750480463107486e+01 -1.590351678179456130e+01
-1.548623480647802353e+01 -1.583531144377473154e+01
-1.544837885101636310e+01 -1.621721780454957695e+01
-1.560410005102554898e+01 -1.599161351191533065e+01
-1.572507790972789188e+01 -1.506925561830594873e+01
-1.565404886504014392e+01 -1.619627204498687334e+01
-1.562807574123144150e+01 -1.653709140381255693e+01
-1.566576937834421734e+01 -1.563889873801887731e+01
-1.572463785111904144e+01 -1.542298881728927817e+01
-1.585420423994461636e+01 -1.624982072161389723e+01
-1.585704052696625332e+01 -1.644076089735154866e+01
-1.588974886387586594e+01 -1.321424366591812749e+01
-1.575060918182134628e+01 -1.647778151871322194e+01
-1.604697603235642234e+01 -1.695753513682972269e+01
-1.607749992112318793e+01 -1.569822982689002977e+01
-1.609941264986991882e+01 -1.585174205086448040e+01
-1.630259654670953751e+01 -1.644974734566428509e+01
-1.610686442007621011e+01 -1.430479572345684147e+01
-1.599837258954842945e+01 -1.622993412265529756e+01
-1.641251919915278634e+01 -1.694822520714301461e+01
-1.636263377964496613e+01 -1.643573125616296693e+01
-1.634958598762750626e+01 -1.665555737235329303e+01
-1.638244966417551041e+01 -1.580734856097729235e+01
-1.625978530446688453e+01 -1.664307699575052624e+01
-1.610911853611469269e+01 -1.554999519942642827e+01
-1.646812328696250916e+01 -1.650310242640507852e+01
-1.632173865288496017e+01 -1.566582169470848918e+01
-1.632838224122921744e+01 -1.697370326054560508e+01
-1.649846721192200860e+01 -1.697427183621889668e+01
-1.656409753859043121e+01 -1.629813064228404684e+01
-1.664529159168402472e+01 -1.556099999415410018e+01
-1.657752506186564645e+01 -1.714679497557801113e+01
-1.660929649323225021e+01 -1.568896765523142633e+01
-1.651389426489670953e+01 -1.715237748777711602e+01
-1.687715941170851508e+01 -1.625437802153748379e+01
-1.675838378816843033e+01 -1.682684009106128187e+01
-1.656918474038441857e+01 -1.711320967488474665e+01
-1.670249406248331070e+01 -1.747658527671516637e+01
-1.673694729308287421e+01 -1.624310337413441019e+01
-1.682135379314422607e+01 -1.606850578258563900e+01
-1.680755055199066916e+01 -1.687844942761705980e+01
-1.670467839390039444e+01 -1.634522311718432874e+01
-1.669339297215143958e+01 -1.739237666439700547e+01
-1.679761623839537421e+01 -1.684636499974634916e+01
-1.688784987231095513e+01 -1.518471382190654850e+01
-1.684185129900773248e+01 -1.747074637474951686e+01
-1.693253332128127298e+01 -1.648097383821165351e+01
-1.687428589661915979e+01 -1.704649885598715287e+01
-1.705763168136278907e+01 -1.752406812643075895e+01
-1.709494580825169763e+01 -1.729794222348696309e+01
-1.687614296873410424e+01 -1.710077466593160267e+01
-1.696748228122790536e+01 -1.650077085371141195e+01
-1.702255431314309320e+01 -1.754915838117723226e+01
-1.705869502574205399e+01 -1.682624525838084040e+01
-1.712562206884225091e+01 -1.743798437985507022e+01
-1.716562244792779168e+01 -1.743541884731936875e+01
-1.717583144456148148e+01 -1.673528063142454414e+01
-1.726238987843195716e+01 -1.748939911730877839e+01
-1.730289578189452371e+01 -1.687079916371927624e+01
-1.706334460029999534e+01 -1.768565404569947930e+01
-1.716654091576735297e+01 -1.658163797700559883e+01
-1.706947515904903412e+01 -1.742862099486512051e+01
-1.720863800744215766e+01 -1.760087769991391582e+01
-1.736757207165161887e+01 -1.707401342515821696e+01
-1.732170385867357254e+01 -1.462789837725750886e+01
-1.751433987915515900e+01 -1.738006465465991468e+01
-1.745731540272633353e+01 -1.667133541850300560e+01
-1.733430810272693634e+01 -1.603871094096790628e+01
-1.730297096570332727e+01 -1.679574934228674010e+01
-1.727573634187380591e+01 -1.719956332367735996e+01
-1.740534229079882422e+01 -1.762380300249372311e+01
-1.749749810993671417e+01 -1.726604080200195312e+01
-1.720671776185433188e+01 -1.776358284888329564e+01
-1.748197741309801856e+01 -1.732207013415051833e+01
-1.756008734305699548e+01 -1.764950988819072819e+01
-1.767726426571607590e+01 -1.738914280433159476e+01
-1.735875100394089898e+01 -1.779588059016636592e+01
-1.762383074065049371e+01 -1.624462335759943343e+01
-1.750328403462966165e+01 -1.677455290261801224e+01
-1.772940532366434851e+01 -1.675792105786212005e+01
-1.753817508369684219e+01 -1.753811216973639020e+01
-1.772587079803149024e+01 -1.784551001214361676e+01
-1.760984600832064828e+01 -1.775404418598521872e+01
-1.779941614220539847e+01 -1.574697849967262897e+01
-1.760188816984494409e+01 -1.745685931614466924e+01
-1.757666781296332559e+01 -1.793353809009898825e+01
-1.767521252731482306e+01 -1.549616377694266234e+01
-1.754231935242811957e+01 -1.632546652756728278e+01
-1.759592427561680594e+01 -1.754473993375703955e+01
-1.762307625015576562e+01 -1.750573505054820700e+01
-1.761401931444803992e+01 -1.749938964843750000e+01
-1.781265235692262650e+01 -1.785099273533015918e+01
-1.766925229877233505e+01 -1.726562158163491745e+01
-1.770798606425523758e+01 -1.762246680569339219e+01
-1.768711699793736258e+01 -1.686255703963242425e+01
-1.755255155513684073e+01 -1.555315262930733766e+01
-1.778514120231072226e+01 -1.732168465156059867e+01
-1.784389399488766870e+01 -1.761091181519743643e+01
-1.790072875718275824e+01 -1.773042715989150153e+01
-1.762517854074637214e+01 -1.702867594632235537e+01
-1.766501299043496331e+01 -1.697300818059351712e+01
-1.777865575999021530e+01 -1.696922708486581755e+01
-1.782312684506177902e+01 -1.750487982762324179e+01
-1.791252389798561850e+01 -1.794646157846822376e+01
-1.774876071015993872e+01 -1.797432135297106370e+01
-1.778871228545904160e+01 -1.749509194609406748e+01
-1.790127764145533362e+01 -1.779241475191983213e+01
-1.812880277136961737e+01 -1.770925220885834150e+01
-1.774484771986802301e+01 -1.731584748354825010e+01
-1.790255263944466790e+01 -1.782966699228658314e+01
-1.795620602866013726e+01 -1.716224197288612174e+01
-1.792744889607032022e+01 -1.808207513140393630e+01
-1.783055941760540009e+01 -1.789393589713356647e+01
-1.788400503993034363e+01 -1.733767894645789909e+01
-1.775619903703530511e+01 -1.744248146205753613e+01
-1.788505444178978721e+01 -1.743515999286205798e+01
-1.783402197062969208e+01 -1.762841887288279352e+01
-1.817078933119773865e+01 -1.719190736250443763e+01
-1.794443124781052390e+01 -1.580281831072522536e+01
-1.786958400408427039e+01 -1.828118953457126494e+01
-1.814887856443722924e+01 -1.802034905668977061e+01
-1.791437047968308249e+01 -1.747346075479086380e+01
-1.807871583104133606e+01 -1.825651793046431237e+01
-1.810942364235718927e+01 -1.480861107714764557e+01
-1.802100527038176736e+01 -1.713028168368649062e+01
-1.808175819863875589e+01 -1.760691133722082213e+01
-1.784846718857685843e+01 -1.626497972166383477e+01
-1.815445830672979355e+01 -1.675692927372919883e+01
-1.814913362761338433e+01 -1.722362718953714733e+01
-1.792647202312946320e+01 -1.782792902612066754e+01
-1.807215424627065659e+01 -1.729307686198841409e+01
-1.813061485687891761e+01 -1.784219557279116231e+01
-1.814188677072525024e+01 -1.831695342373538438e+01
-1.817515581349531928e+01 -1.736740148222291680e+01
-1.802570877969264984e+01 -1.766751233633462448e+01
-1.808864523222048959e+01 -1.832320636897892285e+01
-1.808738683909177780e+01 -1.791674596613103532e+01
-1.812889533241589746e+01 -1.749276577342640238e+01
-1.808587102095286170e+01 -1.786463861341600179e+01
-1.826980573683977127e+01 -1.788176602202576504e+01
-1.827072725693384925e+01 -1.702581286739993516e+01
-1.825945091495911399e+01 -1.772781301473642301e+01
-1.821514759957790375e+01 -1.767537800677411042e+01
-1.823314396043618402e+01 -1.834398862913057471e+01
-1.814154607057571411e+01 -1.780379628515862933e+01
-1.828444669147332391e+01 -1.785470803991540834e+01
-1.816643831133842468e+01 -1.805483887412331256e+01
-1.816720448186000070e+01 -1.759048975907363044e+01
-1.819743686914443970e+01 -1.689093792902959024e+01
-1.817856974899768829e+01 -1.719311295546494378e+01
-1.815366532901922980e+01 -1.746964494284097213e+01
-1.841141705711682519e+01 -1.825276060228224040e+01
-1.831054858615000924e+01 -1.848498038502482643e+01
-1.837170132497946540e+01 -1.844055438351321641e+01
-1.831458106637001038e+01 -1.630151458839317513e+01
-1.811564887811740121e+01 -1.666807329499876289e+01
-1.833430946866671363e+01 -1.771048955793504476e+01
-1.812605861574411392e+01 -1.842357304808381357e+01
-1.831587697565555573e+01 -1.674923602017489443e+01
-1.838680988550186157e+01 -1.742952309645615472e+01
-1.845137653748194495e+01 -1.818478159470991784e+01
-1.829520498961210251e+01 -1.760835581940489902e+01
-1.847924502690633020e+01 -1.776776375708642064e+01
-1.855259939034779748e+01 -1.800239705420159808e+01
-1.845268354068199912e+01 -1.818777582242891455e+01
-1.827915886541207513e+01 -1.778993158216600179e+01
-1.850670581062634668e+01 -1.758893367222377080e+01
-1.830084413290023804e+01 -1.631007844751531266e+01
-1.833412631849448005e+01 -1.789296819018079177e+01
-1.836529468248287955e+01 -1.684609642276516084e+01
-1.853890789051850518e+01 -1.776767480528199883e+01
-1.831276364624500275e+01 -1.809805357301389961e+01
-1.855091985563437262e+01 -1.668369779958353405e+01
-1.849757464726765832e+01 -1.662533724153196601e+01
-1.835918612281481543e+01 -1.792613635125098170e+01
-1.842279738187789917e+01 -1.687584343204250459e+01
-1.828715711583693704e+01 -1.838661430408428288e+01
-1.856101739406585693e+01 -1.785595270875212393e+01
-1.831211794416109839e+01 -1.787250880451945534e+01
-1.855454970647891244e+01 -1.763421359619536943e+01
-1.853128606329361716e+01 -1.714725148832643242e+01
-1.835240558783213416e+01 -1.792243014992057581e+01
-1.841614197442929068e+01 -1.709124384297953014e+01
-1.858303786814212799e+01 -1.742268961126154281e+01
-1.873208393404881278e+01 -1.723376038786652842e+01
-1.857259400188922882e+01 -1.736406353541783076e+01
-1.860582207391659537e+01 -1.782862546846464014e+01
-1.860606213659048080e+01 -1.586758879872111550e+01
-1.867180781066417694e+01 -1.815157626511214772e+01
-1.844173971066872397e+01 -1.669646977759026996e+01
-1.868723356227080146e+01 -1.800816024433482809e+01
-1.839271955192089081e+01 -1.798983066112964124e+01
-1.856910824775695801e+01 -1.742476708548409547e+01
-1.866345732410748681e+01 -1.813723915892762051e+01
-1.876246195286512375e+01 -1.840500566556856299e+01
-1.863836901138226310e+01 -1.785058279161329509e+01
-1.870404543230931083e+01 -1.764741664737849902e+01
-1.873473097632328788e+01 -1.814306379293466520e+01
-1.878789565215508262e+01 -1.780695780221518021e+01
-1.865500829368829727e+01 -1.743497366719431696e+01
-1.838678862154483795e+01 -1.798949590905920104e+01
-1.869645863274733344e+01 -1.614365102099133864e+01
-1.853940500070651254e+01 -1.634556080459000071e+01
-1.868863794952630997e+01 -1.798288678503655902e+01
-1.850643385201692581e+01 -1.761948321701644460e+01
-1.880863655358552933e+01 -1.792110932337773477e+01
-1.879446382820606232e+01 -1.821475614820207767e+01
-1.866206216812133789e+01 -1.843997718761493587e+01
-1.887486989796161652e+01 -1.814702289135425062e+01
-1.887521131585041800e+01 -1.837568932075005179e+01
-1.871193885306517402e+01 -1.865257470019452057e+01
-1.870493207623561105e+01 -1.799536459786551390e+01
-1.880465666701396188e+01 -1.778720024653843623e+01
-1.884006739407777786e+01 -1.744286554509943343e+01
-1.871488784750302514e+01 -1.814108614488081628e+01
-1.872606884688138962e+01 -1.777526476476099759e+01
-1.886609103282292565e+01 -1.825763792805857477e+01
-1.877056146164735040e+01 -1.769437578126981592e+01
-1.889234822243452072e+01 -1.756586783272879515e+01
-1.879574622710545739e+01 -1.803966077581628724e+01
-1.880104949822028360e+01 -1.731948701437417526e+01
-1.885734469940264901e+01 -1.815702993219548844e+01
-1.890345471103985986e+01 -1.849767963607589749e+01
-1.894433536380529404e+01 -1.810783881645697946e+01
-1.875377684086561203e+01 -1.820939064025878906e+01
-1.913680574794610223e+01 -1.787362348878538398e+01
-1.866985762367646018e+01 -1.806864193507603389e+01
-1.869243466357390204e+01 -1.711960372677097197e+01
-1.886838152259588242e+01 -1.782733323976590967e+01
-1.884869799762964249e+01 -1.826121359986144199e+01
-1.875597203771273414e+01 -1.832025131621918135e+01
-1.889083392669757089e+01 -1.787517270174893369e+01
-1.892104661961396417e+01 -1.831989174384575492e+01
-1.890441395342350006e+01 -1.810473983318774671e+01
-1.895196189483006677e+01 -1.826799298571301833e+01
-1.882585939019918442e+01 -1.846913156880960827e+01
-1.907019198437531671e+01 -1.865560085742504626e+01
-1.890207478404045105e+01 -1.809470310458889131e+01
-1.890720565368731698e+01 -1.829289449964250736e+01
-1.885061718026797095e+01 -1.789748899038735885e+01
-1.893263897796471795e+01 -1.837721481570949678e+01
-1.876669122278690338e+01 -1.819860668925495872e+01
-1.902122801542282104e+01 -1.828511260391830007e+01
-1.890223510811726371e+01 -1.871727957044328861e+01
-1.895765737195809564e+01 -1.841008779600069190e+01
-1.900909120092789450e+01 -1.861669700176684827e+01
-1.888658460726340493e+01 -1.692504926161332435e+01
-1.874674735963344574e+01 -1.824695901746873616e+01
-1.900913884739081183e+01 -1.856888953122225772e+01
-1.898969458043575287e+01 -1.791760651476971589e+01
-1.874597650518019876e+01 -1.852876307747580853e+01
-1.895476821561654290e+01 -1.642378831838632536e+01
-1.906122766683499137e+01 -1.779802806656082126e+01
-1.904498245567083359e+01 -1.810918088392777747e+01
-1.887900557617346564e+01 -1.861563251544902897e+01
-1.890642783542473992e+01 -1.850118010384695921e+01
-1.892825588335593423e+01 -1.830928585746071491e+01
-1.904447869956493378e+01 -1.830083803697066003e+01
-1.905196821689605713e+01 -1.779048447794728460e+01
-1.894073534508546075e+01 -1.737650291641037015e+01
-1.881369708975156030e+01 -1.793065453814221755e+01
-1.906546624998251716e+01 -1.850950561870228128e+01
-1.897481107960144797e+01 -1.864518913665375166e+01
-1.900646939625342569e+01 -1.864329606836492204e+01
-1.915228385229905328e+01 -1.834557234776484336e+01
-1.889053484300772467e+01 -1.818075187484939548e+01
-1.903703108181555947e+01 -1.813445160605690631e+01
-1.913651578376690665e+01 -1.778612403126506081e+01
-1.910644725213448325e+01 -1.844105372490820827e+01
-1.906624189764261246e+01 -1.837180102955211325e+01
-1.901936311523119727e+01 -1.774119673146829967e+01
-1.896437308688958367e+01 -1.832690350421063386e+01
-1.911217917998631677e+01 -1.763286759017349681e+01
-1.893749010811249534e+01 -1.784414254225693597e+01
-1.906498358150323114e+01 -1.871998577613335257e+01
-1.892111104975144187e+01 -1.819009253266569814e+01
-1.896884680539369583e+01 -1.728687160046069593e+01
-1.919777398059765616e+01 -1.851311491681383714e+01
-1.922185895591974258e+01 -1.785960146668669424e+01
-1.917338982721169671e+01 -1.791872486510834150e+01
-1.900814882169167319e+01 -1.789373060944792471e+01
-1.913161797324816504e+01 -1.852412055374740163e+01
-1.911797889818747720e+01 -1.845943650332364072e+01
-1.896258788804213324e+01 -1.865701568900764684e+01
-1.923266657441854477e+01 -1.832006705891002341e+01
-1.915088614821434021e+01 -1.870962394367564841e+01
-1.906675211836894235e+01 -1.861937115409157428e+01
-1.902576765169699868e+01 -1.823248126290061322e+01
-1.915405201415221015e+01 -1.848800515509271136e+01
-1.918399538596471032e+01 -1.842715532129460954e+01
-1.909208874901135644e+01 -1.843779850006103516e+01
-1.915198259303967276e+01 -1.868817556059205742e+01
-1.926357817649841309e+01 -1.726366952177766123e+01
-1.918774188558260718e+01 -1.864005559450620098e+01
-1.906023410707712173e+01 -1.838466046073219928e+01
-1.905316975961128989e+01 -1.822976828240728864e+01
-1.909976234535376349e+01 -1.787811089800549880e+01
-1.938250830272833625e+01 -1.705224300979019603e+01
-1.924595353255669394e+01 -1.833708371744527454e+01
-1.906307760626077652e+01 -1.842539727842653008e+01
-1.933488433808088303e+01 -1.869462677101036263e+01
-1.919213518251975259e+01 -1.841183107549494125e+01
-1.917257310450077057e+01 -1.778405433506160449e+01
-1.923241828630368033e+01 -1.867210720111797428e+01
-1.922451659788687905e+01 -1.859546194448099499e+01
-1.925039019932349404e+01 -1.655369107134930573e+01
-1.904677614818016806e+01 -1.820827547296300963e+01
-1.925507641832033912e+01 -1.832536009999064675e+01
-1.921043407420317450e+01 -1.810770339470404977e+01
-1.913892053812742233e+01 -1.865993073698762217e+01
-1.914774015545845032e+01 -1.820220112490963515e+01
-1.903098220874865731e+01 -1.744037545191777383e+01
-1.929734323173761368e+01 -1.674917364739752301e+01
-1.914792528748512268e+01 -1.855032971617463389e+01
-1.929238244642813882e+01 -1.819078751353474388e+01
-1.917144117256005487e+01 -1.855812927345176888e+01
-1.915301395704348764e+01 -1.855646132184313402e+01
-1.925211169819037238e+01 -1.812466581765707474e+01
-1.906011046469211578e+01 -1.861696798151189469e+01
-1.928940763324499130e+01 -1.807355434863598376e+01
-1.926961632569630822e+01 -1.807640214399857825e+01
-1.912739128619432449e+01 -1.773364517905495319e+01
-1.943638273328542709e+01 -1.814846939235538770e+01
-1.926288469632466516e+01 -1.844006888897387952e+01
-1.939945415407419205e+01 -1.806857058289763174e+01
-1.921478432665268699e+01 -1.837942790985107422e+01
-1.920551622410615167e+01 -1.812621098060112601e+01
-1.929330405096213141e+01 -1.779145966567002191e+01
-1.935106490055720130e+01 -1.871447389776056625e+01
-1.925986922283967218e+01 -1.846783318457665501e+01
-1.918406382451454917e+01 -1.859526445958521634e+01
-1.927036530027787009e+01 -1.826779753201967793e+01
-1.932275050630171975e+01 -1.766190510291557914e+01
-1.942320318023363868e+01 -1.831494219891436614e+01
-1.940084005643923959e+01 -1.829474476405552608e+01
-1.940464065223932266e+01 -1.860962439202642926e+01
-1.931492280711730203e+01 -1.846399458352621537e+01
-1.932311122119426727e+01 -1.810520100283932265e+01
-1.937463368972142419e+01 -1.842221958606274157e+01
-1.921010094881057739e+01 -1.681177529421719541e+01
-1.948791240900754929e+01 -1.808142058880298109e+01
-1.922883326808611670e+01 -1.747703892844063844e+01
-1.954192144175370416e+01 -1.838923782497257520e+01
-1.935489830126364907e+01 -1.859912433871975068e+01
-1.944299081216255942e+01 -1.838684314876407910e+01
-1.948208589851856232e+01 -1.831067067926580094e+01
-1.927043194075425347e+01 -1.778512214066146413e+01
-1.942945290853579721e+01 -1.844362187075924453e+01
-1.939535857737064362e+01 -1.858496092511461839e+01
-1.933909522245327750e+01 -1.872037507342053786e+01
-1.944240379333496094e+01 -1.807167403728930921e+01
-1.941331975907087326e+01 -1.871943423035856924e+01
-1.935620488723118982e+01 -1.837004766835794811e+01
-1.933841928094625473e+01 -1.835424000876290407e+01
-1.953619919468959054e+01 -1.781008632461746188e+01
-1.952405317376057425e+01 -1.854255933885450602e+01
-1.953547888000806054e+01 -1.826463654753449717e+01
-1.941018550097942352e+01 -1.733155726147936448e+01
-1.925192601482073584e+01 -1.790385067927373086e+01
-1.932975478967030725e+01 -1.883490017482212764e+01
-1.940822857866684714e+01 -1.704809150448093291e+01
-1.945993953446547309e+01 -1.841252923940683317e+01
-1.958919632434844971e+01 -1.820711597838959150e+01
-1.933055346210797509e+01 -1.820423605534937650e+01
-1.953230057656764984e+01 -1.858873088638504001e+01
-1.950031227618455887e+01 -1.829117635008576670e+01
-1.947975705564022064e+01 -1.762677403239460716e+01
-1.940889141956965247e+01 -1.870880445257409974e+01
-1.923093323657910148e+01 -1.860861827800800228e+01
-1.944394904871781549e+01 -1.833901214599609375e+01
-1.958222092688083649e+01 -1.831999132230684424e+01
-1.965059210608403006e+01 -1.849298992404689912e+01
-1.932765109340349952e+01 -1.839101416104799824e+01
-1.940233991543452063e+01 -1.829984900239226064e+01
-1.934685794760783395e+01 -1.808346558855725661e+01
-1.934694194296995917e+01 -1.831330568140203141e+01
-1.933535778025786200e+01 -1.834751551491873656e+01
-1.963205837210019311e+01 -1.612052818397422982e+01
-1.923601191242535791e+01 -1.863145519851089915e+01
-1.964976484080155572e+01 -1.843938452237612324e+01
-1.949738319714863977e+01 -1.799606629161091575e+01
-1.955916225910186768e+01 -1.829900087629045657e+01
-1.939750439176956931e+01 -1.851129793191885042e+01
-1.940676500399907312e+01 -1.884316017101337337e+01
-1.949267922093470773e+01 -1.801681721674931680e+01
-1.958478964865207672e+01 -1.832277589030080023e+01
-1.957511314998070517e+01 -1.855001151097285117e+01
-1.954738916456699371e+01 -1.654427664620535765e+01
-1.949594246844450751e+01 -1.804060184181510706e+01
-1.951208464552958688e+01 -1.819192285661573649e+01
-1.928855966279904166e+01 -1.845954000795042305e+01
-1.939122467488050461e+01 -1.836377602118950492e+01
-1.957906912018855294e+01 -1.836118277017172318e+01
-1.951411563654740533e+01 -1.852880117490694190e+01
-1.953512253363927087e+01 -1.840095607955734280e+01
-1.955525732785463333e+01 -1.787984449213201188e+01
-1.959025329351425171e+01 -1.856721822317544479e+01
-1.946936698257923126e+01 -1.830396798369172373e+01
-1.969046654800574103e+01 -1.839924389975411501e+01
-1.958560873071352759e+01 -1.796352366658000221e+01
-1.955062399059534073e+01 -1.843727202229685602e+01
-1.962735242893298349e+01 -1.833132860258028174e+01
-1.970018154382705688e+01 -1.808304318514737119e+01
-1.950618232289950171e+01 -1.837938641882562152e+01
-1.954514180123806000e+01 -1.807500706709824456e+01
-1.949577325085799018e+01 -1.791254905601600456e+01
-1.959178168823321542e+01 -1.818760859501826133e+01
-1.952249332020680228e+01 -1.769094861018193399e+01
-1.950590925415356836e+01 -1.753464629433371869e+01
-1.955522799988587579e+01 -1.784710214045140475e+01
-1.960329808791478357e+01 -1.811873573451847363e+01
-1.950761438657839975e+01 -1.860274342128208858e+01
-1.968031475444634637e+01 -1.847826999812931348e+01
-1.953368305166562280e+01 -1.824474426368614388e+01
-1.977611336360375205e+01 -1.858347751567890072e+01
-1.974436981230974197e+01 -1.728304703204662829e+01
-1.948225380728642264e+01 -1.842654843763871497e+01
-1.967245028416315833e+01 -1.779668968993347988e+01
-1.970067623009284219e+01 -1.818428515149401292e+01
-1.960658677915732184e+01 -1.814298261914934329e+01
-1.959878722578287125e+01 -1.812020964436716852e+01
-1.956749958048264304e+01 -1.808310317993164062e+01
-1.960403670618931571e+01 -1.848494761330740843e+01
-1.952601023018360138e+01 -1.768762780474378005e+01
-1.965774184465408325e+01 -1.793886161160159531e+01
-1.966712625076373300e+01 -1.708202310041947669e+01
-1.966060407459735870e+01 -1.853690801348005124e+01
-1.947229113678137580e+01 -1.862345052694345426e+01
-1.978487318009138107e+01 -1.836728056375082474e+01
-1.968497157841920853e+01 -1.855171151594682044e+01
-1.965734880417585373e+01 -1.750737937085040130e+01
-1.955910124381383142e+01 -1.798363045283726436e+01
-1.964268464098374167e+01 -1.843229172446510944e+01
-1.963074937214453897e+01 -1.735827358047683688e+01
-1.965761828174193582e+01 -1.830875899574973431e+01
-1.958321542292833328e+01 -1.824166320206283132e+01
-1.961812575906515121e+01 -1.857188867593740511e+01
-1.978730619450410089e+01 -1.817100055496414157e+01
-1.980008563896020135e+01 -1.853553400411234264e+01
-1.977154068648815155e+01 -1.810981373972706976e+01
-1.970068893581628799e+01 -1.840042136551497975e+01
-1.975172147899866104e+01 -1.662024725876845466e+01
-1.963246795286734780e+01 -1.830683932366309108e+01
-1.974020038048426429e+01 -1.847974707863547650e+01
-1.985845807194709778e+01 -1.858333048882422389e+01
-1.973804260045289993e+01 -1.757210888800683080e+01
-1.965774342914422235e+01 -1.840122307120979528e+01
-1.968206730236609658e+01 -1.816987317568295879e+01
-1.978478512664635858e+01 -1.786328382615919352e+01
-1.947581176459789276e+01 -1.680402887022340508e+01
-1.949544607599576196e+01 -1.850603086298162125e+01
-1.991251793007056037e+01 -1.844856244867498063e+01
-1.975570166110992432e+01 -1.726378433425704984e+01
-1.952227815488974372e+01 -1.804622517622910394e+01
-1.975956082592407981e+01 -1.675457655919062461e+01
-1.988754099110762397e+01 -1.807344183983740749e+01
-1.962962465981642524e+01 -1.705152636689025059e+01
-1.951453901082277298e+01 -1.856033932078968363e+01
-1.972332848856846610e+01 -1.819333787397904700e+01
-1.980182379980881890e+01 -1.834778956623820534e+01
-1.990737910817066947e+01 -1.812868559205686836e+01
-1.964235105117161950e+01 -1.746191065652029906e+01
-1.981096902986367425e+01 -1.753079653405523786e+01
-1.977053710321585456e+01 -1.812372415715998031e+01
-1.979260611285765847e+01 -1.795592294420514889e+01
-1.984093435605366906e+01 -1.813013895455893021e+01
-1.947625542680422583e+01 -1.808102586671903467e+01
-1.981202522665262222e+01 -1.838607703865348597e+01
-1.978032088528076926e+01 -1.822433612873027897e+01
-1.980962539464235306e+01 -1.793779238168295365e+01
-1.972319443275531015e+01 -1.821705657166319980e+01
-1.993498723457257071e+01 -1.821972427120456572e+01
-1.989080146948496619e+01 -1.834847509706175117e+01
-1.976122696697711945e+01 -1.712619229106159935e+01
-1.975185328225294867e+01 -1.817025255228017855e+01
-1.982649233688910684e+01 -1.867203338424880954e+01
-1.981439009060462197e+01 -1.850052344334589804e+01
-1.975995205342769623e+01 -1.847515013310816556e+01
-1.981528945515553275e+01 -1.867627001427984723e+01
-2.006206497550010681e+01 -1.782175217665635003e+01
-1.985107928514480591e+01 -1.858223067940055628e+01
-1.978611684093872825e+01 -1.806397363737032080e+01
-1.992075060804684838e+01 -1.760481449226280404e+01
-1.984481571118037024e+01 -1.869950320503928509e+01
-1.983164613197247306e+01 -1.822118037087576781e+01
-1.981123255689938745e+01 -1.743214145264068193e+01
-1.980757923424243927e+01 -1.847926193088679980e+01
-1.991146789491176605e+01 -1.774988090217887660e+01
-1.988096444805463037e+01 -1.827148428830233584e+01
-1.972755293548107147e+01 -1.844360887849485664e+01
-1.990274249513943872e+01 -1.835198569607425156e+01
-1.965391143908103189e+01 -1.840889100904588460e+01
-1.979177428285280982e+01 -1.843996075221470576e+01
-1.989088248709837714e+01 -1.832480067711371774e+01
-1.979250614593426505e+01 -1.755933677376090785e+01
-1.981478841602802277e+01 -1.806121179655000830e+01
-1.973306560019652167e+01 -1.796871070118693581e+01
-1.995618502795696259e+01 -1.872670672775863210e+01
-1.964061087369918823e+01 -1.764453553534173480e+01
-1.982234371950228891e+01 -1.795047611385196973e+01
-1.977474590887625894e+01 -1.837349243907185325e+01
-1.974524801721175393e+01 -1.783696699761724958e+01
-1.955863882104555884e+01 -1.849678289735471992e+01
-1.956992674122254172e+01 -1.795815540908218821e+01
-1.990000698467095575e+01 -1.826211956569126826e+01
-1.992405857642491540e+01 -1.739269619483452445e+01
-1.968498003979523858e+01 -1.811057684019014502e+01
-1.971578376988570014e+01 -1.827838129811472712e+01
-1.990698036303122720e+01 -1.854245182136436654e+01
-1.980252616107463837e+01 -1.813378075190952998e+01
-1.965728806704282761e+01 -1.856042264963125277e+01
-1.988915497561295709e+01 -1.848843501450179616e+01
-1.997199141979217529e+01 -1.840799905108167067e+01
-1.988747138778368750e+01 -1.788061019352504033e+01
-1.977857054273287574e+01 -1.834132374107063512e+01
-1.976351507008075714e+01 -1.807155599222554798e+01
-1.997178552548090735e+01 -1.845840528413846826e+01
-2.004941506435473642e+01 -1.808875745302670879e+01
-1.994050170232852182e+01 -1.849212936302284049e+01
-1.990730046232541284e+01 -1.716315954381769515e+01
-1.985572982827822486e+01 -1.814100341053752175e+01
-1.979324127733707428e+01 -1.747832329242260485e+01
-1.972109980384508887e+01 -1.861648059200931016e+01
-1.998231336474418640e+01 -1.813424042293003779e+01
-2.010100404918193817e+01 -1.807286511458359612e+01
-2.004672010739644250e+01 -1.860231227379340524e+01
-1.997995683799187461e+01 -1.824006694942325879e+01
-1.981926135470469674e+01 -1.845738310628123102e+01
-1.978644502907991409e+01 -1.819447796066085843e+01
-1.993514217436313629e+01 -1.857021979542521706e+01
-2.007472410798072815e+01 -1.807087817749419756e+01
-2.009452777604262153e+01 -1.816089278382140293e+01
-1.997526999314625940e+01 -1.790021117321856536e+01
-2.003405912220478058e+01 -1.857014402166589662e+01
-1.996590204040209571e+01 -1.712625551843023786e+01
-2.007203502953052521e+01 -1.842370532395003835e+01
-2.000987342000007629e+01 -1.777029150182550765e+01
-2.004869944353898248e+01 -1.842481501690753021e+01
-1.987653648356596747e+01 -1.820495872992973929e+01
-1.999313253660996637e+01 -1.825094474445689841e+01
-2.014447398980458459e+01 -1.796805448655958415e+01
-2.000174011290073395e+01 -1.857017866357580260e+01
-1.989247954140106955e+01 -1.803877877569818011e+01
-1.978579195340474328e+01 -1.829858290684687461e+01
-1.999104016522566596e+01 -1.830689809229466647e+01
-2.007013003279765329e+01 -1.842380358956076947e+01
-1.990229999025662622e+01 -1.789532688685826045e+01
-1.981369942923386773e+01 -1.830621791195559922e+01
-2.002935186525185784e+01 -1.787272322023069648e+01
-1.988086050997177878e+01 -1.769724051983325452e+01
-2.004580957690874854e+01 -1.866461163062554007e+01
-1.986410898963610450e+01 -1.788388632489489183e+01
-2.004231415937344352e+01 -1.779516205230316572e+01
-2.012130623559157172e+01 -1.815378324087564010e+01
-1.985402351121107856e+01 -1.876661398503687650e+01
-1.986452399690945825e+01 -1.855227937326802845e+01
-2.000717282046874246e+01 -1.816430815164144974e+01
-2.009399497509002686e+01 -1.841177656743433744e+01
-1.975430751095215598e+01 -1.863280685226638766e+01
-2.000782249867916107e+01 -1.859949788180264463e+01
-1.998211681346098700e+01 -1.818931383900828180e+01
-1.997044887393712997e+01 -1.844505503270533353e+01
-1.995174409200747689e+01 -1.803594285791570329e+01
-2.000438233464956284e+01 -1.874330448794674453e+01
-2.011392638583977899e+01 -1.854534737475506745e+01
-2.001372473438580712e+01 -1.773899172498034105e+01
-1.999335500846306601e+01 -1.840364827738179798e+01
-1.991669241338968277e+01 -1.747920262968385430e+01
-1.993099583933750907e+01 -1.827387165713619765e+01
-1.974410954366127768e+01 -1.839838279377330466e+01
-2.014150075614452362e+01 -1.845815627605884046e+01
-2.016564068198204041e+01 -1.845084608994521247e+01
-1.991682257254918298e+01 -1.835207267860313607e+01
-2.010238454242547235e+01 -1.846394748192328805e+01
-2.012015298008918762e+01 -1.749507698455414229e+01
-1.984557384997606277e+01 -1.767758488345455703e+01
-2.011008120824893197e+01 -1.836587012897838278e+01
-2.012139432132244110e+01 -1.856584639363474665e+01
-1.990842617054780206e+01 -1.799584002309031305e+01
-2.011358520388603210e+01 -1.861946104718493089e+01
-1.994452367226282874e+01 -1.681455641907530918e+01
-2.015104379256566247e+01 -1.810610610169249668e+01
-1.997303767005602637e+01 -1.805660014957576465e+01
-1.995965459446112433e+01 -1.820218576703752689e+01
-2.003422672549883643e+01 -1.757639721461704951e+01
-2.023891467601060867e+01 -1.778036207966990290e+01
-2.007892896731694421e+01 -1.764279136410007354e+01
-2.003589699665705481e+01 -1.854533848205170088e+01
-2.012826898197333136e+01 -1.742559590277733861e+01
-1.997132838765780249e+01 -1.799115777944589567e+01
-2.011447780082623282e+01 -1.852545854642793799e+01
-2.023379822323719779e+01 -1.840405545915876218e+01
-2.007692851622899255e+01 -1.814583261910971146e+01
-2.016557184358437738e+01 -1.756739963184703512e+01
-1.993603214124838630e+01 -1.835444556892692347e+01
-2.026349217693011084e+01 -1.811739672623671638e+01
-2.018524300058682641e+01 -1.784132637915673314e+01
-2.000941426058610162e+01 -1.855485417006851634e+01
-2.031900829076766968e+01 -1.832096073844216022e+01
-2.002918503433465958e+01 -1.814928199718524837e+01
-2.011781994501749793e+01 -1.720879585711987048e+01
-2.004628967742125312e+01 -1.799426060218315726e+01
-2.010535929600397864e+01 -1.840296539702972822e+01
-2.010433230300744256e+01 -1.748149834670029534e+01
-1.989818256348371506e+01 -1.834174428667341061e+01
-2.022361678381760797e+01 -1.849459269139673978e+01
-2.024061011771361152e+01 -1.830077167610069466e+01
-2.005080286661783973e+01 -1.814223642473097087e+01
-2.018010797599951545e+01 -1.840463111926982975e+01
-2.019282204906145850e+01 -1.792375337922727851e+01
-1.998435927430788794e+01 -1.812867025895552331e+01
-1.997474179665247718e+01 -1.803494318429525833e+01
-2.007290003697077552e+01 -1.857287067561954785e+01
-2.016946920752525330e+01 -1.817373862823882646e+01
-2.010935166726509848e+01 -1.782995651294658757e+01
-2.030358311037222663e+01 -1.847507043318314857e+01
-2.003315024077892303e+01 -1.860015287027730579e+01
-2.017895845820506295e+01 -1.843137324940074606e+01
-2.005475973089535913e+01 -1.825605668650045033e+01
-2.005332246422767639e+01 -1.800472203787271042e+01
-2.027170259753863135e+01 -1.838500274311412497e+01
-2.004140352706114570e+01 -1.808138524092636956e+01
-2.015560023486614227e+01 -1.787415454914043522e+01
-2.023705534140269080e+01 -1.772283203570873766e+01
-2.022113001843293389e+01 -1.788990753966492520e+01
-2.024501373867193976e+01 -1.838809856811127119e+01
-2.017786824206511298e+01 -1.840181769333876716e+01
-2.033473404745260993e+01 -1.820442750856473779e+01
-2.012451871732870856e+01 -1.842560295005897331e+01
-2.022742229700088501e+01 -1.846618693215506468e+01
-2.016968063016732415e+01 -1.795317357546323223e+01
-2.031407317022482673e+01 -1.807628861959878463e+01
-2.008216830094655236e+01 -1.824533747388170823e+01
-2.006626115987698356e+01 -1.816231837829986162e+01
-2.007075449824333191e+01 -1.745404314065908480e+01
-2.013561734308798989e+01 -1.842589040236039466e+01
-2.031559668978055200e+01 -1.830493796955455466e+01
-2.015708823998769006e+01 -1.826890306348924398e+01
-2.029929426312446594e+01 -1.834376434227088737e+01
-2.021175082524617395e+01 -1.810846351029037038e+01
-2.013717361291249475e+01 -1.795296495611017562e+01
-2.028164650251467904e+01 -1.795098854659439525e+01
-2.021596654504537582e+01 -1.797460521351207419e+01
-2.014303188274304190e+01 -1.824339351406345244e+01
-2.034854015211264411e+01 -1.831339122722675228e+01
-2.030573158959547797e+01 -1.836666161673409547e+01
-2.026896771788597107e+01 -1.839469242095947266e+01
-2.026546365519364556e+01 -1.846433031404173164e+01
-2.022523504992325982e+01 -1.846397699628557376e+01
-2.032596620917320251e+01 -1.790915606857894460e+01
-2.029066503544648370e+01 -1.801892410625110941e+01
-2.009305818378925323e+01 -1.863169090469162015e+01
-2.024401197085778037e+01 -1.847815678336403522e+01
-2.029800327867269516e+01 -1.847536474698549824e+01
-2.018102499842643738e+01 -1.827476189353249225e+01
-2.022080841163794318e+01 -1.810086205717805186e+01
-2.016629817088444909e+01 -1.770153552216368809e+01
-2.031510706990957260e+01 -1.776693723108861178e+01
-2.021626281738281250e+01 -1.777738605846058206e+01
-2.015892792493104935e+01 -1.751904012011243239e+01
-2.027583364148934564e+01 -1.818629763962386647e+01
-2.016324680546919623e+01 -1.806387668460994433e+01
-2.024395087361335754e+01 -1.842435451606651498e+01
-2.020361423492431641e+01 -1.765963933374974459e+01
-2.042157381276289740e+01 -1.826945474550321435e+01
-2.023915532479683677e+01 -1.827855621684681253e+01
-2.026621458927790442e+01 -1.825471110158152399e+01
-2.005340949942668161e+01 -1.864941966069208945e+01
-2.009999626129865646e+01 -1.765654311242041530e+01
-2.033041008810202399e+01 -1.836677510397774782e+01
-2.022621087233225623e+01 -1.810121992036893701e+01
-2.037459003428618232e+01 -1.806323442830667858e+01
-2.016954569270213327e+01 -1.821607558758227796e+01
-2.007174101968606195e+01 -1.842582940436028949e+01
-2.036293592055638513e+01 -1.859266199384416751e+01
-2.027315679192543030e+01 -1.844522967895904131e+01
-2.026881813009579858e+01 -1.762591815304446641e+01
-2.044822084407011786e+01 -1.791431472827861882e+01
-2.026668801407019416e+01 -1.798086855009004736e+01
-1.983105192085107049e+01 -1.854115530732390127e+01
-2.036971660951773444e+01 -1.836863422393798828e+01
-2.037607890367507935e+01 -1.798241455523998766e+01
-2.022364069024721900e+01 -1.838945688520158939e+01
-2.032005351285139838e+01 -1.845734650748116579e+01
-2.035887918869654456e+01 -1.805770203974339694e+01
-2.018105881412823877e+01 -1.829271904833905182e+01
-2.045246272285779199e+01 -1.825429174497530127e+01
-2.040956545372803888e+01 -1.787641598342300853e+01
-2.039325693746407708e+01 -1.778368075482256927e+01
-2.032849061489105225e+01 -1.848471496631572819e+01
-1.993494739383459091e+01 -1.805284931133319759e+01
-1.987880952656269073e+01 -1.799963563448422832e+01
-2.044838868081569672e+01 -1.834476235625031748e+01
-2.035704614222049713e+01 -1.815652019946606188e+01
-2.022741871078808984e+01 -1.747371179407292985e+01
-2.040161129832267761e+01 -1.785638973929665241e+01
-2.024962131182352820e+01 -1.812583274345893258e+01
-2.033267659445603570e+01 -1.688011222690730762e+01
-2.039183480789263925e+01 -1.790446999785187998e+01
-2.018749244014422217e+01 -1.701810513533554925e+01
-2.003184211750825128e+01 -1.837529776932357350e+01
-2.034171111385027686e+01 -1.747000257070962448e+01
-2.041125924388567725e+01 -1.808625322812563496e+01
-2.044538214802742004e+01 -1.752789585311691312e+01
-2.028972553710142890e+01 -1.846400414504013909e+01
-2.045034024119377136e+01 -1.762737604859587393e+01
-2.041279196739196777e+01 -1.811044074962665462e+01
-2.041548803945382318e+01 -1.845826544080461673e+01
-2.024242073545853415e+01 -1.830337996297068415e+01
-2.052606980254252633e+01 -1.757913238971264391e+01
-2.024410949647426605e+01 -1.800292522876293688e+01
-2.039310134450594703e+01 -1.832461136656922207e+01
-2.037361675500869751e+01 -1.791263506009981299e+01
-2.023801324764887610e+01 -1.839717717604203528e+01
-2.025174926718075952e+01 -1.761016325517134362e+01
-2.043822183708349982e+01 -1.802334410184389668e+01
-2.048947202165921411e+01 -1.839379890243728610e+01
-2.047335170209407806e+01 -1.823898984240247145e+01
-2.042029389242331305e+01 -1.829707317847710257e+01
-2.041631717483202735e+01 -1.760718723396202279e+01
-2.044027315080165863e+01 -1.828254782689081992e+01
-2.048989380399386206e+01 -1.837600756310797223e+01
-2.030505263805389404e+01 -1.802335680924452888e+01
-2.023487016558647156e+01 -1.812378399093429593e+01
-2.028487975398699561e+01 -1.788065871944675322e+01
-2.032907330989837646e+01 -1.729103036360307044e+01
-2.041106755534807959e+01 -1.821235648068514834e+01
-2.039476993680000305e+01 -1.814446637537572116e+01
-2.027731155107418815e+01 -1.769621476260098447e+01
-2.038254247605800629e+01 -1.866418525150843877e+01
-2.053516446550687036e+01 -1.795822565896170531e+01
-2.062399055063724518e+01 -1.787841757241781693e+01
-2.020200782517592231e+01 -1.839227883227459870e+01
-2.036071291069189826e+01 -1.881429054210712337e+01
-2.025865181535482407e+01 -1.804345876520330094e+01
-2.046211734165747842e+01 -1.762352630070277471e+01
-2.000079525634646416e+01 -1.785707706600040723e+01
-2.022145690023899078e+01 -1.832340198368220996e+01
-2.004993948961297789e+01 -1.728611599315296488e+01
-2.024674766510725021e+01 -1.832068754171396208e+01
-2.042852089057366172e+01 -1.776634465254746331e+01
-2.043630586564540863e+01 -1.806745745918967572e+01
-2.045282140870888909e+01 -1.825373893589168262e+01
-2.041235327720642090e+01 -1.816014943804059811e+01
-2.057497757176558295e+01 -1.806350359978613795e+01
-2.043113989631335059e+01 -1.792374942829082585e+01
-2.039857632418473443e+01 -1.821388554263424453e+01
-2.043947667380173883e+01 -1.832698383579006318e+01
-2.027477496614058694e+01 -1.808057626501306459e+01
-2.016126718123753747e+01 -1.784128414500843363e+01
-2.041403386245171347e+01 -1.814597617805778285e+01
-2.029487759371598443e+01 -1.837058214707808190e+01
-2.045507898926734924e+01 -1.794285401430996885e+01
-2.031514940659205237e+01 -1.782926535916018906e+01
-2.059097553789615631e+01 -1.799730809942468568e+01
-2.061038371920585632e+01 -1.824184988690661058e+01
-2.035420470933119574e+01 -1.803938305842412149e+01
-2.039750149597724160e+01 -1.757225721532648421e+01
-2.048500511050224304e+01 -1.721900552278989238e+01
-2.050876200199127197e+01 -1.839535140991210938e+01
-2.052797056237856665e+01 -1.859164537702287845e+01
-2.043750090400378028e+01 -1.749263442646373434e+01
-2.039321469267209253e+01 -1.814752349605808135e+01
-2.039767360190550605e+01 -1.775208895547049437e+01
-2.038632515072822571e+01 -1.813210882459367923e+01
-2.022192811965942383e+01 -1.817860891911890775e+01
-2.042507479091485223e+01 -1.782844887770615472e+01
-2.037736898163954535e+01 -1.850798884305087100e+01
-2.020721468081076821e+01 -1.823143270418241357e+01
-2.040762468675772467e+01 -1.836615687531310215e+01
-2.048732439180215081e+01 -1.756065789755288620e+01
-2.045459609727064887e+01 -1.853867218711159381e+01
-2.042627470443646232e+01 -1.835052625235024948e+01
-2.037996412565310678e+01 -1.856071047349409753e+01
-2.060399314016103745e+01 -1.860276954205005140e+01
-2.030946765094995499e+01 -1.760598136852313900e+01
-2.035657030840714654e+01 -1.837294818828632259e+01
-2.028102188309033593e+01 -1.785420098242821751e+01
-2.055913704633712769e+01 -1.836104152728984928e+01
-2.054249818623065948e+01 -1.787087174205036888e+01
-2.058316952735185623e+01 -1.814324853327367038e+01
-2.048117296894391259e+01 -1.847755729378043910e+01
-2.049453781545162201e+01 -1.785866331125234652e+01
-2.051975038150946418e+01 -1.725654089296018867e+01
-2.034888010720412055e+01 -1.859497460451992978e+01
-2.028436489154895028e+01 -1.854690024140593252e+01
-2.044613331556320190e+01 -1.819650267316149339e+01
-2.054516110817591468e+01 -1.823811936068844375e+01
-2.052533831199010095e+01 -1.831821473852380677e+01
-2.050332255164782325e+01 -1.799934657208331146e+01
-2.052684979140758514e+01 -1.815793524160013561e+01
-2.068376548588275909e+01 -1.838729517800467406e+01
-2.028219155470530310e+01 -1.832962209528142594e+01
-2.052785525222619256e+01 -1.784903221625786429e+01
-1.998472070445616922e+01 -1.829227428931694632e+01
-2.047850904862086097e+01 -1.761745641138646334e+01
-2.055103918910026550e+01 -1.800469247396890182e+01
-2.054953242838382721e+01 -1.848165061257102337e+01
-2.051382114489873132e+01 -1.839381344287426501e+01
-2.066706299781799316e+01 -1.814646355517498932e+01
-2.058045207709074020e+01 -1.792609373315588073e+01
-2.044648373623688897e+01 -1.866112763541085329e+01
-2.041649429003397742e+01 -1.786377817624575215e+01
-2.055413107822338858e+01 -1.820994134382767982e+01
-2.054851241906483850e+01 -1.798608722934475068e+01
-2.038628069063027581e+01 -1.818210087813340081e+01
-2.038505348563194275e+01 -1.815511847161627301e+01
-2.052639696498711785e+01 -1.832511722267448206e+01
-2.061507830023765564e+01 -1.844738753430254974e+01
-2.052681073049704352e+01 -1.839761999055936670e+01
-2.028965016206105432e+01 -1.824289006072205410e+01
-2.058787366996208945e+01 -1.866708941273875055e+01
-2.071149606009324273e+01 -1.846029811710506152e+01
-2.046759341657161713e+01 -1.826764552624194593e+01
-2.058673848460118094e+01 -1.823647177064573555e+01
-2.052135550975799561e+01 -1.752898336385751676e+01
-2.044529750446478644e+01 -1.862764188840791846e+01
-2.070846625169118127e+01 -1.810892402351676722e+01
-2.060657917956511298e+01 -1.834276520122181253e+01
-2.039755609631538391e+01 -1.777124671192912331e+01
-2.042773777246475220e+01 -1.824871629244321269e+01
-2.066564145187536994e+01 -1.706150477273123656e+01
-2.071207679808139801e+01 -1.834191967604996165e+01
-2.030359447499116143e+01 -1.804783144864169131e+01
-2.053580434123675147e+01 -1.791757748343727741e+01
-2.051460413138071814e+01 -1.798878139644474317e+01
-2.035806374003489694e+01 -1.826328666488845798e+01
-2.046484794716040412e+01 -1.722654794717763949e+01
-2.069421392430861673e+01 -1.829161261273668870e+01
-2.063882184525330743e+01 -1.746167633750221881e+01
-2.054181598871946335e+01 -1.809141349792480469e+01
-2.054969621946414193e+01 -1.800859393082656013e+01
-2.055072595675786218e+01 -1.826227964673723392e+01
-2.064734723667303840e+01 -1.780292392086673203e+01
-2.048198080559571466e+01 -1.757779911586216670e+01
-2.056734926998615265e+01 -1.855206177451393756e+01
-2.038985162973403931e+01 -1.750529587733281289e+01
-1.997779568036397180e+01 -1.824998737929703196e+01
-2.067557272811730584e+01 -1.805390380264876882e+01
-2.065141352266073227e+01 -1.812219488465940742e+01
-2.059394209583600244e+01 -1.807183388301304561e+01
-2.040749219556649408e+01 -1.803103412281383200e+01
-2.059867464005947113e+01 -1.806715312561431475e+01
-2.062054320176442346e+01 -1.796617379126610814e+01
-2.027680106709400931e+01 -1.809247174201073705e+01
-2.067069235444068909e+01 -1.810196774965756816e+01
-2.055468876659870148e+01 -1.840318013476086989e+01
-2.061732740203539649e+01 -1.810108525412423219e+01
-2.044978287070989609e+01 -1.801350627007422389e+01
-2.051169168452421943e+01 -1.791904911437591963e+01
-2.069957876205444336e+01 -1.784140013409899339e+01
-2.065367976824442664e+01 -1.814757217060435934e+01
-2.043356884519259253e+01 -1.822907816899287070e+01
-2.080706062416235724e+01 -1.770098387730585898e+01
-2.070444541176160058e+01 -1.813483785654043245e+01
-2.067069425682226935e+01 -1.811561551032128392e+01
-2.013137205565969268e+01 -1.806666621914157744e+01
-2.033039987583955011e+01 -1.743295917263278838e+01
-2.050817554195721826e+01 -1.755346822119378558e+01
-2.042442985872427741e+01 -1.827092879159109984e+01
-2.050167778382698813e+01 -1.766253328942633161e+01
-2.061463004599015036e+01 -1.811544445582798701e+01
-2.060188327232996741e+01 -1.815547021642908021e+01
-2.052942887445290765e+01 -1.807438953201492282e+01
-2.068195978800455848e+01 -1.778596688555432692e+01
-2.066314204037189484e+01 -1.843528824347954398e+01
-2.068037537237008294e+01 -1.794963477493880788e+01
-2.068121920029322425e+01 -1.835082267166732350e+01
-2.054761640230814734e+01 -1.812584956280596771e+01
-2.070797058691580972e+01 -1.845883011508297500e+01
-2.059263868629932404e+01 -1.787367685739096146e+01
-2.059390729665756226e+01 -1.810918344770158939e+01
-2.052847902476787567e+01 -1.859602721325762786e+01
-2.070419507970412454e+01 -1.822533876245671891e+01
-2.069600297510623932e+01 -1.835416944924887162e+01
-2.063611195981502533e+01 -1.760169887542724609e+01
-2.071024418870608130e+01 -1.781549857498763600e+01
-2.045380547891060630e+01 -1.821455860137939453e+01
-2.068524800737698754e+01 -1.786874719099564857e+01
-2.079379239181677619e+01 -1.835813310548856592e+01
-2.065967920422554016e+01 -1.819262835267302236e+01
-2.067516548186540604e+01 -1.799886378994235869e+01
-2.064457118014494696e+01 -1.819408717712798662e+01
-2.046514800190925598e+01 -1.825622271252916917e+01
-2.049063646793365479e+01 -1.726045812879289798e+01
