# Fraction
2.931052490156111495e-02
8.386384309914164670e-02
9.329097204183801895e-02
1.015136235530406661e-01
4.315780315297487735e-02
1.352983038251930753e-02
4.417449009282545247e-02
1.087422664651674017e-02
9.616874641873256191e-02
5.956292813523165336e-02
7.783488775898902978e-02
7.702767539075142111e-02
1.546823784866492926e-02
1.080368826691892464e-01
4.187375789037400819e-02
1.006207817694237394e-01
6.551250058389339326e-02
5.635529269519890666e-02
2.498579145253189415e-02
8.846131826274696019e-02
7.374319069590376530e-02
9.991390999600804901e-02
7.179118152958292864e-02
1.690442105855060814e-02
4.550231113985521436e-02
3.865797166493026987e-02
3.093713243370147664e-02
3.585252906646648613e-02
9.957548491578339933e-02
5.098153880084856093e-02
8.631272659754872512e-02
1.103184371583850430e-02
1.032109676673911014e-01
8.750390802964086445e-02
8.272010763116600940e-02
1.397461463410612156e-02
7.605493486240397227e-02
7.199395761595415999e-02
5.884557702070392776e-02
2.998462344213239511e-02
9.675063759918635375e-02
3.297003835360983598e-02
4.757132909856946756e-02
3.525951121988386144e-02
6.045627127820367430e-02
8.076922177340414843e-02
5.243998324156930874e-02
1.036432580537145626e-01
6.136014036947760875e-02
1.069598863586286586e-01
1.078268252865977467e-01
5.592479409147839420e-02
7.388054203450680757e-02
8.925822795485677252e-02
1.338115096611247265e-02
6.131918172329921951e-02
2.912236619751238514e-02
2.310126548850238021e-02
1.095657291696272434e-01
8.320726874125435046e-02
7.215616140546027291e-02
4.253603339478920914e-02
2.614607186058192506e-02
9.175582348490533835e-02
1.676852199832799470e-02
8.172508631784666799e-02
1.277628033971428718e-02
1.085990367449864019e-01
1.860205047353129942e-02
8.396688873000647535e-02
4.146062185625555563e-02
4.391016920107796567e-02
1.094393518413181998e-01
8.760359477744546208e-02
3.971946330970084482e-02
1.473512514761106743e-02
9.430504217464893979e-02
3.651853818139267488e-02
2.570991690513818595e-02
4.233410909566204250e-02
3.764124469258046252e-02
9.180807101686884464e-02
5.795999715830044835e-02
9.302075834297235390e-02
2.804014971119576233e-02
7.670136233084187682e-02
1.849818015025991511e-02
2.877292565064529239e-02
4.134386938200348971e-02
7.440910611667958530e-02
1.024999339407252630e-01
6.317948853854653268e-02
1.054473037306407207e-01
6.887153524372238711e-02
1.021658222354960149e-01
1.067650824240834462e-01
2.406721715788528310e-02
9.402786569849287679e-02
1.301663657609360321e-02
1.000751798820209426e-01
6.771050506958771475e-02
6.165290024089772197e-02
4.910035668759288319e-02
8.329884194345435477e-02
3.532459158400597793e-02
7.792921966401331058e-02
8.211477993318090640e-02
7.892170384504423875e-02
6.992010187427559476e-02
5.448572479921127976e-02
9.636026627237494202e-02
9.166389314238006236e-02
3.177995934622632884e-02
4.865239252946017973e-02
5.388777626675786414e-02
7.682806792294009923e-02
1.066683346789571996e-01
9.270110357904058629e-02
1.942355365561899971e-02
1.146182796080854986e-02
6.850640152457358745e-02
7.711166378688491529e-02
1.403803040517526135e-02
4.852115422957450908e-02
1.708904984249264361e-02
3.899970365281175966e-02
6.835652046150331174e-02
5.090484691226127706e-02
5.312677179483439593e-02
9.967635110461438297e-02
4.825132615769172489e-02
5.033293558646072946e-02
7.221087532806939879e-02
8.354531739379114641e-02
7.988449346926676520e-02
1.093991197614735816e-01
9.063074921357880398e-02
8.872665177652784563e-02
6.421080889744922027e-02
7.991245966971464998e-02
2.977714041304767995e-02
1.011129935463661450e-01
9.558889685774729639e-02
5.694555358244848126e-02
4.288541121788111421e-02
2.942429015975975282e-02
1.022651051699958180e-01
7.678684185969539278e-02
6.247594555336307559e-02
9.655648988369232300e-02
5.306495378551692038e-02
1.732817625218495763e-02
6.448057583794769565e-02
9.648234540865062436e-02
2.734963491705257738e-02
1.001039300530070647e-01
7.427375548217254875e-02
7.042727421348655981e-02
1.812314533707715808e-02
9.527301918265103364e-02
8.571170325252541744e-02
3.565633475072920583e-02
2.149845903438699773e-02
2.629214440078217474e-02
3.111945728696669661e-02
8.221738104624307097e-02
1.018234420324060363e-01
2.661500601052235737e-02
7.048008333641314627e-02
1.021373387212290290e-01
2.016067657124301360e-02
9.057797487720324614e-02
7.584683538872460939e-02
9.389326998269791058e-02
4.802794999800529679e-02
4.246139000399725555e-02
8.012284979442910182e-02
3.055449110305687860e-02
5.112122731468912024e-02
1.063624294671853265e-01
4.972517169887835653e-02
9.905253102876336591e-02
2.833754903399315905e-02
1.005484353936345193e-01
9.351880548201860210e-02
1.079435423553940995e-02
9.256677924523111500e-02
6.580005964582598399e-02
1.537206191631176888e-02
1.040202689613087678e-01
1.062866920177134994e-01
8.108365403482412082e-02
1.992024679435841841e-02
2.808577985658419068e-02
2.229130005762111622e-02
2.176501875893235155e-02
3.872774116921731680e-02
3.667477137561855893e-02
9.954501344742720803e-02
3.930651321441176044e-02
1.099327461276967538e-01
5.187659874831579421e-02
9.042743972697543653e-02
7.567016447562442683e-02
6.305807108988331633e-02
6.623505055361013361e-02
8.083224110752561253e-02
1.013244126341378108e-02
2.429535909112602934e-02
7.972257424152870420e-02
3.348165144463433746e-02
3.634633045890149627e-02
9.493224640666891867e-02
4.998535244386374116e-02
2.347719207792664867e-02
9.131564676707297490e-02
2.647758048243679246e-02
2.695239096747072127e-02
6.569573303547904253e-02
2.990618363316811107e-02
4.702169223815865634e-02
4.846471528801036405e-02
1.062065835912423019e-02
9.891627374572711795e-02
6.757008441850695379e-02
1.052652074554220468e-01
2.319673090849060093e-02
1.817070627341975386e-02
1.465574555049147312e-02
6.255043843077542909e-02
4.683928511063363553e-02
1.851990911815069862e-02
7.797158993536906779e-02
9.852065718945145212e-02
1.274677489824725327e-02
7.170194636712211300e-02
5.215111848859153854e-02
5.867034353367549249e-02
7.436928476838364221e-02
3.154585709832244400e-02
8.749866376191253736e-02
2.872965385698382501e-02
3.733575325174492282e-02
1.077727530797254751e-01
3.746017604614446800e-02
3.641454487066322909e-02
1.208930241045463871e-02
1.899968202864946165e-02
1.056087029573284652e-01
1.457111089144365670e-02
1.831809845404093820e-02
5.946438285613030866e-02
3.498490296464399490e-02
1.038510709095698120e-01
2.742319791014215247e-02
5.653212634870264514e-02
8.825201186899656047e-02
1.106353150841696623e-02
1.182878836533658891e-02
9.749536859268122246e-02
9.711256650469651808e-02
7.554752696895122854e-02
6.269513012134063368e-02
5.123878451999946265e-02
2.335995077761474081e-02
1.267872360206887331e-02
5.509422708678191755e-02
1.086052417165329492e-01
8.474995392518322457e-02
3.847404972408099283e-02
9.066124963140080595e-02
1.084098553170644019e-01
8.150351898304217246e-02
7.249946520198528865e-02
1.045368078121585581e-01
3.183792565736847519e-02
6.654301459101567839e-02
2.527849598489627717e-02
5.824003776144314609e-02
1.063220218115756566e-01
8.540608555103516852e-02
1.065014559234476466e-01
6.125339789228842480e-02
3.806355006930347423e-02
1.407972003216140591e-02
5.262010251498466101e-02
4.265204849269001175e-02
4.007829402719968737e-02
5.561151851095344489e-02
6.172247462375417271e-02
5.251083330697251667e-02
7.785325965297523743e-02
1.039304163008381854e-01
1.061191536477818081e-01
6.540456668271198148e-02
5.089547305447759268e-02
1.091537472790055918e-01
8.505650019646268656e-02
7.964768808844696624e-02
6.082904536903663284e-02
3.580887101791133120e-02
7.463503872930168925e-02
1.071449589648080097e-01
4.494318786253049397e-02
1.288593681133883527e-02
9.238488607285857968e-02
6.672319596295030186e-02
7.657400572868458544e-02
8.813911414067003569e-02
1.828040668061579888e-02
8.103867880485177144e-02
5.035326560183520095e-02
2.412663142150285947e-02
7.716696347888661600e-02
6.416739566982934684e-02
6.371477132013463052e-02
2.415004446691255274e-02
2.737115894120170645e-02
6.510433047913444238e-02
5.786581061959712030e-02
2.380125554192773912e-02
4.471187077001288757e-02
7.898332237090190111e-02
7.380439872083864594e-02
6.121585198592491284e-02
9.838293246872134579e-02
5.534595406460867534e-02
3.413320996039202054e-02
5.971308002319732078e-02
3.791021303555532768e-02
3.148475612575599852e-02
4.835368609722130728e-02
6.484945102263779682e-02
1.966247673998386403e-02
2.303402704691531050e-02
1.096810789642883310e-01
6.466754670212740419e-02
4.920399455725191218e-02
1.226524299270391125e-02
8.823182650819234862e-02
1.185367759745518945e-02
9.334574904657053085e-02
9.316224017423704873e-02
8.400656471225365074e-02
8.539748102527537632e-02
7.157908667956990045e-02
3.408243552263294507e-02
7.939023274590360779e-02
7.927259608535362767e-02
3.541610501704252345e-02
9.215184721965062609e-02
2.272360703922085903e-02
6.920856695915832135e-02
3.447954264737257413e-02
1.670304762434703799e-02
9.827784678807786889e-02
1.977601873368086544e-02
2.988408756605160504e-02
4.716228653648461139e-02
9.823258446745967987e-02
6.188904247213746629e-02
7.153107873172889764e-02
7.802280214396853375e-02
2.536326342920421084e-02
9.773951317296192265e-02
8.629548175803260224e-02
5.475844523679349041e-02
7.818073523487628629e-02
9.357738939545426349e-02
8.375785735128266074e-02
5.480426453335695419e-02
8.852632597093611222e-02
3.417887443774397793e-02
8.729353389321151124e-02
9.124527693339783141e-02
2.368709580087469818e-02
3.331035466904586073e-02
1.029330524239552014e-01
8.671547864795307869e-02
1.098134207891484360e-01
3.491285207258797846e-02
6.644391137657799928e-02
6.194417218466991698e-02
6.232156964236281599e-02
9.778418009944848943e-02
9.889625795141554487e-02
1.011991824944072221e-01
1.004772339887352595e-02
2.431675967655645698e-02
5.063108627594930383e-02
1.065869807178508322e-01
2.297581988497966743e-02
1.031369707286519666e-01
9.118056020797868366e-02
3.627974975926644835e-02
4.513681735606900336e-02
2.119434049775222387e-02
3.483469204294808302e-02
8.445526554756674353e-02
6.228394830624733175e-02
6.295133291573661027e-02
2.122716878530157836e-02
7.823396956968195481e-02
3.676334030389437346e-02
9.364364910881524395e-02
6.087635262109844514e-02
3.609907989458341349e-02
6.964406650848319058e-02
8.127189340937160389e-02
4.405841184728750970e-02
2.476183994581320630e-02
4.056412183383315689e-02
5.528444827792369093e-02
5.811196366126476082e-02
1.609814870014597554e-02
5.621520289360322498e-02
1.524978838260577368e-02
1.041550530665392021e-01
1.081409862953895684e-01
3.645188190048851556e-02
8.061232868458977074e-02
5.013261097513958819e-02
7.596271041765487175e-02
9.705131462998226044e-02
1.485168445895926684e-02
1.598510449676750905e-02
9.785654541817560836e-02
7.214799487854829663e-02
9.848915453253927199e-02
1.032755432196429402e-01
7.510982145886387074e-02
2.050407552491168711e-02
4.028822332714803583e-02
2.033455373396474142e-02
5.150535577741174875e-02
9.227401778298621737e-02
1.345080239106606970e-02
4.561973669626463029e-02
5.803457194057567298e-02
1.531831271264651184e-02
6.271937822902116932e-02
7.537577963689406912e-02
6.913887892781774014e-02
8.974614322817874024e-02
8.700479622522012957e-02
7.517823256429340129e-02
5.415986579831037068e-02
6.505553252329017433e-02
6.958323540353175685e-02
4.258007253831459782e-02
1.590976014034211836e-02
2.096385424833770855e-02
7.103507848933239555e-02
1.613884920773200893e-02
1.051950317871693658e-01
4.777254707850945442e-02
1.312714606322650662e-02
9.289777481773381362e-02
1.037258957219391736e-01
9.920919144664973321e-02
4.053080988040978078e-02
7.288529882816764671e-02
5.633781501865112867e-02
4.763659601048724629e-02
5.761414342087228802e-02
6.495171413048324294e-02
6.809946817000060715e-02
3.576415108960721845e-02
6.061700101292252785e-02
9.213159275693809380e-02
5.141612164038544125e-02
7.321666863472713060e-02
4.622930593840631625e-02
1.586442912433865676e-02
6.712013922565464308e-02
9.409271286756712427e-02
4.608022451192610169e-02
1.051102905910248214e-01
7.184983373337722190e-02
4.128034140786609324e-02
1.568881673583968905e-02
1.005855253140069822e-01
7.025707301550548900e-02
7.504285390113382692e-02
4.114125055128110831e-02
1.501039554182179159e-02
2.522657198170739218e-02
7.533539047099349628e-02
5.556917194590836606e-02
2.682114218821980700e-02
4.992837747052052827e-02
5.166388196454142767e-02
8.368037460136694417e-02
6.261967723580334766e-02
1.014447545133290579e-01
6.293939189918473787e-02
7.999362882740017333e-02
6.899013602134677903e-02
7.572858969215051639e-02
4.781141634224053000e-02
5.342526172683741831e-02
4.172107387287411762e-02
8.714935776108596877e-02
9.901495996539032285e-02
9.987917911937399529e-02
2.174610749514066521e-02
6.590652412960533446e-02
2.702695349276330178e-02
7.888262663525415219e-02
6.735479996562747373e-02
5.196734907079150062e-02
4.793529697124705724e-02
5.303019685452796395e-02
3.339129336992606445e-02
2.532940324027692369e-02
3.197914857252694837e-02
6.327166427081117039e-02
9.599997772666622742e-02
2.769562908396951129e-02
6.715329891690446917e-02
5.381677117643922370e-02
1.048281536587816615e-01
4.769820806580150896e-02
1.006638657008161221e-02
1.007054633662550353e-01
5.184373660359214292e-02
1.060796668947371346e-01
1.026867928646453682e-01
3.604233763971320670e-02
3.140318201242384838e-02
7.236325642320472207e-02
9.516450240252626036e-02
8.891788599178947206e-02
1.085059466742769596e-01
4.982311718432366060e-02
3.967643333682583512e-02
1.803438692374178393e-02
8.678260379214629283e-02
9.535086406571094408e-02
5.716336135690181647e-02
2.450008775643908870e-02
7.277558341538931108e-02
8.839507537510038482e-02
7.054424440072117053e-02
1.068069019791167834e-01
1.562160445541474485e-02
7.588130680379083504e-02
8.558174190086703659e-02
1.737312405550225231e-02
7.810525719230533570e-02
2.838431243603378035e-02
2.045847597802994550e-02
4.167384923502197996e-02
4.659000120735058703e-02
1.098555633215838982e-02
1.020710761475751432e-01
6.392802787160949129e-02
1.033295679432909980e-01
5.570682249042712558e-02
4.290404215316905023e-02
1.204650522376957307e-02
4.520294914847276802e-02
1.157551201494363274e-02
9.716699831114151975e-02
3.796907342873728081e-02
3.766086614379803715e-02
1.080554879754177383e-01
9.487524109084051471e-02
5.602854875671530593e-02
6.454090482356920899e-02
5.145518977149814155e-02
5.698452892196535086e-02
3.911500299110010764e-02
2.180802695219751647e-02
4.301971779549964431e-02
4.579703846936039602e-02
6.407507561453482103e-02
9.532247863503208463e-02
2.727127439313208751e-02
9.309484127423917066e-02
6.902707240810383726e-02
2.114781763554576116e-02
1.869165154464352829e-02
1.040594622099000333e-01
3.976151733895107870e-02
1.046683937012943127e-01
9.522289964525278150e-02
1.028601308478812731e-01
1.698562399773017803e-02
9.499352388142338899e-02
4.665563746996743977e-02
8.028447378239474130e-02
8.689353239033018039e-02
4.857261440948457826e-02
8.504928629327448975e-02
7.033550037113188436e-02
7.141702027892064819e-02
5.554856339578861241e-02
4.117326143898004248e-02
1.018547962007246427e-01
4.961407098362989598e-02
5.321980162587976876e-02
9.865601095048341651e-02
4.041014964704254392e-02
3.213734619093471662e-02
4.464825526499336533e-02
2.458063285782879914e-02
1.038460041867338840e-01
1.988278354102525000e-02
4.787005505872587996e-02
7.458431600902648562e-02
5.853411244622180182e-02
7.166709007799880460e-02
4.807074715541871657e-02
9.564006553156642609e-02
4.452695894276773730e-02
9.413782306619643270e-02
8.803827102400350879e-02
9.322770627962644052e-02
6.250256198338603741e-02
5.900522272720814393e-02
9.843676053190698882e-02
7.357083834234687258e-02
9.943549292954327601e-02
5.587117343196684044e-02
5.596226096909776015e-02
6.219591275093539623e-02
3.949996741449660065e-02
4.138934352334947692e-02
8.362011496430189761e-02
9.582615287855374142e-02
4.941619489108296098e-02
3.308519043599920939e-02
6.357726751688884403e-02
8.188944869096627388e-02
2.362538702028326582e-02
1.416816678517264852e-02
7.732352232203350273e-02
1.031021741551999167e-02
3.522317304683925121e-02
1.002536635779139595e-01
7.546956643448665680e-02
6.525425481475093104e-02
3.773473827174262524e-02
5.517595576401623791e-02
1.659953288298352675e-02
7.830637229408718425e-02
2.077817649964941449e-02
4.633257442769127266e-02
2.843226670351491070e-02
1.079198876843787125e-01
5.220623396401876531e-02
9.023189459997231487e-02
8.099418214684715733e-02
2.794769593907045491e-02
5.235749946497415125e-02
7.367851017948233439e-02
3.819283805705554757e-02
3.224205158112210950e-02
1.717559532946932865e-02
8.275737212361646000e-02
1.439495591641625806e-02
6.147777209655343883e-02
6.183864674221594554e-02
1.004715961640607336e-01
5.521937353432049972e-02
4.583885506702208013e-02
4.722318351454121016e-02
9.757661405075622463e-02
4.437067878610431032e-02
1.907163904691428977e-02
9.346252667161389360e-02
2.795558805566230459e-02
9.188550153077415517e-02
7.484674924183745692e-02
4.518661487993134301e-02
8.407326671066792101e-02
5.339271968545760555e-02
1.089250314238154604e-01
2.420301504882544502e-02
1.057092902871786949e-01
3.088464720802727020e-02
9.241046989693817160e-02
6.848773404523304797e-02
4.101240903264701670e-02
2.351593892034310046e-02
9.002370893831823651e-02
5.744521832844334125e-02
8.335622226219099873e-02
1.637292039818188938e-02
9.833750472538081711e-02
6.631579275663544715e-02
5.775981948180088782e-02
7.233825775031436922e-02
7.603195486671948666e-02
2.028090188017762224e-02
9.804884783904944945e-02
8.255385094709230542e-02
3.437611779451504174e-02
1.074414696146877568e-01
4.184439732394297506e-02
6.740564795022802036e-02
9.222370130307785963e-02
5.886734440805909546e-02
5.396327040305011480e-02
1.003856797709795495e-01
1.172463520714013899e-02
1.087575567249761399e-01
4.330066494131266930e-02
1.059680937447776000e-01
3.820005725163070492e-02
3.963908538684630251e-02
7.241359808930046549e-02
6.702092224377659280e-02
3.278661600772788537e-02
1.050286090654334314e-02
9.569550975324998821e-02
2.550080374351655632e-02
6.918039387994918965e-02
7.012704537547552464e-02
6.751172182643959407e-02
6.796124643292317247e-02
1.746310658916020234e-02
8.916215331312850323e-02
7.920593575578513401e-02
4.213521938632320413e-02
1.132579600102343736e-02
4.397477955092977953e-02
1.377859877344837086e-02
8.297730175421171028e-02
1.918156558753574339e-02
9.974350803146234123e-02
3.779216304485290279e-02
5.456859624066272979e-02
3.162951425002502592e-02
1.601907718336892383e-02
6.208945360160402632e-02
9.461032790943724180e-02
6.605342905972565182e-02
1.509449156214796688e-02
8.721447635373145990e-02
4.635272483644833907e-02
2.858988883641717244e-02
3.681623224815971235e-02
1.641897319057734894e-02
1.046103721473952003e-01
9.513775724431554337e-02
5.278154561342765505e-02
3.329572676642058443e-02
4.094714115453761127e-02
1.092131551241316972e-01
4.625452494659894331e-02
7.470485860091273522e-02
9.780525881477335204e-02
3.099340456288635082e-02
8.964005435267000110e-02
5.017879030376858757e-02
3.251059012449702273e-02
1.257387176446848193e-02
9.898738543128486611e-02
7.023572487390153385e-02
6.546099031093015330e-02
8.434887946716765339e-02
8.318301357333801604e-02
8.038688682012715137e-02
1.320219813168522875e-02
9.540820687335888062e-02
8.216953827014975009e-02
1.035597906495794029e-01
8.718181070861760751e-02
5.986038099104196847e-02
1.052400874342966364e-01
1.054863878278193695e-01
8.912900019859955336e-02
1.095133528352138647e-01
6.200448003552479909e-02
1.309027553978214624e-02
8.166643798690900735e-02
6.639384429868669391e-02
8.819907730781430255e-02
7.544461156358713005e-02
2.829560839668448374e-02
7.128780826869478282e-02
4.400589408418929815e-02
1.755467041390609828e-02
7.209866614876050961e-02
9.139000413554657087e-02
8.951699083547251523e-02
6.977646115084068512e-02
5.246840098974346611e-02
7.110211355746308415e-02
8.923640188501739956e-02
3.316657456323049424e-02
1.016235335138776508e-01
7.405734337924632649e-02
1.703784167981234679e-02
7.378540387598848949e-02
3.694207396830903600e-02
1.196723294487888299e-02
6.117117607342547475e-02
7.980373413467750643e-02
3.517413381818867285e-02
4.532767355179299906e-02
5.328845571843617707e-02
6.908526008170068344e-02
4.236687899359407872e-02
9.075509704022598212e-02
6.437077848961798854e-02
5.209481437973217943e-02
1.652460413685099064e-02
7.300331407768126391e-02
5.055534316788400789e-02
8.461702745016451421e-02
2.087795476964395686e-02
9.925561728311249610e-02
5.612473732074201721e-02
6.928589717180876073e-02
7.769801159581721239e-02
2.745587439885785463e-02
1.901606564239194733e-02
3.131629482049436142e-02
1.013012427144526079e-01
1.049952692093591433e-01
1.798758580804628304e-02
7.466501380720313996e-02
8.245235357117923491e-02
3.169536174242904708e-02
7.194240693418500754e-02
2.462814659054039790e-02
4.989121922338150134e-02
7.850392398366388969e-02
3.395327147249611183e-02
6.862000825520880865e-02
1.098541030362006621e-01
8.333375063551605455e-02
7.624558629477724836e-02
6.931775503455051002e-02
1.009176756947555847e-01
1.056607494583886309e-01
5.675666829557882154e-02
2.340471178911946240e-02
9.737004788623514207e-02
9.726574968379506081e-02
4.864769972605392095e-02
5.607434917923841133e-02
3.476777076696167118e-02
7.592063923632681732e-02
7.096395014543213642e-02
5.783250260567182610e-02
1.290893119569161591e-02
7.726597741143685638e-02
3.288810575633926286e-02
1.041006592546605929e-02
8.667636903183148500e-02
6.472237338748895730e-02
1.626982082104055233e-02
5.289248629079797842e-02
3.230500448036031230e-02
4.797019316454550347e-02
1.028491120867079389e-01
2.323267536545776252e-02
4.199430624695928149e-02
1.069155560017704260e-01
1.194698729111539660e-02
6.354223574446890566e-02
5.937560121237883681e-02
3.751949583077798800e-02
8.112050215068895842e-02
7.352959455882318585e-02
1.243321860357497581e-02
5.292356370878344846e-02
3.009991425729024311e-02
8.682437639863553602e-02
8.585636043091336711e-02
1.047791178195103812e-01
6.114757425800105423e-02
1.034442644468980960e-01
6.576019344765932084e-02
7.556369203828447456e-02
3.269535868999472877e-02
1.423666024965349747e-02
2.763851086586883998e-02
1.045326432959155401e-02
8.578392424613623390e-02
6.699613176047868046e-02
8.491135361103695212e-02
4.647213268698212330e-02
1.720922529666590525e-02
4.927197542369166766e-02
3.744881350931657943e-02
9.813709969221970364e-02
7.865019314555959928e-02
7.902937394397671622e-02
2.125834850717574567e-02
1.835582808884583458e-02
2.884419608548728642e-02
8.469178764797599679e-02
4.907976245137885690e-02
8.590492363156174149e-02
1.049105031923380643e-01
5.664273247744954637e-02
6.686021828882619811e-02
5.641628468776607036e-02
1.666379928254794335e-02
2.509862458730284865e-02
4.965964986132299919e-02
6.664447406006041019e-02
8.003515267610927797e-02
6.310437885049056950e-02
7.742997337362125809e-02
2.035946858500990719e-02
9.742055465622172228e-02
5.178527160193704265e-02
2.824057135555818610e-02
8.343338505475164646e-02
2.378302836211541871e-02
9.160893510928817818e-02
1.057777055175082997e-01
1.086888058108084337e-01
8.175905553774835688e-02
7.874026252398313996e-02
8.156314810146460259e-02
7.149030162251683584e-02
9.579152846158758838e-02
6.801897919198161835e-02
1.540764679666692914e-02
1.050653488415945330e-01
8.933027839793643288e-02
1.066247119521328141e-01
7.093603926181850372e-02
9.150256844261629718e-02
8.889976385359783795e-02
7.724825038609617334e-02
8.267389845083815414e-02
1.683991439694213985e-02
9.629786481665543463e-02
2.056183606445007722e-02
6.339299219010673114e-02
9.798963106103189546e-02
3.036533463673696948e-02
7.693768360288313901e-02
2.561508442813810807e-02
9.110569159121155447e-02
6.056663638779839764e-02
8.601685961547170245e-02
4.706383882592431178e-02
5.544158960474116632e-02
4.380616799408650064e-02
1.042052833637531067e-01
8.066692375771174206e-02
1.117381817256339269e-02
5.765211614212682745e-02
7.084596447356432403e-02
5.930348967598287474e-02
4.445235780148092120e-02
1.475694583720698130e-02
8.782232056297488432e-02
4.897930971504881742e-02
3.727639364177293829e-02
1.169540820489426217e-02
3.557964109752634330e-02
2.161640833327378025e-02
9.696992912836115142e-02
4.679906803303843232e-02
1.092918782840216763e-01
1.618819197710255620e-02
9.668667565892423432e-02
2.580906697806999162e-02
3.303935566443058636e-02
4.830044427119558476e-02
3.926887842011810709e-02
8.987648381093871208e-02
8.427698587633591920e-02
4.738829958927907871e-02
6.380504116339900944e-02
1.388976551915234968e-02
2.895610104799620915e-02
1.871872688464557705e-02
8.451907681966894237e-02
6.491289346764669843e-02
2.787717091243784723e-02
1.043491356660806030e-01
8.935464017386283986e-02
6.598933078536454999e-02
6.811427529022845428e-02
1.016726025711379572e-01
9.006326121685713504e-02
5.909281141348755872e-02
1.088754397346285152e-01
7.073272902098616532e-02
1.998533369687229000e-02
8.050711827558315603e-02
5.828688703140327831e-02
7.660007575538389790e-02
3.352650278759829877e-02
5.409081452545200924e-02
9.390941515216154334e-02
1.341850656024649348e-02
8.018251523020406002e-02
1.004259920569675613e-01
2.666737024704099457e-02
1.973564415464747895e-02
1.553736366940141819e-02
1.000404145447626736e-01
7.134054981342989599e-02
8.994332936049680149e-02
2.593674141279474210e-02
5.467866948428672796e-02
1.061527241311428227e-01
9.250929230998565511e-02
7.066928337006660177e-02
9.397082120283922757e-02
7.527390657245565386e-02
3.068823609849793965e-02
3.102879353213773561e-02
8.347435529167226975e-02
7.326366625256416909e-02
8.355529729220216584e-02
1.689533418302050644e-02
8.411896912708349827e-02
1.024062746173224486e-01
5.040765659186875053e-02
3.256658643798109737e-02
6.387264833640927952e-02
8.615247481370132132e-02
5.347800803099234113e-02
6.866924782932917748e-02
9.587141464076899544e-02
7.396719300073049952e-02
7.036635688920338250e-02
1.030997136420729876e-01
1.062293046179565714e-01
6.602623795996383216e-02
5.194118149645161192e-02
3.610726233087294124e-02
4.816124787054825579e-02
5.655360574726753936e-02
8.980584894111637295e-02
1.072394272430961110e-01
3.249091442891628018e-02
3.371491866814018551e-02
1.094914060713750720e-01
8.196263609349295487e-02
5.917668658213695587e-02
4.078283256976752980e-02
4.592745829214663067e-02
7.862041344108097740e-02
5.436370265316801953e-02
6.076673775161555574e-02
3.460918157489942248e-02
3.599072653586131432e-02
2.290680201093628354e-02
2.566525906277294933e-02
6.220082484224674635e-02
3.003220526965257042e-02
7.360050029399226035e-02
8.739889420440249967e-02
3.155933309867296060e-02
3.990246068674028340e-02
3.685386115066782708e-02
9.884638380864341212e-02
9.070052848642987109e-02
8.232270166484657870e-02
5.272760802586146101e-02
4.327214522567536525e-02
9.204852152078138450e-02
1.050160354900548654e-01
7.778507155078247248e-02
8.305375843431356264e-02
3.028613614483901401e-02
1.001977494407463032e-01
6.890639413523209911e-02
8.497364849368028994e-02
8.282291750319741019e-02
5.628912603261203990e-02
9.765760123186931208e-02
8.302084809857521175e-02
4.567734575342010522e-02
7.685676844010988495e-02
5.579883561685387156e-02
9.125271123770083148e-02
3.924727651774246456e-02
8.741831659129754850e-02
4.357628448179380609e-02
2.326880334033182285e-02
8.605865199797919918e-02
3.388857022219630283e-02
4.086302939414183238e-02
1.357136279771118705e-02
4.747249980167378425e-02
2.108560319761444354e-02
9.193942166522520165e-02
1.645905175450189384e-02
2.371302669308549688e-02
2.916546630805730289e-02
3.671496960427644840e-02
8.639949635139680673e-02
8.863651107227368819e-02
6.877890240536506383e-02
2.472564178823261766e-02
2.518813910056988403e-02
4.229180778516490602e-02
8.788193715932239580e-02
9.293604936941760042e-02
5.771487835394022159e-02
9.590604680678829763e-02
1.660260190593624077e-02
7.649586434783822719e-02
1.084955605982158289e-01
1.620317060514634908e-02
9.381508529793891604e-02
9.644167866167248360e-02
7.477497484058842625e-02
8.999770947201019000e-02
6.031980878304442351e-02
9.682681131802402252e-02
5.998194280332967698e-02
2.928487928745143049e-02
8.422454867958342750e-02
2.691644492377037734e-02
1.793872947273725260e-02
4.282275598858376053e-02
4.012286433159910348e-02
2.217628747022107674e-02
4.024326225683654001e-02
1.053393882644559076e-01
4.204940748253382238e-02
2.230648444105745587e-02
3.077412897702620082e-02
6.872151032995509057e-02
8.204592872739684128e-02
6.426778242440232825e-02
6.399747401032389316e-02
7.880363417586735975e-02
4.586182575200196954e-02
1.937737840035689760e-02
4.936107526432503834e-02
4.217180765882209970e-02
1.090399944934975496e-01
5.080396321304685159e-02
7.108925832364276776e-02
9.342798301046112419e-02
9.611741454835462384e-02
2.719845006300102008e-02
3.292350742866243657e-02
8.290620820295994953e-02
2.559828398434284974e-02
4.884706497142787124e-02
9.373685584081203892e-02
4.479717103884096885e-02
1.082915329218936407e-01
7.906748055586065860e-02
5.914592053700650637e-02
6.521473417279161078e-02
8.655073412152856915e-02
4.617532311621454916e-02
9.600087937672480143e-02
2.094753813373512186e-02
6.585728107184606051e-02
3.343918949720518091e-02
1.044720297544902976e-01
2.817901136421084585e-02
6.817872826927906527e-02
4.670845640165246365e-02
5.496108657015707361e-02
5.425452232142598252e-02
6.066287917208755542e-02
5.504973743817900139e-02
8.808901738568651607e-02
1.083547457199610792e-01
2.601632925178724853e-02
8.483011814084390201e-02
6.969003640825455204e-02
6.824504226366778781e-02
7.273932265179808287e-02
6.709635693576186666e-02
6.284688941603167045e-02
9.477505948532134739e-02
5.872743140258507993e-02
5.711512683547555896e-02
4.031091358977454547e-02
4.273543705302068618e-02
2.066644940165467126e-02
2.165438984957659269e-02
7.953807605496442112e-02
7.005794956628311199e-02
7.829783872988015092e-02
3.237659188930586823e-02
6.027945644468517272e-02
4.440133661535839577e-02
6.784331502278434511e-02
6.050158694925443503e-02
8.118821845877859100e-02
1.075595822192068896e-01
5.894708804702234600e-02
6.363527309833992562e-02
6.501632361688806927e-02
3.228930436272190591e-02
1.555375106274163935e-02
8.660447698341036671e-02
2.205746660561346689e-02
9.997278065163260619e-02
2.595139587623550986e-02
1.073714205893555457e-01
7.837695263420538239e-02
4.342441025258407528e-02
8.730206863956797847e-02
5.756825568990255743e-02
5.026303281345955581e-02
1.060250128060273300e-01
6.648329002056967141e-02
5.002867152972574616e-02
4.710290272274876566e-02
1.023266309113102790e-01
2.936563202680891882e-02
6.613122788245255623e-02
8.878484586002187429e-02
1.710980466154750010e-02
9.418486245643885313e-02
6.414257142955730184e-02
3.721535131022211257e-02
6.440948886553728159e-02
1.124710738997157684e-02
7.856902259431716717e-02
6.629979258680494814e-02
8.285277064413054671e-02
3.592504966510936398e-02
2.514090501758440427e-02
3.137001739369711661e-02
9.053642648569024121e-02
4.640894769465794129e-02
4.162553241008105920e-02
8.228383389709612028e-02
1.176938604942498121e-02
6.517153833723919598e-02
8.566416981329745550e-02
4.957790437988894572e-02
3.698969400363846805e-02
7.630670395706819209e-02
1.025339878992669318e-01
6.723716435167394201e-02
8.833457842178725483e-02
1.007755092368845945e-01
2.401916956412414317e-02
3.535117000767891426e-02
5.858583923474938726e-02
7.340721912706768548e-02
3.952806824698170546e-02
1.232846876512763874e-02
7.262743382620803767e-02
6.951945574961401753e-02
5.404680563556823331e-02
1.077478215304884385e-01
1.008312324309330182e-01
1.027386211797670507e-01
3.261472710204386949e-02
9.376831846353622657e-02
4.312317526833027437e-02
4.072381829171862339e-02
5.353879349724707110e-02
1.082405117152378526e-01
5.969294855413558726e-02
5.023906108051692104e-02
4.224879256751149642e-02
7.629073541170480754e-02
5.159632996024565016e-02
1.740841995910785006e-02
1.947182140350497276e-02
1.088106545165738182e-01
4.000412472983908008e-02
9.247943767311492258e-02
3.663408657371489130e-02
1.047133215079121688e-01
1.014761710539291567e-01
3.618325484836384248e-02
4.152696273249704972e-02
8.844418425115697924e-02
3.906866242607585221e-02
6.288114171897264681e-02
1.070848315090343894e-01
8.049755889502371864e-02
3.034088289129927701e-02
5.862506873766974713e-02
4.743105595052032886e-02
1.084858883893994978e-02
2.212061123211925273e-02
8.121604046597843962e-02
4.823161521992961470e-02
1.099663974030661018e-01
9.198930385721856839e-02
7.117280582392991606e-02
4.842043630177101515e-02
7.772436520739953170e-02
3.701311434641341158e-02
7.737913363086826313e-02
5.079137221552849218e-02
9.605404454717042517e-02
9.732155174931508834e-02
2.713720432362055207e-02
5.669747543837120457e-02
2.624324866810563706e-02
1.045770595376307593e-01
1.073046613310032621e-01
9.873411923436783977e-02
5.816714314003475911e-02
7.521106627964459224e-02
7.200208194291231323e-02
6.347854294844300360e-02
2.244466719659889489e-02
5.434070736391215933e-02
9.547828193324731094e-02
3.204791232209027591e-02
2.861501783194415199e-02
4.945804376784097151e-02
3.020295825042774995e-02
8.899942461219266521e-02
4.194675723491723268e-02
6.572611528958650917e-02
1.410292984111601033e-02
5.126535573448023214e-02
1.083047763809259906e-01
9.205935019972347200e-02
2.756302381292859149e-02
8.551689217860213021e-02
8.143545083903698523e-02
1.842311834364569745e-02
7.762320682630255431e-02
4.870519080016807306e-02
8.941896326691763097e-02
6.400458119224490539e-02
1.956017177060176415e-02
3.851985593609157793e-02
4.731437254414640192e-02
5.734291827841645622e-02
1.365567376559304914e-02
8.694184548481252717e-02
6.095114686128536019e-02
2.466640507010967737e-02
5.489252501699642267e-02
3.636594254430332990e-02
7.060759751074655033e-02
4.108974787728990330e-02
4.428336813544807987e-02
8.881625663272889326e-02
1.112454272840400493e-02
3.547993519294605214e-02
6.833804631534350083e-02
7.806301119483281814e-02
6.940258697676221500e-02
5.878907370373100821e-02
7.393686904391325032e-02
9.507281900728779822e-02
6.024257451608126812e-02
9.452951011140424409e-02
2.754338230971184465e-02
7.079498271675463417e-02
6.343803346699225520e-02
9.032254529062368198e-02
7.910646506889562612e-02
6.765011026849514220e-02
3.270167221091199034e-02
6.108364737137089023e-02
3.452687996854278407e-02
6.101037008065661460e-02
6.844541925376480818e-02
1.263938316006592462e-02
4.178396286817832872e-02
8.612953622442243162e-02
9.650833186412374753e-02
3.123076797889213357e-02
6.457149874881579210e-02
6.827324556085766216e-02
1.463081706569191801e-02
1.044417555527396985e-01
1.023531351955195151e-01
2.448472215320904311e-02
1.017709711685294838e-01
4.879408944945624882e-02
3.574489196914201056e-02
4.753258023777633123e-02
9.094499366017640141e-02
1.013940568992266200e-01
7.349902205084807294e-02
1.763884164762929974e-02
8.768606890095401174e-02
7.449777727839325403e-02
1.093448620380135516e-01
1.070337362809785919e-01
1.284969398235394876e-02
5.065599036998775367e-02
6.657504726545603047e-02
3.935306153400874168e-02
3.658024375463204275e-02
1.064776101062295810e-01
1.067330218588177088e-02
4.698677143917383281e-02
4.507249307479903322e-02
7.844857893252757397e-02
2.909252574860119595e-02
6.006295942497497792e-02
1.064047559497391243e-01
2.435694519721591858e-02
3.802760036800816035e-02
2.810293311974504382e-02
1.577667762767169871e-02
1.319280137334996258e-02
2.137909725698244195e-02
9.858150846104321574e-02
7.876510571207996636e-02
3.563968011037341177e-02
6.984653546930595647e-02
4.902180427000851770e-02
9.296845648108752191e-02
8.516699197876691219e-02
9.084277289207839945e-02
1.451521710957996703e-02
7.452604704782764267e-02
6.002700649943353006e-02
2.331854491874886526e-02
7.309395326191558961e-02
8.182796770911457407e-02
1.245660997926635767e-02
1.039626171781720954e-01
8.958552621331930532e-02
1.295540693807891927e-02
5.172287536246188838e-02
8.902085513231253189e-02
7.314243840568276922e-02
3.827418865050187524e-02
8.792767619758116993e-02
1.126569767644792532e-02
1.043739258903468720e-01
9.932608368089779205e-02
8.086880564995349574e-02
3.811799876730035536e-02
4.890453039023286153e-02
3.881671264835560159e-02
1.856405914474228147e-02
7.560981481709824759e-02
1.068759039603316280e-01
9.035146413730056614e-02
3.832100208242627398e-02
4.047891874482156815e-02
5.284051484148274969e-02
5.424080928701963816e-02
9.146815398215370208e-02
8.383346032538402381e-02
8.024864454643396150e-02
9.010983053686554001e-02
8.131607997252048026e-02
1.923670548499511329e-02
2.258473112045284587e-02
6.214812711373254861e-02
9.422147076231295049e-02
2.770319074980802376e-02
3.712953175822809870e-02
3.240185438050509348e-02
4.351113671421615037e-02
2.845291805841615451e-02
7.918787321176520844e-02
8.946793535822686327e-02
8.242075485911119770e-02
4.933155529244095949e-02
9.484029137774531437e-02
1.036602613506235199e-01
1.053609755530946351e-01
7.401477073803533480e-02
1.875136369324017713e-02
6.378027584720195875e-02
2.966487703808598497e-02
6.143132015099945359e-02
2.921602776664940920e-02
5.539018676934247959e-02
5.471666755400064058e-02
3.861766103840733044e-02
3.836275540877056439e-02
6.039012066277548579e-02
5.200466354282072545e-02
4.084098382445568859e-02
4.611560117180676932e-02
2.782337146690420926e-02
5.512593161763298250e-02
2.151044311499603762e-02
1.135441582632778709e-02
1.890364145822057487e-02
1.430912722355175137e-02
1.238305523091364282e-02
5.708908421362195174e-02
2.386669689447522627e-02
9.754348148826431919e-02
2.004048026677680144e-02
2.486387589994224281e-02
5.105065506411578941e-02
1.035416121411974061e-01
5.619391506141860337e-02
2.278866994604870910e-02
3.885607891072680176e-02
8.190063478703012156e-02
5.390706580820470162e-02
4.037280663971577754e-02
5.993342672207073452e-02
9.465488860050362552e-02
6.669927257328552017e-02
2.544821623649439618e-02
7.414520748303068953e-02
4.374775733447792969e-02
9.470887261825576553e-02
5.683707598796971378e-02
1.003023163028494008e-01
6.463025121003776463e-02
7.139584474878667153e-02
4.264945214020519904e-02
6.558727832311682382e-02
2.104995162527441288e-02
3.444759712763921511e-02
8.707372409073214914e-02
4.770796997183326255e-02
1.055472314607320133e-01
9.141252292324164586e-02
8.415167402376731720e-02
2.866728329015974519e-02
2.157939914705277878e-02
1.020139874913007783e-01
9.266427236392886513e-02
3.510596511539443992e-02
3.367263435917705605e-02
4.726918733989321497e-02
1.076349527034732162e-01
4.097244972222159609e-02
8.091717985476745700e-02
2.281139585351495136e-02
2.974453686716547335e-02
2.022221135936798017e-02
3.313417145191909635e-02
4.691586810538183466e-02
5.845508198001372197e-02
1.765113426557242404e-02
1.033590439157545948e-01
1.010503992394220923e-01
3.506753120383725858e-02
7.635946341978808172e-02
2.194345006037452459e-02
6.333950207901278828e-02
1.076571046626157852e-01
3.106563448937797733e-02
1.041360647977829373e-01
1.442332888028671073e-02
2.063791251671664995e-02
9.108313146637501967e-02
5.953591965528902408e-02
7.421865949248779293e-02
9.339532487974393227e-02
5.920928487011944963e-02
1.029504971896984394e-01
3.380289946638179166e-02
9.281348889407600722e-02
1.056591807462026709e-02
7.333266665780222016e-02
1.449648491556696298e-02
1.097736066211945360e-01
4.603303832794149175e-02
1.034540906253114817e-01
1.329533267140936038e-02
1.012600229278882435e-01
6.011534538190287102e-02
5.808472417862849818e-02
1.075399500065292308e-01
5.441959715910798384e-02
5.981353448049770566e-02
4.120080120415853947e-02
9.631259662179647574e-02
4.572705024487352249e-02
2.901820316690136708e-02
3.044841793750491937e-02
3.049508113893767414e-02
1.087357830337966486e-01
1.370120033439959674e-02
8.779394547413642280e-02
1.081505474106342762e-01
4.159233318500318161e-02
3.502644294236213762e-02
1.055841730719781629e-01
7.087754389693515233e-02
1.017374218110712047e-01
2.393098810446927377e-02
8.138326325801047145e-02
8.651519562066413427e-02
5.746534153880904910e-02
9.914753506222216684e-02
6.044581682799544248e-02
1.027529618907291192e-01
3.621279972570160682e-02
3.172711108192203394e-02
1.090839239626897744e-01
9.963749539890778828e-02
7.505356041538882583e-02
8.005038033421837951e-02
1.962463766659475889e-02
1.212918809053881684e-02
9.365195417336481809e-02
1.364664045650151002e-02
3.422276795513964215e-02
7.255981319771974414e-02
3.783122078550855277e-02
2.073941251866413121e-02
2.852291228418203650e-02
1.771510287246573848e-02
9.937664245829806731e-02
9.102365296688161300e-02
3.959225567360333958e-02
9.310117075709703482e-02
7.610397394858091358e-02
9.622482923201462757e-02
6.369696678752262420e-02
1.029079732840555185e-02
8.261392352673907480e-02
1.074673885868865780e-01
5.942981238823239615e-02
5.317034061642803011e-02
1.426683079468851062e-02
3.876226423625592915e-02
8.699589529042946190e-02
1.776930799411250220e-02
2.705412520705040985e-02
8.757169512699394809e-02
7.298941203242789721e-02
7.965415280516215113e-02
9.983014574786990003e-02
7.002600520244359195e-02
7.186286021817014924e-02
5.976723902931967841e-02
1.884746214406439122e-02
1.072590680946895192e-01
7.496565924120290880e-02
1.015595497629758204e-01
2.775108620146804483e-02
4.364316380435349918e-02
7.651328822843694866e-02
7.941387651541081949e-02
5.672528875771062212e-02
8.058276226035547551e-02
3.466097186807398645e-02
3.118688514559592867e-02
2.723442634980133281e-02
3.459010552061961286e-02
5.363742399670828193e-02
5.832283134377013595e-02
3.486052525147930597e-02
1.022427258534541611e-01
5.117410544341870204e-02
2.494021378501200259e-02
8.457198472205915141e-02
1.332928972859391721e-02
1.381704785949385006e-02
7.434296524013374319e-02
1.809670393385109585e-02
4.544607719823891973e-02
6.320138621182296024e-02
2.608972902679641825e-02
6.791841958626053388e-02
5.269099604924886576e-02
3.320836423528576026e-02
1.071559441364563353e-01
2.201095080855857908e-02
8.148068281197898277e-02
6.985964992940506268e-02
6.163111605960468892e-02
3.390028879094191677e-02
7.316151029487882873e-02
6.537221738120417569e-02
9.261102571189777644e-02
3.128535791380922942e-02
3.073505161013479620e-02
3.788327604064453680e-02
8.074911223010897143e-02
7.265350807862508420e-02
1.581094988503600057e-02
2.041006558120712217e-02
6.198585114690569747e-02
9.278790497745739718e-02
9.230855297644204038e-02
5.701561276236954273e-02
2.246576558043033786e-02
6.691905967620781492e-02
8.623866564747394159e-02
4.410741023429166907e-02
7.698492974725072713e-02
5.373264136824193460e-02
3.360179317177176134e-02
4.276929839050987170e-02
9.444837465318274561e-02
5.368095863178477117e-02
1.510467796740781569e-02
1.020216439931998648e-02
2.359490992478517624e-02
2.199035345769238814e-02
2.948100882013780094e-02
3.359203910893689138e-02
6.241590251728430100e-02
6.277210131958108064e-02
5.725547376763791274e-02
5.051337197271592305e-02
8.547904949349649506e-02
2.640192712331357328e-02
2.236748654369071637e-02
9.429203828505292040e-02
9.028601534062108414e-02
4.207586352164335852e-02
6.175931485148857675e-02
1.059373954859613720e-01
1.025883546201125651e-01
2.262690522248246572e-02
7.669755865080998825e-02
5.355671883928139060e-02
9.156308597309180397e-02
1.031547300630352021e-01
2.250322874198827650e-02
2.548671007447754489e-02
5.234480932688596877e-02
1.092587199769302214e-02
4.019206084233029747e-02
4.979599939229457928e-02
9.805885097111978477e-02
9.915540628821899183e-02
6.733572427432213403e-02
8.770913904975080611e-02
1.910406867965629141e-02
7.016317394693348530e-02
5.161524791210240354e-02
6.090153206551900816e-02
8.032360357022413910e-02
1.073632604943121002e-02
8.528736984123858056e-02
5.296311418248021013e-02
6.563208747526068365e-02
5.751425234746633530e-02
4.662400857340055771e-02
4.952897329920277758e-02
6.729412620294798753e-02
3.739239082557446747e-02
7.493977399231374625e-02
9.503309370378734688e-02
6.677260396113823826e-02
3.403637722274482219e-02
1.078967770228152906e-01
7.932429542369766329e-02
9.449047006742944399e-02
2.658167985227070929e-02
5.046403928017737656e-02
1.633166875362411855e-02
1.931899678793851105e-02
4.650651676397113410e-02
4.377879485346734822e-02
1.097302736244823995e-01
2.688824415145579794e-02
2.639692331355480287e-02
5.927680171757719607e-02
4.065729805251359907e-02
3.755639601538610789e-02
4.365125270986574407e-02
1.785067903286323768e-02
6.487546553933053184e-02
6.880346526333065704e-02
5.461774896360534204e-02
4.547897735794958346e-02
1.079936255456698108e-01
4.309357075171420942e-02
7.576173474594298518e-02
3.470627099336464488e-02
7.162723834280232404e-02
1.010330083167606668e-01
9.553616978382946379e-02
9.861172348537843024e-02
8.595181704452556359e-02
7.615103023103689250e-02
4.685654874636371869e-02
3.188261987784875295e-02
5.899224924594902164e-02
6.072866443782506257e-02
4.424563175489644451e-02
8.041761320670900992e-02
3.218710658608255754e-02
9.685091200767322051e-02
4.386767503509612920e-02
3.083455045551551643e-02
2.892048203672466927e-02
6.748269277244653419e-02
8.162196491856005265e-02
4.336411308912607732e-02
2.957981958627204505e-02
2.014935014511672409e-02
2.009143234262197875e-02
4.484890321495819954e-02
2.266329848388392437e-02
5.547680284582783700e-02
8.475811638336135101e-02
3.996661347446089224e-02
5.962255789272441486e-02
6.431351794857863291e-02
4.321902275079513023e-02
7.284905671883558365e-02
2.980198215921248811e-02
5.228149186143400684e-02
7.415417714006847238e-02
1.091343048765755219e-01
8.510744245765632099e-02
4.889912178821704397e-02
7.225400764261154241e-02
8.563593709457879843e-02
6.786913054258907063e-02
1.217881426392171222e-02
4.459117735456132048e-02
7.294392741401641012e-02
3.430387862098645962e-02
1.067410833552466243e-01
4.814314131101155719e-02
3.982161693507161454e-02
2.964017306944984748e-02
2.222471087148334551e-02
7.748627164128875366e-02
7.947626265193923067e-02
5.211671302085960078e-02
5.333664460049297035e-02
1.142026195909063950e-02
1.886057579473328707e-02
6.997537480672018362e-02
9.098545103064724360e-02
3.013373027465419962e-02
1.009677916780935270e-01
7.487905721151989769e-02
2.186888453767780321e-02
8.312349310852865103e-02
4.538568739499221349e-02
2.587765034162631955e-02
9.791180666355918383e-02
5.840740483578515246e-02
3.842667485788734544e-02
5.581274491277993938e-02
1.017724424004836162e-02
2.577038042127492018e-02
9.878436301374972361e-02
6.680542076667987661e-02
6.763014487038440659e-02
6.858555068678338917e-02
6.301596609159690332e-02
6.972953590959661552e-02
7.643750745691896276e-02
6.945207431723605940e-02
4.501098135491458235e-02
7.250386360850955003e-02
4.466768888393578274e-02
9.674316677047843649e-02
8.442738006184381805e-02
2.306580556876720867e-02
8.372512277231393407e-02
9.015198308191350873e-02
1.012399599466683453e-01
1.220261416726389422e-02
1.528519921676640969e-02
1.096229253548933885e-01
3.718801826510684944e-02
1.008620188514868510e-01
9.045115403650795527e-02
8.581407922738104599e-02
7.708434881873325872e-02
2.080852988440158591e-02
4.917274358823418151e-02
7.339296523928937055e-02
1.781613960813094658e-02
9.763089228844532008e-02
2.618700188728064621e-02
3.901524119966754550e-02
7.757180219477025074e-02
6.235862952037602575e-02
5.138135968647234569e-02
1.926747652651113543e-02
1.571833190390574050e-02
3.019773247466091270e-02
8.645656400295023691e-02
2.482123418280408195e-02
3.552282877133357969e-02
6.935507045584433927e-02
4.487743978334498424e-02
5.259164335572677484e-02
6.479414701373940877e-02
2.954760528327241703e-02
8.965567651302151775e-02
3.190705079905880454e-02
5.133795679440790460e-02
5.452219779427613239e-02
9.435455034623559112e-02
9.571020392938327237e-02
5.100170936011131501e-02
6.157631821960662249e-02
1.750250295095789194e-02
1.002244843489307480e-01
2.132892313821759325e-02
3.890095328809403674e-02
1.042836743753149525e-01
1.089902263714791486e-01
7.055306099384087148e-02
2.504822163804791557e-02
1.030452073338468943e-01
8.908644022193983047e-02
1.153237037184232615e-02
9.819518971928944961e-02
3.988465115653752613e-02
3.280214167225906780e-02
1.726420817159096330e-02
5.835702307813558226e-02
8.523920478041967230e-02
2.652669762573879597e-02
8.644422413204921884e-02
1.162480961074262818e-02
3.706158000685595005e-02
9.720721096925591387e-02
5.648044976695658359e-02
1.037212786260957760e-02
6.617279561051923886e-02
6.778602905867391060e-02
7.121140685240483215e-02
2.442222572711375689e-02
8.391723147853155651e-02
4.346881643571146731e-02
1.058146264759237953e-01
3.915791339140617389e-02
1.820722777950697924e-02
1.058760559674298968e-01
5.723787263496351446e-02
1.006892702834027570e-01
8.976581472977616938e-02
3.859522430127863141e-02
1.393264178886723971e-02
1.019810054034552688e-01
8.252649241574014360e-02
4.298272784310568084e-02
1.499292154467498847e-02
8.534287517552992253e-02
1.982219345894756235e-02
7.959243990731244833e-02
4.241085402084366490e-02
8.239254949947821816e-02
4.555153576113675495e-02
3.944922593158586843e-02
6.017239794203364800e-02
7.847296515054305588e-02
1.037712552475671679e-01
9.690544010590855517e-02
2.677799439947296106e-02
4.529880659754684930e-02
5.074690052249428845e-02
5.685672141306463007e-02
7.753179665954183786e-02
5.790274252614016626e-02
2.398582863638620138e-02
9.459141737732401634e-02
5.376834424356787684e-02
1.480444898965882841e-02
1.515802669035370281e-02
3.377442141257764457e-02
5.494033630958993636e-02
8.207855819911250017e-02
1.952016498426314278e-02
9.086741180245946903e-02
4.064112398674782356e-02
4.498393663602191089e-02
8.438342955223801511e-02
6.154809041635195960e-02
1.493288721001502159e-02
3.426997835587260871e-02
2.673916445155638533e-02
5.009450973237750820e-02
9.664940824140692832e-02
3.063099811402875822e-02
9.979907831369577709e-02
8.796231319344777200e-02
3.208035305496596823e-02
8.488233000717544663e-02
9.173882287593253249e-02
9.949887088140138558e-02
6.530388207231144215e-02
8.859164784880778354e-02
4.598913902695255657e-02
1.019239226220278044e-01
4.141346614616741445e-02
2.885627265488124177e-02
1.026368720962314990e-01
3.050704160937053183e-02
2.141957264831495511e-02
8.866950694264372212e-02
5.739551983645258676e-02
5.413988943726565778e-02
7.978268570411889415e-02
2.631819571506460731e-02
9.700093520897727639e-02
2.289749314589956120e-02
1.048692319225719288e-01
4.434383811100425093e-02
5.566690444682322741e-02
1.253132686776186645e-02
