# Fraction
6.914556504539101645e-02
6.914556504539101645e-02
6.914556504539101645e-02
6.914556504539101645e-02
6.914556504539101645e-02
4.770800940451814381e-02
4.770800940451814381e-02
4.770800940451814381e-02
4.770800940451814381e-02
4.770800940451814381e-02
5.515440450423857860e-02
5.515440450423857860e-02
5.515440450423857860e-02
5.515440450423857860e-02
5.515440450423857860e-02
5.253207306382018382e-02
5.253207306382018382e-02
5.253207306382018382e-02
5.253207306382018382e-02
5.253207306382018382e-02
1.037213768249802964e-01
1.037213768249802964e-01
1.037213768249802964e-01
1.037213768249802964e-01
1.037213768249802964e-01
3.374025021576360778e-02
3.374025021576360778e-02
3.374025021576360778e-02
3.374025021576360778e-02
3.374025021576360778e-02
6.279482610608465298e-02
6.279482610608465298e-02
6.279482610608465298e-02
6.279482610608465298e-02
6.279482610608465298e-02
5.004113914657692952e-02
5.004113914657692952e-02
5.004113914657692952e-02
5.004113914657692952e-02
5.004113914657692952e-02
7.667077887662791802e-02
7.667077887662791802e-02
7.667077887662791802e-02
7.667077887662791802e-02
7.667077887662791802e-02
4.851359549727125159e-02
4.851359549727125159e-02
4.851359549727125159e-02
4.851359549727125159e-02
4.851359549727125159e-02
2.511446767216217804e-02
2.511446767216217804e-02
2.511446767216217804e-02
2.511446767216217804e-02
2.511446767216217804e-02
1.052744545222897288e-01
1.052744545222897288e-01
1.052744545222897288e-01
1.052744545222897288e-01
1.052744545222897288e-01
8.599739399861688893e-02
8.599739399861688893e-02
8.599739399861688893e-02
8.599739399861688893e-02
8.599739399861688893e-02
3.686178028556460345e-02
3.686178028556460345e-02
3.686178028556460345e-02
3.686178028556460345e-02
3.686178028556460345e-02
3.026147625689964982e-02
3.026147625689964982e-02
3.026147625689964982e-02
3.026147625689964982e-02
3.026147625689964982e-02
6.879011492040588982e-02
6.879011492040588982e-02
6.879011492040588982e-02
6.879011492040588982e-02
6.879011492040588982e-02
2.935758530876864114e-02
2.935758530876864114e-02
2.935758530876864114e-02
2.935758530876864114e-02
2.935758530876864114e-02
2.688402167351688216e-02
2.688402167351688216e-02
2.688402167351688216e-02
2.688402167351688216e-02
2.688402167351688216e-02
9.083986026252752199e-02
9.083986026252752199e-02
9.083986026252752199e-02
9.083986026252752199e-02
9.083986026252752199e-02
1.396973821912429747e-02
1.396973821912429747e-02
1.396973821912429747e-02
1.396973821912429747e-02
1.396973821912429747e-02
1.060676293022437128e-01
1.060676293022437128e-01
1.060676293022437128e-01
1.060676293022437128e-01
1.060676293022437128e-01
1.579302037558568544e-02
1.579302037558568544e-02
1.579302037558568544e-02
1.579302037558568544e-02
1.579302037558568544e-02
5.472879742793537727e-02
5.472879742793537727e-02
5.472879742793537727e-02
5.472879742793537727e-02
5.472879742793537727e-02
4.930148257756836183e-02
4.930148257756836183e-02
4.930148257756836183e-02
4.930148257756836183e-02
4.930148257756836183e-02
9.610511852003335298e-02
9.610511852003335298e-02
9.610511852003335298e-02
9.610511852003335298e-02
9.610511852003335298e-02
1.771391148520510411e-02
1.771391148520510411e-02
1.771391148520510411e-02
1.771391148520510411e-02
1.771391148520510411e-02
9.339493559802722333e-02
9.339493559802722333e-02
9.339493559802722333e-02
9.339493559802722333e-02
9.339493559802722333e-02
7.361145836743586413e-02
7.361145836743586413e-02
7.361145836743586413e-02
7.361145836743586413e-02
7.361145836743586413e-02
1.236921457052404978e-02
1.236921457052404978e-02
1.236921457052404978e-02
1.236921457052404978e-02
1.236921457052404978e-02
9.299073089429495120e-02
9.299073089429495120e-02
9.299073089429495120e-02
9.299073089429495120e-02
9.299073089429495120e-02
4.014891843524306947e-02
4.014891843524306947e-02
4.014891843524306947e-02
4.014891843524306947e-02
4.014891843524306947e-02
7.921874052914165687e-02
7.921874052914165687e-02
7.921874052914165687e-02
7.921874052914165687e-02
7.921874052914165687e-02
6.530746313655913515e-02
6.530746313655913515e-02
6.530746313655913515e-02
6.530746313655913515e-02
6.530746313655913515e-02
9.173100869103678612e-02
9.173100869103678612e-02
9.173100869103678612e-02
9.173100869103678612e-02
9.173100869103678612e-02
3.120824131884995106e-02
3.120824131884995106e-02
3.120824131884995106e-02
3.120824131884995106e-02
3.120824131884995106e-02
7.549696894799269586e-02
7.549696894799269586e-02
7.549696894799269586e-02
7.549696894799269586e-02
7.549696894799269586e-02
4.256035127419083991e-02
4.256035127419083991e-02
4.256035127419083991e-02
4.256035127419083991e-02
4.256035127419083991e-02
8.048172787849457166e-02
8.048172787849457166e-02
8.048172787849457166e-02
8.048172787849457166e-02
8.048172787849457166e-02
2.019855740575181302e-02
2.019855740575181302e-02
2.019855740575181302e-02
2.019855740575181302e-02
2.019855740575181302e-02
2.199715813537615750e-02
2.199715813537615750e-02
2.199715813537615750e-02
2.199715813537615750e-02
2.199715813537615750e-02
5.370825472790380362e-02
5.370825472790380362e-02
5.370825472790380362e-02
5.370825472790380362e-02
5.370825472790380362e-02
6.048066967791373982e-02
6.048066967791373982e-02
6.048066967791373982e-02
6.048066967791373982e-02
6.048066967791373982e-02
8.684114845426968432e-02
8.684114845426968432e-02
8.684114845426968432e-02
8.684114845426968432e-02
8.684114845426968432e-02
6.147050052383044860e-02
6.147050052383044860e-02
6.147050052383044860e-02
6.147050052383044860e-02
6.147050052383044860e-02
4.424050359804987398e-02
4.424050359804987398e-02
4.424050359804987398e-02
4.424050359804987398e-02
4.424050359804987398e-02
9.965354136499907090e-02
9.965354136499907090e-02
9.965354136499907090e-02
9.965354136499907090e-02
9.965354136499907090e-02
8.385630698361036528e-02
8.385630698361036528e-02
8.385630698361036528e-02
8.385630698361036528e-02
8.385630698361036528e-02
2.484456275828651056e-02
2.484456275828651056e-02
2.484456275828651056e-02
2.484456275828651056e-02
2.484456275828651056e-02
3.598282823975373218e-02
3.598282823975373218e-02
3.598282823975373218e-02
3.598282823975373218e-02
3.598282823975373218e-02
1.664244607565862344e-02
1.664244607565862344e-02
1.664244607565862344e-02
1.664244607565862344e-02
1.664244607565862344e-02
9.703971113634271561e-02
9.703971113634271561e-02
9.703971113634271561e-02
9.703971113634271561e-02
9.703971113634271561e-02
3.495533883699066674e-02
3.495533883699066674e-02
3.495533883699066674e-02
3.495533883699066674e-02
3.495533883699066674e-02
8.744504785858496498e-02
8.744504785858496498e-02
8.744504785858496498e-02
8.744504785858496498e-02
8.744504785858496498e-02
5.929983923122385953e-02
5.929983923122385953e-02
5.929983923122385953e-02
5.929983923122385953e-02
5.929983923122385953e-02
3.956219449855240267e-02
3.956219449855240267e-02
3.956219449855240267e-02
3.956219449855240267e-02
3.956219449855240267e-02
1.087240563547656746e-01
1.087240563547656746e-01
1.087240563547656746e-01
1.087240563547656746e-01
1.087240563547656746e-01
5.681891038114285364e-02
5.681891038114285364e-02
5.681891038114285364e-02
5.681891038114285364e-02
5.681891038114285364e-02
6.469837064697057938e-02
6.469837064697057938e-02
6.469837064697057938e-02
6.469837064697057938e-02
6.469837064697057938e-02
7.208259278383165325e-02
7.208259278383165325e-02
7.208259278383165325e-02
7.208259278383165325e-02
7.208259278383165325e-02
2.399284258441291423e-02
2.399284258441291423e-02
2.399284258441291423e-02
2.399284258441291423e-02
2.399284258441291423e-02
7.404489684641987757e-02
7.404489684641987757e-02
7.404489684641987757e-02
7.404489684641987757e-02
7.404489684641987757e-02
8.186404097656248269e-02
8.186404097656248269e-02
8.186404097656248269e-02
8.186404097656248269e-02
8.186404097656248269e-02
7.124122588156017732e-02
7.124122588156017732e-02
7.124122588156017732e-02
7.124122588156017732e-02
7.124122588156017732e-02
4.694124281342288568e-02
4.694124281342288568e-02
4.694124281342288568e-02
4.694124281342288568e-02
4.694124281342288568e-02
8.256202402589382650e-02
8.256202402589382650e-02
8.256202402589382650e-02
8.256202402589382650e-02
8.256202402589382650e-02
1.026875489619515219e-01
1.026875489619515219e-01
1.026875489619515219e-01
1.026875489619515219e-01
1.026875489619515219e-01
3.743329160834207164e-02
3.743329160834207164e-02
3.743329160834207164e-02
3.743329160834207164e-02
3.743329160834207164e-02
4.147479662293301894e-02
4.147479662293301894e-02
4.147479662293301894e-02
4.147479662293301894e-02
4.147479662293301894e-02
2.801797965392937434e-02
2.801797965392937434e-02
2.801797965392937434e-02
2.801797965392937434e-02
2.801797965392937434e-02
7.845010095468207822e-02
7.845010095468207822e-02
7.845010095468207822e-02
7.845010095468207822e-02
7.845010095468207822e-02
5.830991227796159665e-02
5.830991227796159665e-02
5.830991227796159665e-02
5.830991227796159665e-02
5.830991227796159665e-02
6.732425754361393011e-02
6.732425754361393011e-02
6.732425754361393011e-02
6.732425754361393011e-02
6.732425754361393011e-02
9.404257914674052365e-02
9.404257914674052365e-02
9.404257914674052365e-02
9.404257914674052365e-02
9.404257914674052365e-02
1.973836428311963320e-02
1.973836428311963320e-02
1.973836428311963320e-02
1.973836428311963320e-02
1.973836428311963320e-02
1.044038735448734635e-02
1.044038735448734635e-02
1.044038735448734635e-02
1.044038735448734635e-02
1.044038735448734635e-02
1.011063048371263762e-01
1.011063048371263762e-01
1.011063048371263762e-01
1.011063048371263762e-01
1.011063048371263762e-01
3.856291195872416783e-02
3.856291195872416783e-02
3.856291195872416783e-02
3.856291195872416783e-02
3.856291195872416783e-02
8.487224524731531994e-02
8.487224524731531994e-02
8.487224524731531994e-02
8.487224524731531994e-02
8.487224524731531994e-02
1.094888141002968024e-01
1.094888141002968024e-01
1.094888141002968024e-01
1.094888141002968024e-01
1.094888141002968024e-01
4.551376656721119185e-02
4.551376656721119185e-02
4.551376656721119185e-02
4.551376656721119185e-02
4.551376656721119185e-02
8.850244084726972826e-02
8.850244084726972826e-02
8.850244084726972826e-02
8.850244084726972826e-02
8.850244084726972826e-02
1.166104975196452335e-02
1.166104975196452335e-02
1.166104975196452335e-02
1.166104975196452335e-02
1.166104975196452335e-02
2.211197663953149914e-02
2.211197663953149914e-02
2.211197663953149914e-02
2.211197663953149914e-02
2.211197663953149914e-02
4.365063460911659809e-02
4.365063460911659809e-02
4.365063460911659809e-02
4.365063460911659809e-02
4.365063460911659809e-02
5.728313853303045738e-02
5.728313853303045738e-02
5.728313853303045738e-02
5.728313853303045738e-02
5.728313853303045738e-02
1.073618677975544805e-01
1.073618677975544805e-01
1.073618677975544805e-01
1.073618677975544805e-01
1.073618677975544805e-01
1.048448129644159316e-01
1.048448129644159316e-01
1.048448129644159316e-01
1.048448129644159316e-01
1.048448129644159316e-01
6.350217793042348124e-02
6.350217793042348124e-02
6.350217793042348124e-02
6.350217793042348124e-02
6.350217793042348124e-02
5.108904914369005040e-02
5.108904914369005040e-02
5.108904914369005040e-02
5.108904914369005040e-02
5.108904914369005040e-02
6.616679203529425568e-02
6.616679203529425568e-02
6.616679203529425568e-02
6.616679203529425568e-02
6.616679203529425568e-02
9.567139793024505290e-02
9.567139793024505290e-02
9.567139793024505290e-02
9.567139793024505290e-02
9.567139793024505290e-02
7.720627619814224296e-02
7.720627619814224296e-02
7.720627619814224296e-02
7.720627619814224296e-02
7.720627619814224296e-02
3.272577456477612085e-02
3.272577456477612085e-02
3.272577456477612085e-02
3.272577456477612085e-02
3.272577456477612085e-02
1.489034682825308986e-02
1.489034682825308986e-02
1.489034682825308986e-02
1.489034682825308986e-02
1.489034682825308986e-02
7.041414309012378192e-02
7.041414309012378192e-02
7.041414309012378192e-02
7.041414309012378192e-02
7.041414309012378192e-02
2.747533939520306612e-02
2.747533939520306612e-02
2.747533939520306612e-02
2.747533939520306612e-02
2.747533939520306612e-02
8.986998084663146147e-02
8.986998084663146147e-02
8.986998084663146147e-02
8.986998084663146147e-02
8.986998084663146147e-02
9.858538984890556633e-02
9.858538984890556633e-02
9.858538984890556633e-02
9.858538984890556633e-02
9.858538984890556633e-02
1.009922206015162471e-01
1.009922206015162471e-01
1.009922206015162471e-01
1.009922206015162471e-01
1.009922206015162471e-01
1.865006939323294102e-02
1.865006939323294102e-02
1.865006939323294102e-02
1.865006939323294102e-02
1.865006939323294102e-02
1.044038735448734635e-02
1.044038735448734635e-02
1.044038735448734635e-02
1.044038735448734635e-02
1.044038735448734635e-02
6.914556504539101645e-02
6.914556504539101645e-02
6.914556504539101645e-02
6.914556504539101645e-02
6.914556504539101645e-02
4.770800940451814381e-02
4.770800940451814381e-02
4.770800940451814381e-02
4.770800940451814381e-02
4.770800940451814381e-02
5.515440450423857860e-02
5.515440450423857860e-02
5.515440450423857860e-02
5.515440450423857860e-02
5.515440450423857860e-02
5.253207306382018382e-02
5.253207306382018382e-02
5.253207306382018382e-02
5.253207306382018382e-02
5.253207306382018382e-02
1.037213768249802964e-01
1.037213768249802964e-01
1.037213768249802964e-01
1.037213768249802964e-01
1.037213768249802964e-01
3.374025021576360778e-02
3.374025021576360778e-02
3.374025021576360778e-02
3.374025021576360778e-02
3.374025021576360778e-02
6.279482610608465298e-02
6.279482610608465298e-02
6.279482610608465298e-02
6.279482610608465298e-02
6.279482610608465298e-02
5.004113914657692952e-02
5.004113914657692952e-02
5.004113914657692952e-02
5.004113914657692952e-02
5.004113914657692952e-02
7.667077887662791802e-02
7.667077887662791802e-02
7.667077887662791802e-02
7.667077887662791802e-02
7.667077887662791802e-02
4.851359549727125159e-02
4.851359549727125159e-02
4.851359549727125159e-02
4.851359549727125159e-02
4.851359549727125159e-02
2.511446767216217804e-02
2.511446767216217804e-02
2.511446767216217804e-02
2.511446767216217804e-02
2.511446767216217804e-02
1.052744545222897288e-01
1.052744545222897288e-01
1.052744545222897288e-01
1.052744545222897288e-01
1.052744545222897288e-01
8.599739399861688893e-02
8.599739399861688893e-02
8.599739399861688893e-02
8.599739399861688893e-02
8.599739399861688893e-02
3.686178028556460345e-02
3.686178028556460345e-02
3.686178028556460345e-02
3.686178028556460345e-02
3.686178028556460345e-02
3.026147625689964982e-02
3.026147625689964982e-02
3.026147625689964982e-02
3.026147625689964982e-02
3.026147625689964982e-02
6.879011492040588982e-02
6.879011492040588982e-02
6.879011492040588982e-02
6.879011492040588982e-02
6.879011492040588982e-02
2.935758530876864114e-02
2.935758530876864114e-02
2.935758530876864114e-02
2.935758530876864114e-02
2.935758530876864114e-02
2.688402167351688216e-02
2.688402167351688216e-02
2.688402167351688216e-02
2.688402167351688216e-02
2.688402167351688216e-02
9.083986026252752199e-02
9.083986026252752199e-02
9.083986026252752199e-02
9.083986026252752199e-02
9.083986026252752199e-02
1.396973821912429747e-02
1.396973821912429747e-02
1.396973821912429747e-02
1.396973821912429747e-02
1.396973821912429747e-02
1.060676293022437128e-01
1.060676293022437128e-01
1.060676293022437128e-01
1.060676293022437128e-01
1.060676293022437128e-01
1.579302037558568544e-02
1.579302037558568544e-02
1.579302037558568544e-02
1.579302037558568544e-02
1.579302037558568544e-02
5.472879742793537727e-02
5.472879742793537727e-02
5.472879742793537727e-02
5.472879742793537727e-02
5.472879742793537727e-02
4.930148257756836183e-02
4.930148257756836183e-02
4.930148257756836183e-02
4.930148257756836183e-02
4.930148257756836183e-02
9.610511852003335298e-02
9.610511852003335298e-02
9.610511852003335298e-02
9.610511852003335298e-02
9.610511852003335298e-02
1.771391148520510411e-02
1.771391148520510411e-02
1.771391148520510411e-02
1.771391148520510411e-02
1.771391148520510411e-02
9.339493559802722333e-02
9.339493559802722333e-02
9.339493559802722333e-02
9.339493559802722333e-02
9.339493559802722333e-02
7.361145836743586413e-02
7.361145836743586413e-02
7.361145836743586413e-02
7.361145836743586413e-02
7.361145836743586413e-02
1.236921457052404978e-02
1.236921457052404978e-02
1.236921457052404978e-02
1.236921457052404978e-02
1.236921457052404978e-02
9.299073089429495120e-02
9.299073089429495120e-02
9.299073089429495120e-02
9.299073089429495120e-02
9.299073089429495120e-02
4.014891843524306947e-02
4.014891843524306947e-02
4.014891843524306947e-02
4.014891843524306947e-02
4.014891843524306947e-02
7.921874052914165687e-02
7.921874052914165687e-02
7.921874052914165687e-02
7.921874052914165687e-02
7.921874052914165687e-02
6.530746313655913515e-02
6.530746313655913515e-02
6.530746313655913515e-02
6.530746313655913515e-02
6.530746313655913515e-02
9.173100869103678612e-02
9.173100869103678612e-02
9.173100869103678612e-02
9.173100869103678612e-02
9.173100869103678612e-02
3.120824131884995106e-02
3.120824131884995106e-02
3.120824131884995106e-02
3.120824131884995106e-02
3.120824131884995106e-02
7.549696894799269586e-02
7.549696894799269586e-02
7.549696894799269586e-02
7.549696894799269586e-02
7.549696894799269586e-02
4.256035127419083991e-02
4.256035127419083991e-02
4.256035127419083991e-02
4.256035127419083991e-02
4.256035127419083991e-02
8.048172787849457166e-02
8.048172787849457166e-02
8.048172787849457166e-02
8.048172787849457166e-02
8.048172787849457166e-02
2.019855740575181302e-02
2.019855740575181302e-02
2.019855740575181302e-02
2.019855740575181302e-02
2.019855740575181302e-02
2.199715813537615750e-02
2.199715813537615750e-02
2.199715813537615750e-02
2.199715813537615750e-02
2.199715813537615750e-02
5.370825472790380362e-02
5.370825472790380362e-02
5.370825472790380362e-02
5.370825472790380362e-02
5.370825472790380362e-02
6.048066967791373982e-02
6.048066967791373982e-02
6.048066967791373982e-02
6.048066967791373982e-02
6.048066967791373982e-02
8.684114845426968432e-02
8.684114845426968432e-02
8.684114845426968432e-02
8.684114845426968432e-02
8.684114845426968432e-02
6.147050052383044860e-02
6.147050052383044860e-02
6.147050052383044860e-02
6.147050052383044860e-02
6.147050052383044860e-02
4.424050359804987398e-02
4.424050359804987398e-02
4.424050359804987398e-02
4.424050359804987398e-02
4.424050359804987398e-02
9.965354136499907090e-02
9.965354136499907090e-02
9.965354136499907090e-02
9.965354136499907090e-02
9.965354136499907090e-02
8.385630698361036528e-02
8.385630698361036528e-02
8.385630698361036528e-02
8.385630698361036528e-02
8.385630698361036528e-02
2.484456275828651056e-02
2.484456275828651056e-02
2.484456275828651056e-02
2.484456275828651056e-02
2.484456275828651056e-02
3.598282823975373218e-02
3.598282823975373218e-02
3.598282823975373218e-02
3.598282823975373218e-02
3.598282823975373218e-02
1.664244607565862344e-02
1.664244607565862344e-02
1.664244607565862344e-02
1.664244607565862344e-02
1.664244607565862344e-02
9.703971113634271561e-02
9.703971113634271561e-02
9.703971113634271561e-02
9.703971113634271561e-02
9.703971113634271561e-02
3.495533883699066674e-02
3.495533883699066674e-02
3.495533883699066674e-02
3.495533883699066674e-02
3.495533883699066674e-02
8.744504785858496498e-02
8.744504785858496498e-02
8.744504785858496498e-02
8.744504785858496498e-02
8.744504785858496498e-02
5.929983923122385953e-02
5.929983923122385953e-02
5.929983923122385953e-02
5.929983923122385953e-02
5.929983923122385953e-02
3.956219449855240267e-02
3.956219449855240267e-02
3.956219449855240267e-02
3.956219449855240267e-02
3.956219449855240267e-02
1.087240563547656746e-01
1.087240563547656746e-01
1.087240563547656746e-01
1.087240563547656746e-01
1.087240563547656746e-01
5.681891038114285364e-02
5.681891038114285364e-02
5.681891038114285364e-02
5.681891038114285364e-02
5.681891038114285364e-02
6.469837064697057938e-02
6.469837064697057938e-02
6.469837064697057938e-02
6.469837064697057938e-02
6.469837064697057938e-02
7.208259278383165325e-02
7.208259278383165325e-02
7.208259278383165325e-02
7.208259278383165325e-02
7.208259278383165325e-02
2.399284258441291423e-02
2.399284258441291423e-02
2.399284258441291423e-02
2.399284258441291423e-02
2.399284258441291423e-02
7.404489684641987757e-02
7.404489684641987757e-02
7.404489684641987757e-02
7.404489684641987757e-02
7.404489684641987757e-02
8.186404097656248269e-02
8.186404097656248269e-02
8.186404097656248269e-02
8.186404097656248269e-02
8.186404097656248269e-02
7.124122588156017732e-02
7.124122588156017732e-02
7.124122588156017732e-02
7.124122588156017732e-02
7.124122588156017732e-02
4.694124281342288568e-02
4.694124281342288568e-02
4.694124281342288568e-02
4.694124281342288568e-02
4.694124281342288568e-02
8.256202402589382650e-02
8.256202402589382650e-02
8.256202402589382650e-02
8.256202402589382650e-02
8.256202402589382650e-02
1.026875489619515219e-01
1.026875489619515219e-01
1.026875489619515219e-01
1.026875489619515219e-01
1.026875489619515219e-01
3.743329160834207164e-02
3.743329160834207164e-02
3.743329160834207164e-02
3.743329160834207164e-02
3.743329160834207164e-02
4.147479662293301894e-02
4.147479662293301894e-02
4.147479662293301894e-02
4.147479662293301894e-02
4.147479662293301894e-02
2.801797965392937434e-02
2.801797965392937434e-02
2.801797965392937434e-02
2.801797965392937434e-02
2.801797965392937434e-02
7.845010095468207822e-02
7.845010095468207822e-02
7.845010095468207822e-02
7.845010095468207822e-02
7.845010095468207822e-02
5.830991227796159665e-02
5.830991227796159665e-02
5.830991227796159665e-02
5.830991227796159665e-02
5.830991227796159665e-02
6.732425754361393011e-02
6.732425754361393011e-02
6.732425754361393011e-02
6.732425754361393011e-02
6.732425754361393011e-02
9.404257914674052365e-02
9.404257914674052365e-02
9.404257914674052365e-02
9.404257914674052365e-02
9.404257914674052365e-02
1.973836428311963320e-02
1.973836428311963320e-02
1.973836428311963320e-02
1.973836428311963320e-02
1.973836428311963320e-02
6.616679203529425568e-02
6.616679203529425568e-02
6.616679203529425568e-02
6.616679203529425568e-02
6.616679203529425568e-02
1.011063048371263762e-01
1.011063048371263762e-01
1.011063048371263762e-01
1.011063048371263762e-01
1.011063048371263762e-01
3.856291195872416783e-02
3.856291195872416783e-02
3.856291195872416783e-02
3.856291195872416783e-02
3.856291195872416783e-02
8.487224524731531994e-02
8.487224524731531994e-02
8.487224524731531994e-02
8.487224524731531994e-02
8.487224524731531994e-02
1.094888141002968024e-01
1.094888141002968024e-01
1.094888141002968024e-01
1.094888141002968024e-01
1.094888141002968024e-01
4.551376656721119185e-02
4.551376656721119185e-02
4.551376656721119185e-02
4.551376656721119185e-02
4.551376656721119185e-02
8.850244084726972826e-02
8.850244084726972826e-02
8.850244084726972826e-02
8.850244084726972826e-02
8.850244084726972826e-02
1.166104975196452335e-02
1.166104975196452335e-02
1.166104975196452335e-02
1.166104975196452335e-02
1.166104975196452335e-02
2.211197663953149914e-02
2.211197663953149914e-02
2.211197663953149914e-02
2.211197663953149914e-02
2.211197663953149914e-02
4.365063460911659809e-02
4.365063460911659809e-02
4.365063460911659809e-02
4.365063460911659809e-02
4.365063460911659809e-02
5.728313853303045738e-02
5.728313853303045738e-02
5.728313853303045738e-02
5.728313853303045738e-02
5.728313853303045738e-02
1.073618677975544805e-01
1.073618677975544805e-01
1.073618677975544805e-01
1.073618677975544805e-01
1.073618677975544805e-01
1.048448129644159316e-01
1.048448129644159316e-01
1.048448129644159316e-01
1.048448129644159316e-01
1.048448129644159316e-01
6.350217793042348124e-02
6.350217793042348124e-02
6.350217793042348124e-02
6.350217793042348124e-02
6.350217793042348124e-02
5.108904914369005040e-02
5.108904914369005040e-02
5.108904914369005040e-02
5.108904914369005040e-02
5.108904914369005040e-02
1.865006939323294102e-02
1.865006939323294102e-02
1.865006939323294102e-02
1.865006939323294102e-02
1.865006939323294102e-02
9.567139793024505290e-02
9.567139793024505290e-02
9.567139793024505290e-02
9.567139793024505290e-02
9.567139793024505290e-02
7.720627619814224296e-02
7.720627619814224296e-02
7.720627619814224296e-02
7.720627619814224296e-02
7.720627619814224296e-02
3.272577456477612085e-02
3.272577456477612085e-02
3.272577456477612085e-02
3.272577456477612085e-02
3.272577456477612085e-02
1.489034682825308986e-02
1.489034682825308986e-02
1.489034682825308986e-02
1.489034682825308986e-02
1.489034682825308986e-02
7.041414309012378192e-02
7.041414309012378192e-02
7.041414309012378192e-02
7.041414309012378192e-02
7.041414309012378192e-02
2.747533939520306612e-02
2.747533939520306612e-02
2.747533939520306612e-02
2.747533939520306612e-02
2.747533939520306612e-02
8.986998084663146147e-02
8.986998084663146147e-02
8.986998084663146147e-02
8.986998084663146147e-02
8.986998084663146147e-02
9.858538984890556633e-02
9.858538984890556633e-02
9.858538984890556633e-02
9.858538984890556633e-02
9.858538984890556633e-02
1.009922206015162471e-01
1.009922206015162471e-01
1.009922206015162471e-01
1.009922206015162471e-01
1.009922206015162471e-01
5.244175081662727500e-02
5.244175081662727500e-02
5.244175081662727500e-02
5.244175081662727500e-02
5.244175081662727500e-02
1.320212680920048245e-02
1.320212680920048245e-02
1.320212680920048245e-02
1.320212680920048245e-02
1.320212680920048245e-02
6.059102864055090215e-02
6.059102864055090215e-02
6.059102864055090215e-02
6.059102864055090215e-02
6.059102864055090215e-02
1.648974086731259253e-02
1.648974086731259253e-02
1.648974086731259253e-02
1.648974086731259253e-02
1.648974086731259253e-02
3.766259023245965148e-02
3.766259023245965148e-02
3.766259023245965148e-02
3.766259023245965148e-02
3.766259023245965148e-02
6.300155660979382677e-02
6.300155660979382677e-02
6.300155660979382677e-02
6.300155660979382677e-02
6.300155660979382677e-02
2.765317249861852511e-02
2.765317249861852511e-02
2.765317249861852511e-02
2.765317249861852511e-02
2.765317249861852511e-02
4.404746219415182906e-02
4.404746219415182906e-02
4.404746219415182906e-02
4.404746219415182906e-02
4.404746219415182906e-02
8.040086572694392364e-02
8.040086572694392364e-02
8.040086572694392364e-02
8.040086572694392364e-02
8.040086572694392364e-02
9.251651695845845846e-02
9.251651695845845846e-02
9.251651695845845846e-02
9.251651695845845846e-02
9.251651695845845846e-02
8.807338874493410297e-02
8.807338874493410297e-02
8.807338874493410297e-02
8.807338874493410297e-02
8.807338874493410297e-02
5.168481505963117700e-02
5.168481505963117700e-02
5.168481505963117700e-02
5.168481505963117700e-02
5.168481505963117700e-02
1.925264503911243430e-02
1.925264503911243430e-02
1.925264503911243430e-02
1.925264503911243430e-02
1.925264503911243430e-02
7.539121151915062491e-02
7.539121151915062491e-02
7.539121151915062491e-02
7.539121151915062491e-02
7.539121151915062491e-02
4.923433731665887575e-02
4.923433731665887575e-02
4.923433731665887575e-02
4.923433731665887575e-02
4.923433731665887575e-02
9.921217148451505485e-02
9.921217148451505485e-02
9.921217148451505485e-02
9.921217148451505485e-02
9.921217148451505485e-02
9.407810860521809149e-02
9.407810860521809149e-02
9.407810860521809149e-02
9.407810860521809149e-02
9.407810860521809149e-02
1.086249852770983099e-01
1.086249852770983099e-01
1.086249852770983099e-01
1.086249852770983099e-01
1.086249852770983099e-01
9.098255380454592367e-02
9.098255380454592367e-02
9.098255380454592367e-02
9.098255380454592367e-02
9.098255380454592367e-02
1.055378779909249831e-01
1.055378779909249831e-01
1.055378779909249831e-01
1.055378779909249831e-01
1.055378779909249831e-01
1.028160360772691628e-01
1.028160360772691628e-01
1.028160360772691628e-01
1.028160360772691628e-01
1.028160360772691628e-01
7.640661313827734613e-02
7.640661313827734613e-02
7.640661313827734613e-02
7.640661313827734613e-02
7.640661313827734613e-02
9.718712733402477821e-02
9.718712733402477821e-02
9.718712733402477821e-02
9.718712733402477821e-02
9.718712733402477821e-02
7.729635268680132287e-02
7.729635268680132287e-02
7.729635268680132287e-02
7.729635268680132287e-02
7.729635268680132287e-02
1.420522297186513697e-02
1.420522297186513697e-02
1.420522297186513697e-02
1.420522297186513697e-02
1.420522297186513697e-02
2.891921402747868464e-02
2.891921402747868464e-02
2.891921402747868464e-02
2.891921402747868464e-02
2.891921402747868464e-02
1.822879522621525736e-02
1.822879522621525736e-02
1.822879522621525736e-02
1.822879522621525736e-02
1.822879522621525736e-02
6.824842748050406749e-02
6.824842748050406749e-02
6.824842748050406749e-02
6.824842748050406749e-02
6.824842748050406749e-02
3.625366335949613966e-02
3.625366335949613966e-02
3.625366335949613966e-02
3.625366335949613966e-02
3.625366335949613966e-02
3.825141932436650072e-02
3.825141932436650072e-02
3.825141932436650072e-02
3.825141932436650072e-02
3.825141932436650072e-02
2.482867186856520594e-02
2.482867186856520594e-02
2.482867186856520594e-02
2.482867186856520594e-02
2.482867186856520594e-02
5.805104748848982643e-02
5.805104748848982643e-02
5.805104748848982643e-02
5.805104748848982643e-02
5.805104748848982643e-02
8.456539779566168979e-02
8.456539779566168979e-02
8.456539779566168979e-02
8.456539779566168979e-02
8.456539779566168979e-02
9.809124686932106651e-02
9.809124686932106651e-02
9.809124686932106651e-02
9.809124686932106651e-02
9.809124686932106651e-02
4.526554223053157189e-02
4.526554223053157189e-02
4.526554223053157189e-02
4.526554223053157189e-02
4.526554223053157189e-02
5.482049756602082324e-02
5.482049756602082324e-02
5.482049756602082324e-02
5.482049756602082324e-02
5.482049756602082324e-02
8.205330931405151185e-02
8.205330931405151185e-02
8.205330931405151185e-02
8.205330931405151185e-02
8.205330931405151185e-02
7.999550617760767257e-02
7.999550617760767257e-02
7.999550617760767257e-02
7.999550617760767257e-02
7.999550617760767257e-02
4.303986051353710096e-02
4.303986051353710096e-02
4.303986051353710096e-02
4.303986051353710096e-02
4.303986051353710096e-02
8.649030716883891745e-02
8.649030716883891745e-02
8.649030716883891745e-02
8.649030716883891745e-02
8.649030716883891745e-02
2.539126131260499575e-02
2.539126131260499575e-02
2.539126131260499575e-02
2.539126131260499575e-02
2.539126131260499575e-02
4.158621841453550433e-02
4.158621841453550433e-02
4.158621841453550433e-02
4.158621841453550433e-02
4.158621841453550433e-02
5.351303629679100837e-02
5.351303629679100837e-02
5.351303629679100837e-02
5.351303629679100837e-02
5.351303629679100837e-02
8.900828035336552646e-02
8.900828035336552646e-02
8.900828035336552646e-02
8.900828035336552646e-02
8.900828035336552646e-02
2.647486056958735928e-02
2.647486056958735928e-02
2.647486056958735928e-02
2.647486056958735928e-02
2.647486056958735928e-02
9.111003710758082408e-02
9.111003710758082408e-02
9.111003710758082408e-02
9.111003710758082408e-02
9.111003710758082408e-02
3.323099386283642764e-02
3.323099386283642764e-02
3.323099386283642764e-02
3.323099386283642764e-02
3.323099386283642764e-02
2.145565905727627593e-02
2.145565905727627593e-02
2.145565905727627593e-02
2.145565905727627593e-02
2.145565905727627593e-02
5.774433087239017048e-02
5.774433087239017048e-02
5.774433087239017048e-02
5.774433087239017048e-02
5.774433087239017048e-02
3.076244433167533293e-02
3.076244433167533293e-02
3.076244433167533293e-02
3.076244433167533293e-02
3.076244433167533293e-02
6.764384273693449523e-02
6.764384273693449523e-02
6.764384273693449523e-02
6.764384273693449523e-02
6.764384273693449523e-02
5.547936722958064087e-02
5.547936722958064087e-02
5.547936722958064087e-02
5.547936722958064087e-02
5.547936722958064087e-02
4.776848941955627592e-02
4.776848941955627592e-02
4.776848941955627592e-02
4.776848941955627592e-02
4.776848941955627592e-02
3.554438251224018713e-02
3.554438251224018713e-02
3.554438251224018713e-02
3.554438251224018713e-02
3.554438251224018713e-02
6.611666231560761608e-02
6.611666231560761608e-02
6.611666231560761608e-02
6.611666231560761608e-02
6.611666231560761608e-02
4.669588302861314710e-02
4.669588302861314710e-02
4.669588302861314710e-02
4.669588302861314710e-02
4.669588302861314710e-02
6.129336295243153349e-02
6.129336295243153349e-02
6.129336295243153349e-02
6.129336295243153349e-02
6.129336295243153349e-02
7.320128202248914195e-02
7.320128202248914195e-02
7.320128202248914195e-02
7.320128202248914195e-02
7.320128202248914195e-02
6.571475583246504104e-02
6.571475583246504104e-02
6.571475583246504104e-02
6.571475583246504104e-02
6.571475583246504104e-02
5.014433879146004691e-02
5.014433879146004691e-02
5.014433879146004691e-02
5.014433879146004691e-02
5.014433879146004691e-02
1.072802618879891978e-01
1.072802618879891978e-01
1.072802618879891978e-01
1.072802618879891978e-01
1.072802618879891978e-01
1.007421468033451034e-01
1.007421468033451034e-01
1.007421468033451034e-01
1.007421468033451034e-01
1.007421468033451034e-01
8.378361471216708156e-02
8.378361471216708156e-02
8.378361471216708156e-02
8.378361471216708156e-02
8.378361471216708156e-02
1.272194685718590866e-02
1.272194685718590866e-02
1.272194685718590866e-02
1.272194685718590866e-02
1.272194685718590866e-02
1.067689290196552482e-01
1.067689290196552482e-01
1.067689290196552482e-01
1.067689290196552482e-01
1.067689290196552482e-01
9.670718095832857297e-02
9.670718095832857297e-02
9.670718095832857297e-02
9.670718095832857297e-02
9.670718095832857297e-02
6.473061939326162084e-02
6.473061939326162084e-02
6.473061939326162084e-02
6.473061939326162084e-02
6.473061939326162084e-02
3.247204031865626173e-02
3.247204031865626173e-02
3.247204031865626173e-02
3.247204031865626173e-02
3.247204031865626173e-02
1.091110184419725043e-01
1.091110184419725043e-01
1.091110184419725043e-01
1.091110184419725043e-01
1.091110184419725043e-01
3.143644639975554794e-02
3.143644639975554794e-02
3.143644639975554794e-02
3.143644639975554794e-02
3.143644639975554794e-02
3.961271540583267275e-02
3.961271540583267275e-02
3.961271540583267275e-02
3.961271540583267275e-02
3.961271540583267275e-02
1.018169792776740801e-01
1.018169792776740801e-01
1.018169792776740801e-01
1.018169792776740801e-01
1.018169792776740801e-01
6.986499018896823177e-02
6.986499018896823177e-02
6.986499018896823177e-02
6.986499018896823177e-02
6.986499018896823177e-02
8.759452904587576583e-02
8.759452904587576583e-02
8.759452904587576583e-02
8.759452904587576583e-02
8.759452904587576583e-02
1.056248286992731052e-02
1.056248286992731052e-02
1.056248286992731052e-02
1.056248286992731052e-02
1.056248286992731052e-02
2.016358560550985529e-02
2.016358560550985529e-02
2.016358560550985529e-02
2.016358560550985529e-02
2.016358560550985529e-02
1.566390912519513567e-02
1.566390912519513567e-02
1.566390912519513567e-02
1.566390912519513567e-02
1.566390912519513567e-02
7.817224503020282766e-02
7.817224503020282766e-02
7.817224503020282766e-02
7.817224503020282766e-02
7.817224503020282766e-02
7.045442576009315616e-02
7.045442576009315616e-02
7.045442576009315616e-02
7.045442576009315616e-02
7.045442576009315616e-02
8.189490887250622242e-02
8.189490887250622242e-02
8.189490887250622242e-02
8.189490887250622242e-02
8.189490887250622242e-02
7.411284379776809927e-02
7.411284379776809927e-02
7.411284379776809927e-02
7.411284379776809927e-02
7.411284379776809927e-02
2.394830693055918086e-02
2.394830693055918086e-02
2.394830693055918086e-02
2.394830693055918086e-02
2.394830693055918086e-02
4.255050420380211001e-02
4.255050420380211001e-02
4.255050420380211001e-02
4.255050420380211001e-02
4.255050420380211001e-02
5.618884910651005676e-02
5.618884910651005676e-02
5.618884910651005676e-02
5.618884910651005676e-02
5.618884910651005676e-02
1.122789958252513529e-02
1.122789958252513529e-02
1.122789958252513529e-02
1.122789958252513529e-02
1.122789958252513529e-02
3.440367245213250824e-02
3.440367245213250824e-02
3.440367245213250824e-02
3.440367245213250824e-02
3.440367245213250824e-02
2.288853545965297345e-02
2.288853545965297345e-02
2.288853545965297345e-02
2.288853545965297345e-02
2.288853545965297345e-02
1.751847832348610995e-02
1.751847832348610995e-02
1.751847832348610995e-02
1.751847832348610995e-02
1.751847832348610995e-02
5.962790197814171050e-02
5.962790197814171050e-02
5.962790197814171050e-02
5.962790197814171050e-02
5.962790197814171050e-02
4.081511018693771004e-02
4.081511018693771004e-02
4.081511018693771004e-02
4.081511018693771004e-02
4.081511018693771004e-02
6.258108109869257862e-02
6.258108109869257862e-02
6.258108109869257862e-02
6.258108109869257862e-02
6.258108109869257862e-02
7.256090240051106532e-02
7.256090240051106532e-02
7.256090240051106532e-02
7.256090240051106532e-02
7.256090240051106532e-02
1.037746781097766968e-01
1.037746781097766968e-01
1.037746781097766968e-01
1.037746781097766968e-01
1.037746781097766968e-01
9.308325888777850554e-02
9.308325888777850554e-02
9.308325888777850554e-02
9.308325888777850554e-02
9.308325888777850554e-02
7.141700676799503378e-02
7.141700676799503378e-02
7.141700676799503378e-02
7.141700676799503378e-02
7.141700676799503378e-02
8.513970680690598203e-02
8.513970680690598203e-02
8.513970680690598203e-02
8.513970680690598203e-02
8.513970680690598203e-02
9.586355871999489853e-02
9.586355871999489853e-02
9.586355871999489853e-02
9.586355871999489853e-02
9.586355871999489853e-02
4.892551753173102203e-02
4.892551753173102203e-02
4.892551753173102203e-02
4.892551753173102203e-02
4.892551753173102203e-02
2.991948644040032940e-02
2.991948644040032940e-02
2.991948644040032940e-02
2.991948644040032940e-02
2.991948644040032940e-02
1.042534747225435932e-01
1.042534747225435932e-01
1.042534747225435932e-01
1.042534747225435932e-01
1.042534747225435932e-01
1.056248286992731052e-02
1.056248286992731052e-02
1.056248286992731052e-02
1.056248286992731052e-02
1.056248286992731052e-02
5.244175081662727500e-02
5.244175081662727500e-02
5.244175081662727500e-02
5.244175081662727500e-02
5.244175081662727500e-02
1.320212680920048245e-02
1.320212680920048245e-02
1.320212680920048245e-02
1.320212680920048245e-02
1.320212680920048245e-02
6.059102864055090215e-02
6.059102864055090215e-02
6.059102864055090215e-02
6.059102864055090215e-02
6.059102864055090215e-02
1.648974086731259253e-02
1.648974086731259253e-02
1.648974086731259253e-02
1.648974086731259253e-02
1.648974086731259253e-02
3.766259023245965148e-02
3.766259023245965148e-02
3.766259023245965148e-02
3.766259023245965148e-02
3.766259023245965148e-02
6.300155660979382677e-02
6.300155660979382677e-02
6.300155660979382677e-02
6.300155660979382677e-02
6.300155660979382677e-02
2.765317249861852511e-02
2.765317249861852511e-02
2.765317249861852511e-02
2.765317249861852511e-02
2.765317249861852511e-02
4.404746219415182906e-02
4.404746219415182906e-02
4.404746219415182906e-02
4.404746219415182906e-02
4.404746219415182906e-02
8.040086572694392364e-02
8.040086572694392364e-02
8.040086572694392364e-02
8.040086572694392364e-02
8.040086572694392364e-02
9.251651695845845846e-02
9.251651695845845846e-02
9.251651695845845846e-02
9.251651695845845846e-02
9.251651695845845846e-02
8.807338874493410297e-02
8.807338874493410297e-02
8.807338874493410297e-02
8.807338874493410297e-02
8.807338874493410297e-02
5.168481505963117700e-02
5.168481505963117700e-02
5.168481505963117700e-02
5.168481505963117700e-02
5.168481505963117700e-02
1.925264503911243430e-02
1.925264503911243430e-02
1.925264503911243430e-02
1.925264503911243430e-02
1.925264503911243430e-02
7.539121151915062491e-02
7.539121151915062491e-02
7.539121151915062491e-02
7.539121151915062491e-02
7.539121151915062491e-02
4.923433731665887575e-02
4.923433731665887575e-02
4.923433731665887575e-02
4.923433731665887575e-02
4.923433731665887575e-02
9.921217148451505485e-02
9.921217148451505485e-02
9.921217148451505485e-02
9.921217148451505485e-02
9.921217148451505485e-02
9.407810860521809149e-02
9.407810860521809149e-02
9.407810860521809149e-02
9.407810860521809149e-02
9.407810860521809149e-02
1.086249852770983099e-01
1.086249852770983099e-01
1.086249852770983099e-01
1.086249852770983099e-01
1.086249852770983099e-01
9.098255380454592367e-02
9.098255380454592367e-02
9.098255380454592367e-02
9.098255380454592367e-02
9.098255380454592367e-02
1.055378779909249831e-01
1.055378779909249831e-01
1.055378779909249831e-01
1.055378779909249831e-01
1.055378779909249831e-01
1.028160360772691628e-01
1.028160360772691628e-01
1.028160360772691628e-01
1.028160360772691628e-01
1.028160360772691628e-01
7.640661313827734613e-02
7.640661313827734613e-02
7.640661313827734613e-02
7.640661313827734613e-02
7.640661313827734613e-02
9.718712733402477821e-02
9.718712733402477821e-02
9.718712733402477821e-02
9.718712733402477821e-02
9.718712733402477821e-02
7.729635268680132287e-02
7.729635268680132287e-02
7.729635268680132287e-02
7.729635268680132287e-02
7.729635268680132287e-02
1.420522297186513697e-02
1.420522297186513697e-02
1.420522297186513697e-02
1.420522297186513697e-02
1.420522297186513697e-02
2.891921402747868464e-02
2.891921402747868464e-02
2.891921402747868464e-02
2.891921402747868464e-02
2.891921402747868464e-02
1.822879522621525736e-02
1.822879522621525736e-02
1.822879522621525736e-02
1.822879522621525736e-02
1.822879522621525736e-02
6.824842748050406749e-02
6.824842748050406749e-02
6.824842748050406749e-02
6.824842748050406749e-02
6.824842748050406749e-02
3.625366335949613966e-02
3.625366335949613966e-02
3.625366335949613966e-02
3.625366335949613966e-02
3.625366335949613966e-02
3.825141932436650072e-02
3.825141932436650072e-02
3.825141932436650072e-02
3.825141932436650072e-02
3.825141932436650072e-02
2.482867186856520594e-02
2.482867186856520594e-02
2.482867186856520594e-02
2.482867186856520594e-02
2.482867186856520594e-02
5.805104748848982643e-02
5.805104748848982643e-02
5.805104748848982643e-02
5.805104748848982643e-02
5.805104748848982643e-02
8.456539779566168979e-02
8.456539779566168979e-02
8.456539779566168979e-02
8.456539779566168979e-02
8.456539779566168979e-02
9.809124686932106651e-02
9.809124686932106651e-02
9.809124686932106651e-02
9.809124686932106651e-02
9.809124686932106651e-02
4.526554223053157189e-02
4.526554223053157189e-02
4.526554223053157189e-02
4.526554223053157189e-02
4.526554223053157189e-02
5.482049756602082324e-02
5.482049756602082324e-02
5.482049756602082324e-02
5.482049756602082324e-02
5.482049756602082324e-02
8.205330931405151185e-02
8.205330931405151185e-02
8.205330931405151185e-02
8.205330931405151185e-02
8.205330931405151185e-02
7.999550617760767257e-02
7.999550617760767257e-02
7.999550617760767257e-02
7.999550617760767257e-02
7.999550617760767257e-02
4.303986051353710096e-02
4.303986051353710096e-02
4.303986051353710096e-02
4.303986051353710096e-02
4.303986051353710096e-02
8.649030716883891745e-02
8.649030716883891745e-02
8.649030716883891745e-02
8.649030716883891745e-02
8.649030716883891745e-02
2.539126131260499575e-02
2.539126131260499575e-02
2.539126131260499575e-02
2.539126131260499575e-02
2.539126131260499575e-02
4.158621841453550433e-02
4.158621841453550433e-02
4.158621841453550433e-02
4.158621841453550433e-02
4.158621841453550433e-02
5.351303629679100837e-02
5.351303629679100837e-02
5.351303629679100837e-02
5.351303629679100837e-02
5.351303629679100837e-02
8.900828035336552646e-02
8.900828035336552646e-02
8.900828035336552646e-02
8.900828035336552646e-02
8.900828035336552646e-02
2.647486056958735928e-02
2.647486056958735928e-02
2.647486056958735928e-02
2.647486056958735928e-02
2.647486056958735928e-02
9.111003710758082408e-02
9.111003710758082408e-02
9.111003710758082408e-02
9.111003710758082408e-02
9.111003710758082408e-02
3.323099386283642764e-02
3.323099386283642764e-02
3.323099386283642764e-02
3.323099386283642764e-02
3.323099386283642764e-02
2.145565905727627593e-02
2.145565905727627593e-02
2.145565905727627593e-02
2.145565905727627593e-02
2.145565905727627593e-02
5.774433087239017048e-02
5.774433087239017048e-02
5.774433087239017048e-02
5.774433087239017048e-02
5.774433087239017048e-02
3.076244433167533293e-02
3.076244433167533293e-02
3.076244433167533293e-02
3.076244433167533293e-02
3.076244433167533293e-02
6.764384273693449523e-02
6.764384273693449523e-02
6.764384273693449523e-02
6.764384273693449523e-02
6.764384273693449523e-02
5.547936722958064087e-02
5.547936722958064087e-02
5.547936722958064087e-02
5.547936722958064087e-02
5.547936722958064087e-02
4.776848941955627592e-02
4.776848941955627592e-02
4.776848941955627592e-02
4.776848941955627592e-02
4.776848941955627592e-02
3.554438251224018713e-02
3.554438251224018713e-02
3.554438251224018713e-02
3.554438251224018713e-02
3.554438251224018713e-02
6.611666231560761608e-02
6.611666231560761608e-02
6.611666231560761608e-02
6.611666231560761608e-02
6.611666231560761608e-02
4.669588302861314710e-02
4.669588302861314710e-02
4.669588302861314710e-02
4.669588302861314710e-02
4.669588302861314710e-02
6.129336295243153349e-02
6.129336295243153349e-02
6.129336295243153349e-02
6.129336295243153349e-02
6.129336295243153349e-02
7.320128202248914195e-02
7.320128202248914195e-02
7.320128202248914195e-02
7.320128202248914195e-02
7.320128202248914195e-02
6.571475583246504104e-02
6.571475583246504104e-02
6.571475583246504104e-02
6.571475583246504104e-02
6.571475583246504104e-02
5.014433879146004691e-02
5.014433879146004691e-02
5.014433879146004691e-02
5.014433879146004691e-02
5.014433879146004691e-02
1.072802618879891978e-01
1.072802618879891978e-01
1.072802618879891978e-01
1.072802618879891978e-01
1.072802618879891978e-01
1.007421468033451034e-01
1.007421468033451034e-01
1.007421468033451034e-01
1.007421468033451034e-01
1.007421468033451034e-01
8.378361471216708156e-02
8.378361471216708156e-02
8.378361471216708156e-02
8.378361471216708156e-02
8.378361471216708156e-02
1.272194685718590866e-02
1.272194685718590866e-02
1.272194685718590866e-02
1.272194685718590866e-02
1.272194685718590866e-02
1.067689290196552482e-01
1.067689290196552482e-01
1.067689290196552482e-01
1.067689290196552482e-01
1.067689290196552482e-01
9.670718095832857297e-02
9.670718095832857297e-02
9.670718095832857297e-02
9.670718095832857297e-02
9.670718095832857297e-02
6.473061939326162084e-02
6.473061939326162084e-02
6.473061939326162084e-02
6.473061939326162084e-02
6.473061939326162084e-02
3.247204031865626173e-02
3.247204031865626173e-02
3.247204031865626173e-02
3.247204031865626173e-02
3.247204031865626173e-02
1.091110184419725043e-01
1.091110184419725043e-01
1.091110184419725043e-01
1.091110184419725043e-01
1.091110184419725043e-01
3.143644639975554794e-02
3.143644639975554794e-02
3.143644639975554794e-02
3.143644639975554794e-02
3.143644639975554794e-02
3.961271540583267275e-02
3.961271540583267275e-02
3.961271540583267275e-02
3.961271540583267275e-02
3.961271540583267275e-02
1.018169792776740801e-01
1.018169792776740801e-01
1.018169792776740801e-01
1.018169792776740801e-01
1.018169792776740801e-01
6.986499018896823177e-02
6.986499018896823177e-02
6.986499018896823177e-02
6.986499018896823177e-02
6.986499018896823177e-02
8.759452904587576583e-02
8.759452904587576583e-02
8.759452904587576583e-02
8.759452904587576583e-02
8.759452904587576583e-02
4.081511018693771004e-02
4.081511018693771004e-02
4.081511018693771004e-02
4.081511018693771004e-02
4.081511018693771004e-02
2.016358560550985529e-02
2.016358560550985529e-02
2.016358560550985529e-02
2.016358560550985529e-02
2.016358560550985529e-02
1.566390912519513567e-02
1.566390912519513567e-02
1.566390912519513567e-02
1.566390912519513567e-02
1.566390912519513567e-02
7.817224503020282766e-02
7.817224503020282766e-02
7.817224503020282766e-02
7.817224503020282766e-02
7.817224503020282766e-02
7.045442576009315616e-02
7.045442576009315616e-02
7.045442576009315616e-02
7.045442576009315616e-02
7.045442576009315616e-02
8.189490887250622242e-02
8.189490887250622242e-02
8.189490887250622242e-02
8.189490887250622242e-02
8.189490887250622242e-02
7.411284379776809927e-02
7.411284379776809927e-02
7.411284379776809927e-02
7.411284379776809927e-02
7.411284379776809927e-02
2.394830693055918086e-02
2.394830693055918086e-02
2.394830693055918086e-02
2.394830693055918086e-02
2.394830693055918086e-02
4.255050420380211001e-02
4.255050420380211001e-02
4.255050420380211001e-02
4.255050420380211001e-02
4.255050420380211001e-02
5.618884910651005676e-02
5.618884910651005676e-02
5.618884910651005676e-02
5.618884910651005676e-02
5.618884910651005676e-02
1.122789958252513529e-02
1.122789958252513529e-02
1.122789958252513529e-02
1.122789958252513529e-02
1.122789958252513529e-02
3.440367245213250824e-02
3.440367245213250824e-02
3.440367245213250824e-02
3.440367245213250824e-02
3.440367245213250824e-02
2.288853545965297345e-02
2.288853545965297345e-02
2.288853545965297345e-02
2.288853545965297345e-02
2.288853545965297345e-02
1.751847832348610995e-02
1.751847832348610995e-02
1.751847832348610995e-02
1.751847832348610995e-02
1.751847832348610995e-02
5.962790197814171050e-02
5.962790197814171050e-02
5.962790197814171050e-02
5.962790197814171050e-02
5.962790197814171050e-02
1.042534747225435932e-01
1.042534747225435932e-01
1.042534747225435932e-01
1.042534747225435932e-01
1.042534747225435932e-01
6.258108109869257862e-02
6.258108109869257862e-02
6.258108109869257862e-02
6.258108109869257862e-02
6.258108109869257862e-02
7.256090240051106532e-02
7.256090240051106532e-02
7.256090240051106532e-02
7.256090240051106532e-02
7.256090240051106532e-02
1.037746781097766968e-01
1.037746781097766968e-01
1.037746781097766968e-01
1.037746781097766968e-01
1.037746781097766968e-01
9.308325888777850554e-02
9.308325888777850554e-02
9.308325888777850554e-02
9.308325888777850554e-02
9.308325888777850554e-02
7.141700676799503378e-02
7.141700676799503378e-02
7.141700676799503378e-02
7.141700676799503378e-02
7.141700676799503378e-02
8.513970680690598203e-02
8.513970680690598203e-02
8.513970680690598203e-02
8.513970680690598203e-02
8.513970680690598203e-02
9.586355871999489853e-02
9.586355871999489853e-02
9.586355871999489853e-02
9.586355871999489853e-02
9.586355871999489853e-02
4.892551753173102203e-02
4.892551753173102203e-02
4.892551753173102203e-02
4.892551753173102203e-02
4.892551753173102203e-02
2.991948644040032940e-02
2.991948644040032940e-02
2.991948644040032940e-02
2.991948644040032940e-02
2.991948644040032940e-02
