8.899641224696953554e-03
1.507912216506557788e-02
2.144790186456836667e-02
2.783660776489276650e-02
3.435099785803411021e-02
4.047886761425745911e-02
4.676716683575679601e-02
5.308225101765951665e-02
5.945362440940590160e-02
6.576224814588792211e-02
7.196632906698736953e-02
7.827860915688347743e-02
8.470398945834539672e-02
9.096854620527369817e-02
9.720789776830213169e-02
1.034763038959366499e-01
1.097576444254559219e-01
1.160543084780093354e-01
1.223669666537485351e-01
1.286817263090294094e-01
1.349500801664080818e-01
1.411949558842147678e-01
1.475133575747468451e-01
1.537865074252268427e-01
1.600657544051110326e-01
1.663991168687080635e-01
1.727195645776442856e-01
1.789765213377084718e-01
1.852353690647852158e-01
1.914806787341157279e-01
1.977889868651535599e-01
2.040937735447724277e-01
2.103939302609846018e-01
2.166909709822301688e-01
2.229700281216152047e-01
2.292620027086341994e-01
2.355141508366812297e-01
2.417910583817859116e-01
2.480856539439619257e-01
2.543492256872954549e-01
2.606334251884805386e-01
2.669257370896960802e-01
2.732423343141155980e-01
2.795529680084415936e-01
2.858366292314493129e-01
2.920876271394311496e-01
2.983449844439822751e-01
3.046382639407197446e-01
3.109279127003197196e-01
3.172168171618398036e-01
3.235187567944423082e-01
3.298168217550395687e-01
3.361176429457156667e-01
3.423700375709273769e-01
3.486478192666269682e-01
3.549411614411318028e-01
3.611916935421040642e-01
3.674767089563572564e-01
3.737647795277591056e-01
3.800654031475132477e-01
3.863539861259823738e-01
3.926140181364449755e-01
3.989264500321934581e-01
4.052073244576828714e-01
4.114916477570477182e-01
4.177814272116491257e-01
4.240400648725131116e-01
4.303425690270192283e-01
4.366358560255625965e-01
4.428996183220763605e-01
4.491634418529859563e-01
4.554414146254732731e-01
4.617634470301058558e-01
4.680644242023710433e-01
4.743485242764365895e-01
4.806356136815400082e-01
4.869019258388697646e-01
4.931697099599955947e-01
4.994506747144535908e-01
5.057159051335421429e-01
5.119923996268095356e-01
5.183126097768406826e-01
5.246089638029100000e-01
5.308757308483337267e-01
5.371573527946726934e-01
5.434579563783791256e-01
5.497430652392217842e-01
5.559937427501778773e-01
5.622854676609657654e-01
5.686011537227265711e-01
5.748804589422079614e-01
5.811550210340560296e-01
5.874394496660968468e-01
5.937176220296899176e-01
5.999971954793682505e-01
6.062679115124277596e-01
6.125469576444534381e-01
6.188477733041515272e-01
6.251310567437898813e-01
6.314027450383210560e-01
6.377003562732055375e-01
6.439857783314556494e-01
6.502685417166111925e-01
6.565586117699038216e-01
6.628369282359254377e-01
6.691185444962194362e-01
6.754070198575605755e-01
6.816835514593204692e-01
6.879592533861698112e-01
6.942344317039531587e-01
7.005175402434737908e-01
7.068124956608716758e-01
7.131019009674921527e-01
7.193918251171427247e-01
7.256833807598113140e-01
7.319652682709349989e-01
7.382507990484923344e-01
7.445265842115937893e-01
7.507871101942712455e-01
7.570758465316046459e-01
7.633641233600957365e-01
7.696462959862266917e-01
7.759394865175414102e-01
7.822329141989586843e-01
7.885314936520240181e-01
7.947896566979522071e-01
8.010491096592354809e-01
8.073364061727361651e-01
8.136229488373866170e-01
8.199152998961036776e-01
8.261952636392789762e-01
8.324897070080405914e-01
8.387959309210778480e-01
8.450634639703045181e-01
8.513282867562648182e-01
8.576198263902009566e-01
8.639058477062415697e-01
8.701838745487597837e-01
8.764641096075268534e-01
8.827503873399735745e-01
8.890332768393869323e-01
8.953084247113127780e-01
9.015956521667095602e-01
9.078833328094829680e-01
9.141744106319863450e-01
9.204630817717615043e-01
9.267434415264711456e-01
9.330324197354928906e-01
9.393265785573878812e-01
9.455974810398196650e-01
9.518660018545171964e-01
9.581413255531838757e-01
9.644350945109106954e-01
9.707355633568249820e-01
9.770080768450029041e-01
9.832823325363413414e-01
9.895569691966674686e-01
9.958456301921106979e-01
1.002136210743837408e+00
1.008404825335135424e+00
1.014694149836243398e+00
1.020992555437297167e+00
1.027273980437394485e+00
1.033559181896017254e+00
1.039847557392594934e+00
1.046126974943305088e+00
1.052403436811028659e+00
1.058680704651608684e+00
1.064964333065789193e+00
1.071256777440835473e+00
1.077544048801078125e+00
1.083824820188043603e+00
1.090108023942816695e+00
1.096389665956643222e+00
1.102681132058841440e+00
1.108963047594879958e+00
1.115225428463759272e+00
1.121502127614767863e+00
1.127792573824792033e+00
1.134089552668382961e+00
1.140364049650405942e+00
1.146639180320979445e+00
1.152942412991649901e+00
1.159228906751078814e+00
1.165508721887268173e+00
1.171793076256210320e+00
1.178087436369658958e+00
1.184367654251526902e+00
1.190634642299266632e+00
1.196912208834400859e+00
1.203201577354146234e+00
1.209486844441705733e+00
1.215763902074809888e+00
1.222049755171146668e+00
1.228340616621486969e+00
1.234632986576932767e+00
1.240902247176856488e+00
1.247174839144687519e+00
1.253465459933442272e+00
1.259749951892178421e+00
1.266032143127253873e+00
1.272316288472006507e+00
1.278604155058621350e+00
1.284886588933593865e+00
1.291175420066583257e+00
1.297465726373772332e+00
1.303741827011944299e+00
1.310017322922761851e+00
1.316301447662886703e+00
1.322586760363303249e+00
1.328865492452874664e+00
1.335144804954555564e+00
1.341440516272275119e+00
1.347730868417094552e+00
1.354001589994877630e+00
1.360282609297778444e+00
1.366565686457597906e+00
1.372851498482432708e+00
1.379135372929401804e+00
1.385409567149057164e+00
1.391698641219299315e+00
1.397984451439470810e+00
1.404267883409181961e+00
1.410554779484869181e+00
1.416837833547465397e+00
1.423118177187137068e+00
1.429397801164240089e+00
1.435686921822787232e+00
1.441977121769299597e+00
1.448253667853332427e+00
1.454532348972172651e+00
1.460819319151879903e+00
1.467110364402026468e+00
1.473392908948962132e+00
1.479669965243598950e+00
1.485956144602843532e+00
1.492233610763115115e+00
1.498502470379980078e+00
1.504785752051182701e+00
1.511075991894575976e+00
1.517361634985162189e+00
1.523648570969130533e+00
1.529938035715892264e+00
1.536230176913891965e+00
1.542510718779388279e+00
1.548783963082980275e+00
1.555073069779651318e+00
1.561357324927233892e+00
1.567629121053141006e+00
1.573913697404382583e+00
1.580203545230874029e+00
1.586485393434537983e+00
1.592760014263005841e+00
1.599046436394670812e+00
1.605342136637478934e+00
1.611619768363549809e+00
1.617897168352387949e+00
1.624182708540047093e+00
1.630464079945962874e+00
1.636748246831683851e+00
1.643030138268463114e+00
1.649308080633229201e+00
1.655592248634412789e+00
1.661878275983170727e+00
1.668168239935277741e+00
1.674449561104452755e+00
1.680721385631070985e+00
1.687012154238812345e+00
1.693307480798934117e+00
1.699580643034865002e+00
1.705861793443984364e+00
1.712151724187932489e+00
1.718435386170170664e+00
1.724718446936044813e+00
1.730994918436048469e+00
1.737286360319066025e+00
1.743566302575459970e+00
1.749836007777002989e+00
1.756123278691395839e+00
1.762410616056256707e+00
1.768693578959050994e+00
1.774976748387105507e+00
1.781263621606411052e+00
1.787545747605800095e+00
1.793827292298742604e+00
1.800107721741653455e+00
1.806390913906787299e+00
1.812674514274333903e+00
1.818953635235055710e+00
1.825238502908660410e+00
1.831523686200810186e+00
1.837810408980658394e+00
1.844096426121078824e+00
1.850376921502978167e+00
1.856660745938628176e+00
1.862943598087625219e+00
1.869222049173964395e+00
1.875507813572979465e+00
1.881794995065835252e+00
1.888077813137499783e+00
1.894352445015744957e+00
1.900637968851026871e+00
1.906928337228587456e+00
1.913202215858527566e+00
1.919482234454096270e+00
1.925770105747180994e+00
1.932064910351863007e+00
1.938340711512041237e+00
1.944608286125935281e+00
1.950896861402446447e+00
1.957188119732283127e+00
1.963475092073817097e+00
1.969755328101933545e+00
1.976041377496545737e+00
1.982332603364925117e+00
1.988611719305602099e+00
1.994887928688424683e+00
2.001173041344467052e+00
2.007452622487558624e+00
2.013727218620064097e+00
2.020011080385253344e+00
2.026304052830807390e+00
2.032587358277269107e+00
2.038861003769014246e+00
2.045144899510501713e+00
2.051436836261672614e+00
2.057723822034342565e+00
2.064004463404049083e+00
2.070292784210506110e+00
2.076584718525942286e+00
2.082854243067815858e+00
2.089122591378737237e+00
2.095417301778394581e+00
2.101703044638240314e+00
2.107972733366004547e+00
2.114255796756956407e+00
2.120537889849697155e+00
2.126820750792177694e+00
2.133106702041460689e+00
2.139400119231094521e+00
2.145689398585973073e+00
2.151957896824229888e+00
2.158240333469351846e+00
2.164530480920390687e+00
2.170817168287632715e+00
2.177099129930493149e+00
2.183376740266626204e+00
2.189654526460603101e+00
2.195938141837894708e+00
2.202217228669947513e+00
2.208498500848848689e+00
2.214793724646247686e+00
2.221075818343805519e+00
2.227338121992679110e+00
2.233627922635037066e+00
2.239928789703292900e+00
2.246200842227205285e+00
2.252481072203589285e+00
2.258759933010332510e+00
2.265037766677289177e+00
2.271303911444438217e+00
2.277589728220026366e+00
2.283898305422423114e+00
2.290170012251879328e+00
2.296453574018142874e+00
2.302753728520766430e+00
2.309033259857642850e+00
2.315306740491765325e+00
2.321584903055799121e+00
2.327875848798342862e+00
2.334155437994457571e+00
2.340419368711216475e+00
2.346707100682973834e+00
2.353003291599214730e+00
2.359289894449348779e+00
2.365553876991155491e+00
2.371825785713308488e+00
2.378140903200434142e+00
2.384428092586834413e+00
2.390692582433301183e+00
2.396988138385640621e+00
2.403303548427469849e+00
2.409573073654087239e+00
2.415830801384979853e+00
2.422143856762908776e+00
2.428430057553700561e+00
2.434677768778117368e+00
2.440970212577721288e+00
2.447298981268473117e+00
2.453569118455958264e+00
2.459800038144367651e+00
2.466109234904750203e+00
2.472414307289629409e+00
2.478663551689684663e+00
2.484934316279260536e+00
2.491242831113378742e+00
2.497555376258368653e+00
2.503803790207671298e+00
2.510050453360885392e+00
2.516388153357114632e+00
2.522696949289361168e+00
2.528912117977447416e+00
2.535194950977304629e+00
2.541553015092142598e+00
2.547833598840075986e+00
2.554027726231925310e+00
2.560335719957266054e+00
2.566723817468057334e+00
2.572947513405368536e+00
2.579112525306413772e+00
2.585475496121880212e+00
2.591850195047052718e+00
2.598059321481768880e+00
2.604297159892888569e+00
2.610674497511633607e+00
2.616932834183210321e+00
2.623008545019559268e+00
2.629397530948575756e+00
2.635910575707928860e+00
2.642029786242797940e+00
2.648039512191036060e+00
2.654540962294306805e+00
2.661180282576058875e+00
2.667195147458841564e+00
2.673090901005259479e+00
2.679731764445488995e+00
2.686466931023228533e+00
2.692198356469838849e+00
2.697964677213461115e+00
2.704891939369282738e+00
2.711820263148968291e+00
2.717097903386913149e+00
2.722786446599397614e+00
2.729947846869378303e+00
2.737065287805485081e+00
2.742488203908707067e+00
2.747873318371959694e+00
2.755043138344902331e+00
2.762199344371416565e+00
2.767892788187410247e+00
2.772831982468270340e+00
2.779655811721179592e+00
2.785995823463758736e+00
