# Train Val
-7.890745822961132028e+00 -8.494422144704051547e+00
-8.595322630057731672e+00 -8.565296420803317545e+00
-8.630925220747789339e+00 -8.672826364442899560e+00
-8.687459696084260941e+00 -8.798802258132340626e+00
-8.841397880266109510e+00 -9.002504732701686052e+00
-9.058055711289247469e+00 -9.181623842809107927e+00
-9.201657861471176147e+00 -9.265209965891651578e+00
-9.368038292974233627e+00 -9.523702782469911199e+00
-9.519723255187273026e+00 -9.612126907744965365e+00
-9.622665687153736158e+00 -9.815582907045042660e+00
-9.784873632093271212e+00 -9.794532676795860482e+00
-9.940953152875104948e+00 -1.012601400350595426e+01
-1.004837398479382138e+01 -1.009237279520406361e+01
-1.012057905644178391e+01 -1.025954115235960273e+01
-1.036184237649043460e+01 -1.055785930930793981e+01
-1.047315677503744702e+01 -1.072593044925045724e+01
-1.051048332204421420e+01 -1.059016828413133560e+01
-1.062707119062542915e+01 -1.062177151518982754e+01
-1.073780171697338481e+01 -1.042369375600443249e+01
-1.081006703774134259e+01 -1.073736127630456672e+01
-1.091791412731011768e+01 -1.083292876900016566e+01
-1.107478365550438504e+01 -1.111108641190962310e+01
-1.104771075894435306e+01 -1.032617166444852685e+01
-1.121850117295980453e+01 -1.025032169168645702e+01
-1.126929982130726238e+01 -1.141575761274858003e+01
-1.132937086125214954e+01 -1.121036808212082114e+01
-1.130871186157067676e+01 -1.142940015916700425e+01
-1.147580410788456540e+01 -9.981473749334162093e+00
-1.134245648235082626e+01 -1.162826175194282108e+01
-1.157952217509349246e+01 -1.090826882944478626e+01
-1.154896278431018253e+01 -1.170941908947833099e+01
-1.167008380591869354e+01 -1.180385801389619971e+01
-1.172181001305580139e+01 -1.191878773330093999e+01
-1.176664925614992718e+01 -1.160776220049176821e+01
-1.178152877589066883e+01 -1.157290394275219469e+01
-1.191252480447292328e+01 -1.132286271181973625e+01
-1.193721727778514285e+01 -1.184943832050670309e+01
-1.201601284245649914e+01 -1.184176286474450812e+01
-1.194925757994254489e+01 -1.060519279133189841e+01
-1.191971987982591052e+01 -1.177890787496195202e+01
-1.216498430073261261e+01 -1.185700855007419285e+01
-1.226941404740015606e+01 -1.200475313756373019e+01
-1.215588266650835614e+01 -1.239768623996090646e+01
-1.216514573246240616e+01 -1.235424104913488641e+01
-1.216867654522260089e+01 -1.238499585684243698e+01
-1.227629604438940625e+01 -1.238280412748262549e+01
-1.243845841040213962e+01 -1.208419512463854417e+01
-1.236573774615923504e+01 -1.222442747091318083e+01
-1.233646244804064374e+01 -1.247844158519398050e+01
-1.241657435645659824e+01 -1.259123296861524643e+01
-1.249540047844251056e+01 -1.191368910554167471e+01
-1.240380385518074036e+01 -1.279473388969124059e+01
-1.250504213819901089e+01 -1.201491876081986909e+01
-1.243679626286029816e+01 -1.167791942497352586e+01
-1.242237145453691483e+01 -1.199560551829152288e+01
-1.257565866907437702e+01 -1.203521735946853433e+01
-1.266728378335634808e+01 -1.269076330011541209e+01
-1.253103113174438477e+01 -1.273567548974767938e+01
-1.251601669937372208e+01 -1.172333473354190936e+01
-1.274877294898033142e+01 -1.228188563012457557e+01
-1.270496104533473591e+01 -1.272648016198889032e+01
-1.267352190117041211e+01 -1.261905131401953817e+01
-1.270316540201505084e+01 -1.278118835796009378e+01
-1.266514831284681897e+01 -1.267241413562328844e+01
-1.271547189851601978e+01 -1.234427652730570202e+01
-1.287094640731811523e+01 -1.241880483751173081e+01
-1.284553754578034024e+01 -1.293662233476514878e+01
-1.284403262784083743e+01 -1.101193197671469193e+01
-1.276045231769482236e+01 -1.223820791616068249e+01
-1.275943237046400647e+01 -1.286429162458940034e+01
-1.291738112022479434e+01 -1.233851815508557692e+01
-1.284712245812018772e+01 -1.314863551746715231e+01
-1.287191405892372131e+01 -1.267048074053479567e+01
-1.298956558605035205e+01 -1.273533702206301932e+01
-1.309362263729174991e+01 -1.300665263386515846e+01
-1.304109847048918347e+01 -1.281621561421976452e+01
-1.300249094267686267e+01 -1.234320835014442430e+01
-1.309755598505338092e+01 -1.310058443886893187e+01
-1.302212227135896683e+01 -1.265537057604108462e+01
-1.306747851520776749e+01 -1.275145551755830908e+01
-1.301080417633056641e+01 -1.286448923333898797e+01
-1.304956692457199097e+01 -1.300624551401509876e+01
-1.303782913585503955e+01 -1.314783828289477796e+01
-1.327368197838465314e+01 -1.223767039063688955e+01
-1.318830021967490573e+01 -1.340968559314678288e+01
-1.322138633082310299e+01 -1.204583107341419534e+01
-1.312501860658327679e+01 -1.264189218545888949e+01
-1.314378435909748077e+01 -1.334837430483334941e+01
-1.321754914770523648e+01 -1.309177060560746675e+01
-1.315134823819001575e+01 -1.325124304635184203e+01
-1.319055683414141278e+01 -1.332236963742739277e+01
-1.324393951892852783e+01 -1.335311547811929245e+01
-1.323667445530494113e+01 -1.302762806880009627e+01
-1.325585722178220749e+01 -1.293044653805819344e+01
-1.333720254401365857e+01 -1.271462205168488779e+01
-1.329511778801679611e+01 -1.188898207924582806e+01
-1.334924603998661041e+01 -1.315109416416713195e+01
-1.338216065615415573e+01 -1.270523861476353211e+01
-1.330944915612538715e+01 -1.317656696616829137e+01
-1.334022809068361859e+01 -1.274630524276138921e+01
-1.336637566238641739e+01 -1.279994301981740179e+01
-1.327379245807727237e+01 -1.194892903117390404e+01
-1.351648529867331128e+01 -1.343479495853572736e+01
-1.341109492878119092e+01 -1.332765833123937860e+01
-1.346347498645385166e+01 -1.283832464589701061e+01
-1.337701247384150882e+01 -1.338890820044975705e+01
-1.334944692254066467e+01 -1.334824495191698013e+01
-1.341334457447131534e+01 -1.336491938999721008e+01
-1.354443785051504712e+01 -1.245804213239000902e+01
-1.334446738411982913e+01 -1.340653642431482062e+01
-1.353768532226482968e+01 -1.346137784982656527e+01
-1.343382370720306973e+01 -1.333885311770748849e+01
-1.354279138644536395e+01 -1.344157414622121038e+01
-1.345092979073524475e+01 -1.301997478286941323e+01
-1.360422534247239490e+01 -1.313119250458556309e+01
-1.340935535480578800e+01 -1.320492589628541680e+01
-1.363579176614681820e+01 -1.339941232854669728e+01
-1.358446013679107089e+01 -1.362408837405118156e+01
-1.358605800320704837e+01 -1.331778826032366148e+01
-1.355141010632117649e+01 -1.315445085005326753e+01
-1.360843235005935092e+01 -1.308010466687090911e+01
-1.357955851157506366e+01 -1.345292746556269670e+01
-1.352573282768329044e+01 -1.314997871200759683e+01
-1.363259762773911099e+01 -1.347538857645802679e+01
-1.355141918609539609e+01 -1.324791406656240511e+01
-1.369783305625120740e+01 -1.315767452933571491e+01
-1.379520667344331741e+01 -1.295037568079960799e+01
-1.358335622896750827e+01 -1.347728513742422152e+01
-1.380635169893503189e+01 -1.232594712988122687e+01
-1.362314107765754123e+01 -1.358233315604073610e+01
-1.366274600972731967e+01 -1.356951169843797622e+01
-1.374719360967477222e+01 -1.335474830478816877e+01
-1.370259924232959747e+01 -1.319783932822091188e+01
-1.377736579626798630e+01 -1.351386885209516997e+01
-1.373535010218620300e+01 -1.386320055924452710e+01
-1.382888110727071762e+01 -1.348879665523380389e+01
-1.376063928008079529e+01 -1.356972726598962531e+01
-1.357782590389251709e+01 -1.310826664466362423e+01
-1.374673292289177517e+01 -1.162157679223395057e+01
-1.373128213981787304e+01 -1.365654873538326974e+01
-1.375776238987843136e+01 -1.329939738186922860e+01
-1.380362874517838101e+01 -1.387970956579431281e+01
-1.369458247224489789e+01 -1.321400928497314453e+01
-1.363014128555854221e+01 -1.289219142864276790e+01
-1.378983501344919205e+01 -1.372343760651427402e+01
-1.383492356787125210e+01 -1.374260987863912220e+01
-1.380257311960061450e+01 -1.321324110650397010e+01
-1.390822717299064060e+01 -1.119833645263275557e+01
-1.379794811457395554e+01 -1.357911132218001704e+01
-1.384850950787464718e+01 -1.235692716573739958e+01
-1.382302450388669968e+01 -1.270272045630913205e+01
-1.386361045142014881e+01 -1.394538557374632148e+01
-1.387587385376294513e+01 -1.361230347373268756e+01
-1.377805705616871457e+01 -1.239477013922356896e+01
-1.403255619605382343e+01 -1.351698491480443387e+01
-1.378747936586538891e+01 -1.330626469153862423e+01
-1.389231202503045459e+01 -1.216305389652004543e+01
-1.388582424074411392e+01 -1.351084707928942308e+01
-1.390012600769599338e+01 -1.292847564003684369e+01
-1.389660722762346268e+01 -1.259394641975303664e+01
-1.392730787148078342e+01 -1.376188685677268353e+01
-1.396733890970548053e+01 -1.376015415439358058e+01
-1.382446417957544327e+01 -1.283208269887156305e+01
-1.395131009817123413e+01 -1.212956070590328927e+01
-1.382605740179618259e+01 -1.333801267054173856e+01
-1.391739918291568756e+01 -1.339090255638221727e+01
-1.404836651931206326e+01 -1.288224230184183483e+01
-1.389939727882544140e+01 -1.326733464080017910e+01
-1.398603131622076035e+01 -1.377979148517955466e+01
-1.396016418437162976e+01 -1.335924928838556447e+01
-1.395003474503755569e+01 -1.339270583066073250e+01
-1.391172701368729214e+01 -1.332572990268855939e+01
-1.414580904940764050e+01 -1.373847537845760236e+01
-1.399413255105415921e+01 -1.296626258206057791e+01
-1.384077808260917664e+01 -1.205099100880808649e+01
-1.395412900795539279e+01 -1.399020960423853488e+01
-1.405031082282463650e+01 -1.244437839458515072e+01
-1.401719756921132465e+01 -1.280980330628234043e+01
-1.393188585092624088e+01 -1.379576644649753270e+01
-1.409082481265068054e+01 -1.196663653386103654e+01
-1.399496875206629376e+01 -1.323785989934747853e+01
-1.411036975433429141e+01 -1.357852222393085384e+01
-1.412618365387121777e+01 -1.386606545881791597e+01
-1.409056118379036526e+01 -1.362658453606939979e+01
-1.402395923684040646e+01 -1.356101197081726895e+01
-1.393446457137664218e+01 -1.372629606568968086e+01
-1.402689160406589508e+01 -1.406520260154426794e+01
-1.402663319557905197e+01 -1.355683241262064342e+01
-1.408105464776357074e+01 -1.403660374183159298e+01
-1.404930965354045291e+01 -1.381934657654204912e+01
-1.406143811345100403e+01 -1.284401004345385999e+01
-1.404870142042636871e+01 -1.366209641989175338e+01
-1.412710963189601898e+01 -1.366400135337532262e+01
-1.409674780567487140e+01 -1.402176772774040003e+01
-1.413439142952362637e+01 -1.349546418871198306e+01
-1.408868620296319385e+01 -1.362994462793523631e+01
-1.410922515640656094e+01 -1.384949960337056751e+01
-1.405183175702889820e+01 -1.366396824725262604e+01
-1.420172927776972394e+01 -1.368058328504686294e+01
-1.425237105786800385e+01 -1.331599184754606924e+01
-1.415793654074271579e+01 -1.373727399652654491e+01
-1.427842755367358585e+01 -1.348049875977751455e+01
-1.412410616874694824e+01 -1.359645128869391151e+01
-1.416061034053564072e+01 -1.353057536831149754e+01
-1.420539124558369259e+01 -1.381374796334799271e+01
-1.435007789979378323e+01 -1.383408296263063164e+01
-1.422330962369839291e+01 -1.355013889461368670e+01
-1.413553379227717777e+01 -1.376531459758808040e+01
-1.424072398990392685e+01 -1.366617947120171017e+01
-1.411145245035489459e+01 -1.346855292382178426e+01
-1.426147406051556210e+01 -1.400904565043263617e+01
-1.424258701006571393e+01 -1.393291851142784132e+01
-1.415152375151713748e+01 -1.353718285746388617e+01
-1.429182469596465488e+01 -1.386816157303847241e+01
-1.433877682685852051e+01 -1.351411639869987269e+01
-1.421704250574111938e+01 -1.391905649606283646e+01
-1.421588071435689926e+01 -1.300925273399848514e+01
-1.424737351387739182e+01 -1.385859818892045503e+01
-1.429796225825945477e+01 -1.365492158121876898e+01
-1.419571845978498459e+01 -1.373335287168428565e+01
-1.421682140231132507e+01 -1.336378897629774976e+01
-1.420341549068689346e+01 -1.380686982885583625e+01
-1.426364774753650089e+01 -1.362616661616734071e+01
-1.426353147625923157e+01 -1.377525340736686488e+01
-1.432114307085672955e+01 -1.386542254608946934e+01
-1.426696022599935532e+01 -1.401629321606128187e+01
-1.436806085954109768e+01 -1.404422092437744141e+01
-1.420907447238763233e+01 -1.316825803533776984e+01
-1.431623667478561401e+01 -1.331033498590642772e+01
-1.431438475847244263e+01 -1.356964719450319024e+01
-1.429314948370059390e+01 -1.383141621676358390e+01
-1.438385168214639087e+01 -1.345483373666738558e+01
-1.430808497716983219e+01 -1.371106599832510042e+01
-1.428284517427285572e+01 -1.386351077587573499e+01
-1.450688990702231784e+01 -1.379485160034972324e+01
-1.437551875164111514e+01 -1.349853634524655099e+01
-1.438787596921125989e+01 -1.382737809961492381e+01
-1.457277330259482007e+01 -1.335775281237317458e+01
-1.448236408829689026e+01 -1.379812588629784464e+01
-1.440893306086460690e+01 -1.404134055546351867e+01
-1.444221978386243244e+01 -1.408156013488769531e+01
-1.439013281464576721e+01 -1.309492979421244030e+01
-1.447787618637084961e+01 -1.202543371373956838e+01
-1.434762877970933914e+01 -1.396865297292734098e+01
-1.450192823261022568e+01 -1.392721885829776873e+01
-1.452041998257239719e+01 -1.390817579046472297e+01
-1.444731178134679794e+01 -1.275807733659620347e+01
-1.442840735365947147e+01 -1.415133899837345233e+01
-1.441110843916734119e+01 -1.356217463604815521e+01
-1.407691770792007446e+01 -1.324772923952573223e+01
-1.454263598968585391e+01 -1.355875598610221644e+01
-1.446259471525748630e+01 -1.316571634465997853e+01
-1.449562984704971313e+01 -1.350849165235247007e+01
-1.447322137902180295e+01 -1.347395623194706893e+01
-1.441892590373754501e+01 -1.405890556434532179e+01
-1.444792177031437497e+01 -1.407498167706774339e+01
-1.453621658931175809e+01 -1.413559807120979528e+01
-1.444416968524456024e+01 -1.408121843461866440e+01
-1.442830413083235364e+01 -1.409125633982868919e+01
-1.446430535862843136e+01 -1.403504740727412248e+01
-1.440486942728360553e+01 -1.365266406071650529e+01
-1.454452075064182281e+01 -1.352051349738975539e+01
-1.452105014026165009e+01 -1.382276944990281997e+01
-1.467726392795642276e+01 -1.384995552162071242e+01
-1.458086766302585602e+01 -1.314587387481293135e+01
-1.460186612357695957e+01 -1.091984040396554079e+01
-1.448028553028901477e+01 -1.346014424113484154e+01
-1.436893325795730014e+01 -1.389881882110199385e+01
-1.445415704200665097e+01 -1.386091847853227144e+01
-1.459878219664096832e+01 -1.389702853908786473e+01
-1.449028864999612232e+01 -1.407122062088607173e+01
-1.457454822957515717e+01 -1.402224153048032207e+01
-1.454190326978763004e+01 -1.226741362237311073e+01
-1.468097949648896794e+01 -1.384726727473271346e+01
-1.471042493979136090e+01 -1.375231108727393270e+01
-1.447724868108828922e+01 -1.425817519348937168e+01
-1.467497163017590900e+01 -1.368859780299199080e+01
-1.453812933464845081e+01 -1.412821420446618781e+01
-1.458161227653423886e+01 -1.399952341054941130e+01
-1.466038516660531421e+01 -1.380524883022556004e+01
-1.459115688999493976e+01 -1.410228734202199163e+01
-1.452255085855722427e+01 -1.351731050169313164e+01
-1.462911984076102634e+01 -1.361502400930825729e+01
-1.451427356898784637e+01 -1.406274562687068830e+01
-1.468233772863944431e+01 -1.402844359657981244e+01
-1.473966521769762039e+01 -1.418475904093160267e+01
-1.465437992413838764e+01 -1.286947889451856675e+01
-1.462563657015562057e+01 -1.295857201613389087e+01
-1.462934837490320206e+01 -1.409384350962453070e+01
-1.454954832047224045e+01 -1.419467870291177292e+01
-1.480654048671325107e+01 -1.325058305418336602e+01
-1.463987102856238742e+01 -1.308984159494375277e+01
-1.458968831350406070e+01 -1.323947944888820949e+01
-1.471439523498217206e+01 -1.365972678692309827e+01
-1.447077901164690594e+01 -1.303645864709631219e+01
-1.463108401497205158e+01 -1.383315703156706533e+01
-1.476750424007574658e+01 -1.377209211324716520e+01
-1.482260248064994812e+01 -1.416405147701114764e+01
-1.465860513101021390e+01 -1.395592174282321629e+01
-1.459816584736108780e+01 -1.384018360484730081e+01
-1.460459215690692325e+01 -1.370901266320959344e+01
-1.452892108013232608e+01 -1.345216975274024129e+01
-1.471379427363475223e+01 -1.387536304028003187e+01
-1.481146661937236786e+01 -1.386591625213623047e+01
-1.464598124722639660e+01 -1.377665044115735427e+01
-1.463029750684897046e+01 -1.326769046040324440e+01
-1.466779453804095645e+01 -1.409165124769334732e+01
-1.465978225320577621e+01 -1.390988369731159935e+01
-1.462408670037984848e+01 -1.393396273526278328e+01
-1.478512266526619534e+01 -1.384571526267311725e+01
-1.473219433178504367e+01 -1.422382908362846798e+01
-1.485687778890132904e+01 -1.243131825831029325e+01
-1.461821984499692917e+01 -1.412865995431875277e+01
-1.464523444821437259e+01 -1.166208400974026027e+01
-1.471528503050406833e+01 -1.372017149491743560e+01
-1.470441402991612811e+01 -1.360232804038307819e+01
-1.485653131703535657e+01 -1.387231837929069300e+01
-1.485266064107418060e+01 -1.377419679815118947e+01
-1.447785382221142392e+01 -1.391506779658329940e+01
-1.484362060328324695e+01 -1.381535371557458625e+01
-1.461807252466678619e+01 -1.389710013897387952e+01
-1.483447763075431247e+01 -1.254243515064190007e+01
-1.472688864916563034e+01 -1.392312747162657871e+01
-1.480692021548748016e+01 -1.326469145192728405e+01
-1.470861529310544391e+01 -1.398581949456945672e+01
-1.490818230062723160e+01 -1.343691498892647829e+01
-1.465659198661645313e+01 -1.397696225054852448e+01
-1.484537830203771591e+01 -1.378425084151230884e+01
-1.467986638844013214e+01 -1.249790853029721660e+01
-1.490212642401456833e+01 -1.399361377567439924e+01
-1.482187995314598083e+01 -1.357365584683108573e+01
-1.480517213791608810e+01 -1.369892791648963914e+01
-1.468686342239379883e+01 -1.392583028372231979e+01
-1.482512713968753815e+01 -1.276132309901249862e+01
-1.473465105891227722e+01 -1.366029954885507536e+01
-1.468268737196922302e+01 -1.326277028120957446e+01
-1.489593067516883274e+01 -1.427126712303657108e+01
-1.478647734721501728e+01 -1.392482234905292415e+01
-1.481669171154499054e+01 -1.368908605947122936e+01
-1.464168933033943176e+01 -1.284120927538190493e+01
-1.475704696029424667e+01 -1.376009711971530614e+01
-1.479677851498126984e+01 -1.363327776921259904e+01
-1.478705962498982807e+01 -1.370802321991363115e+01
-1.481051564961671829e+01 -1.419049619699453402e+01
-1.469597157090902328e+01 -1.383511004509863973e+01
-1.479502394547065158e+01 -1.398145551805372300e+01
-1.495727991561094861e+01 -1.429323925910057902e+01
-1.471422135084867477e+01 -1.340570722307477602e+01
-1.490077212204535861e+01 -1.408690301474038620e+01
-1.491260244945685010e+01 -1.408837733330664754e+01
-1.486724577347437481e+01 -1.253807505075033646e+01
-1.477428822219371796e+01 -1.398661416536801738e+01
-1.478518430391947369e+01 -1.395867342763132868e+01
-1.481580655525127987e+01 -1.383668992426488309e+01
-1.485939332594474216e+01 -1.401030447575953097e+01
-1.484273027380307575e+01 -1.379123406595997992e+01
-1.479469519853591919e+01 -1.334232776195971937e+01
-1.485629043976465802e+01 -1.422776176403095150e+01
-1.493688164403041263e+01 -1.399399289217862297e+01
-1.479541626820961575e+01 -1.351362163989574938e+01
-1.490361015995343585e+01 -1.275150108337402344e+01
-1.482638287295897861e+01 -1.364557221647980967e+01
-1.491452260563770871e+01 -1.386860774399398188e+01
-1.483718473215897937e+01 -1.401015331218768978e+01
-1.489215966314077377e+01 -1.395153302031678066e+01
-1.482768730819225311e+01 -1.392655486565131717e+01
-1.487289776404698749e+01 -1.393271527971540102e+01
-1.487542156378428082e+01 -1.388581107498763423e+01
-1.484243125220139881e+01 -1.377825271309196253e+01
-1.489847324540217777e+01 -1.350087681064358058e+01
-1.491229221721490283e+01 -1.404773870691076532e+01
-1.496308306852976422e+01 -1.415465415607799216e+01
-1.487725879251956940e+01 -1.365670804853563247e+01
-1.498563163479169269e+01 -1.414456664741813441e+01
-1.500153061002492905e+01 -1.375421903040501981e+01
-1.484926854322353940e+01 -1.368281167513364238e+01
-1.487244630604982376e+01 -1.402531539619743128e+01
-1.505897022783756256e+01 -1.392824221276617713e+01
-1.501053786526123623e+01 -1.394235099445689841e+01
-1.497489809989929199e+01 -1.328250685605135750e+01
-1.495461745311816593e+01 -1.227977367500206007e+01
-1.494333011160294156e+01 -1.405797221443869915e+01
-1.489235568046569824e+01 -1.410329398861179051e+01
-1.495997887104749680e+01 -1.410707932013969845e+01
-1.509331035117308240e+01 -1.415449219245415158e+01
-1.498354667176803012e+01 -1.412651719675435658e+01
-1.499455164124568363e+01 -1.415538089306323499e+01
-1.488642544796069522e+01 -1.403032242168079691e+01
-1.503080080946286579e+01 -1.346022418876747118e+01
-1.481327752023935318e+01 -1.230238106962922373e+01
-1.496530451377232929e+01 -1.224653598240443664e+01
-1.493101098636786084e+01 -1.300898052810074468e+01
-1.509765392293532749e+01 -1.420210891575008283e+01
-1.501821596423784833e+01 -1.415814225085370026e+01
-1.489204283306995968e+01 -1.424104182751147718e+01
-1.506195076803366284e+01 -1.392912065828001289e+01
-1.497711674620707889e+01 -1.373904657983160682e+01
-1.498873629669348340e+01 -1.319567477238642716e+01
-1.496596941848595996e+01 -1.404199182832395820e+01
-1.506443967918554883e+01 -1.299104167888690853e+01
-1.505301030228535275e+01 -1.410252640464089069e+01
-1.490340982377529144e+01 -1.364868773423232007e+01
-1.490535198897123337e+01 -1.366655856293517246e+01
-1.493703118463357349e+01 -1.421851213876303177e+01
-1.497074410070975681e+01 -1.394559248391684037e+01
-1.507854778071244617e+01 -1.393231806816992879e+01
-1.500894816964864731e+01 -1.390416011562595067e+01
-1.491524879137674908e+01 -1.434959926852932277e+01
-1.506377496073643307e+01 -1.408646890714571143e+01
-1.523033999154965024e+01 -1.393057840520685353e+01
-1.500397948672374149e+01 -1.380039677062591963e+01
-1.501721220960219760e+01 -1.379612854548862977e+01
-1.510817654679218869e+01 -1.405178512226451559e+01
-1.499381034572919269e+01 -1.409398387314437251e+01
-1.504938040673732758e+01 -1.402061864927217627e+01
-1.501916321615378003e+01 -1.337662584131414256e+01
-1.503176045914491077e+01 -1.397808447751131844e+01
-1.513794920593500137e+01 -1.339486835529277897e+01
-1.517760532597700696e+01 -1.412586848766772718e+01
-1.519414923091729541e+01 -1.416917706774426833e+01
-1.517165634284416775e+01 -1.389525018419538149e+01
-1.483312576264142990e+01 -1.379285845818457723e+01
-1.516160727292299271e+01 -1.345348094345687251e+01
-1.497102467964092831e+01 -1.436131339878230939e+01
-1.500296485424041748e+01 -1.403232569508738337e+01
-1.518849669396877289e+01 -1.401316715834976812e+01
-1.517975175877412219e+01 -1.415649301355535350e+01
-1.512778726468483548e+01 -1.378542683341286335e+01
-1.505153627693653107e+01 -1.406428436180213914e+01
-1.517595431208610535e+01 -1.393408677485082059e+01
-1.502159265925486942e+01 -1.307368564605712891e+01
-1.513032301266988178e+01 -1.395390407760421958e+01
-1.514109428475300412e+01 -1.361290196010044617e+01
-1.504411649952332120e+01 -1.419354335983078208e+01
-1.517495624969402890e+01 -1.409345112837754321e+01
-1.515018409738937955e+01 -1.415488407828591022e+01
-1.509349786490201950e+01 -1.446825965039141693e+01
-1.510022466133038144e+01 -1.393332331521170531e+01
-1.508319210509459118e+01 -1.388215549270828042e+01
-1.520339624583721161e+01 -1.383330286942519116e+01
-1.511983638008435626e+01 -1.421713717572100677e+01
-1.523386125018199344e+01 -1.327896171421199689e+01
-1.520633526394764523e+01 -1.407213747346555976e+01
-1.515640185028314590e+01 -1.335435659235174022e+01
-1.516638524830341339e+01 -1.415621719112643895e+01
-1.509094521403312683e+01 -1.407295394253421073e+01
-1.518446803589661975e+01 -1.429948514467709941e+01
-1.514893073588609695e+01 -1.389385376967392993e+01
-1.529111155619223972e+01 -1.344479507594913592e+01
-1.511184932539860348e+01 -1.430800756231530890e+01
-1.511694133033355136e+01 -1.398633104794985371e+01
-1.512221953272819519e+01 -1.429034184790276818e+01
-1.517607237646977048e+01 -1.403071754009692640e+01
-1.520487290620803833e+01 -1.396146604612276221e+01
-1.526520199080308338e+01 -1.366477655435537386e+01
-1.507011093447605710e+01 -1.353689176386052928e+01
-1.523132369915644269e+01 -1.320981668497060824e+01
-1.518509619434674640e+01 -1.387464638499470482e+01
-1.516890023400386234e+01 -1.398892105399788122e+01
-1.508869703859090805e+01 -1.415495476165375166e+01
-1.529425577322641949e+01 -1.339637705567595205e+01
-1.534272190928459167e+01 -1.436900188396503353e+01
-1.525385773181915283e+01 -1.385012137425410295e+01
-1.513056058933337589e+01 -1.290672841010155558e+01
-1.527988138794898987e+01 -1.264676847086324329e+01
-1.517521356046199799e+01 -1.406633779600069190e+01
-1.532176640878120999e+01 -1.406609372968797622e+01
-1.519806348035732846e+01 -1.410458407463965536e+01
-1.522066851705312729e+01 -1.379971552514410682e+01
-1.507328541825214963e+01 -1.410980762134898825e+01
-1.521708141764005084e+01 -1.411569659740893812e+01
-1.518465859691301922e+01 -1.376814969793542609e+01
-1.524657152593135834e+01 -1.417493543996439342e+01
-1.519938595592975616e+01 -1.368110287653935409e+01
-1.517357420921325684e+01 -1.322536129146427264e+01
-1.517408595482508282e+01 -1.405413280833851175e+01
-1.527060266087452511e+01 -1.241509492056710329e+01
-1.519584485888481140e+01 -1.413774284759125166e+01
-1.537093927711248398e+01 -1.420543212395209842e+01
-1.517696418364842792e+01 -1.312122678137444787e+01
-1.533954905470212360e+01 -1.436086276908973680e+01
-1.538092476626237293e+01 -1.413134794111375747e+01
-1.529747682313124280e+01 -1.413072851106717920e+01
-1.521424531439940075e+01 -1.347636243894502783e+01
-1.518307060996691327e+01 -1.334250202426662746e+01
-1.513758825510740280e+01 -1.414395537933745928e+01
-1.541095910718043704e+01 -1.427707897533069925e+01
-1.535184063762426376e+01 -1.389197546475893574e+01
-1.529767157634099384e+01 -1.420925966485754266e+01
-1.527225331217050552e+01 -1.366697572732900667e+01
-1.535072511434555054e+01 -1.388094490843933926e+01
-1.529342103749513626e+01 -1.420322492525174951e+01
-1.544986662516991238e+01 -1.316840996680321574e+01
-1.529002789159615894e+01 -1.411338824730414920e+01
-1.539487271259228329e+01 -1.402060339048311377e+01
-1.526726271957159042e+01 -1.357198083555543633e+01
-1.538980018347501755e+01 -1.422985429887647690e+01
-1.531396283954381943e+01 -1.385327079079367962e+01
-1.528102797766526599e+01 -1.362822843526864958e+01
-1.535098008066415787e+01 -1.393287428323324662e+01
-1.534999245901902576e+01 -1.384371686910654020e+01
-1.522537208596865277e+01 -1.410510840973296709e+01
-1.533532510449489017e+01 -1.396829686846051821e+01
-1.528730277965466122e+01 -1.414752858644956035e+01
-1.526547719041506390e+01 -1.408404765191016317e+01
-1.536311165740092655e+01 -1.378268810371299757e+01
-1.535418648272752762e+01 -1.411588448363465176e+01
-1.527800268431504627e+01 -1.391676517585655226e+01
-1.541529033084710498e+01 -1.360328334956974139e+01
-1.537905022005240063e+01 -1.425983230788986411e+01
-1.535446701695521732e+01 -1.355648751692338472e+01
-1.524030419190724750e+01 -1.425561845457399102e+01
-1.545758369565010071e+01 -1.347115261523754626e+01
-1.541529441873232464e+01 -1.418210605522254930e+01
-1.532476931810379028e+01 -1.418601775479007010e+01
-1.543246162931124310e+01 -1.357399580076143408e+01
-1.542854803055524826e+01 -1.336162638973880057e+01
-1.526560441652933697e+01 -1.403771765820391693e+01
-1.549014249195655246e+01 -1.402897696061567778e+01
-1.533381253232558628e+01 -1.315378321610487866e+01
-1.547469555586576462e+01 -1.420039825934868283e+01
-1.537222998837629895e+01 -1.343670936683555617e+01
-1.533486764878034592e+01 -1.366883778262448068e+01
-1.525919195761283298e+01 -1.392087698602057166e+01
-1.545381875584522824e+01 -1.402988991180023604e+01
-1.542055564125378986e+01 -1.419091747333477116e+01
-1.545962146669626236e+01 -1.394463786831149754e+01
-1.543523311614990234e+01 -1.393015431738519005e+01
-1.530952653040488620e+01 -1.340734912822772884e+01
-1.535817925135294537e+01 -1.389617179276107173e+01
-1.529416998227437396e+01 -1.386499772753034243e+01
-1.546012952675422092e+01 -1.416933904375348696e+01
-1.535531239708264728e+01 -1.406265089109346533e+01
-1.545366085320711136e+01 -1.418851567553235427e+01
-1.536700122803449631e+01 -1.435893567816003547e+01
-1.538608676443497281e+01 -1.398910733012409935e+01
-1.542858583976825138e+01 -1.422760212885869002e+01
-1.528277092427015305e+01 -1.392360017206761746e+01
-1.542862455546855927e+01 -1.402099675017517910e+01
-1.554955776035785675e+01 -1.411271525048590370e+01
-1.554652435829242130e+01 -1.390346813201904297e+01
-1.543570319563150406e+01 -1.377015603053105330e+01
-1.536447993914286236e+01 -1.317984140074098320e+01
-1.554619775215784649e+01 -1.422139945587554521e+01
-1.561366261045137982e+01 -1.412485162313882370e+01
-1.533473076423009296e+01 -1.361658980629660931e+01
-1.530701196442047696e+01 -1.398644874622295475e+01
-1.535996732115745544e+01 -1.442374031265060630e+01
-1.546669324239095111e+01 -1.415975108704009600e+01
-1.552518786241610904e+01 -1.395548029069776597e+01
-1.547423786669969559e+01 -1.282896306917264795e+01
-1.537318815042575260e+01 -1.367283170873468556e+01
-1.560317827264467816e+01 -1.400910401034664865e+01
-1.546362038701772690e+01 -1.426017093658447266e+01
-1.544429753969112973e+01 -1.404752679304643159e+01
-1.560486764957507511e+01 -1.409699462296126704e+01
-1.533077043791612049e+01 -1.420407223391842599e+01
-1.550601382056871991e+01 -1.360072004640257148e+01
-1.553316513448953629e+01 -1.415347264029762897e+01
-1.548654097567001919e+01 -1.390394095631388893e+01
-1.532871312399705310e+01 -1.387866170065743532e+01
-1.559463102618853192e+01 -1.385490755601362700e+01
-1.554615079363187213e+01 -1.401596203098049465e+01
-1.549594905724128147e+01 -1.348839185144994168e+01
-1.542942080398400684e+01 -1.402167954382958293e+01
-1.534124976893266101e+01 -1.415863215458857560e+01
-1.531308093915382962e+01 -1.402339146353981647e+01
-1.559387077391147614e+01 -1.402580414809189868e+01
-1.555814192195733447e+01 -1.384011891600373545e+01
-1.547340403248866458e+01 -1.407493888557731410e+01
-1.543772483120361905e+01 -1.398087212946507840e+01
-1.552072403828302960e+01 -1.387036735980541735e+01
-1.553347871452569962e+01 -1.383027194382308345e+01
-1.551867721726497074e+01 -1.408822049723043079e+01
-1.557699124266703983e+01 -1.391695874697202129e+01
-1.551796248803536038e+01 -1.383536683739005824e+01
-1.550364999224742313e+01 -1.387724015000578603e+01
-1.561179155359665494e+01 -1.418964348830185962e+01
-1.554450209190448184e+01 -1.403183927164449329e+01
-1.543344946453968625e+01 -1.398558951043463416e+01
-1.555269398540258408e+01 -1.378976016849666486e+01
-1.550485999137163162e+01 -1.303166386988255887e+01
-1.559784404436747174e+01 -1.395999696657255029e+01
-1.545462550719579120e+01 -1.422862514892181807e+01
-1.559762840221325497e+01 -1.390362437359698333e+01
-1.552936509003241916e+01 -1.339985411507742796e+01
-1.551221978664398193e+01 -1.394812477409065465e+01
-1.546805370102326016e+01 -1.424079367402312002e+01
-1.554294283688068390e+01 -1.394189363950258809e+01
-1.570408185074726681e+01 -1.393953410061922860e+01
-1.559666099399328232e+01 -1.401644056493585744e+01
-1.552279624839623828e+01 -1.376428659860189896e+01
-1.546152595182259937e+01 -1.356053680568546405e+01
-1.541576264053583145e+01 -1.336269552057439647e+01
-1.559537685910860638e+01 -1.342306919841023216e+01
-1.567036540806293488e+01 -1.400537779424097629e+01
-1.573878271877765656e+01 -1.384358731802407760e+01
-1.551325830568869968e+01 -1.395340767154445949e+01
-1.536655639608701129e+01 -1.412708239121870513e+01
-1.547373226533333401e+01 -1.373274197516503214e+01
-1.571686560163895230e+01 -1.404239705321076670e+01
-1.559265446414550205e+01 -1.335937144539573040e+01
-1.554142587135235409e+01 -1.354271882540219707e+01
-1.564174817005793194e+01 -1.393917766174712725e+01
-1.557616100708643536e+01 -1.413599146805800366e+01
-1.561867251247167587e+01 -1.417342340791380195e+01
-1.571898080656925778e+01 -1.369963447768966880e+01
-1.564020951092243195e+01 -1.373864074806114211e+01
-1.556323092927535434e+01 -1.290015520368303648e+01
-1.552032886445522308e+01 -1.382426847730364194e+01
-1.549862720568974872e+01 -1.384891358908120651e+01
-1.551954752206802368e+01 -1.339529218302144642e+01
-1.562890088309844394e+01 -1.392539823210084649e+01
-1.558250095446904560e+01 -1.399158796087487922e+01
-1.567539415756861310e+01 -1.363268416268484984e+01
-1.549997333685556988e+01 -1.351758901174966354e+01
-1.557681626826524734e+01 -1.409727111420074053e+01
-1.542449650665124317e+01 -1.376302581638484845e+01
-1.566893470287322998e+01 -1.399183861621014557e+01
-1.556662765890359879e+01 -1.315780900979970980e+01
-1.551924406488736530e+01 -1.400724550965544424e+01
-1.557019743820031543e+01 -1.427514525822230773e+01
-1.565369072556495667e+01 -1.409692728364622383e+01
-1.560682593534390072e+01 -1.360825941160127783e+01
-1.561548644055922885e+01 -1.400717940887847490e+01
-1.561266250163316727e+01 -1.392956760951450867e+01
-1.563974322130282779e+01 -1.361938741609647607e+01
-1.558989755312601666e+01 -1.425388586366331367e+01
-1.555610936383406262e+01 -1.349968627830604539e+01
-1.555438109984000583e+01 -1.391518243566735968e+01
-1.560672438641389270e+01 -1.419190513313590785e+01
-1.557623225202163120e+01 -1.366539859771728516e+01
-1.562960074841976166e+01 -1.395504247987425117e+01
-1.574341708173354526e+01 -1.408448510355763617e+01
-1.573263911157846451e+01 -1.428549792549826947e+01
-1.568914211541414261e+01 -1.337743543649648714e+01
-1.586431897928317447e+01 -1.365215469954849858e+01
-1.563801969836155514e+01 -1.346374532773897315e+01
-1.559919924288988113e+01 -1.351621198034905724e+01
-1.559787515550851822e+01 -1.417126892139385319e+01
-1.561333068211873432e+01 -1.404971278797496481e+01
-1.558237544943889041e+01 -1.415133449009486633e+01
-1.579764702667792697e+01 -1.411645385197230773e+01
-1.567621315767367740e+01 -1.427086869772378463e+01
-1.587543509900569916e+01 -1.383006980202414837e+01
-1.551072781036297421e+01 -1.372848902739487720e+01
-1.576467133561770062e+01 -1.428790000816444383e+01
-1.566884673386812210e+01 -1.413729698627026110e+01
-1.566738840937614441e+01 -1.329361300034956450e+01
-1.588763923943042755e+01 -1.414738242657153577e+01
-1.568144020438194275e+01 -1.387000173098081035e+01
-1.568768163025379181e+01 -1.329004270380193553e+01
-1.575168089816967587e+01 -1.397455055682690173e+01
-1.557693008830150028e+01 -1.363418034144810242e+01
-1.574446530640125275e+01 -1.323445609947303758e+01
-1.563644494861364365e+01 -1.408307168390843778e+01
-1.556879585981369019e+01 -1.335064925156630444e+01
-1.575588101645310779e+01 -1.369659667820125470e+01
-1.574451294293006320e+01 -1.396634243061016178e+01
-1.591622423380613327e+01 -1.411419883331695146e+01
-1.561961052815119366e+01 -1.394216256327443304e+01
-1.589885755628347397e+01 -1.429699029550923939e+01
-1.569841659565766712e+01 -1.382473793277492824e+01
-1.580055431524912457e+01 -1.428988529799820562e+01
-1.564337576925754547e+01 -1.399253609892609873e+01
-1.578604730467001538e+01 -1.402110622455547428e+01
-1.548383639256159405e+01 -1.366925374563638229e+01
-1.562428879737854004e+01 -1.365660668657971755e+01
-1.588561272869507413e+01 -1.389518769994958625e+01
-1.574172138174374957e+01 -1.347482493016626925e+01
-1.554886361459890942e+01 -1.397301417511778965e+01
-1.578657655914624591e+01 -1.409613106467507038e+01
-1.585413390398025513e+01 -1.358340224972018895e+01
-1.575166456152995487e+01 -1.377228184489460716e+01
-1.563304356982310672e+01 -1.354762365910914035e+01
-1.579853072017431259e+01 -1.413336070172198333e+01
-1.579958036045233349e+01 -1.431001806878424354e+01
-1.580436817556619644e+01 -1.289408602652611613e+01
-1.574846621851126294e+01 -1.415030489339456921e+01
-1.561793876687685589e+01 -1.322761323854520654e+01
-1.557350601504246335e+01 -1.371775768329570866e+01
-1.571636939545472522e+01 -1.373395014428473182e+01
-1.577422692875067334e+01 -1.385266714591484494e+01
-1.585097298274437527e+01 -1.375490769472989250e+01
-1.555127654224634171e+01 -1.385723152408352199e+01
-1.580016690989335437e+01 -1.406754622521338582e+01
-1.580554413050413132e+01 -1.421570296101755915e+01
-1.577980345487594604e+01 -1.424063966181371121e+01
-1.574473880231380463e+01 -1.366277783876889629e+01
-1.572266413519779782e+01 -1.426321917694884434e+01
-1.563768319537242313e+01 -1.386290566332928620e+01
-1.580334744354089160e+01 -1.414973084338299714e+01
-1.554566794137159924e+01 -1.419245677799373517e+01
-1.570169119536876678e+01 -1.408576630926751427e+01
-1.580385489016771317e+01 -1.413164475676301279e+01
-1.569324805587530136e+01 -1.410331228181913232e+01
-1.579681971917549710e+01 -1.401867844222427983e+01
-1.588222058117389679e+01 -1.391839173552277842e+01
-1.555393491933743100e+01 -1.419636234679779463e+01
-1.570730606218179126e+01 -1.363217429371623268e+01
-1.565444629887739758e+01 -1.418921506559694024e+01
-1.583011839538812637e+01 -1.408534151547915059e+01
-1.575230089326699634e+01 -1.432468907244793854e+01
-1.572943871219952960e+01 -1.409290395464215884e+01
-1.573288692782322507e+01 -1.397289691033301473e+01
-1.569812605033318142e+01 -1.409294033050537109e+01
-1.574369129290183444e+01 -1.383960559151389447e+01
-1.573678773641586304e+01 -1.354983828903792720e+01
-1.580893457680940628e+01 -1.388019084930419922e+01
-1.578557044764359851e+01 -1.374805795991575508e+01
-1.581901736060778241e+01 -1.413213713757403411e+01
-1.571248845507701297e+01 -1.408302288550835080e+01
-1.580580941587686539e+01 -1.351158933515672622e+01
-1.578128978610038757e+01 -1.369846584270526790e+01
-1.573932847628990750e+01 -1.413893191845385999e+01
-1.583919786910215954e+01 -1.405424991211333818e+01
-1.570367263505856137e+01 -1.407591049392502036e+01
-1.572905839482943158e+01 -1.387811873795150142e+01
-1.575003141661485095e+01 -1.351052695435362949e+01
-1.585212935755650143e+01 -1.398405753792106410e+01
-1.583666477849086185e+01 -1.385476475257378048e+01
-1.581756885101397891e+01 -1.397584138597760806e+01
-1.582257600128650665e+01 -1.371684076878931613e+01
-1.568450608601172824e+01 -1.407217256124917526e+01
-1.580854439487059970e+01 -1.387391412412965508e+01
-1.601012141754229745e+01 -1.414909199305943055e+01
-1.587819736202557941e+01 -1.408742900947471632e+01
-1.580797168364127536e+01 -1.377960262050876317e+01
-1.592627787838379483e+01 -1.377004547862263450e+01
-1.592935330420732498e+01 -1.389024697340928149e+01
-1.580041704823573490e+01 -1.387628259287252064e+01
-1.583936971674362759e+01 -1.410681076792927513e+01
-1.578334697584311108e+01 -1.373330076638754349e+01
-1.592009137322505374e+01 -1.409519786339301639e+01
-1.585942744215329547e+01 -1.392454179540857062e+01
-1.590886747092008591e+01 -1.431196933597713361e+01
-1.563049857566753964e+01 -1.404045594203007674e+01
-1.589890861262877841e+01 -1.297999062476220011e+01
-1.585505635291337967e+01 -1.398805681451574578e+01
-1.576737553129593472e+01 -1.407840752291989084e+01
-1.594648829102516174e+01 -1.373341136164479437e+01
-1.576811631272236447e+01 -1.341220837134819455e+01
-1.596604557335376740e+01 -1.404831345050365954e+01
-1.585776973267396350e+01 -1.405249372705236688e+01
-1.601929759979248047e+01 -1.383804619776738143e+01
-1.576447610308726688e+01 -1.412295300619942751e+01
-1.580872204403082470e+01 -1.368467708686729445e+01
-1.584333103398481946e+01 -1.423021897402676750e+01
-1.597684591760238071e+01 -1.409203380733341326e+01
-1.579238220055898090e+01 -1.309789517637971201e+01
-1.577480296542247196e+01 -1.420624988110034437e+01
-1.596150411913792233e+01 -1.420016427473588472e+01
-1.590407794962326626e+01 -1.424147774337174077e+01
-1.589350900302330594e+01 -1.422297989238392191e+01
-1.587838793049255948e+01 -1.349456159170571823e+01
-1.598740691194931607e+01 -1.349134788265475926e+01
-1.591915337493022342e+01 -1.383441040732643756e+01
-1.607691923777262488e+01 -1.408396101617193885e+01
-1.579497058441241641e+01 -1.422855209994625802e+01
-1.581205169359842877e+01 -1.251881111442268590e+01
-1.586395240078369717e+01 -1.386543631863284354e+01
-1.592394442607959171e+01 -1.334543927923425422e+01
-1.566673013071219067e+01 -1.411643061699805379e+01
-1.572421162575483322e+01 -1.398886722713321795e+01
-1.593979733934005161e+01 -1.400240520378211961e+01
-1.580440793931484222e+01 -1.382264149653447127e+01
-1.579526214301586151e+01 -1.382225577862231702e+01
-1.602342627445856849e+01 -1.387661261372752008e+01
-1.591296326120694538e+01 -1.412953381724171820e+01
-1.596952472130457501e+01 -1.401738814564494362e+01
-1.583061871429284473e+01 -1.397033547735833459e+01
-1.589040790746609311e+01 -1.417166215723211131e+01
-1.587651650855938534e+01 -1.321666781933276624e+01
-1.592014236996571164e+01 -1.346833837187135430e+01
-1.577169920255740543e+01 -1.402780415175797124e+01
-1.566901550441980362e+01 -1.388716721225094552e+01
-1.590614393105109592e+01 -1.369669785437645793e+01
-1.581207523246606250e+01 -1.401484264026988669e+01
-1.590641832351684570e+01 -1.400931054895574412e+01
-1.612102898458639899e+01 -1.398734378814697266e+01
-1.603333895653486252e+01 -1.412041527884347047e+01
-1.569773407280445099e+01 -1.276014857477955999e+01
-1.592640643815199475e+01 -1.400724147202132563e+01
-1.565928643196821213e+01 -1.385320750149813485e+01
-1.567894972612460514e+01 -1.393402317592075867e+01
-1.583619467169046402e+01 -1.383279124173250985e+01
-1.590876983106136322e+01 -1.357916622657280392e+01
-1.590704384942849536e+01 -1.423202307812579193e+01
-1.597651345282793045e+01 -1.410033426656351452e+01
-1.602877001464366913e+01 -1.408078440133627396e+01
-1.589831418544054031e+01 -1.413843803901176877e+01
-1.601030704875786981e+01 -1.412583697925914450e+01
-1.594900364428758621e+01 -1.415122883660452757e+01
-1.590796259542306323e+01 -1.383391100400454121e+01
-1.582675039271513562e+01 -1.387130004090148105e+01
-1.583558823913335800e+01 -1.338137014810141068e+01
-1.599917428692181964e+01 -1.405762688525311432e+01
-1.606543470919132233e+01 -1.400805023738316102e+01
-1.588029240071773529e+01 -1.394654911833924160e+01
-1.604063771665096283e+01 -1.413626929691859679e+01
-1.605860069145758828e+01 -1.400717330288577323e+01
-1.599941993256410022e+01 -1.404487685414103737e+01
-1.576884620388348957e+01 -1.397455273665391040e+01
-1.582096832245588303e+01 -1.374676205275894780e+01
-1.609028264383475104e+01 -1.377407351407137703e+01
-1.581442394852638245e+01 -1.388024061376398244e+01
-1.600100626796483994e+01 -1.397023296356201172e+01
-1.584524063766002655e+01 -1.413101138077773022e+01
-1.610558815052111825e+01 -1.416204843892679577e+01
-1.599692237128814121e+01 -1.424560217423872466e+01
-1.610303979118664941e+01 -1.405096689447180047e+01
-1.591382294148206711e+01 -1.392492086237127147e+01
-1.572926624615987201e+01 -1.418178725552249198e+01
-1.606310969342787942e+01 -1.415501952480960135e+01
-1.592217405140399933e+01 -1.377094364166259766e+01
-1.584528750429550747e+01 -1.401123744171935215e+01
-1.575419500966866870e+01 -1.418162646850982256e+01
-1.591824571043252945e+01 -1.420843441455395251e+01
-1.600210494051377097e+01 -1.387729860281015348e+01
-1.589434772729873657e+01 -1.391912779869971395e+01
-1.597781255096197128e+01 -1.411753099614923634e+01
-1.584796156485875507e+01 -1.388353726770970731e+01
-1.597830164680878262e+01 -1.407833223219041763e+01
-1.600609557827313623e+01 -1.417297070986264629e+01
-1.611696913341681281e+01 -1.401742358021921930e+01
-1.592787127693494220e+01 -1.381997866444773493e+01
-1.607543223102887353e+01 -1.418915669329754792e+01
-1.583590262631575207e+01 -1.419552695286738420e+01
-1.578473525991042514e+01 -1.390272114493630085e+01
-1.608810897668202600e+01 -1.400326944326425505e+01
-1.611061332374811172e+01 -1.366420831308736439e+01
-1.617710175365209579e+01 -1.393931523855630417e+01
-1.590179218848546405e+01 -1.415482070229270306e+01
-1.580086412032445331e+01 -1.392967266231388201e+01
-1.608308161546786508e+01 -1.387460029899299840e+01
-1.603888863821824273e+01 -1.386979947771344790e+01
-1.602939401070277015e+01 -1.413403789718429771e+01
-1.599787960946559906e+01 -1.382988893830930976e+01
-1.602423646052678308e+01 -1.397044214025720343e+01
-1.596424763401349445e+01 -1.359257124615954027e+01
-1.590400286267201047e+01 -1.324583028818105745e+01
-1.595251078158617020e+01 -1.382737309592110719e+01
-1.600954019526640693e+01 -1.394178334768716354e+01
-1.591170216600100140e+01 -1.399711215031611466e+01
-1.601436964670817176e+01 -1.402816812094155807e+01
-1.557517614960670471e+01 -1.396639844968721533e+01
-1.581496987243493457e+01 -1.370803067591283231e+01
-1.581395471592744251e+01 -1.424362064956070562e+01
-1.600960105905930320e+01 -1.414015631242231841e+01
-1.605425555010636529e+01 -1.414717601181624751e+01
-1.611518118282159051e+01 -1.369533141247637786e+01
-1.593042430033286472e+01 -1.388952174744048662e+01
-1.584832270195086856e+01 -1.413402518978366551e+01
-1.607425030569235602e+01 -1.392196564860158148e+01
-1.594618581483761410e+01 -1.407266604435908341e+01
-1.602881379673878470e+01 -1.353386168046431060e+01
-1.603431777159373084e+01 -1.390024741284258880e+01
-1.603980690489212790e+01 -1.340697527551031776e+01
-1.599731016159057617e+01 -1.406954028389670697e+01
-1.606354371458292007e+01 -1.410065633600408397e+01
-1.582486224919557571e+01 -1.392151132806555047e+01
-1.587316486736138721e+01 -1.410171542229590536e+01
-1.570905881126721759e+01 -1.335136850778158646e+01
-1.602656346807877341e+01 -1.403266183432046432e+01
-1.596695059537887573e+01 -1.327328887543120928e+01
-1.593201314409573932e+01 -1.399940981183733335e+01
-1.592579570660988431e+01 -1.419667543683733335e+01
-1.597340564926465412e+01 -1.401178016910305324e+01
-1.589307329306999783e+01 -1.386077971272654352e+01
-1.596414208163817783e+01 -1.402104866969120955e+01
-1.587659272551536560e+01 -1.392884789504014087e+01
-1.584648957600196262e+01 -1.400962147155365400e+01
-1.611047243575255195e+01 -1.417903713127235399e+01
-1.600955060124397278e+01 -1.393927143146465397e+01
-1.615417950600385666e+01 -1.389971238916570506e+01
-1.605590301752090454e+01 -1.364871919309938164e+01
-1.579501964896917343e+01 -1.374246186095398770e+01
-1.603393818189700326e+01 -1.402568565715442972e+01
-1.604767658064762870e+01 -1.386122257678539782e+01
-1.611631818364064017e+01 -1.378497072938200674e+01
-1.591698748370011707e+01 -1.390265618361435962e+01
-1.601004401594400406e+01 -1.376953398407279749e+01
-1.600723457833131036e+01 -1.386259679670457778e+01
-1.605261560032765189e+01 -1.402249581473214235e+01
-1.587492530544598957e+01 -1.243938057143966880e+01
-1.603113738199074945e+01 -1.419568416050502258e+01
-1.590310892462730408e+01 -1.421297140245313706e+01
-1.589225761344035526e+01 -1.376509299835601396e+01
-1.603747876485188684e+01 -1.338129001468807111e+01
-1.601839844882488251e+01 -1.399064091273716492e+01
-1.610635419189929962e+01 -1.310796300466958542e+01
-1.599137664586305618e+01 -1.318337862832205687e+01
-1.620686657726764679e+01 -1.420681205353179521e+01
-1.606417218595743179e+01 -1.404414699603984928e+01
-1.610704258829355240e+01 -1.363048979523894033e+01
-1.603673299898703775e+01 -1.421703409219717074e+01
-1.600528115034103394e+01 -1.396339354577002645e+01
-1.595046353588501553e+01 -1.429025044379296183e+01
-1.607317566623290261e+01 -1.411730030604771180e+01
-1.605887539188067237e+01 -1.373362944962142329e+01
-1.620379911114772042e+01 -1.396919584893561073e+01
-1.609588667502005777e+01 -1.376757148643592821e+01
-1.606995898733536521e+01 -1.364283045236166458e+01
-1.603061165660619736e+01 -1.402790297471083569e+01
-1.613788372029860696e+01 -1.390531257530311571e+01
-1.611393689860900125e+01 -1.355199629300600606e+01
-1.599152918159961700e+01 -1.408619874483579082e+01
-1.599758287022511105e+01 -1.372695943906709815e+01
-1.616861762354771415e+01 -1.406643664372431779e+01
-1.606756363312403479e+01 -1.395599835878842754e+01
-1.613029628247022629e+01 -1.419312571240709886e+01
-1.621168617159128189e+01 -1.385431731830943747e+01
-1.611315690229336539e+01 -1.336847800713080936e+01
-1.616491898645957193e+01 -1.383016503321660018e+01
-1.608299035330613336e+01 -1.370696039323682847e+01
-1.604747759799162665e+01 -1.365409817633690714e+01
-1.606405521184206009e+01 -1.388471569953026652e+01
-1.595313030978043933e+01 -1.377498958637188053e+01
-1.609588449945052346e+01 -1.363140588611751447e+01
-1.616070506225029746e+01 -1.351416205121325120e+01
-1.600262221693992615e+01 -1.395291958846055103e+01
-1.586453354607025723e+01 -1.405845008577619204e+01
-1.615132358670234680e+01 -1.409438615031056585e+01
-1.599160974224408527e+01 -1.275423192358636193e+01
-1.611669456710417947e+01 -1.405804277395273161e+01
-1.622369400411844254e+01 -1.401595456259591188e+01
-1.616943121949831763e+01 -1.420702554033948317e+01
-1.585983733584483524e+01 -1.411756088207294368e+01
-1.587928666671117206e+01 -1.422069005842332778e+01
-1.624048248926798621e+01 -1.395008106974812279e+01
-1.619804287701845169e+01 -1.415420343968775363e+01
-1.606056683262189111e+01 -1.361179117722944731e+01
-1.616155737886826316e+01 -1.416550690787179079e+01
-1.605612208445866784e+01 -1.327346651275436606e+01
-1.598941326886415482e+01 -1.371943430467085356e+01
-1.624617570638656616e+01 -1.383057241315965591e+01
-1.616618494689464569e+01 -1.409663423315271125e+01
-1.609232517828543862e+01 -1.378673953514594608e+01
