# Train Val
-7.770927318682272933e+00 -1.091850982568202788e+01
-1.110121475160121918e+01 -1.118725703312800412e+01
-1.122069900731245617e+01 -1.123298248877892114e+01
-1.125490349531173706e+01 -1.128392799084003073e+01
-1.128881256282329559e+01 -1.133238044151893043e+01
-1.128805290659268756e+01 -1.121419635185828589e+01
-1.130983987450599670e+01 -1.112981184934958456e+01
-1.139544303715229034e+01 -1.131233115073962026e+01
-1.148366439839204212e+01 -1.158539302532489401e+01
-1.167767446736494641e+01 -1.181441473349546811e+01
-1.184745378295580487e+01 -1.211778486691988377e+01
-1.214828089376290698e+01 -1.222806610205234712e+01
-1.220993069310983081e+01 -1.232758189470339971e+01
-1.242788568635781665e+01 -1.139082426902575307e+01
-1.261127481361230274e+01 -1.227547740936279297e+01
-1.268006751934687237e+01 -1.253027925735864834e+01
-1.275700056552886963e+01 -1.258466747479561043e+01
-1.285678714017073254e+01 -1.274383779672476003e+01
-1.303659200668334961e+01 -1.305778033916766745e+01
-1.316389927764733692e+01 -1.344561278514373015e+01
-1.322407480080922504e+01 -1.336984587938357549e+01
-1.351631603638331036e+01 -1.293072262788430216e+01
-1.354040256142616272e+01 -1.306475825187487416e+01
-1.367384466528892517e+01 -1.312308433728340340e+01
-1.364966471493244171e+01 -1.408508195632543369e+01
-1.340103861689567566e+01 -1.393445770557110208e+01
-1.385854535301526447e+01 -1.397409470876058002e+01
-1.392738377551237683e+01 -1.246381409962972064e+01
-1.415816992521286011e+01 -1.421643198453462986e+01
-1.418390162785848041e+01 -1.440452245565561107e+01
-1.426502894361813922e+01 -1.449115012242243772e+01
-1.412235433856646161e+01 -1.444755686246431736e+01
-1.419688540200392346e+01 -1.458767922719319721e+01
-1.430810583134492298e+01 -1.391097890413724514e+01
-1.414398503800233264e+01 -1.468477496122702597e+01
-1.452399025857448578e+01 -1.423086968446389200e+01
-1.444490947326024433e+01 -1.393277405469845576e+01
-1.456550694008668323e+01 -1.469639521378737257e+01
-1.448812367518742938e+01 -1.394570688100961497e+01
-1.468112675348917584e+01 -1.276263327476305776e+01
-1.458240977426370044e+01 -1.460310926192846104e+01
-1.478526421884695630e+01 -1.380292555002065846e+01
-1.471150506536165814e+01 -1.347386345496544457e+01
-1.462969262401262860e+01 -1.198988464551094246e+01
-1.469222907225290875e+01 -1.452418185503054815e+01
-1.500744113326072693e+01 -1.438891611343774990e+01
-1.462287749846776386e+01 -1.431227439489120101e+01
-1.478675145407517810e+01 -1.484308616931621927e+01
-1.514307079215844531e+01 -1.486174177512144468e+01
-1.503649805486202240e+01 -1.505399520580585104e+01
-1.502459162970384021e+01 -1.470405233823336033e+01
-1.525911573568979840e+01 -1.483598718887720302e+01
-1.524545241892337799e+01 -1.447077220525497054e+01
-1.514964359005292316e+01 -1.471492591271033668e+01
-1.511043332020441632e+01 -1.446573856549385262e+01
-1.538684911529223065e+01 -1.549509131602751921e+01
-1.519172875583171844e+01 -1.538745894798865699e+01
-1.523101752499739270e+01 -1.340851994049854845e+01
-1.543557429810365100e+01 -1.535386640597612384e+01
-1.546851360301176648e+01 -1.544694340534699251e+01
-1.543048596878846546e+01 -1.485128417381873511e+01
-1.539178543289502521e+01 -1.458661795885134893e+01
-1.539665524661540985e+01 -1.549169178498097033e+01
-1.523952188591162304e+01 -1.538063619075677302e+01
-1.526577389736970325e+01 -1.548385554093581007e+01
-1.565526015063126941e+01 -1.513580747751089284e+01
-1.560427853961785694e+01 -1.503491025093274303e+01
-1.559018734594186206e+01 -1.530939038594563861e+01
-1.545781223475933075e+01 -1.546780630258413503e+01
-1.560055011014143567e+01 -1.531364071674835969e+01
-1.563180708388487439e+01 -1.557860555404271885e+01
-1.573417050143082996e+01 -1.562930160913711930e+01
-1.552343960603078266e+01 -1.564145198235144996e+01
-1.569813496371110340e+01 -1.119957610888358879e+01
-1.541471738616625409e+01 -1.475739814073611456e+01
-1.546567698319753070e+01 -1.464135729960906218e+01
-1.561502643922964673e+01 -1.540414695250682264e+01
-1.576771442592144012e+01 -1.566156595181196209e+01
-1.567253973583380322e+01 -1.570573153862586402e+01
-1.583787127832571606e+01 -1.478474626785669521e+01
-1.520097222924232483e+01 -1.484585209381886095e+01
-1.595600573718547821e+01 -1.532971144945193487e+01
-1.582588529586791992e+01 -1.556423231271597096e+01
-1.576554930210113525e+01 -1.450577858166816902e+01
-1.593048855662345886e+01 -1.576129610110551837e+01
-1.588251115381717682e+01 -1.560522979345077133e+01
-1.593661302328109741e+01 -1.484599891075721168e+01
-1.598524441321690936e+01 -1.540976504790477186e+01
-1.607840113341808319e+01 -1.345550158084967229e+01
-1.571102449297904968e+01 -1.594309454697829054e+01
-1.596398468812306781e+01 -1.529924321785951236e+01
-1.594872518380483051e+01 -1.551484037056947329e+01
-1.585789840420087238e+01 -1.581372552040295787e+01
-1.623815829555193702e+01 -1.513003317515055279e+01
-1.613515671590964118e+01 -1.494630926083295819e+01
-1.594541927178700824e+01 -1.430524178040333361e+01
-1.572401492297649384e+01 -1.511314365191337394e+01
-1.593421526253223419e+01 -1.479101542937449842e+01
-1.587120654682318310e+01 -1.595972868112417409e+01
-1.633270850280920783e+01 -1.525769451336982918e+01
-1.633783685664336005e+01 -1.536948661315135389e+01
-1.607632056375344476e+01 -1.569108143830910684e+01
-1.604005169868469238e+01 -1.549732320736616131e+01
-1.579793029030164142e+01 -1.544948653685740858e+01
-1.611549681425094604e+01 -1.568281457363030817e+01
-1.603906674186388770e+01 -1.550932065034523966e+01
-1.605492875973383704e+01 -1.499373020269931978e+01
-1.602117107311884681e+01 -1.396831473326071738e+01
-1.629891888797283173e+01 -1.586602590022942927e+01
-1.630592418710390845e+01 -1.506909531813401415e+01
-1.630472134053707123e+01 -1.607513728508582318e+01
-1.626710036893685540e+01 -1.400898605737930680e+01
-1.630318300922711572e+01 -1.475878023489927671e+01
-1.620593585073947906e+01 -1.586395080272967917e+01
-1.607445262869198999e+01 -1.630110124441293706e+01
-1.619290557006995002e+01 -1.604787229880308530e+01
-1.631041406095027924e+01 -1.548469095963698194e+01
-1.603398438791434089e+01 -1.611374806135128779e+01
-1.645797075827916345e+01 -1.513696303734412574e+01
-1.643815013766288757e+01 -1.548835644355187036e+01
-1.620641573270161828e+01 -1.592839720310309026e+01
-1.610330062607924262e+01 -1.532188787215795323e+01
-1.616834837694962701e+01 -1.317422233483730132e+01
-1.640480353434880456e+01 -1.618766077970846951e+01
-1.645418750743071357e+01 -1.472804194230299757e+01
-1.602866531411806861e+01 -1.565948381179418369e+01
-1.621271602809429169e+01 -1.504657092461219214e+01
-1.637595885495344916e+01 -1.614334412110157402e+01
-1.651325392723083496e+01 -1.618195096040383518e+01
-1.663824750979741296e+01 -1.603306943942338947e+01
-1.666986107329527655e+01 -1.628041761349409100e+01
-1.664088347554206848e+01 -1.633726053971510694e+01
-1.656149323284626007e+01 -1.631745424026097879e+01
-1.664902688562870026e+01 -1.624241980528219997e+01
-1.645390945672988892e+01 -1.634446652730305871e+01
-1.651980269948641578e+01 -1.578102789169702724e+01
-1.662763061126073083e+01 -1.569411615224984935e+01
-1.617649928728739539e+01 -1.605516947232759861e+01
-1.648869656523068628e+01 -1.544017199980906874e+01
-1.633115079502264777e+01 -1.582494860429030226e+01
-1.654245125253995141e+01 -1.629385759891607677e+01
-1.639422600964705268e+01 -1.577916411864451796e+01
-1.677868863940238953e+01 -1.617458392412234502e+01
-1.663386593262354651e+01 -1.389015518090663726e+01
-1.672032756110032281e+01 -1.549663194020589252e+01
-1.634126283725102624e+01 -1.594885197663918497e+01
-1.644820588330427924e+01 -1.634481351803510663e+01
-1.672179148097832879e+01 -1.485555817530705447e+01
-1.657877743244171143e+01 -1.604916396507849896e+01
-1.661754231154918671e+01 -1.525457027630928231e+01
-1.673711419105529785e+01 -1.525680030920566743e+01
-1.655242921908696374e+01 -1.297564286452073290e+01
-1.658892237146695336e+01 -1.616899152902456294e+01
-1.657785263657569885e+01 -1.603980658604548637e+01
-1.666512268781661987e+01 -1.589416430546687131e+01
-1.698885249098141870e+01 -1.502009401565942959e+01
-1.670132461686928949e+01 -1.620431577242337795e+01
-1.685121307770411292e+01 -1.416627959716014296e+01
-1.696593572199344635e+01 -1.674288835280980692e+01
-1.686368175347645959e+01 -1.605123847570174789e+01
-1.655537149806817254e+01 -1.640309729942908490e+01
-1.662932379543781281e+01 -1.633616168682391745e+01
-1.661449740330378333e+01 -1.630821135105230724e+01
-1.663165056208769599e+01 -1.598372718615409660e+01
-1.691233880817890167e+01 -1.637182815258319479e+01
-1.667290440201759338e+01 -1.672413290463961033e+01
-1.664617922405401984e+01 -1.538864852220584112e+01
-1.665807446340719977e+01 -1.495278461162860495e+01
-1.683408561845620355e+01 -1.650670242309570312e+01
-1.690291786690552911e+01 -1.601198883545704277e+01
-1.668120481073856354e+01 -1.622413833324725729e+01
-1.685225871205329895e+01 -1.502967971410506820e+01
-1.685538213451703271e+01 -1.651186947944836803e+01
-1.712068801621596137e+01 -1.629661961090870292e+01
-1.654484297335147858e+01 -1.576004424461951636e+01
-1.691953097283840179e+01 -1.653376549940842821e+01
-1.665679997205734253e+01 -1.630775050627879708e+01
-1.706303756435712060e+01 -1.645316273126846696e+01
-1.684286296367645264e+01 -1.598048484019744109e+01
-1.692170331378777703e+01 -1.651914877769274526e+01
-1.697152227163314819e+01 -1.644300365447998047e+01
-1.717128781477610389e+01 -1.626968092796129994e+01
-1.688896727065245429e+01 -1.624878516564002240e+01
-1.665434685349464417e+01 -1.622893223395714557e+01
-1.693178564806779107e+01 -1.667831098116361233e+01
-1.690009721616904059e+01 -1.652469165508563620e+01
-1.696134745577971259e+01 -1.616382293212108223e+01
-1.710572075347105780e+01 -1.681511693123059459e+01
-1.672598843276500702e+01 -1.594989837744297212e+01
-1.717092042167981347e+01 -1.590840657552083393e+01
-1.707605427006880561e+01 -1.629736154507368084e+01
-1.709627613425254822e+01 -1.623094006073780449e+01
-1.712782658139864722e+01 -1.669270713512714011e+01
-1.677369662622610846e+01 -1.443932425670134734e+01
-1.684475217262903968e+01 -1.632186129154302989e+01
-1.717412665486335754e+01 -1.656961162273700339e+01
-1.689407845338185510e+01 -1.645451704661051551e+01
-1.707210363944371423e+01 -1.450208306923890689e+01
-1.714967745045820990e+01 -1.603505987998766713e+01
-1.708035705486933509e+01 -1.642058639037303536e+01
-1.711769605179627618e+01 -1.305877272288004498e+01
-1.709490344921747962e+01 -1.647136715130928408e+01
-1.698929541806380072e+01 -1.604618578690748976e+01
-1.713436554869015893e+01 -1.513403058663392642e+01
-1.719488693277041236e+01 -1.674431866865891649e+01
-1.714898383617401123e+01 -1.644915468264848712e+01
-1.696324547628561774e+01 -1.653790940993871317e+01
-1.709439455469449243e+01 -1.696204897073598872e+01
-1.712609656651814660e+01 -1.538354519086006356e+01
-1.729346183935801307e+01 -1.665696797004112995e+01
-1.713875991602738580e+01 -1.627074305216471473e+01
-1.699856174985567847e+01 -1.682902341011243053e+01
-1.723413023352622986e+01 -1.662735227438119878e+01
-1.727176827192306519e+01 -1.680822159693791207e+01
-1.721459722518920898e+01 -1.655000407879169089e+01
-1.693666124840577325e+01 -1.682259126809926997e+01
-1.724143531421820441e+01 -1.537735217656844711e+01
-1.713649966816107550e+01 -1.661180973052978516e+01
-1.730713946123917779e+01 -1.551994795676989369e+01
-1.704238375027974328e+01 -1.527869126735589411e+01
-1.712677716712157050e+01 -1.644947413909129708e+01
-1.702827164034048835e+01 -1.676591388995830911e+01
-1.746436482667922974e+01 -1.636346107874161149e+01
-1.726348070303599158e+01 -1.621118359688000865e+01
-1.731722007195154944e+01 -1.653193014095991131e+01
-1.731466089189052582e+01 -1.677335841839130026e+01
-1.732350411017735681e+01 -1.654010912088247309e+01
-1.747512442866961280e+01 -1.612358650794396198e+01
-1.759370457132657251e+01 -1.668635933215801614e+01
-1.722262803713480750e+01 -1.672895712730212026e+01
-1.743056490023930749e+01 -1.613380168034480278e+01
-1.745468029379844666e+01 -1.659241236173189549e+01
-1.728741371134917060e+01 -1.660290016272129066e+01
-1.750957423448562622e+01 -1.676740546104235463e+01
-1.741479356090227881e+01 -1.634509211320143507e+01
-1.731651912132899085e+01 -1.566624616965269468e+01
-1.708686310052871704e+01 -1.682355083563388831e+01
-1.744521214067935944e+01 -1.682444217877510440e+01
-1.740827542543411255e+01 -1.622860930516169731e+01
-1.748138681550820550e+01 -1.681561743907439421e+01
-1.742711325983206549e+01 -1.702479863778138736e+01
-1.740358797212441644e+01 -1.710132557306534196e+01
-1.736496203144391259e+01 -1.589414207751934427e+01
-1.774230450888474664e+01 -1.585678491836939052e+01
-1.728197499612967292e+01 -1.543918502025115203e+01
-1.728430502613385400e+01 -1.651637566395294954e+01
-1.754629176855087280e+01 -1.619288229330992124e+01
-1.746392629543940345e+01 -1.698631690098689262e+01
-1.691515872379143914e+01 -1.679455497937324893e+01
-1.764290924866994104e+01 -1.661083395053178791e+01
-1.722038634121417999e+01 -1.653044111300737384e+01
-1.731094107031822205e+01 -1.567323342347756387e+01
-1.744027833143870154e+01 -1.680331856165176774e+01
-1.742957439521948615e+01 -1.657560761769612512e+01
-1.757521504163742065e+01 -1.678417863601293192e+01
-1.717399771511554718e+01 -1.529743145673702998e+01
-1.741786185403664788e+01 -1.631719452295547867e+01
-1.738321729501088342e+01 -1.674833324627998721e+01
-1.761786026259263238e+01 -1.701665885631854636e+01
-1.763435928026835242e+01 -1.721057226719000255e+01
-1.768814067542552948e+01 -1.646044080685346600e+01
-1.752274580796559533e+01 -1.665141098315899271e+01
-1.746818620959917823e+01 -1.651305924929105373e+01
-1.736910957594712457e+01 -1.688850561777750769e+01
-1.718660250802834710e+01 -1.680563679719582737e+01
-1.764590902129809180e+01 -1.671552447783641426e+01
-1.753397117555141449e+01 -1.455076875442113682e+01
-1.761484362185001373e+01 -1.676697858174641809e+01
-1.764677799244721612e+01 -1.666521248450646198e+01
-1.759568149348099908e+01 -1.619641286898881916e+01
-1.766784559686978540e+01 -1.607898007906400295e+01
-1.752898048857847968e+01 -1.682265702272072971e+01
-1.781991422673066339e+01 -1.662962815700433339e+01
-1.735105727612972260e+01 -1.674475405766413871e+01
-1.763436779876549920e+01 -1.613495357219989401e+01
-1.746972541014353553e+01 -1.639109753339718623e+01
-1.740275938312212745e+01 -1.705002926557492060e+01
-1.768741728862126550e+01 -1.650685704060089876e+01
-1.757139186561107635e+01 -1.691061667906932442e+01
-1.743181919058163842e+01 -1.667881845816587827e+01
-1.771779462198416510e+01 -1.385916098570212363e+01
-1.768421537180741510e+01 -1.683152778332049948e+01
-1.777780666450659552e+01 -1.681124577155480182e+01
-1.771895602345466614e+01 -1.671445900354629899e+01
-1.765349101523558417e+01 -1.600709015283829117e+01
-1.781403383115927497e+01 -1.637300572028527057e+01
-1.728828496237595758e+01 -1.654776304196088788e+01
-1.770782100657622138e+01 -1.587545923086313060e+01
-1.761034445464611053e+01 -1.622062316307654584e+01
-1.745699496070544043e+01 -1.661502202351887902e+01
-1.785852495829264441e+01 -1.578511240543463323e+01
-1.791131013631820679e+01 -1.679384573912009060e+01
-1.774835860232512275e+01 -1.705111513382349386e+01
-1.754603702823321143e+01 -1.640919702481000897e+01
-1.785408111413319787e+01 -1.688407836816249841e+01
-1.767711608608563623e+01 -1.647146056248591606e+01
-1.778324728210766992e+01 -1.615676104716765593e+01
-1.763619511822859565e+01 -1.721082176306308753e+01
-1.769798423846562585e+01 -1.703431574503580848e+01
-1.761960048476855079e+01 -1.510283171824919890e+01
-1.790101399521033088e+01 -1.673983767093756114e+01
-1.778454404572645942e+01 -1.675429847912910830e+01
-1.760240901509920874e+01 -1.690018959534473808e+01
-1.817373143633206567e+01 -1.610367029141157147e+01
-1.788088910281658173e+01 -1.644062822293012616e+01
-1.767056905726591864e+01 -1.583922012035663229e+01
-1.802285696069399634e+01 -1.604664756090213018e+01
-1.768692227204640588e+01 -1.468087279490935515e+01
-1.771922967334588250e+01 -1.654751958602513895e+01
-1.806333524485429010e+01 -1.667355231749705879e+01
-1.798164896667003632e+01 -1.634924668532151415e+01
-1.796328267951806268e+01 -1.445822246258075339e+01
-1.752696574727694312e+01 -1.677451862433017737e+01
-1.767962280909220496e+01 -1.556030618227445217e+01
-1.818719895680745324e+01 -1.613060501294258486e+01
-1.743489766120910645e+01 -1.723340953924716956e+01
-1.808586714168389520e+01 -1.697456418550931545e+01
-1.806957354644934455e+01 -1.645738085722311794e+01
-1.795914047956466675e+01 -1.642537584060277567e+01
-1.802957109610239783e+01 -1.655751905685816183e+01
-1.824968729416529456e+01 -1.681874267871563333e+01
-1.804734524587790290e+01 -1.686103918613531505e+01
-1.805099255343278131e+01 -1.642213992583446114e+01
-1.808312435944874963e+01 -1.662103540469438556e+01
-1.832299238443374634e+01 -1.685025838705209722e+01
-1.791409296294053277e+01 -1.644017698825933849e+01
-1.767892771959304810e+01 -1.474885077354235463e+01
-1.766340410709381104e+01 -1.667061172387538903e+01
-1.753767486910025397e+01 -1.647068776839818582e+01
-1.780353258550167084e+01 -1.618534031892434299e+01
-1.796311462918917456e+01 -1.711767790867732231e+01
-1.785970355073611060e+01 -1.651689074589656059e+01
-1.818099024395148078e+01 -1.683160471304869077e+01
-1.781377001603444299e+01 -1.720226698655348585e+01
-1.782767575979232788e+01 -1.735725772075164031e+01
-1.806872846682866296e+01 -1.631425155737461097e+01
-1.803450022141138831e+01 -1.739686471987993244e+01
-1.782813042898972711e+01 -1.670144902742826076e+01
-1.774018258849779883e+01 -1.616181466518304433e+01
-1.802871918181578437e+01 -1.724743163279998015e+01
-1.780192426840464393e+01 -1.722461991432385631e+01
-1.786394312977790833e+01 -1.666119700211745069e+01
-1.816471030314763269e+01 -1.591202968206161117e+01
-1.814494812488555908e+01 -1.697006399203569416e+01
-1.808727624018986901e+01 -1.678768387818947971e+01
-1.812394056717554847e+01 -1.658548919971172708e+01
-1.829580778380234918e+01 -1.568155442751370998e+01
-1.796518945693969727e+01 -1.613476895063351435e+01
-1.832963457206885138e+01 -1.630330342512864306e+01
-1.820315184195836267e+01 -1.702729706886487193e+01
-1.815919905900955200e+01 -1.702810155428372951e+01
-1.820876549681027612e+01 -1.684679980155749135e+01
-1.819659617046515265e+01 -1.642153727702605437e+01
-1.788658521076043328e+01 -1.615972817249787141e+01
-1.818425821761290351e+01 -1.649985743791629034e+01
-1.804015618562698364e+01 -1.709618419255965804e+01
-1.798687641819318017e+01 -1.676784045879657370e+01
-1.808640665809313575e+01 -1.650630148863180935e+01
-1.834819368521372596e+01 -1.720495747297238154e+01
-1.809592157105604926e+01 -1.711543347285343941e+01
-1.818697080512841424e+01 -1.686438501798189549e+01
-1.828649072845776757e+01 -1.676139552776630026e+01
-1.791860278447468957e+01 -1.727061665363800813e+01
-1.795393083492914954e+01 -1.634786593608367156e+01
-1.818358716368675232e+01 -1.703530732179299534e+01
-1.826939831674098969e+01 -1.722731966850085072e+01
-1.838222723205884179e+01 -1.699273989750788871e+01
-1.824300348758697510e+01 -1.560924375974214939e+01
-1.832041525344054023e+01 -1.691643888522417072e+01
-1.833922052383422852e+01 -1.712490678444886782e+01
-1.818679937223593512e+01 -1.694789825341640466e+01
-1.795234088102976600e+01 -1.718298083085280226e+01
-1.842074777682622155e+01 -1.736245881594144436e+01
-1.805448159575462341e+01 -1.654803515703250127e+01
-1.803607097268104553e+01 -1.688266673454871380e+01
-1.841392797231674194e+01 -1.707407242212540055e+01
-1.800226458907127380e+01 -1.721110730293469615e+01
-1.828251037001609802e+01 -1.671049565535325243e+01
-1.817590085665385047e+01 -1.727412240933149334e+01
-1.819041101634502411e+01 -1.631099121387188333e+01
-1.827768098811308661e+01 -1.725235518431052029e+01
-1.800847041606903076e+01 -1.699783564836550909e+01
-1.836690553029378137e+01 -1.667483823727338788e+01
-1.828177661697069922e+01 -1.688946222647642514e+01
-1.806631114085515222e+01 -1.728683569492437755e+01
-1.841169708470503608e+01 -1.652239753038455206e+01
-1.832352689405282220e+01 -1.445327499585273934e+01
-1.835706880191962043e+01 -1.713422662783891681e+01
-1.827651956677436829e+01 -1.712322736397767642e+01
-1.835029996931552887e+01 -1.629932525830391299e+01
-1.840044737358887872e+01 -1.591611104133801646e+01
-1.812446751197179040e+01 -1.726401045383551036e+01
-1.832306481897830963e+01 -1.736720153612968076e+01
-1.859089634815851966e+01 -1.717294357984494013e+01
-1.859618092576662818e+01 -1.653609767326941693e+01
-1.792229528725147247e+01 -1.707214321234287269e+01
-1.846728631854057312e+01 -1.751993795541616450e+01
-1.824218598008155823e+01 -1.701885025317852396e+01
-1.815821085373560706e+01 -1.691712252298991004e+01
-1.799086262782414636e+01 -1.725019234877366259e+01
-1.851571662724018097e+01 -1.652639464842967598e+01
-1.828750355045000831e+01 -1.685802567310822297e+01
-1.850750931104024133e+01 -1.718844367296267706e+01
-1.849238916734854499e+01 -1.711019892570299916e+01
-1.830448090036709985e+01 -1.763866378099490362e+01
-1.843888388077418128e+01 -1.714498896476549916e+01
-1.828248954315980157e+01 -1.644254637987185674e+01
-1.856048371394475183e+01 -1.688656775156657019e+01
-1.829193820059299469e+01 -1.699516198573968495e+01
-1.848908082644144812e+01 -1.637674131148900614e+01
-1.840088755389054498e+01 -1.715623977856758486e+01
-1.820916059116522590e+01 -1.618008699172582254e+01
-1.838544797897338867e+01 -1.701595445779653559e+01
-1.808444382747014245e+01 -1.660944139040433498e+01
-1.834136783579985419e+01 -1.702731631352351371e+01
-1.852913286785284797e+01 -1.719344640389466861e+01
-1.834636512398719788e+01 -1.749244396503155130e+01
-1.849507929881413659e+01 -1.731965020986703863e+01
-1.852432108918825904e+01 -1.718139946766388704e+01
-1.847180681924025336e+01 -1.711309327834691629e+01
-1.856206661462783813e+01 -1.721777761899507908e+01
-1.839450454711914062e+01 -1.717363761021540824e+01
-1.821886443595091620e+01 -1.487510756957225233e+01
-1.831607433160145959e+01 -1.722807312011718750e+01
-1.834419689079125604e+01 -1.495278823070037078e+01
-1.858630592624346534e+01 -1.714860652043269340e+01
-1.837843854725360870e+01 -1.717094996036627208e+01
-1.844457204639911652e+01 -1.733768015641432569e+01
-1.837442669272422791e+01 -1.519363014514629739e+01
-1.812686556080977240e+01 -1.720672734578450402e+01
-1.837032467623551568e+01 -1.668638598613249968e+01
-1.834945462147394935e+01 -1.640939516898913197e+01
-1.861685190101464471e+01 -1.748130636948805616e+01
-1.858875134587287903e+01 -1.734194163787059395e+01
-1.845387380818526069e+01 -1.576392919589311603e+01
-1.850609105825424194e+01 -1.698250198364257812e+01
-1.877626089255015174e+01 -1.745269435491317367e+01
-1.856978398064772406e+01 -1.627443983615972911e+01
-1.854494402805964270e+01 -1.672857957008557506e+01
-1.843834632635116577e+01 -1.764516940483679974e+01
-1.863890450696150580e+01 -1.751880802252353675e+01
-1.865402860939502716e+01 -1.753575256543281924e+01
-1.857101949552695075e+01 -1.634324963887532434e+01
-1.873120760420958320e+01 -1.764710709987542714e+01
-1.859199922780195990e+01 -1.744490753076015466e+01
-1.871687808632850647e+01 -1.718552117469983287e+01
-1.870078441500663757e+01 -1.662199521676087954e+01
-1.842299252748489380e+01 -1.730732088822584913e+01
-1.852020643651485443e+01 -1.758326892363719551e+01
-1.853517602384090424e+01 -1.758389900892208857e+01
-1.861907223860422889e+01 -1.730068402412610240e+01
-1.851860673725605011e+01 -1.664478766612517546e+01
-1.874933866659800330e+01 -1.660611940041566470e+01
-1.819989836215972900e+01 -1.550797401330409819e+01
-1.855814225474993506e+01 -1.633613708691719424e+01
-1.852995624144871911e+01 -1.707999366369002914e+01
-1.866134661436080933e+01 -1.550438501896002386e+01
-1.853990882138411322e+01 -1.610050622010842503e+01
-1.839100904266039649e+01 -1.760428521572015370e+01
-1.862065049509207526e+01 -1.788042215200571050e+01
-1.846939927836259088e+01 -1.760251602759728229e+01
-1.844121398031711578e+01 -1.670865941658998111e+01
-1.851412444810072699e+01 -1.701689250652606589e+01
-1.820101116100947181e+01 -1.762547962482159036e+01
-1.848124036192893982e+01 -1.754454536927051933e+01
-1.885455093781153479e+01 -1.740103261898725506e+01
-1.880164525409539422e+01 -1.673000898116674051e+01
-1.890990293522675714e+01 -1.742277001111935419e+01
-1.857234763602415839e+01 -1.658113868419940573e+01
-1.844332771003246307e+01 -1.510017664004594806e+01
-1.854607982933521271e+01 -1.684056812677627946e+01
-1.863724961876869202e+01 -1.746527094718737416e+01
-1.869762857755025109e+01 -1.693790912628173828e+01
-1.904629047711690149e+01 -1.717940181340926742e+01
-1.873403216401736060e+01 -1.729558768639197552e+01
-1.863275123635927955e+01 -1.748222360855493918e+01
-1.865714063743750373e+01 -1.533034962874192431e+01
-1.859617337584495544e+01 -1.739688073671781154e+01
-1.885050431887308875e+01 -1.732701841990153113e+01
-1.874602417647838593e+01 -1.744087082300430680e+01
-1.900276645521323005e+01 -1.722737087347568519e+01
-1.870376205444335938e+01 -1.635887676630264664e+01
-1.863079292575518409e+01 -1.739880290398230755e+01
-1.890173477431138238e+01 -1.747992530235877240e+01
-1.865945707758267602e+01 -1.676194865886981589e+01
-1.876128145058949670e+01 -1.701946353912353516e+01
-1.891669875383377075e+01 -1.748839779389210136e+01
-1.879711712896823883e+01 -1.700279737130189517e+01
-1.857917187611262122e+01 -1.475351754212990762e+01
-1.874498805900414666e+01 -1.703697546934469997e+01
-1.864362237850825110e+01 -1.698733760149050909e+01
-1.855133716762065887e+01 -1.727288847703200148e+01
-1.884545112649599830e+01 -1.735552572592710874e+01
-1.857199715077877045e+01 -1.730180867513020715e+01
-1.876529365281264106e+01 -1.746678428160838692e+01
-1.878409792482852936e+01 -1.757428763462947074e+01
-1.895154867569605628e+01 -1.777412116221892546e+01
-1.899090457955996314e+01 -1.732571022327129739e+01
-1.883787109454472741e+01 -1.737560572991004193e+01
-1.889422333240509033e+01 -1.770030351785512934e+01
-1.871406575540701667e+01 -1.723820128807654584e+01
-1.874126285314559937e+01 -1.765013741224240107e+01
-1.889654552936553955e+01 -1.721457011883075339e+01
-1.861183476944764337e+01 -1.695625447004269404e+01
-1.886416854461034021e+01 -1.750889000525841510e+01
-1.866744822263717651e+01 -1.743418062650240330e+01
-1.906828508774439612e+01 -1.711651070912678918e+01
-1.899171808858712396e+01 -1.719140739929981621e+01
-1.881240187585353851e+01 -1.724104521824763481e+01
-1.902543533841769019e+01 -1.735210000551663967e+01
-1.882576736807823181e+01 -1.757680741334572971e+01
-1.885109281539916992e+01 -1.710720470624092471e+01
-1.912684561312198639e+01 -1.725223130446213915e+01
-1.889840867122014245e+01 -1.638988751631516649e+01
-1.854820190866788110e+01 -1.748316449385422899e+01
-1.867395564913749695e+01 -1.529777277432955174e+01
-1.853087464471657952e+01 -1.731168162517058562e+01
-1.882000461220741272e+01 -1.748850548573029329e+01
-1.877168445785840234e+01 -1.733721102201021580e+01
-1.852384789288043976e+01 -1.727269739982409291e+01
-1.901117286086082458e+01 -1.761089985187237161e+01
-1.867041348417599878e+01 -1.655423494485708247e+01
-1.903957047561804572e+01 -1.748941343258588788e+01
-1.912530511617660522e+01 -1.735255791590763863e+01
-1.869717330237229547e+01 -1.664977354881090932e+01
-1.884051524599393090e+01 -1.755910721803322971e+01
-1.863223490615685662e+01 -1.734541848989633550e+01
-1.921280565857887268e+01 -1.665066396273099514e+01
-1.829466250538825989e+01 -1.673682168813852300e+01
-1.884809871017932892e+01 -1.726150967524601754e+01
-1.886329261461893836e+01 -1.745344907809526447e+01
-1.890722270806630334e+01 -1.700124014340914158e+01
-1.889858359098434448e+01 -1.711398398570525359e+01
-1.918623021741708001e+01 -1.735499983567457960e+01
-1.887921029329299927e+01 -1.688588179074800877e+01
-1.894221260150273523e+01 -1.682877732545901495e+01
-1.903254472215970239e+01 -1.690270790686974323e+01
-1.899365119139353553e+01 -1.703117436629075243e+01
-1.850837425887584686e+01 -1.680585875877967084e+01
-1.892838634053866187e+01 -1.640853475913023374e+01
-1.917260860403378686e+01 -1.632153371664194097e+01
-1.854578301310539246e+01 -1.734908270224546811e+01
-1.890768135587374488e+01 -1.666391380016620261e+01
-1.877267455557982245e+01 -1.710661511543469615e+01
-1.920174924035866937e+01 -1.708529890500582127e+01
-1.906794564922650537e+01 -1.692227062812218463e+01
-1.894816238681475440e+01 -1.723268110324174884e+01
-1.920029307405154029e+01 -1.705672085590851594e+01
-1.888100173075993737e+01 -1.692155664395063397e+01
-1.887424638370672980e+01 -1.693690119034204855e+01
-1.905999724070231238e+01 -1.743751256893842694e+01
-1.919608975450197974e+01 -1.733780599251771548e+01
-1.896347169578075409e+01 -1.767506352449074924e+01
-1.938074438273906708e+01 -1.597385127727801901e+01
-1.918983153502146521e+01 -1.656324161627353675e+01
-1.905930473903815070e+01 -1.628239164596948996e+01
-1.886991698543230811e+01 -1.777553438528990171e+01
-1.894428146878878394e+01 -1.693941739889291753e+01
-1.883571910361449042e+01 -1.764117771539932633e+01
-1.918047083914279938e+01 -1.437523242754813957e+01
-1.888623323539892951e+01 -1.556051711547068983e+01
-1.897872082889080048e+01 -1.625974611135629644e+01
-1.919949666659037391e+01 -1.692672039912297066e+01
-1.888970162471135339e+01 -1.732650238428360367e+01
-1.930517763892809668e+01 -1.690233932397304528e+01
-1.899398656189441681e+01 -1.703761056753305425e+01
-1.930000662306944648e+01 -1.737536718906500255e+01
-1.899426721036434174e+01 -1.686917287875444416e+01
-1.877915950616200647e+01 -1.709305530939346696e+01
-1.866716995338599006e+01 -1.741884696177947234e+01
-1.923874079684416571e+01 -1.735345150874211129e+01
-1.899227560559908667e+01 -1.709686572735126120e+01
-1.904853164652983466e+01 -1.747059702261900327e+01
-1.838184060156345367e+01 -1.753153791183080301e+01
-1.921384117007255554e+01 -1.750721053588084786e+01
-1.927112562457720557e+01 -1.598582663902869605e+01
-1.900620406369368354e+01 -1.730511039342635726e+01
-1.907832169532775879e+01 -1.642266860375037396e+01
-1.901219520469506463e+01 -1.756993147043081294e+01
-1.906528738637765130e+01 -1.687118875063382717e+01
-1.913220142821471015e+01 -1.718500521244146739e+01
-1.849700590471426764e+01 -1.709418309040558626e+01
-1.911959480245907983e+01 -1.691318531525440605e+01
-1.907427408794562140e+01 -1.739477380116780481e+01
-1.930861192941665649e+01 -1.733098668318528368e+01
-1.900921412805716315e+01 -1.744787355569692622e+01
-1.925582444667816162e+01 -1.610822442861703863e+01
-1.916216964522997657e+01 -1.724829187148656473e+01
-1.917918754617373267e+01 -1.746638300479986583e+01
-1.912620481352011481e+01 -1.618502372350448226e+01
-1.918472547829151154e+01 -1.664947470640524685e+01
-1.935694553951422492e+01 -1.726276480845915984e+01
-1.881585164864857873e+01 -1.751332723177396389e+01
-1.931647474567095557e+01 -1.773541939564240266e+01
-1.942143822709719458e+01 -1.691763009780492411e+01
-1.916278192897637567e+01 -1.706328079028007139e+01
-1.862566474080085754e+01 -1.705258129804562373e+01
-1.927070854107538977e+01 -1.701793873615753938e+01
-1.908318097392718116e+01 -1.716103996374668128e+01
-1.887483385205268860e+01 -1.656840632512019340e+01
-1.886594141523043433e+01 -1.697708235031519308e+01
-1.922660290201504907e+01 -1.753068806574894722e+01
-1.875909324983755866e+01 -1.734914280818058785e+01
-1.935795262455940247e+01 -1.638737272604917905e+01
-1.908645572264989099e+01 -1.641234407669458761e+01
-1.916531951725482941e+01 -1.624784694573818200e+01
-1.906277670462926110e+01 -1.714861348959115972e+01
-1.909818918506304541e+01 -1.726999566493890370e+01
-1.939743632078170776e+01 -1.745726700318165214e+01
-1.928356142342090607e+01 -1.709258649288079823e+01
-1.916260584195454797e+01 -1.645306501633081808e+01
-1.919100555280844489e+01 -1.710327679071670914e+01
-1.906758735080559930e+01 -1.681288709395970926e+01
-1.896802882353464881e+01 -1.624402261391664126e+01
-1.910497581462065497e+01 -1.763086927854097752e+01
-1.931217711667219916e+01 -1.637325113247602459e+01
-1.919164266685644904e+01 -1.715936846610827260e+01
-1.945463335017363349e+01 -1.747900251241830816e+01
-1.916288120547930518e+01 -1.699468077146089939e+01
-1.932517024874687195e+01 -1.745434641226744077e+01
-1.917465889453887939e+01 -1.612703235332782370e+01
-1.912479938069979468e+01 -1.739605365655361169e+01
-1.925891403853893280e+01 -1.655414503048627850e+01
-1.916930563747882843e+01 -1.740569236950996768e+01
-1.913364097476005554e+01 -1.684479278173202133e+01
-1.920829837520917138e+01 -1.753802250593136591e+01
-1.921107859909534454e+01 -1.729151547260773469e+01
-1.944701771438121796e+01 -1.703219668070475379e+01
-1.943521006405353546e+01 -1.577203034131954951e+01
-1.891133275131384650e+01 -1.656943736932216638e+01
-1.942268624901771545e+01 -1.758463253119052894e+01
-1.922897596160570899e+01 -1.712062163230700307e+01
-1.934747720261414727e+01 -1.689768258119240940e+01
-1.941740629076957703e+01 -1.762225723266601562e+01
-1.949660585820674896e+01 -1.743942987001859279e+01
-1.914699372152487555e+01 -1.758847429813482677e+01
-1.947571832935015479e+01 -1.720518364050449378e+01
-1.895477245748043060e+01 -1.721072844969920723e+01
-1.933791354795296868e+01 -1.607848130739652248e+01
-1.909910301367441932e+01 -1.247230820778088756e+01
-1.900867002209027490e+01 -1.748048775012676614e+01
-1.936371355752150336e+01 -1.711511597266564166e+01
-1.950339704751968384e+01 -1.752555228502322393e+01
-1.894674255450566491e+01 -1.760309116656963724e+01
-1.942384858926137170e+01 -1.696665795644124231e+01
-1.916577923794587335e+01 -1.646362928243783941e+01
-1.947465622425079346e+01 -1.719024949196057506e+01
-1.955023001631100854e+01 -1.726914151509602746e+01
-1.960384636123975000e+01 -1.722625292264498142e+01
-1.903204517066478729e+01 -1.715485746432573322e+01
-1.922263556718826294e+01 -1.616107847751715099e+01
-1.918285886943340302e+01 -1.688852092547294248e+01
-1.941334068278471747e+01 -1.749585633400159068e+01
-1.914995039006074151e+01 -1.694791023547832864e+01
-1.936754747728506842e+01 -1.718712212489201363e+01
-1.947999702890713891e+01 -1.670329272441374968e+01
-1.927044728398323059e+01 -1.776122780335255058e+01
-1.950127277771631995e+01 -1.720290519029666143e+01
-1.900583427151044091e+01 -1.716305696047269436e+01
-1.917999450365702430e+01 -1.780354458246475602e+01
-1.960581911603609839e+01 -1.745926358149601754e+01
-1.965982580184936523e+01 -1.733995396051651383e+01
-1.947972821692625800e+01 -1.735720001122890466e+01
-1.933086587985356530e+01 -1.762187436910776128e+01
-1.952540677289168158e+01 -1.779620644985101308e+01
-1.936220700542132178e+01 -1.744994070591070567e+01
-1.976577159762382507e+01 -1.748465139437944416e+01
-1.928892599542935571e+01 -1.760655483832726276e+01
-1.893605338037014008e+01 -1.703218271793463146e+01
-1.949790932734807214e+01 -1.772490479395939644e+01
-1.962065069377422333e+01 -1.754055627187092981e+01
-1.940507011115550995e+01 -1.746052260276598744e+01
-1.959184537331263343e+01 -1.746945782196827324e+01
-1.945075457791487494e+01 -1.726607916905329887e+01
-1.959452482064564904e+01 -1.708937006730299757e+01
-1.933285364011923591e+01 -1.756597108107346727e+01
-1.919301355878512183e+01 -1.748300095093555839e+01
-1.969942370057106018e+01 -1.734393885196783458e+01
-1.943087679147720337e+01 -1.560685595487936972e+01
-1.939257275561491767e+01 -1.758715411944266904e+01
-1.962233280142148217e+01 -1.743762363531650550e+01
-1.960303242504596710e+01 -1.784018386938632972e+01
-1.948038653035958490e+01 -1.742388967367319097e+01
-1.931335305174191674e+01 -1.744839365054399494e+01
-1.949461928009986877e+01 -1.666504546923514951e+01
-1.930491233865420142e+01 -1.728262045444586192e+01
-1.935777137676874915e+01 -1.745884173955672836e+01
-1.950231302777926246e+01 -1.744820518982715996e+01
-1.941599239905675134e+01 -1.744188210903070058e+01
-1.950457855065663537e+01 -1.682020003979022604e+01
-1.961522022883097449e+01 -1.718341917869372182e+01
-1.946780034899711609e+01 -1.752182085086137775e+01
-1.983791532615820685e+01 -1.769718979566525263e+01
-1.940285241107146064e+01 -1.744676210941412364e+01
-1.937083896994590759e+01 -1.772046233446170049e+01
-1.932682833075523376e+01 -1.679149317130064389e+01
-1.981964360674222192e+01 -1.702765552814190286e+01
-1.967741890251636505e+01 -1.750330707354423154e+01
-1.932073178390661994e+01 -1.613144348829220576e+01
-1.933692093193531036e+01 -1.756076859205197138e+01
-1.936732324957847595e+01 -1.725424959720709239e+01
-1.922907166679700097e+01 -1.730686080150115203e+01
-1.942208894093831262e+01 -1.772840790870862193e+01
-1.969694632788499078e+01 -1.585691985105856894e+01
-1.932316782077153405e+01 -1.678583289415408331e+01
-1.937319019436836243e+01 -1.766342079945099641e+01
-1.939439994096755981e+01 -1.738862839723244846e+01
-1.973456964890162268e+01 -1.714837497319930648e+01
-1.966473650435606757e+01 -1.748577002989940254e+01
-1.961609408259391785e+01 -1.670277910966139601e+01
-1.967264659702777863e+01 -1.664360229785625833e+01
-1.936909902095794678e+01 -1.747330024914863955e+01
-1.974882151683171472e+01 -1.720459346282176583e+01
-1.964977905154228210e+01 -1.699960972712590035e+01
-1.956410984198252478e+01 -1.713769626617431641e+01
-1.945112134019533912e+01 -1.729501041999230182e+01
-1.973877283930778503e+01 -1.689270002414018634e+01
-1.960683300097783288e+01 -1.759694480895996094e+01
-1.975677884121735772e+01 -1.716587325854179014e+01
-1.934465218583742896e+01 -1.698254284491905963e+01
-1.934486499925454339e+01 -1.686681297497871768e+01
-1.915908201535542688e+01 -1.723721594688219838e+01
-1.959520022571086884e+01 -1.750888848916078189e+01
-1.963238646586735925e+01 -1.707563559214274207e+01
-1.975377172231674194e+01 -1.705864634880652630e+01
-1.915951691567897797e+01 -1.650407734895363987e+01
-1.949808495243390283e+01 -1.753119434454502112e+01
-1.947701039413611213e+01 -1.746098520816900646e+01
-1.950264872113863746e+01 -1.762032367021609502e+01
-1.965837679803371429e+01 -1.775133974124223712e+01
-1.958071413636207581e+01 -1.745417792980487448e+01
-1.977146196365356445e+01 -1.758534587957920081e+01
-1.980913398663203040e+01 -1.612016614278157434e+01
-1.962201849619547644e+01 -1.719953891558524717e+01
-1.977659443020820618e+01 -1.752599107302152248e+01
-1.964979885021845618e+01 -1.707769890320606621e+01
-1.946369845171769342e+01 -1.656181310996031186e+01
-1.959767375886440277e+01 -1.771541842436178982e+01
-1.974826195836067200e+01 -1.720957435705722816e+01
-1.989345767100651940e+01 -1.726694305126483542e+01
-1.953782754639784613e+01 -1.712164247952974705e+01
-1.978262469172477722e+01 -1.759990623669746768e+01
-1.977515937884648523e+01 -1.659294998951447297e+01
-1.949080706636111060e+01 -1.661447833134577934e+01
-1.978185397386550903e+01 -1.780973595839280321e+01
-1.955797160665194312e+01 -1.672895991496550749e+01
-1.975888389348983765e+01 -1.733840475326929464e+01
-1.932142342130343238e+01 -1.639388744647686380e+01
-1.999144261082013330e+01 -1.752626910576453412e+01
-1.959945441285769263e+01 -1.738880433791722879e+01
-1.975494589408238610e+01 -1.536743012452736856e+01
-1.969428556660811225e+01 -1.751603163205660252e+01
-1.970315975944201270e+01 -1.797748323587270747e+01
-1.968536699811617652e+01 -1.728489486987774271e+01
-1.979350849986076355e+01 -1.755873019878680807e+01
-1.984440097212791443e+01 -1.548105882986997983e+01
-1.948886336882909021e+01 -1.776754667820074474e+01
-1.965775159001350403e+01 -1.779257943080021676e+01
-1.977019517123699188e+01 -1.756387145702655417e+01
-1.975585925082365790e+01 -1.694980342571551901e+01
-1.937437950074672699e+01 -1.726272737062894436e+01
-1.958174708982308587e+01 -1.667414249517978675e+01
-1.968488269547621528e+01 -1.759875527406350315e+01
-1.967168319225311279e+01 -1.797754373305883036e+01
-1.976240821182727814e+01 -1.720917061047676455e+01
-1.944352819522221765e+01 -1.704339489570030963e+01
-1.977825100719928741e+01 -1.660059919112767801e+01
-1.986161684989929199e+01 -1.712836052821232613e+01
-2.008813159664471826e+01 -1.652688725789387902e+01
-1.953257536391417304e+01 -1.760244990617800909e+01
-1.961966469883918762e+01 -1.750208497658753970e+01
-1.967545744776725769e+01 -1.540383385389279169e+01
-1.974337848524252692e+01 -1.754469225956843559e+01
-1.991631931066513062e+01 -1.765189065688695536e+01
-1.941296825806299964e+01 -1.662508204044439708e+01
-1.995453738172848901e+01 -1.724960872454520810e+01
-1.955167279640833655e+01 -1.689834455343393316e+01
-1.960381562511126319e+01 -1.750970938266851817e+01
-1.974474786718686303e+01 -1.745525533725053791e+01
-1.992989541093508521e+01 -1.635088103856795883e+01
-1.973885193963845452e+01 -1.748717271364652248e+01
-1.977550074458122253e+01 -1.696700118138240043e+01
-1.992083687086899957e+01 -1.732067181513859566e+01
-1.972325901687145233e+01 -1.638967946859506597e+01
-1.961376714706420898e+01 -1.704465998136080174e+01
-1.975129785140355310e+01 -1.728865278684175877e+01
-1.954094891250133514e+01 -1.589455308669652744e+01
-1.940305227537949762e+01 -1.617006314106476594e+01
-1.941165634989738464e+01 -1.733376138638227459e+01
-1.998335360487302026e+01 -1.773379279405642706e+01
-1.983382748564084253e+01 -1.771527040921724705e+01
-2.004966835180918494e+01 -1.798719613980024334e+01
-1.971493500471115112e+01 -1.706692524445362480e+01
-1.993815958499908447e+01 -1.756436020288711930e+01
-1.996145462989807129e+01 -1.739257091130965804e+01
-1.966857391595840454e+01 -1.691188611739720926e+01
-2.008808794617652893e+01 -1.713927173614501953e+01
-1.923283672829468927e+01 -1.702483223646115107e+01
-2.010063432653744897e+01 -1.773669802836882781e+01
-1.961312610904375831e+01 -1.715916699629563524e+01
-1.997295213739077369e+01 -1.758357867216452419e+01
-1.957150590419769287e+01 -1.709648648286477268e+01
-1.999812440574169159e+01 -1.754124093667054751e+01
-1.997272625565528870e+01 -1.760827541351318359e+01
-2.023565489053726196e+01 -1.699280584775484471e+01
-1.987558528284231940e+01 -1.745871081719031537e+01
-2.015810103217760840e+01 -1.714040100880158235e+01
-1.989497546354929725e+01 -1.775238156929994204e+01
-1.977820778389771661e+01 -1.621780336820162205e+01
-1.971431489785512170e+01 -1.745031185639210136e+01
-1.964976411064465722e+01 -1.742976584801306927e+01
-1.986835414171218872e+01 -1.736305799239720926e+01
-1.984106665352980414e+01 -1.790406232002453990e+01
-1.978457609812418738e+01 -1.760416145813770683e+01
-1.956425089637438575e+01 -1.736878209236340709e+01
-1.997327846288681030e+01 -1.745460275503305425e+01
-1.984562216202418128e+01 -1.676089748969445026e+01
-1.967059161762396613e+01 -1.726632110889141458e+01
-1.973047208786010742e+01 -1.753434176322741322e+01
-2.009405416250228882e+01 -1.616111351893498238e+01
-1.974177946647008142e+01 -1.736158260932335651e+01
-2.000543222328026971e+01 -1.720404395079001247e+01
-2.018443826834360877e+01 -1.709693162869184491e+01
-1.976100954413414001e+01 -1.790770858373397445e+01
-2.021160467465718469e+01 -1.724085636627979667e+01
-1.988771728674570838e+01 -1.737960255451691438e+01
-1.965957883000373840e+01 -1.703938511090401065e+01
-1.996973705788453302e+01 -1.749358182075696178e+01
-1.993328403433163842e+01 -1.730498700264172740e+01
-2.020304922262827674e+01 -1.594776686643942831e+01
-1.983692240715026855e+01 -1.673979778778858574e+01
-2.016428603728612146e+01 -1.699417092249943551e+01
-1.973488429188728333e+01 -1.702620195731138608e+01
-2.000607832272847375e+01 -1.737830345447246927e+01
-2.009458820025126258e+01 -1.759967246422400677e+01
-1.969582944611708442e+01 -1.728708184071076204e+01
-1.950769076248009881e+01 -1.692397621350410830e+01
-1.967779250442981720e+01 -1.757840946393135440e+01
-1.986427570382754126e+01 -1.734768703656319033e+01
-1.971978913744290551e+01 -1.533471012115478516e+01
-1.983834147950013360e+01 -1.756169649270864497e+01
-1.987022399902343750e+01 -1.674011418758294667e+01
-2.001711674531300744e+01 -1.758402895316099546e+01
-1.973945468664169312e+01 -1.692187492664043802e+01
-1.955226857960224152e+01 -1.594342300219413566e+01
-1.994549122452735901e+01 -1.753027495359762966e+01
-2.017652821540832520e+01 -1.764637597401936731e+01
-2.004541778564453125e+01 -1.742845288301125706e+01
-1.991026544570922852e+01 -1.716280504373403559e+01
-2.014121498664220056e+01 -1.742854118347167969e+01
-2.029361560940742493e+01 -1.674251404786721409e+01
-2.022727677226066589e+01 -1.712794736715463628e+01
-2.014862675468127051e+01 -1.719039775163699346e+01
-2.012321203947067261e+01 -1.687176970946483223e+01
-1.984917682905991754e+01 -1.724415109096429433e+01
-2.005357366800308228e+01 -1.709492932833158108e+01
-1.986787248651186744e+01 -1.727415446746043770e+01
-1.938465110460917273e+01 -1.703679527380527503e+01
-1.997917862733205041e+01 -1.679420534769694129e+01
-2.005718565980593482e+01 -1.670506734114426806e+01
-2.002139728764693061e+01 -1.707861209527040103e+01
-1.975061956544717034e+01 -1.764179168603359216e+01
-2.016586116949717322e+01 -1.680672210302108383e+01
-1.989330182472864905e+01 -1.678853719662397381e+01
-1.976816166937351227e+01 -1.770418837131597911e+01
-1.999665370583534241e+01 -1.550168020297319416e+01
-2.011909464995066443e+01 -1.741526843339968877e+01
-1.984685911734898767e+01 -1.641549653273362352e+01
-1.994110967715581140e+01 -1.681732476063263704e+01
-2.010408251484235009e+01 -1.650017042649097831e+01
-1.992716559767723083e+01 -1.777130772517277535e+01
-2.034930072228113929e+01 -1.733407137944148246e+01
-1.993296001851558685e+01 -1.743949538010817335e+01
-2.007617726922035217e+01 -1.714666244311210264e+01
-2.029385016361872474e+01 -1.646931703274066550e+01
-1.989680808782577515e+01 -1.704438881996350474e+01
-2.009368479748566827e+01 -1.731681234408647541e+01
-1.998440045118331909e+01 -1.635857503842084881e+01
-2.022659650444984436e+01 -1.651321501609606557e+01
-1.959753694136937341e+01 -1.762687318752973553e+01
-1.968047552804152289e+01 -1.706309805160913839e+01
-1.979056565960248193e+01 -1.765931902176294699e+01
-1.968646465738614282e+01 -1.608652621049147413e+01
-2.012773881355921546e+01 -1.686190646733993148e+01
-1.988617480794588843e+01 -1.730242369725154106e+01
-2.024885190526644507e+01 -1.757919803032508099e+01
-1.995506748557090759e+01 -1.729185407589643475e+01
-2.001378589868545532e+01 -1.718953474974020779e+01
-1.986309868097305298e+01 -1.738738619975554656e+01
-2.027703241507212439e+01 -1.739868308336306768e+01
-2.038434893886248389e+01 -1.708704449580265816e+01
-2.020536997914314270e+01 -1.665878095382299051e+01
-2.002994875113169471e+01 -1.695579056862073131e+01
-1.994805236657460412e+01 -1.631620622292543032e+01
-2.030232821901639184e+01 -1.692547441140199282e+01
-2.035644957423210144e+01 -1.692695571214724737e+01
-2.024138521154721460e+01 -1.757528017728756708e+01
-2.011580932140350342e+01 -1.708586663466233446e+01
-2.040999799966812134e+01 -1.606629650409405130e+01
-2.013897952437400818e+01 -1.719092992635873784e+01
-1.972149261335531989e+01 -1.708315333341940701e+01
-1.960164415836334229e+01 -1.768490030826666271e+01
-2.022885552048683167e+01 -1.730566848852695472e+01
-2.002587842941284180e+01 -1.636178195170867156e+01
-1.990632527073224267e+01 -1.682375873663486487e+01
-2.016871186097462854e+01 -1.725666980254344551e+01
-2.009021628896395484e+01 -1.738733081328563301e+01
-2.004824318985144416e+01 -1.728519515502147286e+01
-2.036848667760689935e+01 -1.690162277221679688e+01
-2.009507677952448645e+01 -1.730653768930679703e+01
-2.012215838829676429e+01 -1.712030361860226435e+01
-2.010031600793202600e+01 -1.765496151263897318e+01
-2.033354695141315460e+01 -1.722649315075996768e+01
-2.018101254105567932e+01 -1.680859947204589844e+01
-2.013147639731566230e+01 -1.703856786092122277e+01
-1.989144529898961267e+01 -1.645481608464167778e+01
-1.986169731120268622e+01 -1.657057881966615298e+01
-2.005891078710556030e+01 -1.682064528343004994e+01
-2.033839520812034607e+01 -1.699380879524426646e+01
-2.039466636379559716e+01 -1.699432221437112034e+01
-2.014733076095581055e+01 -1.733967326237605278e+01
-2.027496372660001001e+01 -1.709900435423239529e+01
-2.035919113953908166e+01 -1.709376135850564182e+01
-2.022104172905286035e+01 -1.723879521932357406e+01
-2.037382080157597741e+01 -1.685305471909351738e+01
-2.004967768987019738e+01 -1.697083862011249167e+01
-1.978675357500712195e+01 -1.748335307683700179e+01
-2.023326200743516168e+01 -1.722383354871701044e+01
-2.017033235728740692e+01 -1.652395535738040167e+01
-2.032210160295168677e+01 -1.727258839362706766e+01
-2.021079656481742859e+01 -1.713332341267512504e+01
-2.028546593586603919e+01 -1.673793188119546116e+01
-2.018200376629829407e+01 -1.718408840130537030e+01
-2.032082638641198358e+01 -1.759461767245561603e+01
-2.040871889392535010e+01 -1.713714144780085746e+01
-2.029992764194806298e+01 -1.725220081745050038e+01
-2.043322408199310303e+01 -1.668495065737993244e+01
-1.976905689636866370e+01 -1.681792394014505376e+01
-2.054659250378608704e+01 -1.702423918552887727e+01
-2.006374530494213104e+01 -1.691959750957978059e+01
-2.014557201663653174e+01 -1.708546966161483383e+01
-2.042694723606109619e+01 -1.706365483235090252e+01
-2.005096884568532190e+01 -1.581365834443997187e+01
-1.968190901974837104e+01 -1.667201053790557097e+01
-1.960209340850512305e+01 -1.725534215951577366e+01
-2.030564401547114173e+01 -1.706344963342715459e+01
-2.014582088092963019e+01 -1.680093831893725209e+01
-1.991637228926022729e+01 -1.705942328770955285e+01
-2.045165719588597497e+01 -1.743387793271969599e+01
-2.003280665477116784e+01 -1.748630980956248848e+01
-2.006009660661220551e+01 -1.752708784739176551e+01
-2.010731270909309387e+01 -1.485243845597291568e+01
-1.984914604822794715e+01 -1.702426550938533012e+01
-2.039332748452822486e+01 -1.716749087358132542e+01
-2.021993353466193000e+01 -1.722945658365885535e+01
-1.986831959585348883e+01 -1.703477084331023406e+01
-2.041786623994509497e+01 -1.728378553879566581e+01
-2.014372064669926843e+01 -1.684654043270991508e+01
-2.016793100039164344e+01 -1.565429843694735723e+01
-1.994850404560565948e+01 -1.711686016963078316e+01
-2.045954481760660926e+01 -1.665502598346807872e+01
-2.029596558213233948e+01 -1.733633014483329404e+01
-2.035811544458071509e+01 -1.714006147629175558e+01
-2.008062258362770081e+01 -1.727594781533265689e+01
-2.020884404579798499e+01 -1.743242527888371285e+01
-2.030254031221071997e+01 -1.679962236453325275e+01
-2.053604604800542077e+01 -1.729909823491023246e+01
-2.038638784488042077e+01 -1.737288349102704998e+01
-2.033240617811679840e+01 -1.685310521492591107e+01
-2.037121849755446235e+01 -1.701935782799353802e+01
-2.031751342614491662e+01 -1.733959484100341797e+01
-2.031350352863470832e+01 -1.729309126046987544e+01
-1.998270722230275354e+01 -1.702762987674810802e+01
-2.017050940791765967e+01 -1.682577918126033012e+01
-2.037619172533353051e+01 -1.713318093617757043e+01
-2.020994544029235840e+01 -1.641565262965666960e+01
-2.023222004373868188e+01 -1.733153810256566629e+01
-2.045073660214741906e+01 -1.698175449860401542e+01
-2.051025630036989966e+01 -1.629778434068728643e+01
-2.046691655119260034e+01 -1.707523828897720719e+01
-2.005023998022079468e+01 -1.733974978862664784e+01
-2.030748425920804223e+01 -1.699947731311504739e+01
-2.025108948349952698e+01 -1.674857966105143348e+01
-2.049988560875256738e+01 -1.700003379430526351e+01
-2.004611802101135254e+01 -1.734722665640024175e+01
-2.016793247063954553e+01 -1.707384517865303408e+01
-2.035789242386817932e+01 -1.631237454292101674e+01
-2.017383100092411041e+01 -1.717276232059185404e+01
-2.050688102841377258e+01 -1.712913828629713819e+01
-2.057865491509437561e+01 -1.716570739257030098e+01
-2.044076163073380670e+01 -1.734845844904581824e+01
-2.059495956699053565e+01 -1.580518877200591277e+01
-2.057903340458869934e+01 -1.708228861979949187e+01
-2.043056262532870093e+01 -1.658501842694404971e+01
-2.055386940141518792e+01 -1.716845722687549980e+01
-2.041347786784172058e+01 -1.725252892420841988e+01
-2.038223638137181482e+01 -1.629269171983767706e+01
-2.039211655656496802e+01 -1.719852074598654568e+01
-2.042876459161440650e+01 -1.749969093616192239e+01
-2.027512411276499549e+01 -1.682258190252841956e+01
-2.061079561710357666e+01 -1.705265043943356318e+01
-2.032004232207934180e+01 -1.657429406581780995e+01
-2.025873179733753204e+01 -1.684449750949174884e+01
-1.997991454601287842e+01 -1.695328272306002049e+01
-2.003947713971138000e+01 -1.637820483476687627e+01
-2.034341925382614136e+01 -1.682905662976778416e+01
-2.037573379278182983e+01 -1.689268148251068880e+01
-2.041652769843737403e+01 -1.676335623325445567e+01
-2.021751093367735663e+01 -1.647966222273997872e+01
-2.017251321673393250e+01 -1.699750197239411165e+01
-1.982450416187445441e+01 -1.734271928591605771e+01
-2.057066890597343445e+01 -1.648061170333470926e+01
-2.065847353140513221e+01 -1.722133602240146644e+01
-2.045734957853953162e+01 -1.473379362852145391e+01
-2.008820859591166297e+01 -1.627957390516232294e+01
-2.014794761439164361e+01 -1.738733335030384453e+01
-2.042537185549736023e+01 -1.622645387894068136e+01
-2.048091777165730676e+01 -1.659792435474884797e+01
-2.026206999023755273e+01 -1.727738268558795554e+01
-2.062937636176745215e+01 -1.724249724852733223e+01
-2.036832358439763269e+01 -1.582572566545926662e+01
-2.030215809742609778e+01 -1.709361849075708761e+01
-2.048386175433794776e+01 -1.600394871907356631e+01
-2.010611475010712823e+01 -1.684058848099830996e+01
-2.046904690066973487e+01 -1.705180284304496396e+01
-2.044694557785987854e+01 -1.700841269737635031e+01
-2.037863067289193353e+01 -1.737975505070808779e+01
-2.060811689496040344e+01 -1.718700806299845496e+01
-2.040263953804969788e+01 -1.633205899214133083e+01
-2.021664971113204956e+01 -1.724958359889495085e+01
-2.027250367403030396e+01 -1.636583779408381645e+01
-1.993879046539465705e+01 -1.709493610186454404e+01
-2.043100491166114807e+01 -1.719406544856536101e+01
-2.055023471514384070e+01 -1.706282071578197090e+01
-2.042064325014750281e+01 -1.725924293811504739e+01
-2.012541939814885339e+01 -1.712765229053986360e+01
-2.043836232523123542e+01 -1.691058787321432888e+01
-2.014726184308528900e+01 -1.694629991971529392e+01
-2.011646480361620704e+01 -1.708958403880779642e+01
-2.050817788640658179e+01 -1.685018296730823906e+01
-2.066920820871989051e+01 -1.701357780358730309e+01
-2.078570494055747986e+01 -1.710074273133889378e+01
-2.030646401643753052e+01 -1.701749643912682330e+01
-2.026239135364691535e+01 -1.749098935494055951e+01
-2.054488171140353003e+01 -1.690729622963147349e+01
-2.041178975502650061e+01 -1.648384289863782115e+01
-2.053657208879788598e+01 -1.713377807079217519e+01
-2.054941705365975579e+01 -1.710234946470994188e+01
-2.041367610295613488e+01 -1.719177806071746062e+01
-2.059679997960726539e+01 -1.679680283864339074e+01
-2.039677096406618872e+01 -1.752378722948905576e+01
-2.047877082228660583e+01 -1.726068227719038006e+01
-2.042142007748286048e+01 -1.633664101820725634e+01
-2.028864729404449463e+01 -1.717101017634074012e+01
-2.052658684055010596e+01 -1.704104219338832849e+01
-2.045132384697596351e+01 -1.683395141210311508e+01
-2.042199132839838782e+01 -1.559770560264587402e+01
-2.000205868482589722e+01 -1.676727692286173621e+01
-2.074955281615257263e+01 -1.639354770611494061e+01
-2.063406320412953576e+01 -1.742800526741223521e+01
-2.061353322863578796e+01 -1.716568616720346441e+01
-2.033406591415405273e+01 -1.724075613266382589e+01
-2.058089957634608069e+01 -1.687671167422563556e+01
-2.050950365265210351e+01 -1.720460397769243244e+01
-2.071675291657447815e+01 -1.575256078671186444e+01
-2.017418521145979682e+01 -1.702583356392689140e+01
-2.061171916127204895e+01 -1.719408910702436444e+01
-2.047318150599797448e+01 -1.708103060111021421e+01
-2.046580386161804199e+01 -1.676473299662272254e+01
-2.063900838792324066e+01 -1.708949710161257940e+01
-2.049553580085436622e+01 -1.677283535248194113e+01
-2.035560227433840552e+01 -1.748176505015446480e+01
-2.073335082332293311e+01 -1.716975545883178711e+01
-2.053057375550270081e+01 -1.731709958345462042e+01
-2.046910872062047204e+01 -1.709543245266645428e+01
-2.077990057071049890e+01 -1.714731248219807824e+01
-2.055822576085726539e+01 -1.712910434527274717e+01
-2.056334645052750787e+01 -1.621037803552089684e+01
-2.059098167220751563e+01 -1.699389734023656473e+01
-2.021868808070818702e+01 -1.720568485749073417e+01
-2.027603254715601722e+01 -1.708292474502172098e+01
-2.063985864321390906e+01 -1.694168072480421827e+01
-1.997649355729420861e+01 -1.687758764853844440e+01
-2.016073103745778283e+01 -1.526656419802934650e+01
-2.036786802609761438e+01 -1.700887034489558403e+01
-2.050195243954658508e+01 -1.597614795733720783e+01
-2.072302720944086829e+01 -1.728984859662178408e+01
-2.047517232100168982e+01 -1.695449415842692176e+01
-2.075896103183428565e+01 -1.679899394206511687e+01
-2.056337326765060425e+01 -1.713491713695037078e+01
-2.088435821731885156e+01 -1.669818272957434857e+01
-2.021489284435908118e+01 -1.737937303689809809e+01
-2.054067035516102990e+01 -1.671118227640787879e+01
-2.058000377813975135e+01 -1.724348222292386623e+01
-2.052605444192886353e+01 -1.634503374344263449e+01
-2.067069207628567895e+01 -1.664446098376543048e+01
-2.099194637934366980e+01 -1.709435796737670898e+01
-2.041743026673793793e+01 -1.713417033660106270e+01
-2.050457697113354882e+01 -1.677453020291450869e+01
-2.069450686375300208e+01 -1.712814624492938620e+01
-2.085060318311055383e+01 -1.734431239886161435e+01
-1.994955828785896301e+01 -1.659521274077586739e+01
-2.029873895645141602e+01 -1.716332714374248880e+01
-2.038336001833279809e+01 -1.688121804212912380e+01
-1.993327217797438422e+01 -1.775234300662309650e+01
-2.057330788175265113e+01 -1.714028511291895285e+01
-2.040105201303958893e+01 -1.605028947194417199e+01
-2.054167578617731849e+01 -1.660133441289265832e+01
-2.022400981187820435e+01 -1.597635494134364897e+01
-2.039904580513636390e+01 -1.700620487408760440e+01
-2.052734020352363586e+01 -1.691406876001602555e+01
-2.029118034243583679e+01 -1.698902812370887005e+01
-2.072211538751919946e+01 -1.715436814381526176e+01
-2.063264755407969275e+01 -1.645475314213679496e+01
-2.053205279509226600e+01 -1.695447669885097497e+01
-2.070549038052558899e+01 -1.690300283676538839e+01
-2.086097690463066101e+01 -1.706873925526936731e+01
-2.072948086261749268e+01 -1.683128197987874231e+01
-2.086194712917010108e+01 -1.727663803100585938e+01
-2.019596466422080994e+01 -1.712309856903858574e+01
-2.018537033597628394e+01 -1.526378916471432490e+01
-2.034835387766361237e+01 -1.716591644287109375e+01
-2.054385289549827576e+01 -1.709845887697660061e+01
-2.100916724403699121e+01 -1.718204582654512791e+01
-2.049566763639450073e+01 -1.577302548824212458e+01
-2.039418602983156958e+01 -1.726035873706524271e+01
-1.993758322795232019e+01 -1.684040492620223617e+01
-2.056563716133435449e+01 -1.681507791616977698e+01
-2.089344199498494348e+01 -1.715575968913542937e+01
-2.080125679572423181e+01 -1.664106214963472752e+01
-1.933795603116353234e+01 -1.728944543691781988e+01
-2.074714979529380798e+01 -1.714128024761493307e+01
-2.088272247711817542e+01 -1.685692789615728771e+01
-2.070659677187601844e+01 -1.699736913045247277e+01
-2.082327549656232080e+01 -1.749854095165546042e+01
-2.059019447863101959e+01 -1.704707562617766570e+01
-2.064221434791882714e+01 -1.701018024102235415e+01
-2.044077520569165429e+01 -1.609624212216108319e+01
-2.049314543604850769e+01 -1.708485182737692654e+01
-2.085650670528411865e+01 -1.618299178588084786e+01
-2.062576712171236792e+01 -1.713874945273766315e+01
-2.009797203540802002e+01 -1.722176111661470799e+01
-2.061627350250880042e+01 -1.648935144375532147e+01
-2.055733746290206909e+01 -1.670805053221873848e+01
-2.064505012830098352e+01 -1.748707541441305935e+01
-2.095887338121731958e+01 -1.746780605805225761e+01
-2.072373570005099097e+01 -1.748820019990969854e+01
-2.087386813759803772e+01 -1.680207971426156988e+01
-2.042702528834342957e+01 -1.746208441563141633e+01
-2.052444977064927301e+01 -1.737696432455992124e+01
-2.055316631992657861e+01 -1.688003134116148374e+01
-2.087895636757214746e+01 -1.672870000203450402e+01
-2.069372881452242652e+01 -1.667782402038574219e+01
-2.066212670008341590e+01 -1.718640684470152280e+01
-2.047524653375148773e+01 -1.735309021289532083e+01
-2.057976378997166833e+01 -1.732669979486709977e+01
-2.073030552268028259e+01 -1.737856213251749793e+01
-2.068211763103802880e+01 -1.746476498628274143e+01
-2.095499445001284400e+01 -1.729029035568237305e+01
-2.065295216441154480e+01 -1.667563456755418017e+01
-2.049028353889783105e+01 -1.724316394023406218e+01
-2.077491035064061364e+01 -1.726411997966277312e+01
-2.074535386761029443e+01 -1.679441161033434682e+01
-2.029995331664879998e+01 -1.741931513028267275e+01
-2.061464475095272064e+01 -1.620922279357910156e+01
-2.084686193863550940e+01 -1.641001620659461224e+01
-2.075700676441192627e+01 -1.703803275181697074e+01
-2.097397331396738807e+01 -1.678304288326165761e+01
-2.098532512784004211e+01 -1.706179428100585938e+01
-2.089845639467239380e+01 -1.614109139564709849e+01
-2.061276801427205285e+01 -1.710279182287363042e+01
-2.056366026401519775e+01 -1.718365258436936571e+01
-2.088110703229904175e+01 -1.523822883459237865e+01
-2.071323049565156182e+01 -1.745368761894030385e+01
-2.090392386913299561e+01 -1.712979256801116179e+01
-2.041056707501411438e+01 -1.718433739588810738e+01
-2.078928914666175842e+01 -1.693974164816049566e+01
-2.104489655296007911e+01 -1.736023450509095767e+01
-2.035431930422782898e+01 -1.685075706090682601e+01
-2.033115557332833490e+01 -1.710539155128674693e+01
-2.102032943566640100e+01 -1.699329554728972624e+01
-2.023839765787124634e+01 -1.671956025637113186e+01
-2.034954978028933326e+01 -1.738675366915189358e+01
-2.086535279949506005e+01 -1.704005224276811603e+01
-2.108531931042671204e+01 -1.705677548432961643e+01
-2.085964536666870117e+01 -1.721802344689002240e+01
-2.061692536870638648e+01 -1.724445091149745934e+01
-2.104436144232749939e+01 -1.725705574720333857e+01
-2.076850077509880066e+01 -1.750765653756948481e+01
-2.071555013457934180e+01 -1.692484047474005138e+01
-2.091924919684727868e+01 -1.688156910431690605e+01
-2.074308438102404395e+01 -1.690590809553097529e+01
-2.084519826372464379e+01 -1.701146867947700869e+01
-2.063572183251380920e+01 -1.594646848776401704e+01
-2.022045675416787347e+01 -1.716479489742181386e+01
-2.101780637105305871e+01 -1.723113671327248753e+01
-2.073486988743146142e+01 -1.672780783971150598e+01
-2.083212547500928125e+01 -1.718705756847674948e+01
-2.078512220581372461e+01 -1.682209960008279026e+01
-2.050141650438308716e+01 -1.694874937106401447e+01
-2.081083104014396667e+01 -1.657602036304962922e+01
-2.070725065966447076e+01 -1.621211069058149334e+01
-2.064905149737993995e+01 -1.700684796846829983e+01
-2.084160838524500647e+01 -1.718872214586306768e+01
-2.077001119653384009e+01 -1.684580807808118053e+01
-2.078127386669318000e+01 -1.715859789726061635e+01
-2.080919241905212402e+01 -1.733638143539428711e+01
-2.068110358715057373e+01 -1.731579948082948306e+01
-2.038510778546333313e+01 -1.709509900900033941e+01
-2.096192579468091211e+01 -1.680459221815451443e+01
-2.092458898822466651e+01 -1.695908145415477364e+01
-2.086673969030380249e+01 -1.719430378155830752e+01
-2.097395161787668982e+01 -1.672663925855587763e+01
-2.081592832008997718e+01 -1.692950598398844519e+01
-2.099950323502222815e+01 -1.713303745709932713e+01
-2.057797471682230750e+01 -1.699400141300299083e+01
-1.943912585576375207e+01 -1.640392504899929804e+01
-2.026348063349723816e+01 -1.691815653214087689e+01
-2.087307465076446533e+01 -1.739134438832600793e+01
-2.080202613274256507e+01 -1.711399256877410124e+01
-2.071638491749763489e+01 -1.639455113044152057e+01
-2.080692770083745202e+01 -1.685362090819921121e+01
-2.051714662710825721e+01 -1.727008675306271357e+01
-2.099681932727495948e+01 -1.716017147210927973e+01
-2.092221709092457971e+01 -1.685676372968233494e+01
-2.094440476099650184e+01 -1.713171746180607613e+01
-2.098032806317011634e+01 -1.710354509109105692e+01
-2.114920326073964318e+01 -1.627741405291434873e+01
-2.081437855958938599e+01 -1.635052431546724705e+01
-2.084213273723920068e+01 -1.671824848957550813e+01
-2.095708344380060950e+01 -1.711530409103784933e+01
-2.026855663458506385e+01 -1.592891710232465741e+01
-2.097064584493637085e+01 -1.581282549638014601e+01
-2.043422867854436120e+01 -1.671368442437587731e+01
-2.088504470388094703e+01 -1.699024059833624278e+01
-2.111403642098109046e+01 -1.681754628205910862e+01
-2.068843185901641846e+01 -1.674847727555495069e+01
-2.102149368325869361e+01 -1.691342358711438365e+01
-2.099878453214963159e+01 -1.712997294694949346e+01
-2.053567418456077576e+01 -1.710635290390406027e+01
-2.092168737451235572e+01 -1.673158638293926614e+01
-2.086490066846211633e+01 -1.712638195967062771e+01
-2.084755977491537848e+01 -1.708764350108611296e+01
-2.103527238965034485e+01 -1.681522736182579791e+01
-2.070199547211329261e+01 -1.735933059301131820e+01
-2.105716800689697266e+01 -1.712784456595396421e+01
-2.075399821996688843e+01 -1.737537225087483606e+01
-2.083626266320546350e+01 -1.722308019491342534e+01
-2.120990658799807349e+01 -1.666402176098945986e+01
-2.087226492166519165e+01 -1.665267868531055839e+01
-2.004065280159314355e+01 -1.719934524633945472e+01
-2.077879873911539832e+01 -1.720685950303689182e+01
-2.093043134609858313e+01 -1.697865867614746094e+01
-2.065409900744755944e+01 -1.699451832893567271e+01
-2.085402298967043677e+01 -1.585184635260166353e+01
-2.092067644993464270e+01 -1.655522454090607454e+01
-2.094977587461471558e+01 -1.527431293634267995e+01
-2.075413876771926880e+01 -1.639864225876636894e+01
-2.106146117548147956e+01 -1.673676259701068503e+01
-2.088696639736493310e+01 -1.730127988717494958e+01
-2.080819831291834632e+01 -1.705017297695844647e+01
-2.115508257349332055e+01 -1.702788015512319575e+01
-2.107879927754402161e+01 -1.707653000415899669e+01
-2.115353972713152686e+01 -1.698674041796953205e+01
-2.047896253565947333e+01 -1.733993068108191693e+01
-2.044012570381164551e+01 -1.690583211336380387e+01
-2.079393632213274756e+01 -1.694259513952793128e+01
-2.088768826921780786e+01 -1.671969895485120006e+01
-2.056286319096883020e+01 -1.667150224783481605e+01
-2.096964056293169776e+01 -1.664041923865293882e+01
-2.094497440258662024e+01 -1.655790214049510567e+01
-2.091726885239283362e+01 -1.674021493471585842e+01
-2.075710498293240747e+01 -1.699549428010598362e+01
-2.074694116910298547e+01 -1.625275006661048138e+01
-2.080212904016176978e+01 -1.739160670989598856e+01
-2.121132803956667701e+01 -1.715335208941728595e+01
-2.126754898826281348e+01 -1.654504791895548621e+01
-2.074369991819063941e+01 -1.640467648628430553e+01
-2.029398185014724731e+01 -1.653120627158727274e+01
-2.064615013202031335e+01 -1.689020889233320233e+01
-2.099584693710009375e+01 -1.692745619553786085e+01
-2.107458539803822717e+01 -1.711306095123291016e+01
-2.125553805629412452e+01 -1.707201830546061316e+01
-2.118081421653429786e+01 -1.708232639997433466e+01
-2.084356717268626014e+01 -1.663786033483652105e+01
-2.109537364542484283e+01 -1.739650963514279169e+01
-2.110471448302268982e+01 -1.654351974144960025e+01
-2.079401138921578607e+01 -1.680612657009027089e+01
-2.102667747934659204e+01 -1.685962914197872919e+01
-2.131743376453717431e+01 -1.715620852739382940e+01
-2.076065375904242316e+01 -1.676864263338920225e+01
-2.050563434759775916e+01 -1.642188399877303695e+01
-2.109911080201466760e+01 -1.711466720776680361e+01
