# Train Val
-6.493307790513766165e+00 -8.214608490467071533e+00
-8.278889413607322112e+00 -8.271530926227569580e+00
-8.318147590604878516e+00 -8.308748364448547363e+00
-8.387128829956054688e+00 -8.389072557290395693e+00
-8.400081763833256332e+00 -8.377755741278329893e+00
-8.411543292514348735e+00 -8.432630201180776552e+00
-8.447592391806134415e+00 -8.401971558729806944e+00
-8.488477921081802435e+00 -8.527306735515594482e+00
-8.631016884819935342e+00 -8.484852492809295654e+00
-8.876970351752587973e+00 -9.163785656293233828e+00
-9.554073665101649127e+00 -1.001939475536346436e+01
-9.565638457314442178e+00 -9.804958343505859375e+00
-1.069696291826539181e+01 -1.057966132958730121e+01
-1.139935885445546226e+01 -7.042157967885334990e+00
-1.142690185773170519e+01 -1.251888569196065326e+01
-1.226866141012159517e+01 -1.287570985158284564e+01
-1.301499605178833008e+01 -1.220965969562530518e+01
-1.266628582194700137e+01 -1.265483748912811279e+01
-1.334768949120731740e+01 -1.266727336247762103e+01
-1.351050310619806893e+01 -1.327078100045522113e+01
-1.392958202200420814e+01 -1.264458175500234027e+01
-1.385876130249540772e+01 -1.373414949576059918e+01
-1.415707833888166967e+01 -1.384558618068695068e+01
-1.387433894205901552e+01 -1.203344988822937012e+01
-1.364990728184328184e+01 -1.295923062165578266e+01
-1.407456601676294383e+01 -1.416205592950185199e+01
-1.445414169764114654e+01 -1.457209066549936871e+01
-1.441253350952924350e+01 -1.310736616452535053e+01
-1.430659987562793845e+01 -9.904388507207235293e+00
-1.421259227041470830e+01 -9.885750571886697813e+00
-1.457403879650568612e+01 -1.490829618771870990e+01
-1.442907637256687003e+01 -1.249134091536203961e+01
-1.482612364979113551e+01 -1.429016737143198590e+01
-1.532842129367893058e+01 -1.458455995718638043e+01
-1.500169815451411814e+01 -1.479321225484212299e+01
-1.460441217584125084e+01 -1.476152765750885010e+01
-1.479270543082285805e+01 -1.350414768854776959e+01
-1.496500008793200465e+01 -1.472646629810333252e+01
-1.531930807889518142e+01 -1.486392474174499512e+01
-1.550032843573618813e+01 -1.444038891792297363e+01
-1.551991102250955912e+01 -1.496797506014505963e+01
-1.544199472362712200e+01 -1.280265208085378070e+01
-1.538688640271202956e+01 -1.045793420076370239e+01
-1.515992671352321786e+01 -1.502605191866556744e+01
-1.503122808973667901e+01 -1.395353953043619732e+01
-1.476168275283554898e+01 -1.519429083665212055e+01
-1.497394905251971764e+01 -1.101004612445831299e+01
-1.499814017344329287e+01 -1.365603001912434955e+01
-1.546393448619519262e+01 -1.538308890660603900e+01
-1.514709768456927819e+01 -1.510658224423726459e+01
-1.517594973515656065e+01 -1.527035892009735107e+01
-1.579715925152018841e+01 -1.572740491231282611e+01
-1.535115900686231782e+01 -1.406297608216603656e+01
-1.568744635177870883e+01 -1.192857038974761963e+01
-1.553111532178975729e+01 -1.439747126897176166e+01
-1.554036663346371405e+01 -1.538352147738138775e+01
-1.576878420781281065e+01 -1.474358816941579242e+01
-1.586902677406698992e+01 -1.341435583432515521e+01
-1.571237063811997281e+01 -1.487713889280954938e+01
-1.555027439634678643e+01 -1.462302927176157574e+01
-1.614349185814291587e+01 -1.534578327337900738e+01
-1.564126758252159988e+01 -1.471502506732940674e+01
-1.570307684752900634e+01 -1.565390793482462506e+01
-1.571007310737997820e+01 -1.468890436490376850e+01
-1.605766246278407294e+01 -1.533521691958109479e+01
-1.634555487713571154e+01 -1.470239222049713135e+01
-1.603394870434777175e+01 -1.537466005484263043e+01
-1.622888585268441020e+01 -1.275479276974995990e+01
-1.593093414629920090e+01 -1.515437189737955670e+01
-1.628938281334052718e+01 -1.484380634625752826e+01
-1.628002119872529718e+01 -1.417948595682779889e+01
-1.618448871677204792e+01 -1.555122502644856830e+01
-1.588446234848539795e+01 -1.331644129753112793e+01
-1.623425130520836746e+01 -1.592068525155385394e+01
-1.642571650521229998e+01 -1.432644764582316022e+01
-1.665281161615403960e+01 -1.567043658097585102e+01
-1.643345732608084120e+01 -1.402947811285654645e+01
-1.632409646147388571e+01 -1.516259213288625141e+01
-1.620943938271474138e+01 -1.476458728313446045e+01
-1.602387940681586898e+01 -1.467448067665100098e+01
-1.657281767311742726e+01 -1.585810013612111469e+01
-1.628046390565775070e+01 -1.594997282822926898e+01
-1.658213731798074875e+01 -1.473811165491739850e+01
-1.628055569276971326e+01 -1.545248266061147113e+01
-1.606147682868828142e+01 -1.612598145008087158e+01
-1.638185117204310615e+01 -1.572704422473907471e+01
-1.599074395228240419e+01 -1.458917685349782367e+01
-1.609286879684965399e+01 -1.485973238945007324e+01
-1.615602695335775962e+01 -1.484676154454549213e+01
-1.647760396892741497e+01 -1.486782089869181256e+01
-1.673497286489454439e+01 -1.397692692279815674e+01
-1.642699058177107574e+01 -1.383473904927571674e+01
-1.634391891350180259e+01 -1.601657823721567908e+01
-1.696532083769976040e+01 -1.529023508230845074e+01
-1.683869389356192769e+01 -1.525814378261566162e+01
-1.658875964859784702e+01 -1.564625529448191266e+01
-1.605748672000432364e+01 -1.472054608662923236e+01
-1.662766048463724289e+01 -1.641645868619282922e+01
-1.664614798658985251e+01 -1.470425220330556293e+01
-1.691918604252701996e+01 -1.572193217277526855e+01
-1.661788407826827907e+01 -1.562571815649668316e+01
-1.670152323124772309e+01 -1.631608796119689941e+01
-1.652088305101556287e+01 -1.587028717994689941e+01
-1.682956507246372979e+01 -1.591734004020690918e+01
-1.680025836168709574e+01 -1.250613435109456439e+01
-1.670185729204598246e+01 -1.530392177899678607e+01
-1.660693325430660039e+01 -1.518285179138183594e+01
-1.689844406257241616e+01 -1.594813664754231830e+01
-1.618243108361454219e+01 -1.552462641398111920e+01
-1.646445874036368551e+01 -1.634964783986409387e+01
-1.660426973892470670e+01 -1.452347040176391602e+01
-1.695823312209824252e+01 -1.486300496260325055e+01
-1.663671602637080937e+01 -1.406215111414591412e+01
-1.696953004901692097e+01 -1.465314137935638428e+01
-1.690316506563607035e+01 -1.058546129862467389e+01
-1.632201337006132391e+01 -1.577139476935068707e+01
-1.654584037651449790e+01 -1.608333007494608680e+01
-1.704972141071901603e+01 -1.557136853535970111e+01
-1.720721895411863045e+01 -1.547452596823374371e+01
-1.712255624997413861e+01 -1.463467729091644287e+01
-1.658290895365052364e+01 -1.662507677078247070e+01
-1.744108341507992677e+01 -1.628365699450175086e+01
-1.719374453011205617e+01 -1.547127723693847656e+01
-1.662465725914906756e+01 -1.464862283070882221e+01
-1.727965502011574017e+01 -1.603332078456878662e+01
-1.724456783068382038e+01 -1.410096951325734516e+01
-1.662222114659972050e+01 -1.627320249875386438e+01
-1.703300242504830919e+01 -1.525771363576253314e+01
-1.694341782392081441e+01 -1.620025233427683631e+01
-1.724635647111020020e+01 -1.411540937423706055e+01
-1.697808954271219406e+01 -1.683993228276570520e+01
-1.680274335408615016e+01 -1.626378321647644043e+01
-1.738113447771234021e+01 -1.650765355428059777e+01
-1.717856755499112253e+01 -1.482209869225819965e+01
-1.744320652848583109e+01 -1.608672944704691687e+01
-1.747771133810786992e+01 -1.643101668357849121e+01
-1.683410567752385489e+01 -1.464384686946868896e+01
-1.721303031404139716e+01 -1.450723016262054443e+01
-1.675632262634018588e+01 -1.623099362850189209e+01
-1.714138060909206729e+01 -1.281509633858998676e+01
-1.741615888627908859e+01 -1.412723433971405029e+01
-1.735256830312437870e+01 -1.601714158058166504e+01
-1.760620273978023320e+01 -1.384534553686777691e+01
-1.709010376364497930e+01 -1.398339796066284180e+01
-1.753622877799858415e+01 -1.638073515892028809e+01
-1.734024715423583984e+01 -1.523481845855712891e+01
-1.730119714090379546e+01 -1.681677071253458777e+01
-1.776235172304056320e+01 -1.543221533298492432e+01
-1.659020660691342286e+01 -1.613820135593414307e+01
-1.739284040968296807e+01 -1.480727354685465436e+01
-1.743598864442211038e+01 -1.568498607476552387e+01
-1.726649133229659938e+01 -1.672234622637430945e+01
-1.739593370082014800e+01 -1.526233716805776019e+01
-1.714303642208293255e+01 -1.617486647764841834e+01
-1.747799166986497710e+01 -1.500879875818888287e+01
-1.755548166824599576e+01 -1.530962502956390381e+01
-1.748444528902991379e+01 -1.608558936913808068e+01
-1.776838014085414130e+01 -1.620491107304890832e+01
-1.773916920969041655e+01 -1.481385163466135602e+01
-1.709931734052755203e+01 -1.672373533248901367e+01
-1.712834462472947905e+01 -1.613850911458333215e+01
-1.773348194865857153e+01 -1.634966345628102502e+01
-1.714989620952282934e+01 -1.508091596762339215e+01
-1.768602608018002442e+01 -1.680017467339833459e+01
-1.750718959711365841e+01 -1.686812758445739746e+01
-1.755744727183196474e+01 -1.637004101276397705e+01
-1.724288194462404533e+01 -1.653936962286631385e+01
-1.752943856029187231e+01 -1.501276187101999859e+01
-1.800081827680943292e+01 -1.439191305637359619e+01
-1.764848128819869899e+01 -1.608239217599232873e+01
-1.798841368141820851e+01 -1.651733016967773438e+01
-1.761577250593799704e+01 -1.171693118413289447e+01
-1.800570582535307196e+01 -1.670653883616129676e+01
-1.788803840895830533e+01 -1.531856123606363873e+01
-1.758403597847890154e+01 -1.431155618031819721e+01
-1.711858456013566254e+01 -1.594223260879516602e+01
-1.788180734343447753e+01 -1.533313230673472027e+01
-1.805402378308571087e+01 -1.665780548254648963e+01
-1.798449016021469760e+01 -1.388384278615315814e+01
-1.794817052453251094e+01 -1.663970875740051270e+01
-1.768403455766580734e+01 -1.521399943033854107e+01
-1.778928544965841141e+01 -1.547844612598419189e+01
-1.754792320930351579e+01 -1.313198693593343158e+01
-1.754181401204254698e+01 -1.624743123849232873e+01
-1.799414633896391180e+01 -1.517445234457651715e+01
-1.761135049593650592e+01 -1.530640804767608643e+01
-1.779060948905298289e+01 -1.510220714410146137e+01
-1.790868438300439891e+01 -1.623237748940785607e+01
-1.812967264854301774e+01 -1.641338237126668176e+01
-1.811400854789604509e+01 -1.418307526906331439e+01
-1.794292369131314402e+01 -1.392448719342549701e+01
-1.742663103038981731e+01 -1.660953056812286377e+01
-1.817271530022055259e+01 -1.540497907002766986e+01
-1.806122821064318629e+01 -1.647858043511708459e+01
-1.805776158025709321e+01 -1.703244153658549109e+01
-1.807576845460019044e+01 -1.640471831957499305e+01
-1.809609800274089153e+01 -1.638801920413970947e+01
-1.818027834164894330e+01 -1.597473903497060199e+01
-1.827991414474228549e+01 -1.573706738154093365e+01
-1.844053257926035627e+01 -1.583895730972290039e+01
-1.748512546894913910e+01 -1.661369983355204383e+01
-1.810965395781953546e+01 -1.698056308428446570e+01
-1.813477580830202385e+01 -1.675970208644866943e+01
-1.783011810658341645e+01 -1.665529366334279260e+01
-1.790937005059193865e+01 -1.677455115318298340e+01
-1.848401997453075296e+01 -1.555881861845652203e+01
-1.789829796451633115e+01 -1.636456127961476525e+01
-1.799664545867402765e+01 -1.592618556817372699e+01
-1.834346886004431809e+01 -1.562856038411458393e+01
-1.815696331606072889e+01 -1.696224975585937500e+01
-1.819901629625740824e+01 -1.715870380401611328e+01
-1.838839627928652831e+01 -1.617144068082173547e+01
-1.811474071922948781e+01 -1.624203300476074219e+01
-1.853052856154360839e+01 -1.642453420162200928e+01
-1.793556421085939689e+01 -1.551903669039408307e+01
-1.815891151913141854e+01 -1.626633429527282715e+01
-1.788333430532681589e+01 -1.687249620755513391e+01
-1.838746538808790376e+01 -1.716915682951609412e+01
-1.833564147302659819e+01 -1.662592709064483643e+01
-1.821248876442343345e+01 -1.694971982638041297e+01
-1.817883375135518875e+01 -1.617224478721618652e+01
-1.846007075552212839e+01 -1.545280094941457172e+01
-1.859277551457033439e+01 -1.615626521905263147e+01
-1.862103539806301455e+01 -1.707432790597279748e+01
-1.871028395830574809e+01 -1.707680352528889856e+01
-1.837528433234004765e+01 -1.575929363568623920e+01
-1.824719875949924131e+01 -1.589069318771362305e+01
-1.861245573173135170e+01 -1.692470113436381141e+01
-1.889481463674771433e+01 -1.696899668375651160e+01
-1.852039894815218801e+01 -1.541027677059173584e+01
-1.832832117403967942e+01 -1.582914272944132428e+01
-1.810217719158883654e+01 -1.619660365581512451e+01
-1.818460710169905425e+01 -1.672025668621063232e+01
-1.808251316264524178e+01 -1.645183654626210412e+01
-1.860590787661277545e+01 -1.519016488393147846e+01
-1.827038492590694219e+01 -1.511918107668558697e+01
-1.873802923752089811e+01 -1.575632750988006592e+01
-1.829957673509242255e+01 -1.620589093367258826e+01
-1.827197149244405594e+01 -1.594004921118418316e+01
-1.844753923254497963e+01 -1.649150454998016357e+01
-1.848661404949123721e+01 -1.669536503156026086e+01
-1.833088599221181170e+01 -1.466847582658131977e+01
-1.823711739556264178e+01 -1.699460037549336633e+01
-1.849391237355894901e+01 -1.643064101537068566e+01
-1.813770430775011988e+01 -1.714646454652150354e+01
-1.814800546128871161e+01 -1.685523307323455811e+01
-1.882180530742063240e+01 -1.660174806912739953e+01
-1.862897160901861682e+01 -1.534814163049062152e+01
-1.828599871619272932e+01 -1.716487924257914344e+01
-1.862372311091018773e+01 -1.691352927684783936e+01
-1.873863521672911503e+01 -1.613860110441843787e+01
-1.859513875185433207e+01 -1.685598603884379187e+01
-1.877557844226643269e+01 -1.643083123366038123e+01
-1.853676884053117035e+01 -1.527459522088368793e+01
-1.850664116972583884e+01 -1.637643563747406006e+01
-1.874862600585161587e+01 -1.330000058809916119e+01
-1.839897806361570076e+01 -1.629607983430226525e+01
-1.850675425287020559e+01 -1.533949013551076312e+01
-1.836042729070631196e+01 -1.672077445189158240e+01
-1.850322000859147309e+01 -1.619827906290690223e+01
-1.867855910123404684e+01 -1.626235326131184777e+01
-1.869218268636929636e+01 -1.550397145748138428e+01
-1.853639656810437231e+01 -1.726310952504475793e+01
-1.892893282033629276e+01 -1.623180091381072998e+01
-1.890963294950582352e+01 -1.668387468655904016e+01
-1.867430869603561305e+01 -1.644610492388407508e+01
-1.884123259883816104e+01 -1.616756061712900916e+01
-1.894221232301097757e+01 -1.721053632100423059e+01
-1.869120314161656182e+01 -1.707553275426228723e+01
-1.906098002094333310e+01 -1.707682307561238488e+01
-1.917123949729790056e+01 -1.610198624928792199e+01
-1.841558289931992221e+01 -1.657922200361887732e+01
-1.886267903699713244e+01 -1.665629669030507287e+01
-1.885326379840656941e+01 -1.644099561373392859e+01
-1.913550619351661908e+01 -1.542938629786173443e+01
-1.883711596666756449e+01 -1.730368645985921106e+01
-1.853917863005298727e+01 -1.644933700561523438e+01
-1.899258873826366312e+01 -1.696184877554575721e+01
-1.906209385597099626e+01 -1.595234692096710205e+01
-1.873748405909134007e+01 -1.711458957195281982e+01
-1.832327072499161957e+01 -1.713432419300079346e+01
-1.880498128018136583e+01 -1.693855277697245398e+01
-1.901238653215311203e+01 -1.693749562899271766e+01
-1.899261279025320448e+01 -1.712125627199808875e+01
-1.911383153624453612e+01 -1.612788331508636475e+01
-1.833744507320856698e+01 -1.731017462412516394e+01
-1.831010001392687769e+01 -1.666745269298553467e+01
-1.885738499689910341e+01 -1.592410929997762103e+01
-1.812644283650285004e+01 -1.668014367421467981e+01
-1.870968640052666032e+01 -1.702884836991627893e+01
-1.955388895131773808e+01 -1.679140631357828894e+01
-1.916680274575443477e+01 -1.646370120843251428e+01
-1.916144354868743349e+01 -1.701899850368499756e+01
-1.948843179314823360e+01 -1.700004164377848426e+01
-1.941082924503390927e+01 -1.656934523582458496e+01
-1.835503857014542817e+01 -1.257853853702545166e+01
-1.923148897138692703e+01 -1.698622071743011475e+01
-1.939521100965597000e+01 -1.636126391092936316e+01
-1.908860082949622239e+01 -1.545640027523040771e+01
-1.920723919949288927e+01 -1.642155512173970422e+01
-1.904449462082426336e+01 -1.673317849636077881e+01
-1.941860224028765103e+01 -1.661446591218312463e+01
-1.898213195800781250e+01 -1.703529667854309082e+01
-1.898247363203662985e+01 -1.590997366110483746e+01
-1.909670169474714996e+01 -1.583320093154907227e+01
-1.898515891220609930e+01 -1.705908183256785193e+01
-1.945402997227038355e+01 -1.667859268188476562e+01
-1.940032246153233331e+01 -1.666892695426940918e+01
-1.872364447480541116e+01 -1.433153625329335590e+01
-1.876527979414341729e+01 -1.671967204411824426e+01
-1.933262549416493670e+01 -1.684495786825815955e+01
-1.929045013654030072e+01 -1.710240674018859863e+01
-1.931576597084433189e+01 -1.591817828019460102e+01
-1.882410100354986682e+01 -1.545508722464243512e+01
-1.936754863545046135e+01 -1.704040022691090783e+01
-1.900443101333359408e+01 -1.694286342461903772e+01
-1.910079203621815935e+01 -1.705697957674662391e+01
-1.931454010333045090e+01 -1.686490480105082312e+01
-1.914669169409800276e+01 -1.715217407544453820e+01
-1.926430963257611850e+01 -1.706051429112752160e+01
-1.920087200908337621e+01 -1.677979481220245361e+01
-1.909809304091890070e+01 -1.646946175893147668e+01
-1.874339547399747019e+01 -1.624251794815063477e+01
-1.959528996580738180e+01 -1.460852471987406354e+01
-1.938640153206000960e+01 -1.587651824951171875e+01
-1.939999986907183072e+01 -1.617609965801239014e+01
-1.953104449126680109e+01 -1.685799622535705566e+01
-1.960595769397282950e+01 -1.552411635716756244e+01
-1.975489165419239157e+01 -1.659587311744689941e+01
-1.936342392937611834e+01 -1.604107240835825721e+01
-1.927504334207308645e+01 -1.673883970578511438e+01
-1.927395002720719575e+01 -1.518547519048055072e+01
-1.905065045922489375e+01 -1.553154305617014508e+01
-1.925417432946673912e+01 -1.685706015427907190e+01
-1.949006911455574809e+01 -1.566295226414998432e+01
-1.952834621526427128e+01 -1.656761821111043176e+01
-1.962902634830798121e+01 -1.704925338427225867e+01
-1.923775482177734375e+01 -1.663549304008483887e+01
-1.898264610969414079e+01 -1.648142619927724084e+01
-1.964154012324446441e+01 -1.721216404438018799e+01
-1.955111036462298912e+01 -1.723166084289550781e+01
-1.951761680538371380e+01 -1.701363801956176758e+01
-1.916982786534196137e+01 -1.712869175275166711e+01
-1.981420607486013807e+01 -1.629513462384541711e+01
-1.988679032406564318e+01 -1.733447889486948768e+01
-1.973864088220111412e+01 -1.712921559810638428e+01
-1.967936286279710600e+01 -1.705608749389648438e+01
-1.967104944132142208e+01 -1.643385831514994422e+01
-1.957754927166437753e+01 -1.711391305923461914e+01
-1.946174361342090720e+01 -1.744103439648946008e+01
-1.982540326199288927e+01 -1.572020939985910992e+01
-1.956926446041818224e+01 -1.502767884731292725e+01
-1.931949955730114965e+01 -1.745045475165049353e+01
-1.988467850119380742e+01 -1.548194952805837055e+01
-1.941399061073691001e+01 -1.674524803956349572e+01
-1.978778171539306641e+01 -1.710557933648427209e+01
-1.948721306202775239e+01 -1.718350009123484412e+01
-1.936452074374182786e+01 -1.624417082468668738e+01
-1.978812786684197889e+01 -1.685437611738840857e+01
-1.994606761609093581e+01 -1.696928195158640662e+01
-2.002020703331898943e+01 -1.635983765125274658e+01
-1.987513609255774583e+01 -1.679153756300608435e+01
-1.956901005567130269e+01 -1.712938924630482873e+01
-1.944615087670795006e+01 -1.697121747334798059e+01
-1.933599594892081441e+01 -1.682332925001780310e+01
-1.981351903333502307e+01 -1.707601908842722693e+01
-1.953660323256153220e+01 -1.695662677288055420e+01
-1.962346985380528253e+01 -1.688930865128834924e+01
-1.989661737215720905e+01 -1.664714129765828332e+01
-2.001874595577433880e+01 -1.743124989668528357e+01
-2.002043205196574505e+01 -1.636177269617716590e+01
-2.016880982609118433e+01 -1.705834734439849854e+01
-2.007835208763510337e+01 -1.438530453046162982e+01
-1.924683053614729644e+01 -1.553589479128519635e+01
-2.004764401710639632e+01 -1.611350007851918420e+01
-1.972332461405608584e+01 -1.561822378635406494e+01
-1.993143563351388536e+01 -1.641742328802744666e+01
-1.979601455947100064e+01 -1.552214936415354352e+01
-2.011857042474261803e+01 -1.654845376809437951e+01
-1.983160631535416840e+01 -1.750806756814320764e+01
-2.002649244211487911e+01 -1.694840220610300818e+01
-1.996911815061407580e+01 -1.730287742614746094e+01
-1.989707337395619646e+01 -1.482731620470682721e+01
-2.009280720403639009e+01 -1.631166970729827881e+01
-1.978016166363732253e+01 -1.665465585390726844e+01
-2.003680953332933257e+01 -1.671107784907023230e+01
-2.021089982178251532e+01 -1.640966928005218506e+01
-1.995628500792939874e+01 -1.665854179859161377e+01
-2.004585099624375033e+01 -1.628907700379689416e+01
-1.999447783777269194e+01 -1.749126843611399451e+01
-1.981989176798674990e+01 -1.708714254697163781e+01
-1.989011365276272159e+01 -1.650213249524434289e+01
-1.949738968024819741e+01 -1.567044611771901508e+01
-1.966508871013835247e+01 -1.613059941927592078e+01
-2.004265819969823781e+01 -1.593043923377990723e+01
-1.965161272630853162e+01 -1.694466137886047363e+01
-2.014411150398900929e+01 -1.661568590005238732e+01
-2.027410266358973701e+01 -1.690519905090332031e+01
-2.019035591513423711e+01 -1.597546931107839008e+01
-1.961691206592624326e+01 -1.489861758550008197e+01
-1.956495828143620841e+01 -1.584463894367218018e+01
-2.004989765458187989e+01 -1.728523961702982703e+01
-2.025754687745692451e+01 -1.709476701418558875e+01
-1.987200499389131281e+01 -1.602942387262980262e+01
-1.992476869841753384e+01 -1.673423477013905725e+01
-2.001055639073000236e+01 -1.716261430581410607e+01
-1.952900907548807297e+01 -1.557377862930297852e+01
-1.985780061301538524e+01 -1.671716598669688025e+01
-2.016383990594896147e+01 -1.572519914309183697e+01
-1.986647133908029161e+01 -1.695632719993591309e+01
-2.042876516762426320e+01 -1.705886165301005164e+01
-1.974080142328294585e+01 -1.650950205326080322e+01
-2.002444736028121852e+01 -1.672066179911295691e+01
-1.986742015612327350e+01 -1.646392846107482910e+01
-1.988900306669332352e+01 -1.753075842062632361e+01
-2.026797427161265119e+01 -1.613866957028706750e+01
-2.032111418449272477e+01 -1.643606416384379187e+01
-2.048766545117911519e+01 -1.491918746630350689e+01
-2.009387017912783691e+01 -1.645742022991180420e+01
-2.008732452230938392e+01 -1.652775402863820275e+01
-2.031741808228573731e+01 -1.590538072586059570e+01
-2.000965496645135389e+01 -1.587647302945454975e+01
-2.007920405824305732e+01 -1.652681012948353967e+01
-2.009377254874019414e+01 -1.645695765813191613e+01
-2.022032511436333024e+01 -1.708571068445841590e+01
-2.053010961564920578e+01 -1.734172662099202356e+01
-2.042227151838399735e+01 -1.691716865698496619e+01
-1.957941317154189420e+01 -1.644280469417572021e+01
-2.034906363083144498e+01 -1.723575286070505896e+01
-2.064012247829113988e+01 -1.660233712196350098e+01
-2.035099836931390271e+01 -1.711907927195231238e+01
-2.038104290073200886e+01 -1.573612340291341205e+01
-2.057663902993929739e+01 -1.607257028420766076e+01
-2.016910672591904330e+01 -1.721739423274993896e+01
-2.055532224299544097e+01 -1.694734128316243371e+01
-2.083431127515889969e+01 -1.590339171886444092e+01
-2.027305063150696895e+01 -1.550538976987203021e+01
-2.010735029285237019e+01 -1.616479059060414514e+01
-2.047835112426240656e+01 -1.730087335904439172e+01
-2.052571594108969322e+01 -1.733618247509002686e+01
-2.059334492279311490e+01 -1.664051004250844201e+01
-2.050014212980108752e+01 -1.513849794864654541e+01
-1.975410991604045208e+01 -1.758673353989918908e+01
-2.020612355410042582e+01 -1.687005599339802941e+01
-2.042550033633991902e+01 -1.620796159903208533e+01
-2.025072530972755658e+01 -1.651586453119913855e+01
-2.077758401127184840e+01 -1.408205779393514057e+01
-2.032436178498349122e+01 -1.676941498120625695e+01
-2.040097312603966628e+01 -1.746805083751678467e+01
-2.039247559692899969e+01 -1.702964794635772705e+01
-2.046311114198070413e+01 -1.594829579194386859e+01
-2.033428514609902749e+01 -1.690465458234151086e+01
-2.063864223027633571e+01 -1.652809007962544641e+01
-2.064854710789050074e+01 -1.665821711222330848e+01
-2.076754012350308543e+01 -1.616633749008178711e+01
-2.042839182837534651e+01 -1.703477156162261963e+01
-2.013428133625095029e+01 -1.634243150552113732e+01
-2.061757496655997457e+01 -1.712588767210642615e+01
-2.025917363570908236e+01 -1.737027267615000525e+01
-2.088477533954684873e+01 -1.578613440195719342e+01
-2.006735463061575331e+01 -1.643096311887105188e+01
-2.084792023998195987e+01 -1.648070089022318641e+01
-2.033368159148652765e+01 -1.717409555117289344e+01
-2.049293487354860588e+01 -1.653714418411254883e+01
-2.052475135609255119e+01 -1.679120294253031531e+01
-2.053065802687305563e+01 -1.727400437990824500e+01
-2.033403498439465551e+01 -1.690936787923176965e+01
-2.083245025246830195e+01 -1.724581734339396277e+01
-2.072719488305560631e+01 -1.489517498016357422e+01
-1.980307058560646283e+01 -1.645218042532603064e+01
-2.049774997517214103e+01 -1.726303954919179162e+01
-2.111114350011793306e+01 -1.471461617946624756e+01
-1.998441878819869899e+01 -1.666721125443776330e+01
-2.110327025591316996e+01 -1.704804571469624719e+01
-2.085708487235893571e+01 -1.644689679145812988e+01
-2.065240034006409786e+01 -1.659606301784515381e+01
-2.024684899540270777e+01 -1.691768896579742432e+01
-2.050951804144907697e+01 -1.671683057149251184e+01
-2.056664405434818477e+01 -1.664277696609497070e+01
-2.056813366130246834e+01 -1.566312344868977924e+01
-2.065733051300048828e+01 -1.680747858683268348e+01
-2.085057229510808341e+01 -1.697069291273752967e+01
-2.071432255890409735e+01 -1.647352751096089563e+01
-2.077148135233733584e+01 -1.520825640360514264e+01
-2.026643929239046926e+01 -1.669987285137176514e+01
-2.043201145883334036e+01 -1.658994527657826623e+01
-2.084441838022005911e+01 -1.710884499549865723e+01
-2.112516838009074505e+01 -1.704379236698150635e+01
-2.029182190006062214e+01 -1.711918985843658447e+01
-2.079437446594238281e+01 -1.671785998344421387e+01
-2.056389094207246515e+01 -1.641409552097320557e+01
-2.078170423992609628e+01 -1.639676944414774695e+01
-1.995671458971702350e+01 -1.551892820994059186e+01
-2.028522305569406115e+01 -1.666066892941792688e+01
-2.105031470929161941e+01 -1.549297944704691510e+01
-2.083293749922412985e+01 -1.636375184853871545e+01
-2.095789030042745438e+01 -1.621785537401835242e+01
-2.083845219369662161e+01 -1.639300572872161865e+01
-2.077068833173331441e+01 -1.659099209308624268e+01
-2.067361649012161351e+01 -1.651076543331146240e+01
-2.107539595587778791e+01 -1.547725276152292828e+01
-2.062566833172814285e+01 -1.707160091400146484e+01
-2.039390510623737995e+01 -1.653904545307159424e+01
-2.010501559305999209e+01 -1.596177375316619873e+01
-2.060786774198887628e+01 -1.687193230787913123e+01
-2.096829522666284618e+01 -1.704817330837249756e+01
-2.118835704609499260e+01 -1.609325623512268066e+01
-2.086984236765716005e+01 -1.703940061728159705e+01
-2.104798210273354897e+01 -1.559147294362386127e+01
-2.043692278457900358e+01 -1.685231848557790002e+01
-2.054339365231788861e+01 -1.599528459707895856e+01
-2.120867599875240117e+01 -1.654211322466532508e+01
-2.123080530004986244e+01 -1.653782304128010949e+01
-2.085900531380863399e+01 -1.714505883057912072e+01
-2.082149573503914652e+01 -1.669930032889048377e+01
-2.078365925611075582e+01 -1.687798515955607215e+01
-2.090868304947675327e+01 -1.713793182373046875e+01
-2.093619521189544130e+01 -1.667681451638539514e+01
-2.100279992313708277e+01 -1.704374774297078332e+01
-2.070171635837878199e+01 -1.686108922958374023e+01
-2.134534586890269026e+01 -1.687666316827138147e+01
-2.074587264303433543e+01 -1.700130621592203894e+01
-2.086423688015695177e+01 -1.666720084349314490e+01
-2.045176672531386686e+01 -1.601753918329874793e+01
-2.103083169258247054e+01 -1.346392405033111572e+01
-2.084447694228867221e+01 -1.659868772824605188e+01
-2.098585146564548154e+01 -1.677720260620117188e+01
-2.131451201034804654e+01 -1.439919265111287494e+01
-2.120872885493908910e+01 -1.685495046774546424e+01
-2.090282684261515911e+01 -1.706969392299652100e+01
-2.093911126508551135e+01 -1.730144468943278113e+01
-2.100288955235885524e+01 -1.674377024173736572e+01
-2.115848344059313746e+01 -1.683664325873057166e+01
-2.088759171760688460e+01 -1.656921859582265100e+01
-2.084817278587211931e+01 -1.712432205677032471e+01
-2.139166508690785662e+01 -1.676286284128824988e+01
-2.101168588864601361e+01 -1.496430615584055523e+01
-2.114730223962816069e+01 -1.558148360252380371e+01
-2.124089029279805985e+01 -1.645559573173522949e+01
-2.132320693387823596e+01 -1.683218526840209961e+01
-2.103417398161807128e+01 -1.634499637285868445e+01
-2.138655717494124175e+01 -1.561006470521291156e+01
-2.151670932769775391e+01 -1.736099505424499512e+01
-2.052879032038025997e+01 -1.682134501139323035e+01
-2.077294047404143740e+01 -1.646003127098083496e+01
-2.099420502226231378e+01 -1.594908523559570312e+01
-2.117180770938679402e+01 -1.658756951491038123e+01
-2.159444965750484258e+01 -1.652973099549611291e+01
-2.133043536493333647e+01 -1.625834465026855469e+01
-2.130838662486965518e+01 -1.660156861941019812e+01
-2.089239312834658691e+01 -1.711111120382944861e+01
-2.075801201189978684e+01 -1.642380150159199914e+01
-2.118880000356900339e+01 -1.620097645123799524e+01
-2.083616647881976647e+01 -1.665343924363454065e+01
-2.117552157579842387e+01 -1.685925042629241943e+01
-2.126060988539356345e+01 -1.669073843955993652e+01
-2.121910593065164718e+01 -1.493511486053466797e+01
-2.092911177166437753e+01 -1.690821099281311035e+01
-2.135413847131244225e+01 -1.718312335014343262e+01
-2.142353285773325666e+01 -1.494388818740844727e+01
-2.115663205162953631e+01 -1.681774242719014367e+01
-2.129726421226889244e+01 -1.670947357018788537e+01
-2.120116485983638555e+01 -1.695413498083750525e+01
-2.109979857428599104e+01 -1.710595520337422570e+01
-2.153715397139727017e+01 -1.562272977828979492e+01
-2.115139953160690212e+01 -1.656899956862131873e+01
-2.123416092436192315e+01 -1.671141711870829383e+01
-2.158200566243317198e+01 -1.519011898835500141e+01
-2.135604074445821610e+01 -1.684476574261983117e+01
-2.143627431837179032e+01 -1.661973289648691932e+01
-2.125408449011333900e+01 -1.687674733002980432e+01
-2.111180247290659651e+01 -1.503016539414723773e+01
-2.134815463373216460e+01 -1.672800310452779016e+01
-2.105307687339136180e+01 -1.647812012831370154e+01
-2.144672422893976815e+01 -1.646328206857045373e+01
-2.142930982880673341e+01 -1.503704679012298584e+01
-2.144323720770367103e+01 -1.699793004989624023e+01
-2.114689269308316355e+01 -1.635830020904541016e+01
-2.179211498519121548e+01 -1.687535015741984168e+01
-2.133185250880354644e+01 -1.676102737585703650e+01
-2.125538135787187954e+01 -1.673328812917073449e+01
-2.157988973391258014e+01 -1.651925289630889893e+01
-2.162379208257642915e+01 -1.569814411799112897e+01
-2.057810629828501447e+01 -1.582737326622009277e+01
-2.145124173568466830e+01 -1.622648831208546838e+01
-2.168943505367990099e+01 -1.591841848691304584e+01
-2.129194742946301488e+01 -1.629762121041615686e+01
-2.155365552740581947e+01 -1.694877680142720422e+01
-2.116910304053354963e+01 -1.611874457200368127e+01
-2.075299248452914114e+01 -1.492871383825937848e+01
-2.130789965290134091e+01 -1.674796680609385291e+01
-2.068187126062684200e+01 -1.614816228548685828e+01
-2.108316729432445413e+01 -1.661388941605885705e+01
-2.102695878885560177e+01 -1.648345696926116943e+01
-2.144496004460221528e+01 -1.595371580123901367e+01
-2.167222263853428643e+01 -1.610867194334666053e+01
-2.110038897950770576e+01 -1.585644157727559467e+01
-2.133220394587112523e+01 -1.646166944503784180e+01
-2.132755004753500572e+01 -1.707286707560221473e+01
-2.161422765052924788e+01 -1.680565555890401086e+01
-2.162043067156258402e+01 -1.649623258908589563e+01
-2.129835665428032243e+01 -1.577278538544972797e+01
-2.170763898299912142e+01 -1.696265602111816406e+01
-2.169869022046105300e+01 -1.677165023485819617e+01
-2.179418457160561928e+01 -1.468855476379394531e+01
-2.157859246205475401e+01 -1.651047436396281043e+01
-2.159434418759103380e+01 -1.680884945392608643e+01
-2.177335110357252290e+01 -1.712230487664540490e+01
-2.168551335092318411e+01 -1.495734425385793109e+01
-2.145990816213316776e+01 -1.698920810222625732e+01
-2.145600908893649716e+01 -1.700243341922760010e+01
-2.159286743099406536e+01 -1.679029778639475623e+01
-2.172335359605692062e+01 -1.704150879383087158e+01
-2.180706492925094508e+01 -1.532079501946767230e+01
-2.125310210858361160e+01 -1.689423378308613977e+01
-2.191296380253161402e+01 -1.658484609921773156e+01
-2.123910132909225368e+01 -1.694643386205037316e+01
-2.150888704849501920e+01 -1.653186388810475549e+01
-2.122029739315226848e+01 -1.702016750971476355e+01
-2.166454271542824017e+01 -1.645585962136586389e+01
-2.181317836955442147e+01 -1.712617127100626746e+01
-2.130469092676194975e+01 -1.716598006089528283e+01
-2.212304781251034669e+01 -1.662954028447468957e+01
-2.144802253529176994e+01 -1.654628817240397254e+01
-2.188092448347705954e+01 -1.470550998051961322e+01
-2.139713583154193444e+01 -1.587812264760335346e+01
-2.107376294216867052e+01 -1.626056047280629357e+01
-2.189032510983741986e+01 -1.692561026414235315e+01
-2.071316390118356310e+01 -1.583568382263183594e+01
-2.195128741506802683e+01 -1.591660137971242328e+01
-2.133828420154118888e+01 -1.663808345794677734e+01
-2.196023226592500421e+01 -1.639701032638549805e+01
-2.112200743465100317e+01 -1.702865974108378211e+01
-2.139128877348818847e+01 -1.699313290913899621e+01
-2.167841432862362794e+01 -1.694987467924753943e+01
-2.183921356524451340e+01 -1.655297311147053918e+01
-2.134492203340692029e+01 -1.721790671348571777e+01
-2.191629893092785863e+01 -1.563954043388366699e+01
-2.121689760887016618e+01 -1.675300137201945105e+01
-2.203854045221360991e+01 -1.683973666032155236e+01
-2.203946063478114326e+01 -1.716139749685923377e+01
-2.191820524506649903e+01 -1.663202981154124060e+01
-2.192762782210010641e+01 -1.583603715896606445e+01
-2.204370185076180277e+01 -1.693513623873392859e+01
-2.153893908807786772e+01 -1.710832468668619910e+01
-2.144206281435691608e+01 -1.698825442790985107e+01
-2.162548352904238769e+01 -1.631186358133951941e+01
-2.139818364482815127e+01 -1.523269752661387066e+01
-2.189449643280546454e+01 -1.670282443364461145e+01
-2.187304435342045039e+01 -1.661996948719024658e+01
-2.170304946576134597e+01 -1.626632253328959266e+01
-2.214759401547706830e+01 -1.693686274687449256e+01
-2.172972595893730485e+01 -1.611149394512176514e+01
-2.172535836494575179e+01 -1.519887634118398090e+01
-2.206173264778266585e+01 -1.706563647588093957e+01
-2.155918691926083497e+01 -1.704728996753692627e+01
-2.192430840508412615e+01 -1.683546014626820764e+01
-2.198835692971439570e+01 -1.573042345046997070e+01
-2.196041556536141215e+01 -1.688735353946685791e+01
-2.212336383431644649e+01 -1.672733541329701623e+01
-2.178037764662403220e+01 -1.718513798713684082e+01
-2.146743777646856799e+01 -1.717725551128387451e+01
-2.227550209174722085e+01 -1.668505601088206092e+01
-2.145236990007303390e+01 -1.638803927103678504e+01
-2.177117843951209153e+01 -1.711920003096262732e+01
-2.118572172876131887e+01 -1.585088622570037842e+01
-2.101053026167013016e+01 -1.622218032677968225e+01
-2.177069075632903505e+01 -1.651364799340565881e+01
-2.217115295539468178e+01 -1.673065789540608606e+01
-2.215799918417203074e+01 -1.647013584772745887e+01
-2.203836022393178240e+01 -1.679299283027648926e+01
-2.165846633911132812e+01 -1.677876611550648889e+01
-2.158319550853664737e+01 -1.703140274683634559e+01
-2.214411556114584556e+01 -1.703598527113596717e+01
-2.168071014598264412e+01 -1.643264579772949219e+01
-2.175475857621532327e+01 -1.695166957378387451e+01
-2.137138024831222438e+01 -1.647003813584645471e+01
-2.161766952579304402e+01 -1.730054958661397180e+01
-2.201213573197187046e+01 -1.705496025085449219e+01
-2.213458308527025054e+01 -1.680607910950978479e+01
-2.158188270310224155e+01 -1.656305742263793945e+01
-2.218099626444153927e+01 -1.662581662336985389e+01
-2.175402342262914601e+01 -1.643743586540222168e+01
-2.190053511474092218e+01 -1.570930778980255127e+01
-2.125429521980932179e+01 -1.597180342674255371e+01
-2.198496593863277226e+01 -1.636166687806447229e+01
-2.185829720254671926e+01 -1.686527844270070275e+01
-2.164279792268397529e+01 -1.686636944611867150e+01
-2.183033768605377745e+01 -1.643035511175791541e+01
-2.225599469976910072e+01 -1.632537670930226525e+01
-2.188371213815980099e+01 -1.648502898216247559e+01
-2.224063655077400981e+01 -1.701716220378875732e+01
-2.145081744759769649e+01 -1.618276635805765906e+01
-2.174193115557654465e+01 -1.675455315907796106e+01
-2.203900001008631904e+01 -1.611786818504333496e+01
-2.213494772830252089e+01 -1.679407111803690711e+01
-2.189618425854181893e+01 -1.588542691866556744e+01
-2.198793876777261147e+01 -1.668412566184997559e+01
-2.212109994080107001e+01 -1.701499418417612830e+01
-2.221038716526354762e+01 -1.686289731661478797e+01
-2.221171340295823882e+01 -1.693813165028889856e+01
-2.172906149848032697e+01 -1.678343737125396729e+01
-2.179829001022597623e+01 -1.537700184186299701e+01
-2.185483245526329910e+01 -1.605403057734171668e+01
-2.217016315460205078e+01 -1.616002790133158484e+01
-2.242390770023152058e+01 -1.629796886444091797e+01
-2.235526467986025878e+01 -1.640193363030751428e+01
-2.188747386609093581e+01 -1.697731610139210900e+01
-2.172481184490656503e+01 -1.684679349263508996e+01
-2.199504281706729003e+01 -1.665319740772247314e+01
-2.209523456379518791e+01 -1.679118065039316932e+01
-2.207833175335900222e+01 -1.629451235135396203e+01
-2.213700651718398404e+01 -1.699779911835988244e+01
-2.162965929710258806e+01 -1.495118363698323627e+01
-2.229128745450811877e+01 -1.672792983055114746e+01
-2.203201584896798693e+01 -1.653858911991119385e+01
-2.220402509075100284e+01 -1.680678768952687463e+01
-2.232748888306698731e+01 -1.626253040631612024e+01
-2.138516282227079657e+01 -1.673813680807749549e+01
-2.208315020092463143e+01 -1.674695475896199426e+01
-2.220998882035077671e+01 -1.601341529687245568e+01
-2.211334268925553559e+01 -1.604903074105580529e+01
-2.246542547516903809e+01 -1.661194777488708496e+01
-2.214380571397684250e+01 -1.625955442587534705e+01
-2.218440799389855300e+01 -1.692110097408294678e+01
-2.238653606479450886e+01 -1.620254945755004883e+01
-2.170897716586872761e+01 -1.706248851617177209e+01
-2.211182154639292463e+01 -1.669972018400828162e+01
-2.228919014688265676e+01 -1.654171605904896936e+01
-2.192608778355485200e+01 -1.684664853413899621e+01
-2.235664432331667228e+01 -1.662977544466654578e+01
-2.267262352119058022e+01 -1.687012163798014441e+01
-2.259817377187437870e+01 -1.609097576141357422e+01
-2.231440144878322940e+01 -1.571217429637908936e+01
-2.214737874370510440e+01 -1.676833335558573523e+01
-2.186895360785015541e+01 -1.654277594884236535e+01
-2.199541497634628939e+01 -1.545836981137593646e+01
-2.249593178700592588e+01 -1.667399557431538781e+01
-2.196560200998338530e+01 -1.695495327313740930e+01
-2.241236723883677229e+01 -1.630155861377716064e+01
-2.191115785049179721e+01 -1.560338278611501117e+01
-2.183664048728296336e+01 -1.695510478814442834e+01
-2.254983814692092992e+01 -1.643850807348887244e+01
-2.263779950546005892e+01 -1.615175914764404297e+01
-2.210570275581489241e+01 -1.650660447279612342e+01
-2.237080157005180681e+01 -1.604426781336466590e+01
-2.206564811124640002e+01 -1.703712364037831506e+01
-2.189350134639416723e+01 -1.500120353698730469e+01
-2.217710785946603380e+01 -1.650421027342478553e+01
-2.234255646851103094e+01 -1.391624772548675537e+01
-2.207247926421084472e+01 -1.645537245273590088e+01
-2.205742692139189032e+01 -1.690833425521850586e+01
-2.158287622969029229e+01 -1.671944697697957238e+01
-2.245406040902865286e+01 -1.609209462006886682e+01
-2.248253111111915814e+01 -1.661101833979288855e+01
-2.228442877430026670e+01 -1.696154010295867920e+01
-2.254336854967020187e+01 -1.587919322649637799e+01
-2.202853926965745757e+01 -1.675592561562855920e+01
-2.230497319819563629e+01 -1.657897257804870605e+01
-2.283669513767048542e+01 -1.676726408799489221e+01
-2.270064460625082603e+01 -1.568029356002807617e+01
-2.255863162218514262e+01 -1.626980706055958947e+01
-2.263968234951213176e+01 -1.654393072923024377e+01
-2.232898831771591830e+01 -1.443989161650339703e+01
-2.191669060012041470e+01 -1.626655761400858680e+01
-2.211960710105249461e+01 -1.652968168258666992e+01
-2.216000531083446390e+01 -1.620220994949340820e+01
-2.200401592254638672e+01 -1.687119404474894324e+01
-2.237458405252230520e+01 -1.557007292906443219e+01
-2.273091004258495218e+01 -1.694269069035847863e+01
-2.243314380969031419e+01 -1.665478257338206092e+01
-2.267645430160781217e+01 -1.655508708953857422e+01
-2.190419124344647983e+01 -1.616689578692118445e+01
-2.200521058551335685e+01 -1.579853391647338867e+01
-2.202037735308631028e+01 -1.624260727564493934e+01
-2.253095460342148471e+01 -1.677270448207855225e+01
-2.282116864091258890e+01 -1.684386563301086426e+01
-2.239374999676720535e+01 -1.652393245697021484e+01
-2.266269409050375572e+01 -1.625688338279724121e+01
-2.275125383926650358e+01 -1.655291255315144738e+01
-2.206406142347950095e+01 -1.605024913946787635e+01
-2.234792862908314959e+01 -1.628710019588470459e+01
-2.224758059291516332e+01 -1.679451704025268555e+01
-2.289592523089909903e+01 -1.687360143661499023e+01
-2.250721486948304317e+01 -1.674604459603627404e+01
-2.291944182121147477e+01 -1.625853101412455359e+01
-2.205985211517851141e+01 -1.642004803816477576e+01
-2.219164966324628452e+01 -1.665197865168253699e+01
-2.284394946340787058e+01 -1.675725642840067664e+01
-2.266766664537332687e+01 -1.662599229812622070e+01
-2.236937429137148925e+01 -1.654838319619496545e+01
-2.250288429906812837e+01 -1.589293571313222309e+01
-2.262791829190011583e+01 -1.663011670112609863e+01
-2.214218464544264009e+01 -1.631998475392659387e+01
-2.279019043809276468e+01 -1.631070474783579627e+01
-2.281077210377838682e+01 -1.688888029257456580e+01
-2.257110558525990740e+01 -1.656209969520568848e+01
-2.262124045420501162e+01 -1.530840528011322021e+01
-2.230287311036708076e+01 -1.637248869736989221e+01
-2.240799776174254276e+01 -1.629245233535766602e+01
-2.263217161469540528e+01 -1.685840578873952111e+01
-2.173239804930605956e+01 -1.636141149202982703e+01
-2.288645757254907664e+01 -1.675272520383198938e+01
-2.259102595054497087e+01 -1.643373747666676721e+01
-2.272241702322232371e+01 -1.692576924959818641e+01
-2.227147107205148302e+01 -1.697479410966237268e+01
-2.253179815260030594e+01 -1.590612383683522602e+01
-2.238310873710502946e+01 -1.546430170536041260e+01
-2.204544123956712554e+01 -1.630845836798350135e+01
-2.258408098705744393e+01 -1.660566969712575158e+01
-2.278262898073358045e+01 -1.608450877666473389e+01
-2.280000453884318645e+01 -1.647248228391011438e+01
-2.213043862682278018e+01 -1.655404841899871826e+01
-2.264484528363761129e+01 -1.648707520961761475e+01
-2.286194007679567619e+01 -1.671116062005360803e+01
-2.282565354492704657e+01 -1.658001633485158166e+01
-2.246926152504096663e+01 -1.652569123109181604e+01
-2.284116327964653337e+01 -1.609270811080932617e+01
-2.224066634097341932e+01 -1.601898010571797570e+01
-2.290564297821562079e+01 -1.627732757727305213e+01
-2.278666974730410644e+01 -1.683264116446177283e+01
-2.302448229062355267e+01 -1.657257664203643799e+01
-2.257281647698354021e+01 -1.623700968424479285e+01
-2.245696662644208530e+01 -1.567059747378031354e+01
-2.261944512189444723e+01 -1.626764539877573768e+01
-2.284710277945308476e+01 -1.672458136081695557e+01
-2.293866446866827502e+01 -1.609533452987670898e+01
-2.283742456921076425e+01 -1.516978589693705182e+01
-2.262959940958831240e+01 -1.572774823506673236e+01
-2.260386425761853246e+01 -1.596399692694346051e+01
-2.291131821325269868e+01 -1.703300805886586389e+01
-2.252974206310207705e+01 -1.659037423133850098e+01
-2.293688345763642999e+01 -1.653848604361216346e+01
-2.286728900974079792e+01 -1.612216353416442871e+01
-2.256477711564403421e+01 -1.653363660971323768e+01
-2.278330083620750202e+01 -1.651304491360982141e+01
-2.302060245255292514e+01 -1.634862220287322998e+01
-2.263432575484453579e+01 -1.648144690195719519e+01
-2.291415240400928610e+01 -1.657146457831064978e+01
-2.270846426689018571e+01 -1.633206029733021936e+01
-2.279560638686357876e+01 -1.538258735338846783e+01
-2.257562740778518773e+01 -1.596029504140218158e+01
-2.283633448713916891e+01 -1.621372687816619873e+01
-2.296017546572927870e+01 -1.680188413461049279e+01
-2.286180172936391131e+01 -1.566739638646443744e+01
-2.263726454266047128e+01 -1.701454917589823523e+01
-2.248583150314072299e+01 -1.686197900772094727e+01
-2.292166989536608668e+01 -1.637340553601582727e+01
-2.282064612437102724e+01 -1.650271983941395959e+01
-2.277504402095988567e+01 -1.681050439675648889e+01
-2.311614311347573647e+01 -1.638151232401530066e+01
-2.250970533338643875e+01 -1.671941276391347131e+01
-2.280687794442904348e+01 -1.642317930857340613e+01
-2.283646955328472572e+01 -1.538634475072224994e+01
-2.207357746059611614e+01 -1.579649893442789654e+01
-2.267636132644394564e+01 -1.617619514465332031e+01
-2.265462280532061001e+01 -1.645958662033081055e+01
-2.297211090993073057e+01 -1.639182170232136926e+01
-2.266370681180792346e+01 -1.659863591194152832e+01
-2.276894100641800023e+01 -1.639376982053120813e+01
-2.286525134717003738e+01 -1.543830899397532086e+01
-2.255396810628599980e+01 -1.582274313767751117e+01
-2.283647091105832772e+01 -1.541402546564737897e+01
-2.234510051597982994e+01 -1.632066122690836707e+01
-2.258898414999751836e+01 -1.682011183102925500e+01
-2.235473270739539231e+01 -1.609789860248565674e+01
-2.334695833820407529e+01 -1.523190244038899799e+01
-2.306787670264809975e+01 -1.588815732796986957e+01
-2.245572141873634564e+01 -1.613038738568623742e+01
-2.182549510567875117e+01 -1.562968639532724957e+01
-2.291365364850577535e+01 -1.674010491371154785e+01
-2.350146274243370925e+01 -1.552849256992340088e+01
-2.251452476695432381e+01 -1.633545939127604285e+01
-2.273161791138729981e+01 -1.670182319482167443e+01
-2.294349922568111211e+01 -1.630315275986989221e+01
-2.325043515027579488e+01 -1.644677305221557617e+01
-2.274703011270296926e+01 -1.564919157822926898e+01
-2.261757291373560008e+01 -1.687479412555694580e+01
-2.279292644888667851e+01 -1.539596505959828754e+01
-2.273595971576238028e+01 -1.633793890476226807e+01
-2.235447293620998721e+01 -1.664726185798645020e+01
-2.304635416451147023e+01 -1.620630065600077430e+01
-2.227014480202884883e+01 -1.632629601160685340e+01
-2.294158062692416067e+01 -1.596583131949106793e+01
-2.291016893871760018e+01 -1.618269161383311072e+01
-2.283114594928288810e+01 -1.591549356778462787e+01
-2.302671600600420376e+01 -1.700561559200286865e+01
-2.283747621309959186e+01 -1.641168185075123986e+01
-2.292962378162448545e+01 -1.588043995698293109e+01
-2.316608894477456460e+01 -1.682474819819132605e+01
-2.283201707419702586e+01 -1.467461709181467633e+01
-2.293579872583938695e+01 -1.669824238618214807e+01
-2.274187763666702367e+01 -1.684967891375223914e+01
-2.272781730910478970e+01 -1.540405607223510742e+01
-2.233966177600925107e+01 -1.639163569609324256e+01
-2.293956426846779095e+01 -1.604828874270121375e+01
-2.345558512412895524e+01 -1.642587367693583289e+01
-2.294153114900750623e+01 -1.633004546165466309e+01
-2.302060245255292514e+01 -1.559418022632598877e+01
-2.291092295565847792e+01 -1.630727215607960900e+01
-2.287264434361862087e+01 -1.596758782863616943e+01
-2.337745590533240403e+01 -1.602523581186930457e+01
-2.247765726962332167e+01 -1.638588464260101318e+01
-2.304312948453224408e+01 -1.610716724395751953e+01
-2.308856593956381431e+01 -1.708613419532775879e+01
-2.314100191148660812e+01 -1.643795080979665002e+01
-2.268827601610604106e+01 -1.653342111905415734e+01
-2.308002610933982623e+01 -1.606965657075246057e+01
-2.243829609175859829e+01 -1.625328985850016394e+01
-2.304651312100685345e+01 -1.596561833222707172e+01
-2.257230073314602237e+01 -1.646332573890686035e+01
-2.329061705379162817e+01 -1.638061606884002686e+01
-2.228180293713585769e+01 -1.618148032824198523e+01
-2.312662792205810547e+01 -1.602704103787739953e+01
-2.308650980157367272e+01 -1.633355840047200402e+01
-2.357782895686262847e+01 -1.642396378517150879e+01
-2.314480346744343464e+01 -1.640865445137023926e+01
-2.281578430886996145e+01 -1.627585152784983435e+01
-2.327899515830864274e+01 -1.601853068669636926e+01
-2.318844491344387393e+01 -1.599270375569661518e+01
-2.292458946421994881e+01 -1.553559676806131939e+01
-2.291468230748580837e+01 -1.662926530838012695e+01
-2.325296705860202451e+01 -1.623889076709747314e+01
-2.350726300579006534e+01 -1.619626069068908691e+01
-2.268394790261478633e+01 -1.473726741472879986e+01
-2.294480740821967757e+01 -1.658175897598266602e+01
-2.259529873476190076e+01 -1.628077125549316406e+01
-2.294794082641601562e+01 -1.653495323657989502e+01
-2.321315943184545461e+01 -1.622540775934855262e+01
-2.311557973441431102e+01 -1.554734456539154053e+01
-2.343104436842061844e+01 -1.667845674355824670e+01
-2.347923589156845736e+01 -1.628798246383666992e+01
-2.323611396854206745e+01 -1.638301793734232703e+01
-2.332234486078811742e+01 -1.639474872748057166e+01
-2.346296223139358617e+01 -1.606386264165242395e+01
-2.314771188315698680e+01 -1.494816943009694477e+01
-2.316971698049771433e+01 -1.613668247063954553e+01
-2.347889625420004478e+01 -1.592245241006215473e+01
-2.273568179243702048e+01 -1.649205048878987512e+01
-2.313387387485827418e+01 -1.623002461592356482e+01
-2.291778530508785039e+01 -1.662140913804372033e+01
-2.370140335923534280e+01 -1.687869755427042762e+01
-2.336278016688460113e+01 -1.641495323181152344e+01
-2.311596530978962605e+01 -1.558657705783843994e+01
