# Train Val
-5.941053231893959286e+00 -8.174208998680114746e+00
-8.274670556440192115e+00 -8.241597791512807802e+00
-8.273688781059394870e+00 -8.259023725986480713e+00
-8.363320152638321403e+00 -8.380095660686492920e+00
-8.383429664676471660e+00 -8.353367050488790468e+00
-8.409703622430058090e+00 -8.381731907526651426e+00
-8.437590760699773540e+00 -8.456842939058939024e+00
-8.479964822025621629e+00 -8.449264566103616758e+00
-8.551906484668537090e+00 -8.611073950926462217e+00
-8.652822575326693411e+00 -8.809790134429931641e+00
-8.918165938328888487e+00 -9.112254937489828066e+00
-9.456734624959654667e+00 -9.460096319516500429e+00
-9.763582924665030305e+00 -1.041388134161631207e+01
-1.049816050771939580e+01 -1.126858540376027484e+01
-1.140548410254009681e+01 -7.581804573535919189e+00
-1.272525808366678568e+01 -1.382683062553405762e+01
-1.263792500253451045e+01 -1.474912631511688232e+01
-1.365377027301465063e+01 -1.319163974126180072e+01
-1.480936708288677650e+01 -1.625072185198466101e+01
-1.516742909156669938e+01 -1.717716622352600098e+01
-1.524399168208494082e+01 -1.459071242809295654e+01
-1.609797760591668592e+01 -1.372489233811696430e+01
-1.675693452156196273e+01 -1.203209356466929059e+01
-1.595769575490789904e+01 -1.653813616434733191e+01
-1.676592930292678929e+01 -1.460009860992431641e+01
-1.632361601166806153e+01 -1.720515429973602295e+01
-1.720175773814573006e+01 -1.764829925696055213e+01
-1.710390028711092825e+01 -1.509572978814443012e+01
-1.694762978311312551e+01 -1.802921628952026367e+01
-1.756476976911900323e+01 -1.796164731184641639e+01
-1.715621405132746347e+01 -1.878886850674946984e+01
-1.836229675099001213e+01 -1.693092362085978309e+01
-1.737901005502474661e+01 -1.820956738789876184e+01
-1.722091740268771787e+01 -1.782329388459523400e+01
-1.863633702973188022e+01 -1.475192781289418598e+01
-1.853607199555736429e+01 -1.793468244870503625e+01
-1.854669584662227422e+01 -1.772298510869343957e+01
-1.878831436674473565e+01 -1.749979281425476074e+01
-1.900487591856617087e+01 -1.730535113811492920e+01
-1.929923953848370033e+01 -1.914150325457255164e+01
-1.892444572610370201e+01 -1.792354881763458252e+01
-1.903866225582058291e+01 -1.884732651710510254e+01
-2.009244071831137290e+01 -1.957500545183817664e+01
-1.930659442028756700e+01 -1.922269554932912072e+01
-1.877752911842475569e+01 -2.007811395327250281e+01
-1.986278044975410140e+01 -2.014869340260823449e+01
-1.988392450849888604e+01 -1.924868766466776648e+01
-1.945795576451188325e+01 -1.787720811367034912e+01
-1.965892185599117070e+01 -1.801521245638529578e+01
-2.040306493791483078e+01 -1.962771026293436805e+01
-2.023227395041514143e+01 -1.967130831877390662e+01
-1.993784189224243164e+01 -1.714660545190175256e+01
-1.985698100267830668e+01 -1.693672895431518555e+01
-1.888647484375258756e+01 -1.644291138648986816e+01
-2.015385837878211106e+01 -2.027848720550537109e+01
-1.980807019896426269e+01 -1.824501089255015174e+01
-1.973058760368217790e+01 -1.907414583365122596e+01
-2.038392343359478431e+01 -1.973871858914693078e+01
-2.028383935508081493e+01 -1.796927209695180139e+01
-2.057777405593354914e+01 -1.442087503274281879e+01
-2.083857509645364914e+01 -1.861834510167439660e+01
-2.100299040745880674e+01 -1.382902713616689105e+01
-1.989892224134024801e+01 -1.932169191042582312e+01
-2.016152539495694285e+01 -1.832952340443928918e+01
-1.915862356202077166e+01 -1.886734151840209961e+01
-2.023169943437737928e+01 -1.787538107236226281e+01
-2.073763309899023000e+01 -1.587392115592956543e+01
-2.099281956785816305e+01 -1.809754625956217566e+01
-2.001752414541729408e+01 -1.797152797381083289e+01
-1.947038993188890288e+01 -1.587784473101297955e+01
-2.064200548398292767e+01 -1.867460576693217078e+01
-2.129267686908528034e+01 -2.083276255925496301e+01
-2.076852535797377897e+01 -1.906216700871785363e+01
-2.065992225226709422e+01 -1.901589202880859375e+01
-1.988496281736988180e+01 -2.078604340553283691e+01
-2.162612315355721293e+01 -1.884950367609659949e+01
-2.057529553720506499e+01 -1.881087843577067176e+01
-2.060148665056390271e+01 -2.000602277119954309e+01
-2.144498748294377677e+01 -2.013742677370707312e+01
-2.156668464208053493e+01 -1.850307448705037316e+01
-2.158658556210792767e+01 -1.812910079956054688e+01
-2.085159240334720820e+01 -1.951100206375122070e+01
-2.125958588163731378e+01 -1.758215868473052979e+01
-2.199037430650096780e+01 -1.621666622161865234e+01
-2.080225634978989291e+01 -1.935803802808125695e+01
-2.143577874717065868e+01 -1.953548510869343957e+01
-2.118610208317385002e+01 -1.562919076283772846e+01
-2.091278014748783320e+01 -1.859145490328470984e+01
-2.112608899100352033e+01 -2.028117672602335730e+01
-2.069034608743958614e+01 -2.161819855372111121e+01
-2.160928390793881348e+01 -2.083813973267873010e+01
-2.200648931729591595e+01 -1.616816906134287635e+01
-2.163821393352444034e+01 -1.770425009727478027e+01
-2.175344683760303610e+01 -2.014768354098002234e+01
-2.188213878566935833e+01 -2.080914258956909180e+01
-2.165487417124085567e+01 -2.150786058108012000e+01
-2.133541535522978094e+01 -2.074997353553771973e+01
-2.217980344416731597e+01 -1.581564048926035504e+01
-2.114494648626295259e+01 -1.956049617131550988e+01
-2.143055185221009395e+01 -2.166242074966430664e+01
-2.137676814451056018e+01 -1.980737551053364953e+01
-2.142355607727826694e+01 -1.714710116386413574e+01
-2.156339024689237860e+01 -2.151359605789184570e+01
-2.226780105849443814e+01 -1.727695751190185547e+01
-2.187607428178948865e+01 -1.897227772076924524e+01
-2.196080438969498871e+01 -1.765329110622406006e+01
-2.137223122483592874e+01 -1.890420142809550086e+01
-2.191083051390566894e+01 -1.764913376172383508e+01
-2.146057053743782816e+01 -2.044558405876159668e+01
-2.141437737416412901e+01 -1.961984014511108398e+01
-2.081044763629719441e+01 -2.177748735745747766e+01
-2.205318276356842588e+01 -2.134401623407999793e+01
-2.182746264894129951e+01 -1.941039284070332727e+01
-2.227439570022841764e+01 -1.579720143477121930e+01
-2.249977233046192282e+01 -2.029179962476094445e+01
-2.215479146828085533e+01 -1.955744997660319129e+01
-2.261056116071798172e+01 -1.998434241612752160e+01
-2.262505447258383384e+01 -2.055798268318176270e+01
-2.199887110823291891e+01 -1.892582631111145020e+01
-2.158781113058833867e+01 -1.924890255928039551e+01
-2.194510857533600401e+01 -2.005852858225504676e+01
-2.232150034177101361e+01 -1.967879660924275598e+01
-2.169655060364028287e+01 -2.075997201601664344e+01
-2.225987120806160746e+01 -1.748560512065887451e+01
-2.178882626355704488e+01 -1.896773127714793006e+01
-2.201868721590203748e+01 -1.624598435560862342e+01
-2.155212822607008150e+01 -2.031654262542724609e+01
-2.153702533851235756e+01 -1.886493746439616004e+01
-2.250289040904934268e+01 -2.032767709096272668e+01
-2.196151432748568411e+01 -2.111163051923115930e+01
-2.214557732565928205e+01 -1.980347410837809363e+01
-2.263840647875252543e+01 -2.119197352727254113e+01
-2.253049438282594963e+01 -2.033786336580912391e+01
-2.135194595789505101e+01 -1.763155202070872107e+01
-2.243620308374954320e+01 -1.609064193566640100e+01
-2.180269880618079270e+01 -1.941445970535278320e+01
-2.253659618506997475e+01 -2.033121526241302490e+01
-2.294307493759414029e+01 -2.137354334195454797e+01
-2.323819481316259328e+01 -1.848071312904357910e+01
-2.178202827906204320e+01 -1.962354723612467566e+01
-2.282951177176782664e+01 -1.913655972480773926e+01
-2.249998813564494426e+01 -2.039598512649536133e+01
-2.194270561509213380e+01 -1.950320390860239783e+01
-2.290641146191095956e+01 -2.139611005783081055e+01
-2.304341361482264716e+01 -2.010235993067423621e+01
-2.274850074315475368e+01 -1.986688232421875000e+01
-2.370985132960949926e+01 -2.114890813827514648e+01
-2.293652416487871548e+01 -2.044043008486429969e+01
-2.271713106511002778e+01 -2.176364549001057824e+01
-2.241549944473525358e+01 -1.925222794214884559e+01
-2.274639118323892006e+01 -2.160859227180480957e+01
-2.279409651028908002e+01 -2.021971233685811242e+01
-2.283545865850933509e+01 -1.914897990226745605e+01
-2.263375377655029297e+01 -2.085216951370239258e+01
-2.252878191511509698e+01 -2.095074470837910852e+01
-2.282082392805713766e+01 -2.155370728174845496e+01
-2.312016984971903000e+01 -1.709741791089375695e+01
-2.287135487087702401e+01 -2.160597483317057410e+01
-2.172618424690375960e+01 -2.036721841494242469e+01
-2.233951063479407395e+01 -2.127940320968627930e+01
-2.230927006673004698e+01 -1.982651456197102746e+01
-2.284233604043216914e+01 -2.049834338823954383e+01
-2.276517448586932701e+01 -1.985486785570780555e+01
-2.318584592463606597e+01 -2.066752187410990516e+01
-2.350793812638622171e+01 -2.133248964945475379e+01
-2.347250631300069657e+01 -1.989400688807169715e+01
-2.324157785965224576e+01 -2.226699328422546387e+01
-2.386412749856205195e+01 -2.086561942100524902e+01
-2.353623451620845586e+01 -1.905029265085856238e+01
-2.345406466015314706e+01 -2.081412291526794434e+01
-2.269373326382394396e+01 -2.187277722358703613e+01
-2.289786161810664922e+01 -1.737758231163024902e+01
-2.222917241565251700e+01 -2.129900137583414832e+01
-2.354379964278916049e+01 -1.964841190973917762e+01
-2.247769215955572619e+01 -1.989983439445495605e+01
-2.388537141832254562e+01 -2.173179376125335693e+01
-2.386183520494881449e+01 -2.111587254206339637e+01
-2.363038198826676606e+01 -2.217392357190449914e+01
-2.333335714825129159e+01 -1.731877497831980506e+01
-2.278089526548223986e+01 -2.061082228024800500e+01
-2.346773291442353937e+01 -2.114284181594848633e+01
-2.356252355090642325e+01 -2.178575436274210730e+01
-2.189154392177775676e+01 -1.664970580736796180e+01
-2.358229005134711898e+01 -1.914408795038859168e+01
-2.333513825626696558e+01 -2.098609733581542969e+01
-2.331580042434951139e+01 -2.159542282422383508e+01
-2.346179451376704961e+01 -2.198281876246134559e+01
-2.380516026383739359e+01 -2.050749818483988562e+01
-2.327241351240772360e+01 -2.119228402773539344e+01
-2.400766500376038692e+01 -2.178348604838053504e+01
-2.415380174022610049e+01 -2.158728623390197754e+01
-2.348554937718278168e+01 -2.060658470789591590e+01
-2.410734178252139159e+01 -2.076056019465128699e+01
-2.319449012562380119e+01 -2.196734356880187988e+01
-2.409108701802916386e+01 -2.140909274419148645e+01
-2.402379842531883014e+01 -2.203627888361613074e+01
-2.383711913480597033e+01 -2.096084372202555457e+01
-2.446365445347155543e+01 -2.113082452615102014e+01
-2.407011434587381515e+01 -2.084052856763203820e+01
-2.370268076557223935e+01 -1.977400096257527551e+01
-2.212972545623779297e+01 -1.739896694819132605e+01
-2.356004929946640658e+01 -1.869941751162211219e+01
-2.435170808889098026e+01 -2.029870549837748328e+01
-2.342378485404838884e+01 -2.095093663533528527e+01
-2.416270994735976529e+01 -1.984900180498759070e+01
-2.268145559601864747e+01 -2.033675901095072547e+01
-2.472695316702632695e+01 -2.235242533683776855e+01
-2.316277002075971225e+01 -2.015579549471537391e+01
-2.313211528325485133e+01 -2.187486974398295203e+01
-2.418427913471803947e+01 -1.975098713239033899e+01
-2.388870780750856682e+01 -1.984898257255554199e+01
-2.366654775910458497e+01 -2.157572229703267297e+01
-2.321548215413497829e+01 -2.218973803520202637e+01
-2.267969766713805058e+01 -1.943679483731587609e+01
-2.320117134158894245e+01 -2.187668951352437219e+01
-2.400863398535776838e+01 -2.126441963513692102e+01
-2.375379808070296050e+01 -2.078296788533528527e+01
-2.373276854369600031e+01 -2.168223182360331336e+01
-2.408213151511499461e+01 -2.172990965843200684e+01
-2.329753563767772562e+01 -2.093180704116821289e+01
-2.351438307358046842e+01 -2.054773577054341516e+01
-2.325175813901222455e+01 -2.056777532895405969e+01
-2.437512436559644868e+01 -2.227189000447591027e+01
-2.358418438798290140e+01 -2.025510168075561523e+01
-2.257915580878823647e+01 -2.186958456039428711e+01
-2.331233990394462907e+01 -1.884031867980957031e+01
-2.341750152232283355e+01 -2.051472179094950476e+01
-2.371036550554178390e+01 -2.034437751770019531e+01
-2.378830542806851511e+01 -2.167445643742879113e+01
-2.388465947619939200e+01 -2.123766223589579383e+01
-2.358565223823159585e+01 -2.120238908131917199e+01
-2.362081550339521030e+01 -2.147160212198893348e+01
-2.402704710879568495e+01 -2.199492096900939941e+01
-2.369615019782114729e+01 -2.214775808652241906e+01
-2.421732840295565481e+01 -2.171280837059020996e+01
-2.429383239099534819e+01 -2.094854299227396766e+01
-2.417850974454718127e+01 -2.139790638287862024e+01
-2.338528956397104963e+01 -2.041431498527526855e+01
-2.381016401517189252e+01 -2.200940601030985633e+01
-2.419711235822257223e+01 -1.954703021049499512e+01
-2.349324845459501532e+01 -1.966371512413024902e+01
-2.445897102355957031e+01 -2.105437604586283484e+01
-2.446416471772274903e+01 -2.249278465906779090e+01
-2.480490679660086073e+01 -2.174896558125813684e+01
-2.363144161741612237e+01 -2.161544060707092285e+01
-2.410989788831290426e+01 -2.173286183675130090e+01
-2.351244538517321558e+01 -1.947667328516642371e+01
-2.306477936243606663e+01 -1.912262964248657227e+01
-2.453252813371561203e+01 -1.909078860282897949e+01
-2.455097760992535072e+01 -2.023156507809956750e+01
-2.470123581967111193e+01 -2.246083196004231652e+01
-2.382957820569054519e+01 -2.200347896416981897e+01
-2.434323385206319657e+01 -2.095044708251953125e+01
-2.392883780851202502e+01 -2.155606142679850379e+01
-2.402941739357124007e+01 -1.781240304311116418e+01
-2.398637487120547362e+01 -2.245218888918558875e+01
-2.462293741258524093e+01 -2.186270626386006555e+01
-2.437361953218104560e+01 -2.258665943145751953e+01
-2.460721133927167514e+01 -2.115726574261983117e+01
-2.466759062621553156e+01 -2.229422903060913086e+01
-2.478874651052183964e+01 -2.173156857490539551e+01
-2.411874982866190109e+01 -2.072070225079854211e+01
-2.478412161035052819e+01 -2.151997248331705848e+01
-2.463269996643066406e+01 -2.188105726242065430e+01
-2.446439581402277597e+01 -2.265210779507954797e+01
-2.444567921202061456e+01 -2.146525835990905762e+01
-2.395796428292484492e+01 -2.263243198394775391e+01
-2.490604397401971326e+01 -1.935769013563792029e+01
-2.407551750894320364e+01 -2.049978335698445520e+01
-2.423172467441882105e+01 -1.937232438723246375e+01
-2.496763972912804519e+01 -2.074804695447285852e+01
-2.386944808798321205e+01 -2.227146641413370887e+01
-2.344950197510800294e+01 -2.166698273022969445e+01
-2.409223769882978061e+01 -2.176116895675659180e+01
-2.495302027362887998e+01 -1.738174208005269250e+01
-2.462823361865544669e+01 -2.129792300860087195e+01
-2.456503947306487490e+01 -1.956683007876078406e+01
-2.509454331155550832e+01 -2.182586590449015418e+01
-2.457193520109532159e+01 -2.212009795506795129e+01
-2.500605531466209186e+01 -2.078451021512349328e+01
-2.414291330111228717e+01 -2.033580454190571984e+01
-2.561726579019578764e+01 -1.996190245946248254e+01
-2.486557676024355956e+01 -2.082168388366699219e+01
-2.420017478425624091e+01 -2.186477533976237098e+01
-2.476948610402769901e+01 -2.243647893269856652e+01
-2.486669946120957064e+01 -1.791463923454284668e+01
-2.431842257612842673e+01 -2.046592640876770020e+01
-2.431656507718361127e+01 -1.669780862331390381e+01
-2.318577627408302533e+01 -2.135582200686137000e+01
-2.441513012223324708e+01 -1.921744712193806848e+01
-2.474009900173898302e+01 -2.148490746815999231e+01
-2.407476546400684470e+01 -2.143858051300048828e+01
-2.447867941452285123e+01 -1.922269459565480432e+01
-2.379742118059578715e+01 -2.080567948023478309e+01
-2.356684296009904145e+01 -2.163839530944824219e+01
-2.493453615802829404e+01 -2.213151641686757287e+01
-2.520324217262914601e+01 -2.189222562313079834e+01
-2.503100477638891164e+01 -2.193698438008626184e+01
-2.526713852963204943e+01 -1.929656465848286828e+01
-2.436569330247781906e+01 -2.055287845929463586e+01
-2.493951726363876986e+01 -2.123442951838175574e+01
-2.494371645329362153e+01 -2.161786286036173621e+01
-2.383137518672619848e+01 -1.836199021339416504e+01
-2.416932120565640574e+01 -2.156563146909077844e+01
-2.479826141616045376e+01 -2.139949997266133508e+01
-2.514025856276689908e+01 -2.098737772305806359e+01
-2.445527138144283086e+01 -1.742707403500874719e+01
-2.525260603629936540e+01 -2.203105743726094445e+01
-2.503489651114253789e+01 -2.153934423128763953e+01
-2.478548064474331980e+01 -2.134079893430073938e+01
-2.520486480098659854e+01 -2.063397661844889441e+01
-2.475461681818557835e+01 -2.207633606592814246e+01
-2.571901110471305074e+01 -2.186884164810180664e+01
-2.469107388641874579e+01 -2.165534909566243371e+01
-2.477889103000446980e+01 -2.236178644498189172e+01
-2.492408894684355047e+01 -2.210454797744750977e+01
-2.503415579715017714e+01 -2.087491679191589355e+01
-2.489090317386691709e+01 -1.987799676259358606e+01
-2.508176646798343867e+01 -2.206185587247212609e+01
-2.490581232814465551e+01 -1.988978568712870398e+01
-2.454713016445353801e+01 -2.002096442381541053e+01
-2.422903032626135911e+01 -2.182215889294942102e+01
-2.521386290404756281e+01 -1.760790399710337439e+01
-2.458212517883817938e+01 -2.125036946932474891e+01
-2.512124906960180226e+01 -2.145898477236429969e+01
-2.534733589624954320e+01 -2.023348478476206580e+01
-2.501558981103412194e+01 -2.025755937894185266e+01
-2.491179684461173238e+01 -2.110131645202636719e+01
-2.462614874112404095e+01 -2.142527365684509277e+01
-2.454778651867882644e+01 -2.047912454605102539e+01
-2.523235279018595989e+01 -2.004410680135091027e+01
-2.517465292397191945e+01 -2.069649569193522254e+01
-2.555386394565388386e+01 -2.148831645647684851e+01
-2.400334805957341544e+01 -2.057778294881184777e+01
-2.442907099804635607e+01 -1.878885841369628906e+01
-2.450954362901590500e+01 -2.206544216473897180e+01
-2.570859092777058308e+01 -1.942850669225056848e+01
-2.420550699557288254e+01 -1.940618785222371301e+01
-2.545116081884351900e+01 -2.229879458745320520e+01
-2.455692457748671842e+01 -2.248350620269775391e+01
-2.546302266848289264e+01 -2.175987259546915809e+01
-2.515313133950960989e+01 -2.250399303436279297e+01
-2.457286412837141754e+01 -1.996318427721659461e+01
-2.495450165312168878e+01 -2.039026403427124023e+01
-2.484621240324893066e+01 -2.169885389010111609e+01
-2.535258065239857928e+01 -2.075807277361552039e+01
-2.505607239674713682e+01 -2.178925832112630090e+01
-2.516351274716652142e+01 -2.117422215143839637e+01
-2.512611010923223986e+01 -1.961732145150502404e+01
-2.452294107210838092e+01 -2.008226823806762695e+01
-2.484760392722436961e+01 -1.684823791186014930e+01
-2.299549978062258049e+01 -2.144592960675557336e+01
-2.476587175918837858e+01 -2.182819811503092566e+01
-2.458988396596100401e+01 -2.101919674873352051e+01
-2.546438651973918255e+01 -2.063824653625488281e+01
-2.488318360862085399e+01 -2.032091077168782434e+01
-2.519470942222465837e+01 -1.883867812156677246e+01
-2.570054611917269582e+01 -1.848766040802001953e+01
-2.450791994191832401e+01 -2.046802862485249719e+01
-2.508463240477998468e+01 -2.168687129020690918e+01
-2.493127137523586612e+01 -2.134025299549102783e+01
-2.572181664483021990e+01 -2.026461219787597656e+01
-2.496204639693437954e+01 -1.686760385831196984e+01
-2.496353920435501195e+01 -2.157782387733459473e+01
-2.502596485008627525e+01 -2.279950881004333496e+01
-2.549567484451552701e+01 -2.069915986061096191e+01
-2.507535816451250454e+01 -2.234865601857503137e+01
-2.585869228233725181e+01 -2.041691199938456336e+01
-2.448422891002590518e+01 -2.099432853857676307e+01
-2.571175871057025475e+01 -2.125050632158915320e+01
-2.454774048368809503e+01 -1.971849934260050574e+01
-2.436977657221131466e+01 -1.907671594619750977e+01
-2.397077429496635759e+01 -2.177096184094746789e+01
-2.491757400965286351e+01 -2.150545962651570520e+01
-2.522387844021037395e+01 -2.131464282671610633e+01
-2.539946822796837722e+01 -2.104585011800130090e+01
-2.544252636473057549e+01 -2.213330403963724891e+01
-2.498575918553239106e+01 -2.080217170715332031e+01
-2.540665558637198629e+01 -2.110928638776143274e+01
-2.517182723546432399e+01 -1.707749076684315881e+01
-2.468551907296908254e+01 -2.037178043524424353e+01
-2.547196743852001077e+01 -2.145566527048746863e+01
-2.462558979099079792e+01 -2.146004287401835242e+01
-2.623797917770126986e+01 -2.140047685305277625e+01
-2.530749531115515794e+01 -1.964682261149088660e+01
-2.446050592196189655e+01 -2.179824558893839637e+01
-2.439110216043763302e+01 -2.156604925791422644e+01
-2.578781966839806472e+01 -2.226403721173604211e+01
-2.422999634176997930e+01 -2.154843751589457312e+01
-2.587625813888291049e+01 -2.244764550526936731e+01
-2.540337350813009110e+01 -2.094904947280883789e+01
-2.537590128688488988e+01 -2.186874469121297082e+01
-2.569007951122219424e+01 -2.120430660247802734e+01
-2.559136277538235049e+01 -2.155596534411112586e+01
-2.528395032074491766e+01 -2.016933655738830566e+01
-2.637222855778063746e+01 -2.183659927050272742e+01
-2.545664358947236749e+01 -2.133026941617329797e+01
-2.513454146304373182e+01 -2.177414933840433875e+01
-2.492826803659988499e+01 -2.137512369950612268e+01
-2.551891160415390658e+01 -1.984712147712707520e+01
-2.524174179465083867e+01 -2.180121831099192420e+01
-2.497253912586276670e+01 -1.909530274073282996e+01
-2.597354381367311760e+01 -2.042141350110371789e+01
-2.483305486582093380e+01 -2.109411001205444336e+01
-2.483428843546721865e+01 -2.080385303497314453e+01
-2.534972976425946811e+01 -2.072551019986470422e+01
-2.514870519153142325e+01 -2.067732048034667969e+01
-2.507854558653750487e+01 -2.098214741547902307e+01
-2.546383170758263503e+01 -2.074764609336853027e+01
-2.514636568295753705e+01 -2.207472944259643555e+01
-2.587914979255805648e+01 -2.244185940424601355e+01
-2.562673085422839137e+01 -2.236869017283121863e+01
-2.608361433320126466e+01 -2.215685772895812988e+01
-2.544189002150196188e+01 -2.057550287246704102e+01
-2.577738276982711696e+01 -1.771868856747945031e+01
-2.602727178799904095e+01 -2.151858496665954590e+01
-2.501922996973587132e+01 -1.985973850886027137e+01
-2.579304190813484965e+01 -2.214799368381500244e+01
-2.563160096184682146e+01 -2.105466934045155725e+01
-2.643995543657723246e+01 -2.126571202278137207e+01
-2.588009947437350888e+01 -2.065618594487508020e+01
-2.572748475155587755e+01 -2.130325166384379187e+01
-2.565762106038756230e+01 -1.974090600013732910e+01
-2.588040025355452300e+01 -2.025636498133341590e+01
-2.550469026727191491e+01 -2.013627107938130578e+01
-2.611500266446905627e+01 -2.083674526214599609e+01
-2.589951303449727860e+01 -2.224520723025004187e+01
-2.589546210078869848e+01 -2.178634818394978723e+01
-2.556473043409444657e+01 -2.030131888389587402e+01
-2.656206955343990117e+01 -1.904471365610758582e+01
-2.414304039841991312e+01 -2.221494078636169434e+01
-2.553973353111137712e+01 -2.225922942161560059e+01
-2.652836301771261063e+01 -2.145658318201700965e+01
-2.614632564480021770e+01 -2.132051046689351281e+01
-2.491134516667511534e+01 -2.200543181101481238e+01
-2.555528732881707654e+01 -1.937158489227294922e+01
-2.607853275234416301e+01 -2.104233185450236121e+01
-2.664966158139503705e+01 -2.109910821914672852e+01
-2.597048756227654920e+01 -2.200735497474670410e+01
-2.659120438462596780e+01 -2.178767081101735315e+01
-2.638421643790552196e+01 -2.151185456911722937e+01
-2.527367734100858954e+01 -2.034447006384531775e+01
-2.485648042064602237e+01 -2.198904657363891602e+01
-2.626359347973839675e+01 -2.103777090708414832e+01
-2.449771315364514379e+01 -2.206066600481669226e+01
-2.684365749359130859e+01 -2.143799519538879395e+01
-2.595223494707527934e+01 -2.125916393597920617e+01
-2.509153673204324875e+01 -1.978329809506734094e+01
-2.530750990722139093e+01 -2.176079082489013672e+01
-2.513767738665564622e+01 -2.011342660586039344e+01
-2.540271568298339844e+01 -2.243281761805216590e+01
-2.597262089939440699e+01 -1.884824109077453613e+01
-2.633909270722987372e+01 -2.139479088783264160e+01
-2.596192408416230890e+01 -2.243799193700154504e+01
-2.531243101216978886e+01 -2.055588984489440918e+01
-2.552905861806061338e+01 -2.148418331146240234e+01
-2.537618861764164180e+01 -1.824288864930470666e+01
-2.518072532395185092e+01 -1.672120702266693115e+01
-2.571489994404679535e+01 -2.161650395393371582e+01
-2.610820729853743316e+01 -1.998846530914306641e+01
-2.553355868388030459e+01 -2.237459754943847656e+01
-2.631093495579089137e+01 -2.208983174959818641e+01
-2.608144845800884681e+01 -2.185731522242228309e+01
-2.548896456572969171e+01 -2.190703415870666504e+01
-2.452656081571417346e+01 -2.131155506769816199e+01
-2.572022653030136752e+01 -2.201937500635782996e+01
-2.597344320911471982e+01 -2.180231642723083496e+01
-2.657385076102563914e+01 -2.182700836658477783e+01
-2.634855457887811170e+01 -2.184147969881693641e+01
-2.551732551445395103e+01 -1.879329943656921387e+01
-2.560774884789676875e+01 -1.960442066192626953e+01
-2.598884563122765456e+01 -2.178939588864644250e+01
-2.660360202142747710e+01 -2.122772276401519775e+01
-2.678626102512165730e+01 -2.191461062431335449e+01
-2.611094356795488736e+01 -2.195175544420878211e+01
-2.566529619895805681e+01 -2.198867738246917725e+01
-2.600513272366281115e+01 -2.222593506177266320e+01
-2.682630757154044332e+01 -1.918640867869059363e+01
-2.548062411809371852e+01 -1.790524347623189172e+01
-2.586066735801050243e+01 -2.155988931655883789e+01
-2.518380438271215382e+01 -2.100779430071512976e+01
-2.605958570060083446e+01 -2.226790452003479004e+01
-2.467739760673652327e+01 -2.199419744809468469e+01
-2.618462882607670039e+01 -2.110723042488098145e+01
-2.558948439258639951e+01 -2.012255056699116906e+01
-2.633845167644953378e+01 -2.130982327461242676e+01
-2.678712266178454371e+01 -2.183626953760782996e+01
-2.539307419728424620e+01 -2.224446352322896203e+01
-2.619755706140550444e+01 -2.211425439516703406e+01
-2.638108778808076593e+01 -2.093417557080586633e+01
-2.607522198305291639e+01 -2.080044841766357422e+01
-2.577799679061113736e+01 -2.200807436307271203e+01
-2.580478125103449472e+01 -2.106036551793416223e+01
-2.480685309232291402e+01 -2.065241312980651855e+01
-2.574745902368577788e+01 -2.188172149658203125e+01
-2.695422954882605637e+01 -2.119184080759684363e+01
-2.615539014137397444e+01 -2.124627478917439660e+01
-2.642992940999693730e+01 -2.069800662994384766e+01
-2.619044585147146620e+01 -2.072921991348266602e+01
-2.594220720711400929e+01 -2.144700129826863488e+01
-2.547004689200449690e+01 -2.027254462242126465e+01
-2.632818553407313544e+01 -2.045661687850952148e+01
-2.620403074814101529e+01 -2.216472427050272742e+01
-2.596890189283985251e+01 -2.168433586756388465e+01
-2.537570280947927870e+01 -2.079824701944987098e+01
-2.496505097211417379e+01 -2.203759098052978516e+01
-2.691284690468998164e+01 -2.062696401278178016e+01
-2.666843593726724038e+01 -2.164076519012451172e+01
-2.594697034156928694e+01 -2.088524452845255652e+01
-2.647638143119165477e+01 -2.088915801048278809e+01
-2.589221002287783691e+01 -2.247638638814290246e+01
-2.535452112100892208e+01 -2.150177629788716516e+01
-2.543622431512606497e+01 -2.201602506637573242e+01
-2.619038402428061119e+01 -1.901979434490203857e+01
-2.595107944941116429e+01 -2.212054534753163537e+01
-2.625427063440872288e+01 -2.155438534418741980e+01
-2.662578104310116700e+01 -1.973631278673807898e+01
-2.624848860401218076e+01 -2.194615411758422852e+01
-2.638814984337758318e+01 -2.199824269612630090e+01
-2.572351528426348111e+01 -2.175693881511688232e+01
-2.647537237910901098e+01 -2.233339595794677734e+01
-2.654343684244964052e+01 -2.107361773649851600e+01
-2.714373449551857220e+01 -1.812419287363688269e+01
-2.505950787107823174e+01 -2.214137260119120398e+01
-2.646604528265484291e+01 -1.933946017424265662e+01
-2.561292881076618855e+01 -2.155032841364542762e+01
-2.629201633647336678e+01 -2.197926370302836219e+01
-2.583244887044874361e+01 -2.074996399879455566e+01
-2.650448582536083109e+01 -2.120918623606364051e+01
-2.662436742297673575e+01 -2.083930412928263465e+01
-2.639996384766142157e+01 -2.029180351893107215e+01
-2.604961674900378199e+01 -1.966908367474873742e+01
-2.688864728959940109e+01 -2.154772257804870605e+01
-2.649576819145073259e+01 -1.992047087351481238e+01
-2.601984512199789634e+01 -2.242193023363749305e+01
-2.622845163183697181e+01 -2.118235190709431848e+01
-2.624901343200166437e+01 -1.915384491284688195e+01
-2.597852660033662531e+01 -1.964305297533671180e+01
-2.655918830936237995e+01 -2.216833321253458777e+01
-2.610752369185625454e+01 -2.169741328557332238e+01
-2.614601183745820734e+01 -2.123662352561950684e+01
-2.715533736600714221e+01 -1.966298699378967285e+01
-2.643199881860765288e+01 -2.136575663089752197e+01
-2.615950629670741279e+01 -2.236586825052897254e+01
-2.705744248729641299e+01 -2.081818350156148156e+01
-2.558583899675789652e+01 -2.197789418697357178e+01
-2.618520062656725855e+01 -1.987601248423258582e+01
-2.703347222279694151e+01 -2.108775464693705359e+01
-2.596344161437729525e+01 -2.222221120198567590e+01
-2.666709321232165308e+01 -2.179048975308736047e+01
-2.578275656296035123e+01 -2.145823335647583008e+01
-2.696357487824003485e+01 -2.210027368863423547e+01
-2.643847297409833530e+01 -2.208056068420410156e+01
-2.629779401876158573e+01 -2.206155459086100379e+01
-2.706470297150692872e+01 -2.236956413586934289e+01
-2.654758375782077451e+01 -2.029919934272766113e+01
-2.370512420848264412e+01 -2.087510283788045129e+01
-2.513195281917765911e+01 -1.963828825950622559e+01
-2.607302644697286453e+01 -2.055059893925984582e+01
-2.613537115969900526e+01 -1.874919589360554895e+01
-2.531154679443876532e+01 -2.207127610842387000e+01
-2.613648666769771367e+01 -2.256511179606119910e+01
-2.698578519336247794e+01 -2.150227363904317102e+01
-2.616639214855129580e+01 -2.065435330073038855e+01
-2.700143688007936760e+01 -2.172616227467854699e+01
-2.608737090482550158e+01 -2.115290717283884803e+01
-2.612647418652550613e+01 -2.202063957850138465e+01
-2.652680110931396484e+01 -2.190003013610839844e+01
-2.604606293823759344e+01 -2.219084302584330359e+01
-2.702516896845930816e+01 -2.048761955897013465e+01
-2.656324001894158826e+01 -2.007608342170715332e+01
-2.585726329027596293e+01 -1.990126148859659949e+01
-2.681663265874830415e+01 -2.106512510776519775e+01
-2.663825442427295798e+01 -2.111180766423543176e+01
-2.589160327588097488e+01 -2.078845258553822717e+01
-2.586254021272820935e+01 -2.103309686978657922e+01
-2.640604379621602860e+01 -2.193126972516377649e+01
-2.563414303731110166e+01 -2.189596581459045410e+01
-2.603609642740023489e+01 -2.073943988482157508e+01
-2.607942063929671050e+01 -2.030772233009338379e+01
-2.623276012226686760e+01 -1.902398530642191687e+01
-2.700070720607951458e+01 -2.067035392920176307e+01
-2.698791096574169046e+01 -1.960848673184712609e+01
-2.597666055065090518e+01 -2.169582076867421350e+01
-2.645485145762815193e+01 -1.617754582564036170e+01
-2.630961363194352387e+01 -2.192707943916320801e+01
-2.724250736883131196e+01 -2.084244946638743201e+01
-2.505236775188122778e+01 -2.120198639233906945e+01
-2.598237142724505944e+01 -1.800729664166768274e+01
-2.653111131312483550e+01 -2.219956914583842078e+01
-2.748532907841569184e+01 -2.217293675740559777e+01
-2.650042422343108584e+01 -2.065143227577209473e+01
-2.536380881778264396e+01 -2.174564357598622522e+01
-2.664070845458467218e+01 -2.236154802640279016e+01
-2.705056006221447973e+01 -2.219024435679117957e+01
-2.718838316707287817e+01 -2.073720709482828894e+01
-2.673885450524798912e+01 -2.155063684781392297e+01
-2.601114294084451828e+01 -1.987510104974110803e+01
-2.627894980220471410e+01 -2.238189196586608887e+01
-2.647918898372326879e+01 -2.142558018366495887e+01
-2.602279050471419097e+01 -2.065797670682271203e+01
-2.670976965306168793e+01 -2.119584274291992188e+01
-2.721408979771500825e+01 -2.220053235689799109e+01
-2.668241455595372003e+01 -2.163447380065917969e+01
-2.731361051333152545e+01 -2.174547958374023438e+01
-2.558439418016854106e+01 -2.022753341992696008e+01
-2.731114549151921622e+01 -1.986593282222747803e+01
-2.643272272206969120e+01 -1.800445214907328406e+01
-2.651326331445726225e+01 -2.104234544436137000e+01
-2.715640084218170713e+01 -2.189528687795003137e+01
-2.757518828117241227e+01 -1.846974861621856689e+01
-2.624535365023855604e+01 -2.058829911549885949e+01
-2.710368946851309957e+01 -2.125937708218892297e+01
-2.708663358526714759e+01 -2.195361701647440711e+01
-2.739394902374784735e+01 -2.054746750990549842e+01
-2.706751128374520121e+01 -2.014171910285949707e+01
-2.612588256900593464e+01 -1.863527083396911621e+01
-2.706665304151632157e+01 -2.140581854184468469e+01
-2.620644596875724019e+01 -2.151761519908905029e+01
-2.730610386799957823e+01 -2.204277904828389367e+01
-2.668275488837290510e+01 -2.200139673550923547e+01
-2.749967067524538322e+01 -1.939791417121887207e+01
-2.596363615585585904e+01 -2.098354883988698205e+01
-2.612517461938373131e+01 -1.943593017260233680e+01
-2.665932432271666386e+01 -2.015009252230326453e+01
-2.557468221955380372e+01 -1.787177129586537561e+01
-2.621794968944485049e+01 -2.193758058547973633e+01
-2.676032336283538271e+01 -2.050187548001607141e+01
-2.605633680699235200e+01 -2.005842216809590539e+01
-2.642734897742837319e+01 -1.921945929527282715e+01
-2.656248230853323378e+01 -2.154547794659932336e+01
-2.629544259734072753e+01 -2.242064714431762695e+01
-2.672380293829966291e+01 -2.014198795954386512e+01
-2.732350173238980418e+01 -2.194563500086466590e+01
-2.775299458584542833e+01 -2.105910126368204871e+01
-2.582428150661921151e+01 -2.230439829826354980e+01
-2.665407106431863937e+01 -2.156597002347310266e+01
-2.701844832856776435e+01 -2.217727851867675781e+01
-2.603242929103010894e+01 -2.061023815472920617e+01
-2.723946817042464019e+01 -2.118759115537007531e+01
-2.691521723795745302e+01 -2.166772143046061316e+01
-2.635795585179733180e+01 -2.148434782028198242e+01
-2.776627283581232675e+01 -2.158808501561482629e+01
-2.764217242548021147e+01 -2.186254564921061316e+01
-2.728462746183750909e+01 -2.148612419764200965e+01
-2.661369595285189504e+01 -2.148033078511555871e+01
-2.735151956849179200e+01 -2.045543773969014367e+01
-2.657054241633010960e+01 -2.167723878224690637e+01
-2.593132288981292177e+01 -2.130283459027608117e+01
-2.736444885447873787e+01 -2.099529453118642053e+01
-2.758535048921229560e+01 -2.203489414850870887e+01
-2.772716596571065750e+01 -2.205070169766743859e+01
-2.668586402828410442e+01 -2.207140803337097168e+01
-2.754126700708421538e+01 -2.002869133154551307e+01
-2.626656706858489443e+01 -2.144070108731587609e+01
-2.718499699285474946e+01 -2.234247668584187707e+01
-2.660028205483646602e+01 -2.153749752044677734e+01
-2.718724132796465298e+01 -2.148255868752797326e+01
-2.809162413063695851e+01 -2.094359501202901086e+01
-2.689726273488190245e+01 -1.997346258163452148e+01
-2.629149436950683594e+01 -2.052954777081807336e+01
-2.601195589162535526e+01 -2.150355235735575476e+01
-2.698434221946586931e+01 -2.206255618731180945e+01
-2.687867175926596275e+01 -1.994523453712463379e+01
-2.592616410982810748e+01 -2.005711078643798828e+01
-2.562456198870125590e+01 -2.225098431110382080e+01
-2.621227162571276637e+01 -2.208047540982564172e+01
-2.686102935015145121e+01 -2.089547284444173059e+01
-2.672183361700025728e+01 -2.129806033770243445e+01
-2.698377675525212638e+01 -2.254884338378906250e+01
-2.757419102878893824e+01 -2.156379691759745398e+01
-2.783580935203422868e+01 -2.104204265276591101e+01
-2.714610626737950128e+01 -1.794891536235809326e+01
-2.577576456231586022e+01 -2.192529010772705078e+01
-2.776388126308635051e+01 -2.219390042622883996e+01
-2.616322268469858869e+01 -1.743376982212066650e+01
-2.550876533378988853e+01 -2.146842996279398719e+01
-2.730087952694650255e+01 -2.061153682072957238e+01
-2.714875436233261752e+01 -2.139999771118164062e+01
-2.712654826600672919e+01 -2.109566688537597656e+01
-2.745118039341296168e+01 -1.879123624165852746e+01
-2.715381816282110705e+01 -2.032067282994588098e+01
-2.641227073992713059e+01 -2.095925466219584266e+01
-2.677467273453534702e+01 -1.954866178830464563e+01
-2.654799141318111211e+01 -2.016503206888834754e+01
-2.685039295584468633e+01 -2.189917771021525184e+01
-2.747040963577011752e+01 -2.201732754707336426e+01
-2.747825317059533035e+01 -2.077702411015828332e+01
-2.568121030775167313e+01 -2.212123942375183105e+01
-2.740272447618387375e+01 -2.075467157363891602e+01
-2.692883024377337975e+01 -1.969296896457672119e+01
-2.675013490450584186e+01 -2.157856178283691406e+01
-2.688741092358605300e+01 -2.153604296843210975e+01
-2.621328198707709944e+01 -2.266193628311157227e+01
-2.638841685602220366e+01 -2.107384626070658484e+01
-2.694139233282056978e+01 -1.958685751756032190e+01
-2.702839410102973616e+01 -2.003672619660695275e+01
-2.684959473044185430e+01 -2.164051779111226281e+01
-2.705898425538661201e+01 -2.184512011210123816e+01
-2.742735208091089305e+01 -2.198043425877888879e+01
-2.806773007926294383e+01 -2.119813942909240723e+01
-2.715490087412171505e+01 -2.198977494239807129e+01
-2.754640538813704254e+01 -2.207345032691955566e+01
-2.792372884588726478e+01 -2.103073517481486121e+01
-2.768411720405190835e+01 -2.157118328412373742e+01
-2.769473699795997845e+01 -2.233471337954203406e+01
-2.765485942969888100e+01 -2.133140667279561242e+01
-2.640237509194066945e+01 -2.130531732241312781e+01
-2.826119154590671201e+01 -1.963693308830261230e+01
-2.711107667825989864e+01 -2.178007948398590088e+01
-2.752982291528734038e+01 -2.042577393849690637e+01
-2.704570118855621885e+01 -2.214837018648783484e+01
-2.704878449844101596e+01 -2.181497343381245813e+01
-2.762674003536418255e+01 -2.166119305292765418e+01
-2.796581012919797615e+01 -1.939533154169718543e+01
-2.678729260978052196e+01 -1.839400410652160645e+01
-2.713233327057401922e+01 -2.181860621770222863e+01
-2.598749989978337638e+01 -2.174632875124613562e+01
-2.701407270916437753e+01 -2.068050098419189453e+01
-2.688017989013154718e+01 -2.040154115358988562e+01
-2.732259032685877997e+01 -2.129489803314208984e+01
-2.755459698175979710e+01 -2.192769626776377478e+01
-2.772862722105898925e+01 -2.120163313547770301e+01
-2.772880392559504159e+01 -2.113247879346211633e+01
-2.763421508013191996e+01 -2.202366201082865516e+01
-2.751341701766191861e+01 -2.131766835848490516e+01
-2.695771349890757307e+01 -2.025006500879923621e+01
-2.716899689173294163e+01 -2.044131946563720703e+01
-2.730559552726099071e+01 -2.175999371210734168e+01
-2.799217595892437416e+01 -2.199639805157979211e+01
-2.690045873997575043e+01 -2.106604576110839844e+01
-2.797541982036526065e+01 -2.224166941642761230e+01
-2.752023666187868400e+01 -1.798745807011922082e+01
-2.645513962891142157e+01 -2.200039823849995813e+01
-2.695698144880391922e+01 -2.171680768330891809e+01
-2.775381304854053610e+01 -2.144365859031677246e+01
-2.776952353978561305e+01 -2.094862484931945801e+01
-2.797457132501117272e+01 -2.156566898028055945e+01
-2.713440589581505691e+01 -2.151667420069376746e+01
-2.708915086519920123e+01 -2.113588611284891883e+01
-2.692604019682286065e+01 -2.164698878924052039e+01
-2.771204251758122794e+01 -2.165147527058919152e+01
-2.815708343053268337e+01 -1.974971258640289307e+01
-2.839238389871888302e+01 -2.011269426345825195e+01
-2.646586306620452334e+01 -2.147210892041524133e+01
-2.662975485850188662e+01 -2.114473485946655273e+01
-2.705786342944129075e+01 -2.113638790448506555e+01
-2.728964272191969087e+01 -1.962718145052592078e+01
-2.778421482797396536e+01 -1.922355969746907434e+01
-2.569872642775713345e+01 -2.233673636118571082e+01
-2.447873759673813510e+01 -1.961549957593281945e+01
-2.627643581972283826e+01 -2.041199739774068078e+01
-2.741389007891638840e+01 -2.094351744651794434e+01
-2.779390781208620353e+01 -2.169818600018819055e+01
-2.687173006090067062e+01 -2.040010507901509484e+01
-2.794912202479475738e+01 -2.130397013823191443e+01
-2.591181317022291353e+01 -2.152048011620839318e+01
-2.801055415201995302e+01 -2.050541551907857141e+01
-2.736152922096898976e+01 -2.107639364401499549e+01
-2.768285605867030341e+01 -2.170541254679362098e+01
-2.785152307607359745e+01 -1.980479709307352820e+01
-2.751018916954428306e+01 -2.156321064631144324e+01
-2.740435718277753452e+01 -2.182147292296091834e+01
-2.696752619339248014e+01 -2.120183690388997277e+01
-2.722099924895723078e+01 -1.926899282137553016e+01
-2.761581123481362710e+01 -2.237654304504394531e+01
-2.787577566049866817e+01 -2.141757456461588660e+01
-2.869268270266258014e+01 -2.133615080515543738e+01
-2.801666906324483719e+01 -2.126496593157450476e+01
-2.613593077255507779e+01 -2.140077360471089563e+01
-2.770482304136631768e+01 -2.165362278620402137e+01
-2.761573728464417599e+01 -2.187612096468607703e+01
-2.703950728400278791e+01 -2.147723730405171594e+01
-2.754115840135994731e+01 -2.153287657101948938e+01
-2.825635892253811221e+01 -2.176254908243815223e+01
-2.872764761973235537e+01 -2.075125249226887902e+01
-2.705501208871097774e+01 -2.178624153137207031e+01
-2.831302565235202451e+01 -2.219254342714945594e+01
-2.844075236886234492e+01 -2.160812481244404992e+01
-2.726730152712029920e+01 -2.114635626475016394e+01
-2.773154421984139262e+01 -2.198208808898925781e+01
-2.819821884672520440e+01 -2.055462622642517090e+01
-2.686117112434516585e+01 -2.187365122636159143e+01
-2.708659270658331408e+01 -2.179128718376159668e+01
-2.698277177649029213e+01 -2.253915286064147949e+01
-2.823004548024323057e+01 -2.062984530131022254e+01
-2.783166442483158320e+01 -1.951071095466613770e+01
-2.683149816222109862e+01 -1.966682871182759484e+01
-2.761792823015633402e+01 -2.102332750956217566e+01
-2.809956291974600973e+01 -2.190304756164550781e+01
-2.788954988576598026e+01 -2.173428432146708289e+01
-2.836399165654586696e+01 -2.170270792643229285e+01
-2.823832380973686540e+01 -2.191669583320617676e+01
-2.778760116383180900e+01 -2.053764708836873254e+01
-2.805807546841896283e+01 -2.066651701927185059e+01
-2.828727579925019953e+01 -2.147806922594706336e+01
-2.723099920305154953e+01 -2.152957669893900672e+01
-2.759955808671854172e+01 -2.187700513998667518e+01
-2.735131926455740370e+01 -2.163388713200886926e+01
-2.858826218621205584e+01 -2.103539172808329383e+01
-2.838980849314544130e+01 -2.173351661364237586e+01
-2.774372034557795175e+01 -2.046998699506123742e+01
-2.703920419337385894e+01 -2.081689246495564660e+01
-2.857722712371309015e+01 -2.170421083768208703e+01
-2.780913965580826996e+01 -2.154038961728413781e+01
-2.823258366019038945e+01 -2.172985617319742957e+01
-2.796435365838519616e+01 -2.128330866495768348e+01
-2.829870285422115117e+01 -2.006741277376810828e+01
-2.736492003424692854e+01 -1.932788491249084473e+01
-2.613759103872008183e+01 -2.253502448399861535e+01
-2.735095547821562079e+01 -2.230609313646952430e+01
-2.790318862462448024e+01 -2.154635882377624512e+01
-2.902022988917464019e+01 -2.190012387434641639e+01
-2.848033602763030459e+01 -2.006370949745178223e+01
-2.799245384992179098e+01 -2.171129234631856164e+01
-2.777476409330206408e+01 -2.089632423718770227e+01
-2.856482486401574050e+01 -2.090964976946512976e+01
-2.831642786122984745e+01 -2.049598312377929688e+01
-2.702535613108489443e+01 -2.156886676947275916e+01
-2.781418286339711443e+01 -2.187850761413574219e+01
-2.697357308662543929e+01 -2.141282669703165809e+01
-2.819285801709708394e+01 -2.154868181546529016e+01
-2.881948820211119511e+01 -2.157536490758259973e+01
-2.768355764776973515e+01 -2.153224317232767859e+01
-2.741079912347308678e+01 -2.021062580744425574e+01
-2.750571931418726024e+01 -2.055822730064392090e+01
-2.799935069326626902e+01 -2.197272463639577111e+01
-2.754606526584948512e+01 -2.133273533980051795e+01
-2.768857558298919130e+01 -2.175666610399882117e+01
-2.658698946742688207e+01 -2.051644515991210938e+01
-2.734611493450100284e+01 -2.192481199900309363e+01
-2.776080432180630808e+01 -2.190681894620259484e+01
-2.706768976631811086e+01 -2.165768456459045410e+01
-2.689905573149858853e+01 -2.108506679534912109e+01
-2.785379629620051034e+01 -2.067310293515523156e+01
-2.798173094603975031e+01 -2.004205544789632043e+01
-2.841584399595098986e+01 -1.890455806255340576e+01
-2.807819086818371801e+01 -2.216665951410929480e+01
-2.828427015724828664e+01 -1.917563470204671106e+01
-2.834414419077210567e+01 -2.054147171974182129e+01
-2.813116474474890794e+01 -2.152667721112569055e+01
-2.849048021284200516e+01 -2.167562127113342285e+01
-2.885519835908534247e+01 -2.183504692713419715e+01
-2.793458434282723246e+01 -2.125233157475789270e+01
-2.812560021675239241e+01 -2.096044540405273438e+01
-2.771181277905480300e+01 -2.178866902987162391e+01
-2.733367394592802313e+01 -2.160124707221984863e+01
-2.770012768244339085e+01 -2.108833614985148230e+01
-2.796070050385038641e+01 -2.141488766670227051e+01
-2.892014336990097689e+01 -2.020783372720082482e+01
-2.686385335760601478e+01 -2.068551373481750488e+01
-2.823839145595744426e+01 -2.148498733838399133e+01
-2.758441068358340331e+01 -2.212112140655517578e+01
-2.856115578796903876e+01 -2.094436748822529992e+01
-2.787011500536385356e+01 -2.140904692808787146e+01
-2.865523197691319268e+01 -2.066165630022684851e+01
-2.733649543180304065e+01 -2.092867517471313477e+01
-2.844543865979727926e+01 -2.187284731864929199e+01
-2.742575706869869023e+01 -2.197389165560404578e+01
-2.758131864515401688e+01 -2.015800476074218750e+01
-2.827144218703447720e+01 -2.201929291089375695e+01
-2.888493487794520576e+01 -2.084164150555928430e+01
-2.850567390959141534e+01 -2.154860440889994422e+01
-2.833140460515426540e+01 -2.125501497586568078e+01
-2.833050668037543929e+01 -2.129487180709838867e+01
-2.935501455856581998e+01 -2.093700520197550574e+01
