# Train Val
-7.794422053111095927e+00 -8.464983927739130110e+00
-8.549521598964929581e+00 -8.596944511710823633e+00
-8.605013921856880188e+00 -8.607933775171057178e+00
-8.642494422694047884e+00 -8.657776114228484587e+00
-8.752482908467451139e+00 -8.933130586302125309e+00
-8.961208533495664597e+00 -9.024153858036189746e+00
-9.119471803307533264e+00 -9.134328247664811329e+00
-9.268870851645866438e+00 -9.291101461881167367e+00
-9.348615072357157274e+00 -9.598480051214044906e+00
-9.542856627454360918e+00 -9.595141249817686457e+00
-9.679421717921892210e+00 -9.651061788781897022e+00
-9.792910693834224745e+00 -9.993203980582100243e+00
-9.973018467426300049e+00 -9.838389941624232193e+00
-1.004869388168056865e+01 -1.030157910384141040e+01
-1.024653245508670807e+01 -1.039753829658805628e+01
-1.028879172479113002e+01 -1.019467968135685076e+01
-1.039786039789517780e+01 -1.074082592555454774e+01
-1.061094240844249725e+01 -1.050635807854788695e+01
-1.061392275616526604e+01 -1.023036082379229583e+01
-1.077244540676474571e+01 -1.081043907264610304e+01
-1.086059627930323224e+01 -1.123601533220960036e+01
-1.095011607681711574e+01 -1.137847880574015846e+01
-1.118567078312238117e+01 -1.150369665220186377e+01
-1.116409663607676883e+01 -1.156797360754632287e+01
-1.125892885526021381e+01 -1.074003959011721854e+01
-1.134035926188031773e+01 -1.115401211032619777e+01
-1.139721189936002155e+01 -1.161991280394715176e+01
-1.164122566332419773e+01 -1.121324832098824587e+01
-1.172758660465478897e+01 -1.200790208345883769e+01
-1.179165773838758469e+01 -1.232042308906456007e+01
-1.184428471575180630e+01 -1.193447347120805269e+01
-1.178525167206923108e+01 -1.138172251218325215e+01
-1.192022927602132221e+01 -1.162870729124391289e+01
-1.205570213496685028e+01 -1.187461231281231022e+01
-1.207200969010591507e+01 -1.179507760877733169e+01
-1.210277626415093799e+01 -1.173000754319228101e+01
-1.228728112826744656e+01 -1.270029089048311377e+01
-1.227453130731979947e+01 -1.179103619711739626e+01
-1.245629525929689407e+01 -1.258735278984168993e+01
-1.238080502673983574e+01 -1.244781480516706118e+01
-1.259646986176570316e+01 -1.204037209300251732e+01
-1.260489115615685840e+01 -1.207473958003056502e+01
-1.266492231438557248e+01 -1.034574683300860443e+01
-1.264406177153190036e+01 -1.270375659249045697e+01
-1.281708282232284546e+01 -1.280042229689560962e+01
-1.268971494336923023e+01 -1.216817094134045973e+01
-1.270600103835264783e+01 -1.294373014375760889e+01
-1.294042566418647766e+01 -1.140473734868037248e+01
-1.258116211493810077e+01 -1.225694058158180866e+01
-1.296645427991946598e+01 -1.117266273498535156e+01
-1.294660237928231616e+01 -1.334072597305496011e+01
-1.315900852034489255e+01 -1.176073772876293688e+01
-1.289275661110877991e+01 -1.342195554213090425e+01
-1.322324607272942920e+01 -1.336041761373544645e+01
-1.317164472490549088e+01 -1.209083678505637494e+01
-1.302835844829678535e+01 -1.362800790117932692e+01
-1.327244307100772858e+01 -1.285004899408910184e+01
-1.325585334499677082e+01 -1.331688259174297428e+01
-1.322817855079968830e+01 -1.209777150835309634e+01
-1.336600764592488666e+01 -1.139562024698629017e+01
-1.317321415990591049e+01 -1.296271643700537801e+01
-1.339293832083543201e+01 -1.366254838720544562e+01
-1.340207694470882416e+01 -1.253673248786430783e+01
-1.324487098554770093e+01 -1.349077679274918218e+01
-1.351233019183079342e+01 -1.288864426798634710e+01
-1.336244724194208722e+01 -1.160831056322370181e+01
-1.334210015088319778e+01 -1.293957056318010679e+01
-1.357281813770532608e+01 -1.281441019727038011e+01
-1.353643232832352261e+01 -1.366447447491930589e+01
-1.364247618118921856e+01 -1.396868441940902095e+01
-1.349576699485381504e+01 -1.247196016683206921e+01
-1.355902008463939090e+01 -1.343501545546890874e+01
-1.369282550364732742e+01 -1.382135300822072210e+01
-1.372610242416461368e+01 -1.400887398905568304e+01
-1.374900613476832767e+01 -1.201933426051944842e+01
-1.364250988513231277e+01 -1.283474274424763450e+01
-1.365600216388702393e+01 -1.330962312376344414e+01
-1.351514964799086194e+01 -1.066697811770748849e+01
-1.383503073702255826e+01 -1.387163121359688844e+01
-1.373555277039607425e+01 -1.421622095479593639e+01
-1.371006423731645008e+01 -1.384348098953048911e+01
-1.368972636014223099e+01 -1.353492528742009959e+01
-1.380283132692178150e+01 -1.343577092653745098e+01
-1.395898323009411435e+01 -1.388255217168238254e+01
-1.382382996628681759e+01 -1.420438245054963389e+01
-1.405921934048334698e+01 -1.298334266613056087e+01
-1.364821099986632724e+01 -1.404123493293663039e+01
-1.392781039824088474e+01 -1.422602320336676307e+01
-1.391701558977365494e+01 -1.378436237186580549e+01
-1.384061494469642639e+01 -1.377482015436345897e+01
-1.394724642237027545e+01 -1.450531429439396014e+01
-1.403382178395986557e+01 -1.398471286080100384e+01
-1.403783405323823352e+01 -1.355435929979596743e+01
-1.406920742243528366e+01 -1.440388093675885806e+01
-1.416404260943333249e+01 -1.410143593379429383e+01
-1.394977005322774311e+01 -1.432202450640789948e+01
-1.415328225493431091e+01 -1.377441993317046709e+01
-1.400064295530319214e+01 -1.458693697545435519e+01
-1.428652469068765640e+01 -1.404815941352348752e+01
-1.414587755997975727e+01 -1.275623950710544285e+01
-1.418936649709939957e+01 -1.403064566773253574e+01
-1.411926305294036865e+01 -1.397420767994670143e+01
-1.427059190596143345e+01 -1.429037647742729611e+01
-1.429203830659389496e+01 -1.434163229806082640e+01
-1.409184434761603733e+01 -1.424770702015269919e+01
-1.413011624167362790e+01 -1.270270331494219818e+01
-1.427580119917790036e+01 -1.320394620028409172e+01
-1.433218674113353153e+01 -1.337831207374473586e+01
-1.423391080151001553e+01 -1.347212662634911418e+01
-1.414843970785538296e+01 -1.460772532921332889e+01
-1.430421278129021267e+01 -1.422620914508770085e+01
-1.417968955636024475e+01 -1.400121195904620208e+01
-1.455585222691297531e+01 -1.227281405709006634e+01
-1.451496255894502063e+01 -1.477697051655162497e+01
-1.444114931672811508e+01 -1.442651167782870125e+01
-1.435925526668628116e+01 -1.423597392788181004e+01
-1.433144575605789761e+01 -1.432152229160457502e+01
-1.457164572179317474e+01 -1.368267549787248960e+01
-1.428918966650962830e+01 -1.409712762956495347e+01
-1.462051059554020505e+01 -1.464496917229194217e+01
-1.424509655684232712e+01 -1.343568321327110304e+01
-1.465647636602322201e+01 -1.351414891032429466e+01
-1.445544407268365283e+01 -1.330659774681190477e+01
-1.439715600510438342e+01 -1.434794424725817308e+01
-1.459166339039802551e+01 -1.496213246630383864e+01
-1.446122478445371051e+01 -1.348177594023865566e+01
-1.456619348625341992e+01 -1.397851068323308787e+01
-1.468837131311496158e+01 -1.162220073055911307e+01
-1.452596708635489087e+01 -1.439927864074707031e+01
-1.475049748768409152e+01 -1.482432670097846561e+01
-1.462841767569383045e+01 -1.458506451643906665e+01
-1.458676925301551819e+01 -1.510732499655190963e+01
-1.458706698815027814e+01 -1.483235371577275252e+01
-1.471901730696360211e+01 -1.470008868675727420e+01
-1.477748562395572662e+01 -1.474199215777508698e+01
-1.473642888913551907e+01 -1.400012072030600052e+01
-1.494242132455110550e+01 -1.468112073625836977e+01
-1.463403008381525616e+01 -1.274019614132967781e+01
-1.461357368777195553e+01 -1.353085728434773216e+01
-1.481807223955790143e+01 -1.417119423754803620e+01
-1.468816719452540021e+01 -1.473590022248107090e+01
-1.485859544078508954e+01 -1.346958307786421294e+01
-1.487024117261171341e+01 -1.507903217959713693e+01
-1.479133506615956684e+01 -1.482395345514470897e+01
-1.483795276780923267e+01 -1.496562261705274643e+01
-1.491300106545289417e+01 -1.253790800912039671e+01
-1.477638130883375744e+01 -1.254028254669982090e+01
-1.476471080879370312e+01 -1.500569541732986245e+01
-1.486808946232000928e+01 -1.468550878995424824e+01
-1.471341305226087570e+01 -1.386329565419779186e+01
-1.479556482781966587e+01 -1.366417282897156582e+01
-1.497328605751196484e+01 -1.366787315963150640e+01
-1.497491950045029263e+01 -1.489893991296941600e+01
-1.484330857793490033e+01 -1.308947555740158286e+01
-1.512983317921558957e+01 -1.359696961687756911e+01
-1.489763249456882477e+01 -1.517359101927125664e+01
-1.500093649079402347e+01 -1.463406703998516178e+01
-1.492049510280291180e+01 -1.502163882069773493e+01
-1.499522995700438877e+01 -1.369283438348150916e+01
-1.503202484796444516e+01 -1.240644715049050006e+01
-1.505743804574012756e+01 -1.507588090525045033e+01
-1.508206745485464673e+01 -1.431953020219678940e+01
-1.504467168947060962e+01 -1.296964701119955521e+01
-1.521962377429008484e+01 -1.394792103457760568e+01
-1.497109196831782718e+01 -1.340807715329256844e+01
-1.485215997199217419e+01 -1.498908387221299243e+01
-1.509016930560270886e+01 -1.301279708317347961e+01
-1.513828718413909336e+01 -1.454997097362171488e+01
-1.502013582487901111e+01 -1.529951036131227227e+01
-1.524650677293539047e+01 -1.501892836682208099e+01
-1.515189007918039898e+01 -1.525272503146877590e+01
-1.506487878908713718e+01 -1.356866734987729473e+01
-1.509180266906817813e+01 -1.499353717209456782e+01
-1.491208720703919788e+01 -1.313263976109492326e+01
-1.504133195678392987e+01 -1.351007574254816213e+01
-1.531247006605068783e+01 -1.526060197260472684e+01
-1.494546858717997928e+01 -1.501247979448987380e+01
-1.521732602020104785e+01 -1.498365539699405780e+01
-1.532693469276030918e+01 -1.506086287560401082e+01
-1.486609854052464108e+01 -1.456698072111451836e+01
-1.513155392805735211e+01 -1.519904800514122023e+01
-1.525745696077744107e+01 -1.429942891504857450e+01
-1.525063025703032871e+01 -1.543452780587332640e+01
-1.532140668481588364e+01 -1.540957377792952876e+01
-1.514177480836709400e+01 -1.496204295715728350e+01
-1.509242907414833645e+01 -1.422761500965465231e+01
-1.529554007947444916e+01 -1.523532825321346174e+01
-1.530212253332138062e+01 -1.186069019119460854e+01
-1.526588271309932132e+01 -1.250227739903833957e+01
-1.528663748006025891e+01 -1.400786703283136525e+01
-1.521036758770545383e+01 -1.524125789047835688e+01
-1.526145087679227252e+01 -1.421662975905777593e+01
-1.548347653945287128e+01 -1.484013763031402178e+01
-1.516112513095140457e+01 -1.510999860391988392e+01
-1.544525793939828873e+01 -1.509404046194893922e+01
-1.532477018485466580e+01 -1.544661546682382536e+01
-1.535266171892484088e+01 -1.506454715481052098e+01
-1.529285079985857010e+01 -1.471002270339371343e+01
-1.524829782793919186e+01 -1.457274256124124889e+01
-1.541370289772748947e+01 -1.433582434716162801e+01
-1.537602713704109192e+01 -1.492538470726508670e+01
-1.563770295182863812e+01 -1.302090911122111550e+01
-1.535050408790508847e+01 -1.393309617971445036e+01
-1.532036771376927753e+01 -1.474951612794554023e+01
-1.548037288834651370e+01 -1.453002701796494556e+01
-1.550970973571141620e+01 -1.436710062893954110e+01
-1.537914000699917416e+01 -1.409028665121499557e+01
-1.541685047248999219e+01 -1.515057540249514823e+01
-1.551602617154518704e+01 -1.515865804003430739e+01
-1.543060807635386844e+01 -1.448463037416532373e+01
-1.541420601805051227e+01 -1.465901623763047290e+01
-1.549520887931188007e+01 -1.512111707167191987e+01
-1.548782549053430557e+01 -1.510637342775022773e+01
-1.516447262465953827e+01 -1.429233761576863060e+01
-1.549611885100603104e+01 -1.544951378215442972e+01
-1.536484258373578449e+01 -1.542699042233553719e+01
-1.543078984568516354e+01 -1.526595658141297207e+01
-1.563010622809330563e+01 -1.475808012330686836e+01
-1.525623061259587665e+01 -1.528703222646341686e+01
-1.540060784916082959e+01 -1.498685800874388008e+01
-1.539747839917739292e+01 -1.440572778280679245e+01
-1.544601978609959225e+01 -1.523666033806738973e+01
-1.575753812988599201e+01 -1.484910693725982256e+01
-1.553967833022276501e+01 -1.477628404443914256e+01
-1.544981795549392700e+01 -1.560993868344790059e+01
-1.560450496027866940e+01 -1.538621405812052956e+01
-1.528141663968563080e+01 -1.530234697267606592e+01
-1.569824804117282291e+01 -1.364890301692021346e+01
-1.540517289439837079e+01 -1.456685472463632536e+01
-1.554285428424676319e+01 -1.421858067946000581e+01
-1.553672825296719928e+01 -1.472485820968429771e+01
-1.565841000278790851e+01 -1.548531938528085661e+01
-1.555850557237863541e+01 -1.538925554845240207e+01
-1.573491294682025909e+01 -1.523666629543552098e+01
-1.536737263451019864e+01 -1.508176793680562611e+01
-1.556079012900590897e+01 -1.426026323244169092e+01
-1.544983037064472775e+01 -1.521553521342091742e+01
-1.559849605460961719e+01 -1.536043079178054604e+01
-1.563315054029226303e+01 -1.525322066963493128e+01
-1.571868707487980465e+01 -1.362663900697386055e+01
-1.575854907184839249e+01 -1.546424063149984818e+01
-1.554404337207476239e+01 -1.418188467892733406e+01
-1.577565524727106094e+01 -1.382185643679135723e+01
-1.538664492716391941e+01 -1.429384081704275999e+01
-1.578534309317668338e+01 -1.575278202899090729e+01
-1.560990652690331082e+01 -1.506823303173114681e+01
-1.554762332389752011e+01 -1.570389913583730745e+01
-1.569037828346093555e+01 -1.414952441624232726e+01
-1.578090211749076843e+01 -1.352583549549053288e+01
-1.560805898904800415e+01 -1.430962958893218584e+01
-1.576989513883988003e+01 -1.463267949339631357e+01
-1.570898357282082181e+01 -1.531832827530898022e+01
-1.586701275408267975e+01 -1.533551429154036860e+01
-1.564586043109496494e+01 -1.560013004402061476e+01
-1.595311740785837173e+01 -1.434165524817132287e+01
-1.574906884630521198e+01 -1.514746891368519144e+01
-1.571446675807237625e+01 -1.548827120545622549e+01
-1.586489661037921906e+01 -1.467164203098842101e+01
-1.588019484778245349e+01 -1.489334396263221727e+01
-1.576786411305268665e+01 -1.297401674691732865e+01
-1.573877672106027603e+01 -1.559798809150596632e+01
-1.588283648590246777e+01 -1.447718765209247493e+01
-1.572337631384531598e+01 -1.519032194707300754e+01
-1.594065392762422562e+01 -1.512399953371518535e+01
-1.579051212966442108e+01 -1.474712895727776818e+01
-1.600138858954111853e+01 -1.478949756126899295e+01
-1.598691289623578449e+01 -1.532539998091660571e+01
-1.592112145076195340e+01 -1.460505144936697874e+01
-1.583603623012701611e+01 -1.520572366342916126e+01
-1.597337139397859573e+01 -1.472905964046329608e+01
-1.587452160318692584e+01 -1.467201317130745153e+01
-1.569004267702499966e+01 -1.449536737219079718e+01
-1.619842632859945297e+01 -1.167519045495367713e+01
-1.603158048540353775e+01 -1.559323822368275003e+01
-1.595298377424478531e+01 -1.510194664496880002e+01
-1.604371988276640693e+01 -1.292611385939957280e+01
-1.598522603760162930e+01 -1.461916952009324966e+01
-1.603866657863060752e+01 -1.506304574941659880e+01
-1.588596759239832501e+01 -1.451951435634068055e+01
-1.591846689333518405e+01 -1.564261282883681226e+01
-1.608412974079449853e+01 -1.583571378286782760e+01
-1.605400827527046204e+01 -1.512472706336479611e+01
-1.615645560870568076e+01 -1.515612988657765570e+01
-1.600750579436619958e+01 -1.438278655262736550e+01
-1.591765402257442474e+01 -1.432762541089739194e+01
-1.614118288209040841e+01 -1.528922864988252783e+01
-1.593206877013047595e+01 -1.475321131867247715e+01
-1.622884515424569329e+01 -1.533075849111978073e+01
-1.610105708241462708e+01 -1.501367198646842738e+01
-1.590328357617060284e+01 -1.576250482534433317e+01
-1.601481502503156662e+01 -1.532990993152965231e+01
-1.620415570090214530e+01 -1.569427918768548302e+01
-1.620552627990643302e+01 -1.555731204887489305e+01
-1.583979475746552090e+01 -1.527622874371417083e+01
-1.600227779398361960e+01 -1.547076279776436891e+01
-1.581026869515577893e+01 -1.528143196601372189e+01
-1.627471952140331268e+01 -1.408594906794560409e+01
-1.602018413196007529e+01 -1.473749310629708376e+01
-1.633274734516938409e+01 -1.548524066380092101e+01
-1.596367921431859394e+01 -1.557502284607329912e+01
-1.590929783135652542e+01 -1.565048953465053039e+01
-1.629876805345217505e+01 -1.508698333393443747e+01
-1.625216525793075562e+01 -1.556633426616718197e+01
-1.622893007596333703e+01 -1.575577638056371121e+01
-1.618208030611276627e+01 -1.467879378331172013e+01
-1.613632420450448990e+01 -1.576034052960284271e+01
-1.624540016055107117e+01 -1.485967784732967267e+01
-1.631731363634268561e+01 -1.537738237752542858e+01
-1.626857080310583115e+01 -1.457651959456406665e+01
-1.631088843196630478e+01 -1.465084780655898022e+01
-1.627967285613219062e+01 -1.559493354698280321e+01
-1.602405593544244766e+01 -1.540637065837909603e+01
-1.622564243028561393e+01 -1.562021911918342809e+01
-1.640764039506514749e+01 -1.523752563030688734e+01
-1.596578008184830288e+01 -1.508068763435661097e+01
-1.625559845318396768e+01 -1.582111047769521761e+01
-1.638392845541238785e+01 -1.578901629014448638e+01
-1.628276183207829675e+01 -1.574460397447858462e+01
-1.611663558334112167e+01 -1.489170241665530448e+01
-1.620270821948846063e+01 -1.490545176221178636e+01
-1.585234128683805466e+01 -1.533513015895694842e+01
-1.614560788000623504e+01 -1.529286844080144725e+01
-1.627465302248795709e+01 -1.527877932709532871e+01
-1.642129455506801605e+01 -1.373507351070255389e+01
-1.633619404087464133e+01 -1.501800747660847435e+01
-1.639254733175039291e+01 -1.585013133210021152e+01
-1.617668772488832474e+01 -1.560636491899366440e+01
-1.609596141179402551e+01 -1.578447917839149461e+01
-1.623746582865715027e+01 -1.563850342143665628e+01
-1.626236604402462760e+01 -1.536357957666570506e+01
-1.638068516552448273e+01 -1.528113989396528716e+01
-1.622539235651493073e+01 -1.361179331990031471e+01
-1.623112308979034424e+01 -1.553341279711042056e+01
-1.620155290514230728e+01 -1.561752438235592599e+01
-1.638220597555239877e+01 -1.571508822503028036e+01
-1.659596348802248755e+01 -1.407900662855668550e+01
-1.631424113611380378e+01 -1.538251333112840591e+01
-1.621879855543375015e+01 -1.500376432592218556e+01
-1.645626989752054214e+01 -1.466677555480560713e+01
-1.642509667327006539e+01 -1.540285470888212060e+01
-1.638383444895346841e+01 -1.370727908146845841e+01
-1.626070548593997955e+01 -1.571841377406925311e+01
-1.611409783363342285e+01 -1.384130219050816102e+01
-1.628153566022713861e+01 -1.542859697961188026e+01
-1.647957367449998856e+01 -1.526952409124993615e+01
-1.642853707075119019e+01 -1.473336373366318774e+01
-1.622046764194965363e+01 -1.499878132807744002e+01
-1.652879583090543747e+01 -1.554572450959837226e+01
-1.660032712916533271e+01 -1.565774999346051821e+01
-1.651076033959786216e+01 -1.506119326802043190e+01
-1.653227115174134454e+01 -1.555025080891398659e+01
-1.633670193950335303e+01 -1.344623579297747007e+01
-1.624383360395829001e+01 -1.425229250920283341e+01
-1.655344149718682090e+01 -1.558273174236347103e+01
-1.654174255083004752e+01 -1.398423592455975495e+01
-1.653099868198235711e+01 -1.511869233614438457e+01
-1.645886643975973129e+01 -1.422524979826691904e+01
-1.632413055996100226e+01 -1.437584635499235830e+01
-1.648965983341137687e+01 -1.498671566356312113e+01
-1.638898726552724838e+01 -1.508765999682537995e+01
-1.638696276396512985e+01 -1.482058227836311559e+01
-1.648835693051417550e+01 -1.572313269082602005e+01
-1.653912812968095025e+01 -1.590954755807851839e+01
-1.632874142378568649e+01 -1.574328207040761995e+01
-1.651881562173366547e+01 -1.566862337929861937e+01
-1.662308223545551300e+01 -1.559243532899138174e+01
-1.654908803353707114e+01 -1.506629497973949938e+01
-1.666331783433755120e+01 -1.555337969049230828e+01
-1.661765297005574027e+01 -1.592148842749657511e+01
-1.658963820089896402e+01 -1.517205540545575104e+01
-1.641402536878983298e+01 -1.514645031520298524e+01
-1.651014094799757004e+01 -1.514089381230341935e+01
-1.663882536689440528e+01 -1.483275794982910156e+01
-1.655806333571672440e+01 -1.508499356059284935e+01
-1.639986529946327209e+01 -1.599904829495913106e+01
-1.646238276610771933e+01 -1.251944679408878436e+01
-1.648521296431620797e+01 -1.573018496377127562e+01
-1.648083216200272361e+01 -1.484533318606290031e+01
-1.636719252665837487e+01 -1.534301116249778119e+01
-1.630122476319472113e+01 -1.589942747586733418e+01
-1.671283378452062607e+01 -1.566533586576387549e+01
-1.660994227975606918e+01 -1.535361408877682443e+01
-1.683103863398234168e+01 -1.593502624313552651e+01
-1.665418413778145990e+01 -1.586998184005935464e+01
-1.637116611252228537e+01 -1.562658669112564702e+01
-1.673793509850899497e+01 -1.539561702678729915e+01
-1.658311713983615121e+01 -1.589962715297550311e+01
-1.662314725418885430e+01 -1.551232496484533563e+01
-1.647695507357517997e+01 -1.557244329328660903e+01
-1.678091874967018882e+01 -1.549145191985291348e+01
-1.649071692178646842e+01 -1.564483579412683234e+01
-1.676475734512011329e+01 -1.534696773429969774e+01
-1.676364183425903320e+01 -1.575661317404214401e+01
-1.662630789726972580e+01 -1.521591688131357145e+01
-1.640068003535270691e+01 -1.517044832799341769e+01
-1.642351939529180527e+01 -1.528741099617698040e+01
-1.671175516645113746e+01 -1.407253670382809396e+01
-1.655606274306774139e+01 -1.547897218728994417e+01
-1.673381316910187522e+01 -1.488370845844219303e+01
-1.678488963594039163e+01 -1.437226286801424813e+01
-1.673823405057191849e+01 -1.422954025516262355e+01
-1.656934616218010703e+01 -1.283909793952842726e+01
-1.664370548725128174e+01 -1.569906873826856675e+01
-1.674976203590631485e+01 -1.423822178778710246e+01
-1.665570272256930551e+01 -1.581204504780955133e+01
-1.684982684751351556e+01 -1.536199864474209953e+01
-1.661685853203137597e+01 -1.549074819490506982e+01
-1.696242986867825309e+01 -1.476602970470081644e+01
-1.677763033906618872e+01 -1.544363586623947349e+01
-1.665360261499881744e+01 -1.517740078715534935e+01
-1.680843757589657983e+01 -1.554960394524908729e+01
-1.671385044356187066e+01 -1.595634267237279325e+01
-1.651737666130065918e+01 -1.607701444006585589e+01
-1.689726086705923080e+01 -1.533314360581435132e+01
-1.674725529551506042e+01 -1.374052614979929743e+01
-1.666388228535652161e+01 -1.379102408421504045e+01
-1.667983980725209037e+01 -1.524872490028282179e+01
-1.673499568800131598e+01 -1.469099107965246453e+01
-1.668529211978117743e+01 -1.390739351743227559e+01
-1.698120951155821601e+01 -1.579708768175794020e+01
-1.694888532906770706e+01 -1.610571194933606520e+01
-1.679968150953451911e+01 -1.546107788829060325e+01
-1.682063704232374945e+01 -1.520441673328350163e+01
-1.684958730638027191e+01 -1.587185431146002479e+01
-1.689222101370493689e+01 -1.511003525226147204e+01
-1.700311485429604730e+01 -1.517513735882647552e+01
-1.667605562508106232e+01 -1.578327770976277122e+01
-1.659781280408303061e+01 -1.446174633967411971e+01
-1.682455691943566123e+01 -1.569978950550029850e+01
-1.686248239874839783e+01 -1.516587230137416320e+01
-1.664549035330613336e+01 -1.499915701383120137e+01
-1.684702721734841546e+01 -1.523369613251128740e+01
-1.684617757300535956e+01 -1.543083662800974665e+01
-1.694068771600723267e+01 -1.552834756033761110e+01
-1.669080916295449057e+01 -1.592460245900339899e+01
-1.685578953971465310e+01 -1.497223750027743172e+01
-1.692206994692484656e+01 -1.550063192689573555e+01
-1.691246222704648972e+01 -1.500028096236191821e+01
-1.693805037190516671e+01 -1.451610476010805684e+01
-1.676616205026705941e+01 -1.579336955330588665e+01
-1.671717626849810401e+01 -1.555854488967301030e+01
-1.686191890637079993e+01 -1.246696418910831561e+01
-1.672733319550752640e+01 -1.574759757054316545e+01
-1.677671623229980469e+01 -1.609114033835274782e+01
-1.699087166537841043e+01 -1.544318559572294092e+01
-1.692559996992349625e+01 -1.570197209444913078e+01
-1.690517655014991760e+01 -1.355161978981711712e+01
-1.662400229026873788e+01 -1.499346908965668135e+01
-1.662723106394211570e+01 -1.368564725851083708e+01
-1.684725467363993445e+01 -1.593160069453251815e+01
-1.697207181652386865e+01 -1.580563707475538315e+01
-1.688340178380409995e+01 -1.566069713196197100e+01
-1.693892276535431662e+01 -1.580842337670264364e+01
-1.697075734784205636e+01 -1.600310894111534310e+01
-1.706188243130842963e+01 -1.567220934335287552e+01
-1.665204893300930777e+01 -1.546853963430825729e+01
-1.679226505508025369e+01 -1.556088011605399046e+01
-1.692364012449979782e+01 -1.594114372946999225e+01
-1.708281483997901162e+01 -1.520925546621347380e+01
-1.667649543533722678e+01 -1.594108737598766012e+01
-1.698947005718946457e+01 -1.570340542979054632e+01
-1.687199506908655167e+01 -1.619128240857805423e+01
-1.702280962218840799e+01 -1.514360113267774643e+01
-1.678769609828789910e+01 -1.579415489791275640e+01
-1.684043168773253640e+01 -1.478372477246569261e+01
-1.689885083089272300e+01 -1.522896553634049077e+01
-1.707199075818061829e+01 -1.564090572703968363e+01
-1.715985673169295112e+01 -1.603295145406351452e+01
-1.707197919984658441e+01 -1.575741787699909935e+01
-1.707636562983195105e+01 -1.558316095773275833e+01
-1.698170454551776132e+01 -1.517694199549687362e+01
-1.680658476054668427e+01 -1.610399762686196823e+01
-1.706914527465899667e+01 -1.522112302656297622e+01
-1.710644139597813407e+01 -1.619882545223483916e+01
-1.684937691440184793e+01 -1.585490548765504570e+01
-1.701308010766903678e+01 -1.579893639799836436e+01
-1.687132339427868644e+01 -1.594532097160042028e+01
-1.696351069460312644e+01 -1.589990513046066489e+01
-1.677600882947444916e+01 -1.575755436389477282e+01
-1.688065832604964456e+01 -1.628282488785781013e+01
-1.685143034905195236e+01 -1.550421677626572681e+01
-1.693550483137369156e+01 -1.585164690636969276e+01
-1.696710790197054664e+01 -1.558752785719834399e+01
-1.694693712145090103e+01 -1.608178779057093877e+01
-1.702569292485713959e+01 -1.602363819270939160e+01
-1.715819282333056250e+01 -1.579673533006147856e+01
-1.711584602296352386e+01 -1.421779527292623158e+01
-1.698467126737038413e+01 -1.551288095697180047e+01
-1.729077138751745224e+01 -1.499775360156963444e+01
-1.701707556347052375e+01 -1.584014693173495125e+01
-1.697417268653710565e+01 -1.603828279074136276e+01
-1.736640629917383194e+01 -1.514145498151903091e+01
-1.700330888976653299e+01 -1.632236685071672611e+01
-1.698416494826475898e+01 -1.608365903581891843e+01
-1.709518986443678656e+01 -1.589411334248332253e+01
-1.711933933446804801e+01 -1.571856046651864958e+01
-1.723612033327420434e+01 -1.580143848022857256e+01
-1.717534763614336768e+01 -1.583124467924043799e+01
-1.712893816828727722e+01 -1.573366402960442834e+01
-1.704079076151053229e+01 -1.502162949450604401e+01
-1.723154662301142892e+01 -1.504209041595458984e+01
-1.700701775401830673e+01 -1.612433868259578418e+01
-1.719723567614952842e+01 -1.611830970219203252e+01
-1.716782145450512687e+01 -1.591204011595094414e+01
-1.712796996037165442e+01 -1.537490683716612949e+01
-1.713229675094286719e+01 -1.439930166516985288e+01
-1.725751911352078238e+01 -1.586045826255501012e+01
-1.723455378661553183e+01 -1.609200337645295420e+01
-1.694169212629397592e+01 -1.393536473559094802e+01
-1.705457723140716553e+01 -1.607883712223597783e+01
-1.713858693589766702e+01 -1.603602344958813219e+01
-1.727021285643180093e+01 -1.607395412395526790e+01
-1.724020262807607651e+01 -1.509535514534293910e+01
-1.698058212300141534e+01 -1.460138511657714844e+01
-1.719420495380957803e+01 -1.604709610381683760e+01
-1.717978394279877463e+01 -1.579169756406313496e+01
-1.719451979051033774e+01 -1.533949968412325049e+01
-1.714054725070794305e+01 -1.614811632230684424e+01
-1.703107536832491675e+01 -1.568753155795010734e+01
-1.717909939587116241e+01 -1.427657086508614626e+01
-1.719144264608621597e+01 -1.585286442645184479e+01
-1.701606335490942001e+01 -1.548132483990161390e+01
-1.735145543267329415e+01 -1.469729567193365760e+01
-1.732502554108699044e+01 -1.559991941823587780e+01
-1.700641503433386603e+01 -1.550877907988312998e+01
-1.722114426642656326e+01 -1.633532306126185674e+01
-1.717705494910478592e+01 -1.453841405100636663e+01
-1.716109449168046197e+01 -1.617270380490786152e+01
-1.725537199527025223e+01 -1.570647358584713693e+01
-1.716747670620679855e+01 -1.529561927101828900e+01
-1.728508298099040985e+01 -1.586612226436664486e+01
-1.704531342908740044e+01 -1.489302589366962337e+01
-1.732550736020008841e+01 -1.597337756218848348e+01
-1.708290774375200272e+01 -1.599183996621664505e+01
-1.717518272499243537e+01 -1.599677541658475732e+01
-1.728349780788024148e+01 -1.512615113444142523e+01
-1.722680890560150146e+01 -1.615094158866188678e+01
-1.741099850585063180e+01 -1.544166364298238392e+01
-1.726138326277335366e+01 -1.555710899055778285e+01
-1.711419666806856910e+01 -1.560574444857510734e+01
-1.728409035255511483e+01 -1.604244900988294020e+01
-1.738901596516370773e+01 -1.576309025752079940e+01
-1.730865943928559503e+01 -1.578848531648710107e+01
-1.731159912298123160e+01 -1.549528926997989764e+01
-1.709159034242232522e+01 -1.501203203820563026e+01
-1.740511701256036758e+01 -1.611418394608931237e+01
-1.725716472913821420e+01 -1.566505003594732948e+01
-1.730205403516690055e+01 -1.623049797949853001e+01
-1.710188783953587333e+01 -1.494296551989270583e+01
-1.705124436815579614e+01 -1.569447284549861799e+01
-1.708292318135499954e+01 -1.404398058606432542e+01
-1.722120263179143151e+01 -1.431728288724825049e+01
-1.744291028380393982e+01 -1.483321380615234375e+01
-1.740541022519270697e+01 -1.607598852182363558e+01
-1.722716156393289566e+01 -1.619993977732472601e+01
-1.754905171195666114e+01 -1.586606770057182736e+01
-1.725062276919682702e+01 -1.429926849959732671e+01
-1.739133896430333337e+01 -1.628263852503392428e+01
-1.724517448494831839e+01 -1.577052359147505278e+01
-1.719078517953554908e+01 -1.574948814937046571e+01
-1.714928637444972992e+01 -1.523163494506439619e+01
-1.730425089846054831e+01 -1.559811665175797124e+01
-1.722542877495288849e+01 -1.481859316144670835e+01
-1.730032254755496979e+01 -1.550838925002457280e+01
-1.724743829915921012e+01 -1.597758825723227005e+01
-1.736773622035980225e+01 -1.608835579512955150e+01
-1.748264549672603607e+01 -1.632048515220741081e+01
-1.723236262798309326e+01 -1.514039722046294756e+01
-1.701399519791205606e+01 -1.505293121585598293e+01
-1.731059976418812951e+01 -1.425665306735348459e+01
-1.709027844419081887e+01 -1.626718113639137897e+01
-1.751369656374057016e+01 -1.607839581873509616e+01
-1.748466458916664124e+01 -1.595961773859990096e+01
-1.750505103667576989e+01 -1.619096990065141028e+01
-1.743130872150262078e+01 -1.590565026270878768e+01
-1.729444075127442559e+01 -1.571494138395631524e+01
-1.734377343207597733e+01 -1.556942712486564417e+01
-1.732062155256668845e+01 -1.625301601360370540e+01
-1.735424083471298218e+01 -1.524757262638637023e+01
-1.747588881105184555e+01 -1.620612403324672002e+01
-1.742390769223372260e+01 -1.636465584148060159e+01
-1.714033523201942444e+01 -1.506496144579602614e+01
-1.720392229408025742e+01 -1.613592411635757884e+01
-1.731641310453414917e+01 -1.613611277047689896e+01
-1.751759538551171502e+01 -1.589530922530533452e+01
-1.729773051540056983e+01 -1.584777394827310104e+01
-1.728649894644816598e+01 -1.606184092434969912e+01
-1.709470208237568656e+01 -1.597888261621648631e+01
-1.732428267349799356e+01 -1.619642199479140388e+01
-1.736124897003173828e+01 -1.571110014481977935e+01
-1.726296515017747879e+01 -1.379571856461562085e+01
-1.762346393118302146e+01 -1.625101703792423535e+01
-1.756591670215129852e+01 -1.537847761674360747e+01
-1.735363092521826545e+01 -1.590007479159863024e+01
-1.715479342639446259e+01 -1.571397113800048828e+01
-1.731384326269229135e+01 -1.586209131216073942e+01
-1.718151923020680627e+01 -1.598502384532581644e+01
-1.733379653841257095e+01 -1.613043658764331312e+01
-1.741012378782033920e+01 -1.495444263111461325e+01
-1.742507923642794410e+01 -1.600130451499641637e+01
-1.750465335200230399e+01 -1.610092709281227741e+01
-1.729533356676499167e+01 -1.519252497190004902e+01
-1.739121273408333579e+01 -1.597018776930771899e+01
-1.761439272512992105e+01 -1.551014902684595675e+01
-1.744208466758330545e+01 -1.501359269526097684e+01
-1.733910878747701645e+01 -1.588341172949060187e+01
-1.735389833648999414e+01 -1.525984090334409160e+01
-1.718068112432956696e+01 -1.532460679636373158e+01
-1.744663177927334985e+01 -1.574300597550032954e+01
-1.757744881510734558e+01 -1.605551071910115013e+01
-1.710281309485435486e+01 -1.617154263830804339e+01
-1.744571027159690857e+01 -1.556377579329849858e+01
-1.742779996494452277e+01 -1.564947717840021291e+01
-1.741437717775503913e+01 -1.534588826167119002e+01
-1.756448312352101127e+01 -1.605115302197344818e+01
-1.760657626390457153e+01 -1.609741233231185475e+01
-1.744176469743251801e+01 -1.578112661683714180e+01
-1.746465361118316650e+01 -1.478996836674677873e+01
-1.725833344211180886e+01 -1.563601705625459815e+01
-1.759242992351452628e+01 -1.383387326574944787e+01
-1.744800724089145660e+01 -1.518941492848582087e+01
-1.752292463183403015e+01 -1.596812666855849194e+01
-1.756906466186046600e+01 -1.601285951787775375e+01
-1.735106191535790643e+01 -1.509536111509645195e+01
-1.750055163850386819e+01 -1.612580308047207822e+01
-1.749152678251266479e+01 -1.611130760242412663e+01
-1.742019738256931305e+01 -1.613431535448346921e+01
-1.765969443817933282e+01 -1.624233256996452113e+01
-1.727495171626408776e+01 -1.546257710147213693e+01
-1.758363405366738519e+01 -1.600850162258396026e+01
-1.734136333068211755e+01 -1.571172092487285710e+01
-1.742840746045112610e+01 -1.577135832898028411e+01
-1.738694644222657004e+01 -1.592547665633164478e+01
-1.756494957208633423e+01 -1.505030805414373241e+01
-1.774051935474077979e+01 -1.608610465309836712e+01
-1.746563606212536612e+01 -1.607592369674087962e+01
-1.746285184224446496e+01 -1.514860554484577904e+01
-1.736089916775624076e+01 -1.595284198166488032e+01
-1.750767964124679565e+01 -1.610914276172588444e+01
-1.749911520630121231e+01 -1.508934641503668495e+01
-1.738229118535916129e+01 -1.538535415352165003e+01
-1.765171660731236258e+01 -1.613223581190232991e+01
-1.761140209684769431e+01 -1.562902932352833929e+01
-1.743809086581071099e+01 -1.421905153447931447e+01
-1.751512765387694159e+01 -1.610904620529769460e+01
-1.731390369683504105e+01 -1.513210404383671737e+01
-1.751651453226804733e+01 -1.533894152455515680e+01
-1.724688887099425116e+01 -1.595518191449053802e+01
-1.756755798061688623e+01 -1.577940989159918495e+01
-1.748398441076278687e+01 -1.605639227953824033e+01
-1.768963218977053842e+01 -1.521913507387235498e+01
-1.767854430774847785e+01 -1.595686763912052264e+01
-1.746069793899853906e+01 -1.624887034180876455e+01
-1.759933721522490302e+01 -1.580849646283434495e+01
-1.757642135024070740e+01 -1.528866735681310907e+01
-1.759300544857978821e+01 -1.491072866514131690e+01
-1.747204101085662842e+01 -1.494249680135157199e+01
-1.754079975187778473e+01 -1.627764355052601175e+01
-1.768964761495590210e+01 -1.565321383538184286e+01
-1.751312646269798279e+01 -1.620716486348734264e+01
-1.776070959369341651e+01 -1.537944253698571906e+01
-1.783066335320472717e+01 -1.598000319592364349e+01
-1.767945085465908051e+01 -1.615001202868176833e+01
-1.761278997858365258e+01 -1.551529813741708708e+01
-1.769067107389370719e+01 -1.542398585282362866e+01
-1.734826784084240714e+01 -1.520252958830300827e+01
-1.760082360605398932e+01 -1.616362591532917747e+01
-1.766507787505785743e+01 -1.524839741843087282e+01
-1.773349041740099707e+01 -1.626233027817367116e+01
-1.774747852732737741e+01 -1.643331078120640498e+01
-1.773345558345317841e+01 -1.587879346872304964e+01
-1.774523102492094040e+01 -1.485673454829624696e+01
-1.746859873086214066e+01 -1.625018399721616191e+01
-1.759534267336130142e+01 -1.644971329825265016e+01
-1.751997440805037698e+01 -1.567338232560591216e+01
-1.765567633757988730e+01 -1.578974084730272232e+01
-1.784561891108751297e+01 -1.544568717015254045e+01
-1.776268104463815689e+01 -1.625970633618243255e+01
-1.766115667422612390e+01 -1.587728156052626538e+01
-1.789751591781775275e+01 -1.633259435133500403e+01
-1.762014833341042319e+01 -1.590301019495183787e+01
-1.768221507221460342e+01 -1.466663541422261829e+01
-1.767480037609736243e+01 -1.542035522708645168e+01
-1.770227537055810174e+01 -1.531511471488258991e+01
-1.763518750915924826e+01 -1.596356129336666818e+01
-1.769378063579400262e+01 -1.568503222527442098e+01
-1.769284421453873435e+01 -1.553725378853934203e+01
-1.753032096972068032e+01 -1.509890659134109292e+01
-1.770860269665718079e+01 -1.581116102887438402e+01
-1.737479241192340851e+01 -1.542655512574431143e+01
-1.751983745147784433e+01 -1.619524959465125846e+01
-1.768639053404331207e+01 -1.585587414828213859e+01
-1.777813614159822464e+01 -1.548411359415425892e+01
-1.750109267483155051e+01 -1.581573410777302513e+01
-1.769055326282978058e+01 -1.582548810290051833e+01
-1.767787515868743142e+01 -1.564649523697890210e+01
-1.772088481237490853e+01 -1.614854915420730563e+01
-1.752646762132644653e+01 -1.568631443420013838e+01
-1.772269543757041177e+01 -1.620955875941685420e+01
-1.753462977955738822e+01 -1.435422193849241523e+01
-1.765860112259785453e+01 -1.621503768029150905e+01
-1.766094172994295874e+01 -1.619225119305895433e+01
-1.783645963172117987e+01 -1.569316371075518646e+01
-1.780205578356981277e+01 -1.549230295651918965e+01
-1.760796965907017508e+01 -1.507031918810559645e+01
-1.780740115046501160e+01 -1.473124116426938457e+01
-1.764211004724105081e+01 -1.601495232520165501e+01
-1.753975564986467361e+01 -1.438178595010336380e+01
-1.753850824634234229e+01 -1.509357140280983600e+01
-1.754300734400749207e+01 -1.616190339373303786e+01
-1.784760358432928840e+01 -1.551463248512961712e+01
-1.778728095938761911e+01 -1.430810203799953761e+01
-1.742034128556649009e+01 -1.496663513431301418e+01
-1.751767536501089850e+01 -1.611083798594289007e+01
-1.761147412906090537e+01 -1.621578936143355065e+01
-1.784425356735785684e+01 -1.619169101467380401e+01
-1.792868682990471640e+01 -1.627012983545080260e+01
-1.768148336559534073e+01 -1.513254055419525557e+01
-1.765182654311259469e+01 -1.557504366589830980e+01
-1.765223071475823602e+01 -1.612515154751864443e+01
-1.755891784280538559e+01 -1.587829778101537137e+01
-1.776912541935841361e+01 -1.609697287423270140e+01
-1.772132733960946283e+01 -1.564540147162102990e+01
-1.775949903577566147e+01 -1.613459350536395931e+01
-1.744087761392195901e+01 -1.632540074881021042e+01
-1.787570354839165887e+01 -1.604730850071101855e+01
-1.757726911952098092e+01 -1.607030557657217074e+01
-1.768230124066273490e+01 -1.477162265777587891e+01
-1.776746692756811896e+01 -1.611005228215998031e+01
-1.752881461630265036e+01 -1.597186358563311614e+01
-1.769310241440932074e+01 -1.586546444583248849e+01
-1.762614307304223260e+01 -1.519983770940210910e+01
-1.798824887226025382e+01 -1.599148237550413398e+01
-1.776699622720479965e+01 -1.630025888418222380e+01
-1.794032907237609109e+01 -1.640017511937525541e+01
-1.773088645438353339e+01 -1.614392463882247952e+01
-1.765034399926662445e+01 -1.562988042212151818e+01
-1.795204183210929116e+01 -1.644940413437880622e+01
-1.784274737536907196e+01 -1.433430648159671073e+01
-1.793304518610239029e+01 -1.609410285949707031e+01
-1.751841969788074493e+01 -1.437452432706758643e+01
-1.781336612751086435e+01 -1.602978895856188402e+01
-1.782146691282590112e+01 -1.606123913108528356e+01
-1.766749104112386703e+01 -1.606943660587459277e+01
-1.767406574388344964e+01 -1.612576074724073649e+01
-1.780420205493767938e+01 -1.546135951946308040e+01
-1.768393990645806113e+01 -1.606227791773808633e+01
-1.753235341360171518e+01 -1.588345818705372992e+01
-1.773117090637485305e+01 -1.604428317330100384e+01
-1.776713622361421585e+01 -1.533342663653485261e+01
-1.784108869296808919e+01 -1.618566660447554284e+01
-1.769599741573135177e+01 -1.594857982536415086e+01
-1.788238387554883957e+01 -1.637769316388414964e+01
-1.780902470151583472e+01 -1.599404123231962060e+01
-1.782599376638730249e+01 -1.618532681155514297e+01
-1.779329725603262702e+01 -1.599376990578391400e+01
-1.784392979989449302e+01 -1.608830259991930589e+01
-1.780341035872697830e+01 -1.636663823313527288e+01
-1.773564290006955346e+01 -1.592836635143725843e+01
-1.779009742041428765e+01 -1.627835833561884726e+01
-1.777254123985767365e+01 -1.524365402816177983e+01
-1.776482963313658914e+01 -1.577709681027895527e+01
-1.762025779734055320e+01 -1.578380232971984043e+01
-1.761089667677879333e+01 -1.584593064444405641e+01
-1.774534355647240957e+01 -1.449132451144131828e+01
-1.791058470060427865e+01 -1.601607873842313623e+01
-1.788179686665534973e+01 -1.632059039078749763e+01
-1.772871703064690152e+01 -1.588935478012283120e+01
-1.771111024667819223e+01 -1.610264536622282705e+01
-1.742970446497201920e+01 -1.626773494869083692e+01
-1.785655679553747177e+01 -1.519737260991876759e+01
-1.778621190289656440e+01 -1.477822165055708403e+01
-1.785719905793666840e+01 -1.614308706506506041e+01
-1.759641706912467995e+01 -1.568911298528894172e+01
-1.780667890111605445e+01 -1.563791367914769559e+01
-1.775664027780294418e+01 -1.598263132417356758e+01
-1.774462429185708245e+01 -1.647013246858274726e+01
-1.795461564014355460e+01 -1.472697276573676639e+01
-1.768503077824910363e+01 -1.611097766826679134e+01
-1.807036344707012177e+01 -1.622290539431881484e+01
-1.797814199825127801e+01 -1.540840039934430727e+01
-1.803079787393410882e+01 -1.621365287087180462e+01
-1.802958245327075204e+01 -1.590236027209789782e+01
-1.786474163085222244e+01 -1.600299373230376787e+01
-1.770751127849022666e+01 -1.577294933021842738e+01
-1.784586333731810370e+01 -1.594048213958740234e+01
-1.800705836961666861e+01 -1.607342038835798093e+01
-1.784555500994126120e+01 -1.610411367787943249e+01
-1.776245237638552865e+01 -1.557656809571501455e+01
-1.782244780411322793e+01 -1.625631712628649339e+01
-1.781950706243515015e+01 -1.596429922673609347e+01
-1.796690641343593597e+01 -1.632665891771192790e+01
-1.772787682712078094e+01 -1.511290747159487324e+01
-1.780653603126605233e+01 -1.621924856111600732e+01
-1.789714365204175195e+01 -1.547179762109533563e+01
-1.784219697614510736e+01 -1.559081197713876676e+01
-1.785758450875679770e+01 -1.608453698591752357e+01
-1.799200983842213830e+01 -1.561245622263326283e+01
-1.805618396898110589e+01 -1.485969713136747217e+01
-1.793159936368465424e+01 -1.625614866033777162e+01
-1.784477616598208627e+01 -1.574033916770637731e+01
-1.792987307161092758e+01 -1.401649415647828789e+01
-1.789889745662609855e+01 -1.643912779820429648e+01
-1.776034102092186728e+01 -1.570930456186269808e+01
-1.787126801908016205e+01 -1.571934358175698776e+01
-1.777354203661282739e+01 -1.589176335272850871e+01
-1.803763038416703424e+01 -1.595596551275872521e+01
-1.800904542207717896e+01 -1.515209025841254764e+01
-1.778392284363508224e+01 -1.513105200482653245e+01
-1.806262789666652679e+01 -1.618557015951577682e+01
-1.800471697251002112e+01 -1.613505591355361091e+01
-1.785849402099847794e+01 -1.621347064476508493e+01
-1.778263338655233383e+01 -1.641306719841895045e+01
-1.795008339981238166e+01 -1.629998745856347142e+01
-1.817484148840109626e+01 -1.555813467347776680e+01
-1.783299639821052551e+01 -1.621968327559433831e+01
-1.788229148089885712e+01 -1.574305374591381579e+01
-1.788437871883312980e+01 -1.546676768265761304e+01
-1.790133812278509140e+01 -1.628409546691101895e+01
-1.783011862635612488e+01 -1.624021878180565892e+01
-1.797156118601560593e+01 -1.536104152728984928e+01
-1.787621837357680121e+01 -1.491944095066615539e+01
-1.781639223545789719e+01 -1.599512953572459040e+01
-1.794097654521465302e+01 -1.557520660796722822e+01
-1.809132831792036811e+01 -1.476956877770362020e+01
-1.805853760739167413e+01 -1.552220001468410793e+01
-1.805612995227177819e+01 -1.575606291634695921e+01
-1.787217663476864615e+01 -1.599348979801326642e+01
-1.791651867330074310e+01 -1.456871463726093197e+01
-1.820835134635369101e+01 -1.644080314388522979e+01
-1.797159398347139359e+01 -1.578148408369584565e+01
-1.778285621106624603e+01 -1.633089158442113131e+01
-1.796861661225557327e+01 -1.618662406871845150e+01
-1.815765662242968759e+01 -1.578093954804655752e+01
-1.782991513858238974e+01 -1.573213204470547844e+01
-1.793633974591891089e+01 -1.556102709336714263e+01
-1.793652990212043008e+01 -1.602069920378846035e+01
-1.794087418417135993e+01 -1.636378270929509782e+01
-1.784252379586299142e+01 -1.612698302330908717e+01
-1.791301423311233521e+01 -1.514913490840366883e+01
-1.797227940211693564e+01 -1.571355072863690339e+01
-1.795161546270052710e+01 -1.533105784577208652e+01
-1.781068945676088333e+01 -1.577265627972491302e+01
-1.818856082608302316e+01 -1.608917341603861217e+01
-1.804326201726992807e+01 -1.605039442978896247e+01
-1.805769878129164496e+01 -1.611267638516116563e+01
-1.795536453028519830e+01 -1.633573149396227464e+01
-1.787785593420267105e+01 -1.629127148219517451e+01
-1.814854772885640344e+01 -1.633152546820702611e+01
-1.803798764944076538e+01 -1.615549696885146247e+01
-1.772574016079306602e+01 -1.623882958796117038e+01
-1.790729306389888009e+01 -1.606923476132479678e+01
-1.814474976559479913e+01 -1.566692560369318166e+01
-1.807882179816563806e+01 -1.621182445427039909e+01
-1.805548398445050040e+01 -1.539329900370015736e+01
-1.806976471841335297e+01 -1.635354511459152249e+01
-1.799168383826811990e+01 -1.473222092219761414e+01
-1.778408259401718894e+01 -1.578141182738465176e+01
-1.806825033823649207e+01 -1.508334410035764961e+01
-1.784628781924645224e+01 -1.573243324477951255e+01
-1.804851566751797876e+01 -1.457719438726251759e+01
-1.802480390419562539e+01 -1.622818648350703086e+01
-1.802134421716133872e+01 -1.557131315206552458e+01
-1.817386456330617150e+01 -1.607686710357666016e+01
-1.812106536080439767e+01 -1.613393135813923607e+01
-1.822833148141701898e+01 -1.588490014262013617e+01
-1.800060987720886985e+01 -1.411687990906950674e+01
-1.789748463779687881e+01 -1.551559905262736550e+01
-1.811932501445214072e+01 -1.549172924091289616e+01
-1.812843245764573297e+01 -1.632962552603189010e+01
-1.790937861551840982e+01 -1.612501606383881025e+01
-1.788757943424085894e+01 -1.555030989956546073e+01
-1.808255944897731027e+01 -1.651217326870212432e+01
-1.789524702231089393e+01 -1.625593007075322305e+01
-1.797950221598148346e+01 -1.625359943934849483e+01
-1.809234158694744110e+01 -1.637522614466679727e+01
-1.826205094158649445e+01 -1.527507006657588029e+01
-1.796696327626705170e+01 -1.619851900075937223e+01
-1.816153069833914557e+01 -1.574278982583578568e+01
-1.816567755987246713e+01 -1.596831466625263118e+01
-1.791666743159294128e+01 -1.617108991548612451e+01
-1.801747141778469086e+01 -1.525128602362298302e+01
-1.814007319013277808e+01 -1.571227202477393270e+01
-1.794824532419443130e+01 -1.615822918384106188e+01
-1.793594160179297248e+01 -1.620017771287398034e+01
-1.808078287293513498e+01 -1.551755532351407219e+01
-1.803809275229771814e+01 -1.559301901482916541e+01
-1.778879148264725885e+01 -1.620678068136239958e+01
-1.784538631389538565e+01 -1.607682007628601895e+01
-1.786023329695065698e+01 -1.604895408432205173e+01
-1.808839982002973557e+01 -1.392018377626096992e+01
-1.807185039420922479e+01 -1.635107268296279059e+01
-1.807198216766119003e+01 -1.425904041141658674e+01
-1.778624732295672217e+01 -1.591197066492848577e+01
-1.817461913575728616e+01 -1.547375246766325674e+01
-1.818256380409002304e+01 -1.632246434843385430e+01
-1.825742344558238983e+01 -1.482157302212405448e+01
-1.829012724260489264e+01 -1.651067831609156400e+01
-1.788901848345994949e+01 -1.583541963007542996e+01
-1.789096192767222604e+01 -1.473717379879641776e+01
-1.813714272032181540e+01 -1.558077145861340895e+01
-1.801820162187020102e+01 -1.614553103508887233e+01
-1.808801362911860267e+01 -1.582212166971974554e+01
-1.836874631792306900e+01 -1.591776259533770599e+01
-1.817091040313243866e+01 -1.620196704121379128e+01
-1.812242234498262405e+01 -1.348572340878573250e+01
-1.818737941483656684e+01 -1.436302291572868128e+01
-1.805190660556157312e+01 -1.379680546847256828e+01
-1.813468695556123933e+01 -1.564298465035178509e+01
-1.808365472157796106e+01 -1.568066679966914201e+01
-1.804389903694391251e+01 -1.626243494702623948e+01
-1.817841864128907403e+01 -1.584956176559646401e+01
-1.819196349134047708e+01 -1.608693786720176888e+01
-1.817269395788510522e+01 -1.540274390926608739e+01
-1.791356163471937180e+01 -1.598838067983652067e+01
-1.829436210046211997e+01 -1.565383480121563053e+01
-1.805218546340863028e+01 -1.649668320742520322e+01
-1.818452169497807702e+01 -1.632132828700078164e+01
-1.804960435132185737e+01 -1.626906347894049176e+01
-1.809948716312646866e+01 -1.619287124237456865e+01
-1.828036966919898987e+01 -1.585738050782835273e+01
-1.784012822558482370e+01 -1.592882935412518464e+01
-1.798307975381612778e+01 -1.624565481210683870e+01
-1.829466302941242972e+01 -1.456753642837722573e+01
-1.832330863674481591e+01 -1.609987115240716449e+01
-1.824566458413998404e+01 -1.621457955744359225e+01
-1.815712934980789939e+01 -1.640214959677163620e+01
-1.821282753099997720e+01 -1.532111607588730884e+01
-1.821177919705708703e+01 -1.619967461870862380e+01
-1.830505709101756295e+01 -1.508130824101435685e+01
-1.803466933965682983e+01 -1.625916104502492132e+01
-1.814124007523059845e+01 -1.572894001007080078e+01
-1.817863732576370239e+01 -1.622541235638903245e+01
-1.805381184816360474e+01 -1.583741470435997023e+01
-1.814323112865288934e+01 -1.605102281446580648e+01
-1.802485467990239343e+01 -1.545791064918815394e+01
-1.811327350884675980e+01 -1.500178107967624364e+01
-1.789636833220720291e+01 -1.438495570343810215e+01
-1.809943382193644723e+01 -1.595600694185727519e+01
-1.795895735919475555e+01 -1.637744078698096217e+01
-1.815912425269683084e+01 -1.535356981104070506e+01
-1.812478807320197305e+01 -1.535010877832189813e+01
-1.810341214885314187e+01 -1.508447998839539395e+01
-1.795302061984936515e+01 -1.594484845694009323e+01
-1.805912670493125916e+01 -1.638307702696168633e+01
-1.815120471517245093e+01 -1.627526848037521390e+01
-1.812079707781473914e+01 -1.638747087701574401e+01
-1.823098439723253250e+01 -1.595695972442626953e+01
-1.838422117878993234e+01 -1.635703566167261869e+01
-1.805082982530196389e+01 -1.639219016533393258e+01
-1.813021965324878693e+01 -1.607590487096216947e+01
-1.835122761875391006e+01 -1.580794156062138534e+01
-1.812513781587282935e+01 -1.630196528001265222e+01
-1.816154438505570212e+01 -1.582098811013358031e+01
-1.825453168153762817e+01 -1.537812054621708846e+01
-1.838067778199911118e+01 -1.639936859576733141e+01
-1.825918292999267578e+01 -1.630977915478991136e+01
-1.822968499362468719e+01 -1.601673837141557044e+01
-1.800848487267891684e+01 -1.617183532962551240e+01
-1.801057339459657669e+01 -1.565879752419211712e+01
-1.830168691774209222e+01 -1.615058124839485387e+01
-1.813733089963595191e+01 -1.612379091436212875e+01
-1.826087391624848166e+01 -1.613003720865621204e+01
-1.837153017024199286e+01 -1.600673446407565947e+01
-1.823096800347169122e+01 -1.604682937845007018e+01
-1.808581895877917489e+01 -1.604757774650276403e+01
-1.817345731208721915e+01 -1.633163703571666403e+01
-1.819348317633072654e+01 -1.617299865128158132e+01
-1.824865112950404367e+01 -1.560635870153253713e+01
-1.816834664593140403e+01 -1.607550285388897038e+01
-1.809867395957310876e+01 -1.581103822782442236e+01
-1.822368106494347373e+01 -1.608118993585759782e+01
-1.806509989748398581e+01 -1.610026037538206367e+01
-1.821274042874574661e+01 -1.563071828074269476e+01
-1.809886605540911475e+01 -1.603442836117434922e+01
-1.811898844689130783e+01 -1.625598320403656416e+01
-1.828385103245576104e+01 -1.502830402572433677e+01
-1.797646770377953729e+01 -1.538804667336600218e+01
-1.822462764630715171e+01 -1.617047181067528783e+01
-1.778393228352069855e+01 -1.640366400681532966e+01
-1.806746743743618211e+01 -1.624202382719361992e+01
-1.850260743002096930e+01 -1.617946772141890222e+01
-1.835410868376493454e+01 -1.620292345269933776e+01
-1.818453566481669625e+01 -1.653710464378455924e+01
-1.848109670480092248e+01 -1.623401929186536208e+01
-1.853575268884499749e+01 -1.441402892323283425e+01
-1.821147908518711844e+01 -1.417555296266233711e+01
-1.816418883949518204e+01 -1.581854724884033203e+01
-1.805772663404544076e+01 -1.608773822289008493e+01
-1.811118026574452600e+01 -1.578705424767036014e+01
-1.819561669478813926e+01 -1.625931598613788509e+01
-1.826003255695104599e+01 -1.637755584716796875e+01
-1.832516437023878098e+01 -1.629203914667104769e+01
-1.853066081553697586e+01 -1.617625943716470260e+01
-1.828274007638295373e+01 -1.618967113247165557e+01
-1.837024682263533393e+01 -1.566507524019711894e+01
-1.819236164291699609e+01 -1.638251284809855690e+01
-1.816940238575140754e+01 -1.635998741992108307e+01
-1.844571621467669686e+01 -1.637925829206194095e+01
-1.821430245290200034e+01 -1.619413162825943431e+01
-1.809718408932288369e+01 -1.604653102082091465e+01
-1.823551334937413415e+01 -1.641806481101296100e+01
-1.824384082108736038e+01 -1.649950342054490804e+01
-1.822444753348827362e+01 -1.635264269098058776e+01
-1.823675623784462729e+01 -1.632259648806088848e+01
-1.838321366409460822e+01 -1.494637257712227907e+01
-1.827267380058765411e+01 -1.630928456938111992e+01
-1.836910212288300315e+01 -1.602062942455341243e+01
-1.844019225488106528e+01 -1.601065193523060159e+01
-1.829145300388336182e+01 -1.579261482536018590e+01
-1.838662119209766388e+01 -1.630865217184091520e+01
-1.806704040368397912e+01 -1.574901222873043771e+01
-1.813343611359596252e+01 -1.584641530916288232e+01
-1.810289912174145499e+01 -1.574829938814237451e+01
-1.802492254972457886e+01 -1.636464802630536042e+01
-1.834864173332850257e+01 -1.595806456231451698e+01
-1.828237294902404031e+01 -1.364024291100440145e+01
-1.837625472744305810e+01 -1.565255788084748545e+01
-1.835502714663743973e+01 -1.630194053402194854e+01
-1.834003897756338120e+01 -1.571251299474146457e+01
-1.803649737189213553e+01 -1.632359950573413343e+01
-1.842308691143989563e+01 -1.591498041772223182e+01
-1.827733220905065536e+01 -1.605028685037191849e+01
-1.811867952346801758e+01 -1.589206390876274533e+01
-1.840691393613815308e+01 -1.635222411465335313e+01
-1.843062792221705237e+01 -1.615512919735598985e+01
-1.823961023986339569e+01 -1.611323598143342295e+01
-1.808588556200265884e+01 -1.572795926131211353e+01
-1.825060109049081802e+01 -1.595369242383288011e+01
-1.801948121438423911e+01 -1.527683691544966216e+01
-1.815209413319826126e+01 -1.620199191105830039e+01
-1.830924812207619468e+01 -1.432190426913174797e+01
-1.835303855687379837e+01 -1.593947709071171737e+01
-1.836763441314299783e+01 -1.629757273042356758e+01
-1.831792383144299308e+01 -1.621099749478426943e+01
-1.836422518392403802e+01 -1.642895135012539853e+01
-1.834279800454775611e+01 -1.604285853249686156e+01
-1.849824125319719315e+01 -1.570086162121264906e+01
-1.809906746198733529e+01 -1.580702374198219928e+01
-1.819166968266169349e+01 -1.585821452698150225e+01
-1.841160320242245874e+01 -1.598243687369606647e+01
-1.806095988055070123e+01 -1.446587085723876953e+01
-1.809887974709272385e+01 -1.606555974638307305e+01
-1.797835016747315606e+01 -1.582099414181399588e+01
-1.804540204256772995e+01 -1.616443226554176960e+01
-1.850568139056364814e+01 -1.600033763786414909e+01
-1.828847270458936691e+01 -1.604410110820423441e+01
-1.801022718846797943e+01 -1.629720178827062682e+01
-1.822857280572255334e+01 -1.595966028238271761e+01
-1.823749224344889441e+01 -1.600343114679509782e+01
-1.844280074785153190e+01 -1.578096424449573831e+01
-1.835438666244347772e+01 -1.590751531526639795e+01
-1.845710030446450034e+01 -1.579228692240529242e+01
-1.850208679835001746e+01 -1.583832379130573997e+01
-1.833285535623629769e+01 -1.626621334274093655e+01
-1.816572027653455734e+01 -1.394159443347485094e+01
-1.813808078815539560e+01 -1.637939346610725622e+01
-1.834347873926162720e+01 -1.614343794290121537e+01
-1.849426894634962082e+01 -1.611713527084945241e+01
-1.824024415016174316e+01 -1.556332330579881607e+01
-1.795087836186091224e+01 -1.553983706932563358e+01
-1.861702866603930673e+01 -1.562145326044652371e+01
-1.831390599161386490e+01 -1.633932574383624114e+01
-1.824186032513777533e+01 -1.608503849475414782e+01
-1.869510877380768576e+01 -1.650765941669414616e+01
-1.837444459150234977e+01 -1.565704977357542305e+01
-1.825201312452554703e+01 -1.628481611028894349e+01
-1.848868520806233207e+01 -1.536077249204957695e+01
-1.833500412603219232e+01 -1.561657649201232090e+01
-1.839671212683121482e+01 -1.533826934517204066e+01
-1.831341309845447540e+01 -1.638030192139860830e+01
-1.827285840859015664e+01 -1.603078714593664245e+01
-1.825032578657070914e+01 -1.561594198895739183e+01
-1.818040263652801514e+01 -1.628941241177645693e+01
-1.824210543185472488e+01 -1.620158165770691738e+01
-1.814979519446690759e+01 -1.570508299245462780e+01
-1.831016931931177893e+01 -1.604179876500910140e+01
-1.832676296184460440e+01 -1.603058116466968031e+01
-1.858264619112014771e+01 -1.587500881839108224e+01
-1.846446281174818793e+01 -1.537630118952169056e+01
-1.815386227766672889e+01 -1.615809132836081830e+01
-1.844065965463717660e+01 -1.618151139593743792e+01
-1.826280061900615692e+01 -1.584117816330550532e+01
-1.836741251498460770e+01 -1.599465880455908895e+01
-1.851083010683457175e+01 -1.634343565903700934e+01
-1.851458818713824073e+01 -1.554827530353100329e+01
-1.834836321075757226e+01 -1.571142285830014629e+01
-1.833446783944964409e+01 -1.623435664486575547e+01
-1.819403344641129294e+01 -1.628426403194279004e+01
-1.834160928428173065e+01 -1.609354147972998561e+01
-1.843279103934764862e+01 -1.482647676591749253e+01
-1.847177756081024924e+01 -1.629173832435112601e+01
-1.849344281603892526e+01 -1.523229374823632121e+01
-1.817975732187430182e+01 -1.600830609457833376e+01
-1.833391772955656052e+01 -1.614311581153374320e+01
-1.821449140956004342e+01 -1.598522774584881745e+01
-1.827458784480889520e+01 -1.589580237400996232e+01
-1.834363162517547607e+01 -1.645352863955807265e+01
-1.835888807972272119e+01 -1.585615681982659630e+01
-1.837805916120608529e+01 -1.569917452180540351e+01
-1.842291711022456369e+01 -1.626990866970706406e+01
-1.859952975561221322e+01 -1.579996504102434507e+01
-1.851698785026868066e+01 -1.601720257548542747e+01
-1.844804823150237283e+01 -1.616783709340281305e+01
-1.831831297030051431e+01 -1.621102486647568597e+01
-1.846089381476243219e+01 -1.590372121488893242e+01
-1.841080410281817237e+01 -1.583689070367193885e+01
-1.834008256097634515e+01 -1.582006721991997189e+01
-1.856955882161855698e+01 -1.603737775381509323e+01
-1.829720751941204071e+01 -1.618708821086140404e+01
-1.822578497727711877e+01 -1.623807038889302845e+01
-1.820586298406124115e+01 -1.611383969443184938e+01
-1.839857210715611657e+01 -1.633317113851571989e+01
-1.865069176753361901e+01 -1.565257648368934618e+01
-1.841941403597593307e+01 -1.569904031381978626e+01
-1.806812131901581964e+01 -1.645222190757850456e+01
-1.860729871193568030e+01 -1.614035188996946601e+01
-1.837364723285039148e+01 -1.585306625861626095e+01
-1.860723065833250800e+01 -1.572617984127688651e+01
-1.867414506524801254e+01 -1.594996134027258172e+01
-1.827560745924711227e+01 -1.622479629516601562e+01
-1.825427110989888391e+01 -1.604977824471213665e+01
-1.833804599195718765e+01 -1.577952311874984126e+01
-1.831101735681295395e+01 -1.616908930493639573e+01
-1.844595296680927277e+01 -1.591042116090848779e+01
-1.844334631164868554e+01 -1.614048199839406195e+01
-1.855621317277352134e+01 -1.542758665456400280e+01
-1.858835789809624472e+01 -1.623175529380897331e+01
-1.838070343186457833e+01 -1.576280726395644116e+01
-1.845023246606190881e+01 -1.583379450711336922e+01
-1.849709315846363822e+01 -1.634185196517349681e+01
-1.834884813676277915e+01 -1.618891054624086934e+01
-1.842285944521427155e+01 -1.603041142302674160e+01
-1.857000963389873505e+01 -1.595187245406113696e+01
-1.854907166212797165e+01 -1.581817968789633255e+01
-1.848339862128098687e+01 -1.577132994168764668e+01
-1.839424430578947067e+01 -1.606391491828026830e+01
-1.813160315404335776e+01 -1.617264623765821696e+01
-1.840811083962519845e+01 -1.640843990870884639e+01
-1.845799148827791214e+01 -1.636011316869166166e+01
-1.849364599088827887e+01 -1.634106560496540794e+01
-1.838937132060527802e+01 -1.596616720224355745e+01
-1.841940226654211799e+01 -1.550981557524049492e+01
-1.831524369865655899e+01 -1.562663226932674299e+01
-1.847728526592254639e+01 -1.577446113933216409e+01
-1.852436707665522775e+01 -1.592474215371268187e+01
-1.861681508024533471e+01 -1.619760369635247699e+01
-1.847252277533213416e+01 -1.554923564118224277e+01
-1.865083249161640921e+01 -1.539258321539148078e+01
-1.832787237068017205e+01 -1.515893311934037690e+01
-1.867267653346061707e+01 -1.606892221624201156e+01
-1.862035271773735801e+01 -1.619997076554732018e+01
-1.842328744630018988e+01 -1.612235775241603974e+01
-1.841509227454662323e+01 -1.435931376667765846e+01
-1.828220126777887344e+01 -1.605511499380136442e+01
-1.843364083146055421e+01 -1.558411013615595841e+01
-1.849129977573950967e+01 -1.593557397421304245e+01
-1.848958125213782111e+01 -1.531362145906918926e+01
-1.827587133894364158e+01 -1.636593340588854417e+01
-1.850156706074873725e+01 -1.556682656647322993e+01
-1.856106699506441871e+01 -1.615757150154609079e+01
-1.846692297110955039e+01 -1.588434979822728543e+01
-1.831760255495707312e+01 -1.609757755329082585e+01
-1.853279333064953605e+01 -1.633058165265368089e+01
-1.841703867912292480e+01 -1.592842747329117437e+01
-1.859292596578598022e+01 -1.593106994381198582e+01
-1.843864082296689233e+01 -1.602722730265035267e+01
-1.847280126810073853e+01 -1.631184441702706422e+01
-1.865197946627934655e+01 -1.623489897591727171e+01
-1.853142703324556351e+01 -1.601109321396072360e+01
-1.833555366347233573e+01 -1.629895601644144421e+01
-1.856340574721495429e+01 -1.595469803005069842e+01
-1.849034901211659232e+01 -1.633180287596467295e+01
-1.843705813586711884e+01 -1.609187066709840508e+01
-1.846433133631944656e+01 -1.641717752233728334e+01
-1.874361403286457062e+01 -1.617487103598458376e+01
-1.839772828916708747e+01 -1.575523553575788149e+01
-1.840317668269078055e+01 -1.553290851394851479e+01
-1.829296255111694336e+01 -1.618374421379783001e+01
-1.860261486222346505e+01 -1.616019959883256263e+01
-1.844583547115325928e+01 -1.615295250384838610e+01
-1.866756663471460342e+01 -1.519915546070445700e+01
-1.846711276968320092e+01 -1.601089523364971257e+01
-1.857263395935297012e+01 -1.493857839510038232e+01
-1.858701289693514624e+01 -1.591683828675901680e+01
-1.821943185478448868e+01 -1.597482646595348044e+01
-1.852498987565438071e+01 -1.567981947861708569e+01
-1.843270405878623208e+01 -1.608338466247954912e+01
-1.851750763505697250e+01 -1.586686152916450077e+01
-1.865576513856649399e+01 -1.529243500201733141e+01
-1.858693572630484780e+01 -1.447464724949428039e+01
-1.854756272584199905e+01 -1.634307167746803913e+01
-1.839827625205119332e+01 -1.602579764576701393e+01
-1.841747666150331497e+01 -1.630759929062484304e+01
-1.859514120717843255e+01 -1.490485520796342378e+01
-1.846518506854772568e+01 -1.605064214978899173e+01
-1.854009236395359039e+01 -1.622505895193521042e+01
-1.878221711516380310e+01 -1.600936545334853278e+01
-1.853902240097522736e+01 -1.507191493294455853e+01
-1.834494824707508087e+01 -1.601006782828987340e+01
-1.863511045525471488e+01 -1.575559754805131440e+01
-1.851442597558100900e+01 -1.596701882102272663e+01
-1.865011857201655587e+01 -1.630853678963401165e+01
-1.844882849603891373e+01 -1.608672314185600882e+01
-1.860291524479786673e+01 -1.597750081644429798e+01
-1.853654883305231849e+01 -1.602365864097297887e+01
-1.858666399617989740e+01 -1.552789781000707059e+01
-1.843178211649258813e+01 -1.615404356919325934e+01
-1.860106617460648337e+01 -1.615190398228632773e+01
-1.879790767282247543e+01 -1.527384988363687057e+01
-1.811706588665644446e+01 -1.606342403610031155e+01
-1.863668720920880517e+01 -1.521915848224194079e+01
-1.854168948282798013e+01 -1.615223313616467848e+01
-1.878859979907671729e+01 -1.645163303226619433e+01
-1.858216234544913092e+01 -1.583197345981350246e+01
-1.881829338024060050e+01 -1.563172552183077002e+01
-1.850856304665406427e+01 -1.612993615633481426e+01
-1.836093180378277978e+01 -1.633137395784452295e+01
-1.851437425365050515e+01 -1.636353417185993919e+01
-1.857345856974522391e+01 -1.375468973679975981e+01
-1.849940386662880698e+01 -1.619151163720465192e+01
-1.853115122020244598e+01 -1.606516660962785892e+01
-1.857082741707563400e+01 -1.631487307610449733e+01
-1.862967347353696823e+01 -1.539994107283555103e+01
-1.854719373583793640e+01 -1.584371366129293079e+01
-1.862078330914179602e+01 -1.601260320861618069e+01
-1.870647462705771247e+01 -1.501664346224301738e+01
-1.868678672860066214e+01 -1.600793739417930794e+01
-1.861191741625468055e+01 -1.557486108061555186e+01
-1.853581557422876358e+01 -1.618456520972313939e+01
-1.835811205705006799e+01 -1.622431206393551406e+01
-1.858115187784035882e+01 -1.616593198652391195e+01
-1.858708998809258262e+01 -1.593560737758487811e+01
-1.849201081196467200e+01 -1.547867088813286252e+01
-1.858567243317763129e+01 -1.619386999947684203e+01
-1.874935301641623298e+01 -1.605614947034166917e+01
-1.877565427869558334e+01 -1.604242458591213349e+01
-1.867816444983084878e+01 -1.586324790855506883e+01
-1.857142923772335052e+01 -1.615118238523409033e+01
-1.872049686809380731e+01 -1.587010161907641859e+01
-1.850972274939219275e+01 -1.578832275836498766e+01
-1.861264376839001855e+01 -1.555975014822823610e+01
-1.879788723339637002e+01 -1.613557536880691501e+01
-1.848276947438716888e+01 -1.561023122614080272e+01
-1.859840465088685235e+01 -1.488596594178831367e+01
-1.837332362929980079e+01 -1.590250558977003159e+01
-1.848193896313508233e+01 -1.557357858682607699e+01
-1.866499957938988885e+01 -1.617742679645488835e+01
-1.828485281020402908e+01 -1.630874412710016585e+01
-1.848820167034864426e+01 -1.612539183629023398e+01
-1.881577211370070657e+01 -1.606441226562896318e+01
-1.841039043416579446e+01 -1.583530180794852171e+01
-1.822248735030492028e+01 -1.597125464600402012e+01
-1.850805178532997886e+01 -1.611042364541586380e+01
-1.880396550148725510e+01 -1.629344984772917471e+01
-1.862189905842145166e+01 -1.625792398081197376e+01
-1.870940581212441245e+01 -1.572977947879147287e+01
-1.859077059725920478e+01 -1.636437111396294242e+01
-1.862992581725120544e+01 -1.603727668910831738e+01
-1.875094659874836722e+01 -1.621598872890720244e+01
-1.888201701889435569e+01 -1.589757203436517052e+01
-1.851696842908859253e+01 -1.585541030338832336e+01
-1.871000913530588150e+01 -1.598988947930274129e+01
-1.877546211828788003e+01 -1.503821065518763156e+01
-1.854046606769164285e+01 -1.583169394654112949e+01
-1.821510842442512512e+01 -1.525577738377955050e+01
-1.856919512152671814e+01 -1.622388641555587796e+01
-1.874728387345870217e+01 -1.605539033320042819e+01
-1.861190426101287088e+01 -1.557205514783983169e+01
-1.872752403964598855e+01 -1.461435552076859956e+01
-1.863537505517403403e+01 -1.589520624086454248e+01
-1.866676136106252670e+01 -1.543252538705801058e+01
-1.859062135964632034e+01 -1.605582693025663232e+01
-1.858892633269230643e+01 -1.548048992900105247e+01
-1.847880707681179047e+01 -1.631524936874191312e+01
-1.862563933928807458e+01 -1.473726774190927458e+01
-1.866834382216135779e+01 -1.624072863838889447e+01
-1.865408618996540824e+01 -1.596084717341831727e+01
-1.889081639548142633e+01 -1.603441221063787125e+01
-1.847903621941804886e+01 -1.588970920017787414e+01
-1.859788009772698203e+01 -1.588302531799712725e+01
-1.871635481466849527e+01 -1.588844870282457933e+01
-1.836625442157189170e+01 -1.610928415323232699e+01
-1.836154418190320214e+01 -1.619481616825252246e+01
-1.850528336067994317e+01 -1.609873185838971921e+01
-1.877719481041033944e+01 -1.543276633225478101e+01
-1.857799475391705712e+01 -1.584292037765701089e+01
-1.861102946102619171e+01 -1.622205287140685215e+01
-1.867528311659892282e+01 -1.529993212377870293e+01
-1.886222882817189017e+01 -1.595586297419164090e+01
-1.863250289112329483e+01 -1.591833002536327868e+01
-1.883688033372163773e+01 -1.597586485627409658e+01
-1.859563584377368173e+01 -1.601917659771906699e+01
-1.875995195160309592e+01 -1.637054302166034603e+01
-1.850011017173528671e+01 -1.592553761407926416e+01
-1.875688306987285614e+01 -1.574258352874161382e+01
-1.870430525888999185e+01 -1.597354356344644088e+01
-1.865175798038641730e+01 -1.605007359888646334e+01
-1.872942439715067664e+01 -1.503798630949738779e+01
-1.876779885590076447e+01 -1.609253360698749447e+01
-1.865779629846413812e+01 -1.583962031773158508e+01
-1.880255747834841529e+01 -1.599604372544722075e+01
-1.873322426776091376e+01 -1.601887068810400905e+01
-1.877188716083765030e+01 -1.559217828589600430e+01
-1.874143291513125220e+01 -1.572205252771253647e+01
-1.868028839677572250e+01 -1.562742432061727982e+01
-1.864073229084412375e+01 -1.562843127064890680e+01
-1.876153758416573325e+01 -1.548851409515777178e+01
-1.858635525157054147e+01 -1.609860192336045159e+01
-1.887223691989978036e+01 -1.578332776527900272e+01
-1.880717435479164124e+01 -1.499647747386585550e+01
-1.869387711584568024e+01 -1.576254621728674188e+01
-1.854633445044358453e+01 -1.524889642542058787e+01
-1.862388980388641357e+01 -1.571844290448473558e+01
-1.856072771425048629e+01 -1.605502666126598044e+01
-1.876995168377955636e+01 -1.592965108698064647e+01
-1.877423946807781974e+01 -1.606135995047432985e+01
-1.858603682865699014e+01 -1.597706531549428988e+01
-1.865664574255545816e+01 -1.598731203512712007e+01
-1.888606621821721276e+01 -1.610940035751887578e+01
-1.876855333149433136e+01 -1.508319904277851009e+01
-1.881485887368519982e+01 -1.587463008273731546e+01
-1.844706281026204309e+01 -1.580523480997457142e+01
-1.855533301830291748e+01 -1.579510583776932187e+01
-1.875139207392930984e+01 -1.592938474788294201e+01
-1.861647076656420907e+01 -1.566619030840985261e+01
-1.879350430518388748e+01 -1.614947508836721468e+01
-1.869901597996552667e+01 -1.594724543682940521e+01
-1.848895530651013175e+01 -1.613332666940503302e+01
-1.881672960768143454e+01 -1.571092595682515736e+01
-1.875133756051461020e+01 -1.620616195108983248e+01
-1.886986042310794076e+01 -1.582893763579331470e+01
-1.874694478263457498e+01 -1.637423278759052181e+01
-1.871080178767442703e+01 -1.498987170628138976e+01
-1.842931396141648293e+01 -1.508301687859869666e+01
-1.857704730083544931e+01 -1.611581220255269642e+01
-1.854408407708008966e+01 -1.604651747121439342e+01
-1.869181339442729950e+01 -1.599069028086476507e+01
-1.882177395125230035e+01 -1.544455555507114930e+01
-1.856722660859425744e+01 -1.503777341718797622e+01
-1.864787933230400085e+01 -1.616989219962776403e+01
-1.882338249186674872e+01 -1.604370772374140586e+01
-1.874591200302044669e+01 -1.617078004564557858e+01
-1.869837523996829987e+01 -1.562949472898012715e+01
-1.876195463041464606e+01 -1.537249383059415031e+01
-1.884081501762072364e+01 -1.571851986104791798e+01
-1.881752062837282935e+01 -1.586642183576311460e+01
-1.860909548898537835e+01 -1.570562323037680130e+01
-1.860337825119495392e+01 -1.627342186964951409e+01
-1.869815084089835366e+01 -1.630231013855376787e+01
-1.876169316222270211e+01 -1.548501908933961602e+01
-1.883354219545920571e+01 -1.591447225793615594e+01
-1.883845714976390084e+01 -1.602995737496908646e+01
-1.846027821054061135e+01 -1.577633348687902703e+01
-1.876957076291243354e+01 -1.584342707596815991e+01
-1.879760076353947440e+01 -1.505765739663854852e+01
-1.866624825199444970e+01 -1.601189306184842920e+01
-1.864857742438713828e+01 -1.599352931976318359e+01
-1.858869111041228095e+01 -1.614863038991952848e+01
-1.889646701514720917e+01 -1.616587383716137438e+01
-1.864175531516472617e+01 -1.585383911875935325e+01
-1.859926029791434487e+01 -1.460081028628659006e+01
-1.853468412409226218e+01 -1.607316709493661833e+01
-1.865386873980363092e+01 -1.626955273863557139e+01
-1.880846517284711084e+01 -1.569016917340167083e+01
-1.871063325305779657e+01 -1.637799869884144144e+01
-1.881425466388463974e+01 -1.651318117860075674e+01
-1.862142827113469323e+01 -1.488622508110938192e+01
-1.872423478960990906e+01 -1.615725825668929616e+01
-1.898906468103329459e+01 -1.622724899688324385e+01
-1.888580214728911599e+01 -1.626172026101644974e+01
-1.887525271624326706e+01 -1.617523573590563402e+01
-1.890076376001040259e+01 -1.604872154879879531e+01
-1.880740260829528054e+01 -1.598576652229606410e+01
-1.861817363649606705e+01 -1.555638811185762549e+01
-1.896399321158726892e+01 -1.592829083777093224e+01
-1.875466715544462204e+01 -1.605948746668828164e+01
-1.875654003024101257e+01 -1.542934483367127285e+01
-1.861090150723854819e+01 -1.529508402440455050e+01
-1.860336323827505112e+01 -1.491866521711473403e+01
-1.871799512455860892e+01 -1.564674295697893491e+01
-1.872530335684617242e+01 -1.523639847705890560e+01
-1.868310528496901313e+01 -1.594559199469430055e+01
-1.881433148185412207e+01 -1.425942199261157484e+01
-1.889437900980313501e+01 -1.612000765119280032e+01
-1.871737781415383139e+01 -1.613254222622165557e+01
-1.869838707645734033e+01 -1.630294786180768796e+01
-1.878898285577694693e+01 -1.600156911627038880e+01
-1.886670394490162650e+01 -1.597504463443508449e+01
-1.892159747580687323e+01 -1.520661575763256579e+01
-1.873744912942250451e+01 -1.570340837441481519e+01
-1.883770975718895713e+01 -1.587288434164864626e+01
-1.867085212717453757e+01 -1.557946607664034033e+01
-1.879831323275963584e+01 -1.576846135127079940e+01
-1.886474250008662423e+01 -1.579675619323532310e+01
-1.873157899081707001e+01 -1.599911118792249098e+01
-1.879099525014559546e+01 -1.608577871941900739e+01
-1.903943881144126138e+01 -1.627657757796250237e+01
-1.871729611853758612e+01 -1.599006536409452295e+01
-1.871758951495091239e+01 -1.574587756937200389e+01
-1.878118063757817069e+01 -1.606743178429541530e+01
-1.894913687308629235e+01 -1.620822969659582213e+01
-1.873516921202341834e+01 -1.629881815476851159e+01
-1.877895815918843070e+01 -1.534412496740167775e+01
-1.895899742096662521e+01 -1.607518739824171305e+01
-1.893909643590450287e+01 -1.520754643229695091e+01
-1.877594454089800635e+01 -1.584467684758173966e+01
-1.882683668285608292e+01 -1.606610215174687539e+01
-1.893263662109772483e+01 -1.618934657356955853e+01
-1.884964393079280853e+01 -1.620514078264112712e+01
-1.882933478554089746e+01 -1.612950892262644587e+01
-1.867688732097546378e+01 -1.595101524947525640e+01
-1.870219920823971549e+01 -1.613937797794094209e+01
-1.885648115972677985e+01 -1.626045232004933538e+01
-1.879998681942621985e+01 -1.644155923422280807e+01
-1.880045783023039618e+01 -1.614552132495037995e+01
-1.871024923274914542e+01 -1.601379328888732090e+01
-1.874699313690264901e+01 -1.610984359623549977e+01
-1.881891231238842010e+01 -1.576154275373979097e+01
-1.868855905284484109e+01 -1.588397597028063402e+01
-1.875534887115160743e+01 -1.524955721025343003e+01
-1.881040146698554238e+01 -1.624459170056627855e+01
-1.888189357270796975e+01 -1.615728157836121426e+01
-1.868737734109163284e+01 -1.586799035753522524e+01
-1.892531062414248666e+01 -1.605902905897660560e+01
-1.874085181703170022e+01 -1.621618049175708265e+01
-1.876428881784280023e+01 -1.616778303121591520e+01
-1.874749410649140557e+01 -1.598398819217434230e+01
-1.874842929591735086e+01 -1.515941345382046457e+01
-1.883679691702127457e+01 -1.604861174001322155e+01
-1.878596978137890616e+01 -1.529498298446853433e+01
-1.854268757253885269e+01 -1.638358306884765625e+01
-1.900705517083406448e+01 -1.587277678700236550e+01
-1.883992894738912582e+01 -1.618465330693629056e+01
-1.875950827449560165e+01 -1.593563390707040739e+01
-1.823059725544105092e+01 -1.624621826023250293e+01
-1.868874365836381912e+01 -1.617877448688853903e+01
-1.874255081266164780e+01 -1.598854135538076449e+01
-1.895013426492611686e+01 -1.591192163739885679e+01
-1.884343700607617578e+01 -1.621584064929516344e+01
-1.892242850611607352e+01 -1.609572977833933649e+01
-1.896853632728258887e+01 -1.610775963671795807e+01
-1.890110016117493430e+01 -1.617989276291488210e+01
-1.899198605616887292e+01 -1.611289428116439382e+01
-1.895125392079353333e+01 -1.615791553645939160e+01
-1.895736276358366013e+01 -1.627394310839764557e+01
-1.906271272401015082e+01 -1.604382783716375016e+01
-1.880406402051448822e+01 -1.560801113425911169e+01
-1.874512835095326224e+01 -1.613682886842009268e+01
-1.851447045058012009e+01 -1.612933700115649671e+01
-1.898894550899664679e+01 -1.596542375737970509e+01
-1.894344198703765869e+01 -1.608409018330759821e+01
-1.888914261013269424e+01 -1.583843447945334759e+01
-1.862080637365579605e+01 -1.612642140821976966e+01
-1.874477549145619193e+01 -1.555316777662797456e+01
-1.900094241152207175e+01 -1.569868910157835273e+01
-1.883386304229497910e+01 -1.622481498470554229e+01
-1.870918486267328262e+01 -1.610745420084371204e+01
-1.895548384884993354e+01 -1.608112010708103057e+01
-1.891203950593869010e+01 -1.609069607474587116e+01
-1.864121462653080741e+01 -1.588984911782400999e+01
-1.884939592083295068e+01 -1.458729573039265404e+01
-1.872271164755026618e+01 -1.613340649047455244e+01
-1.871766937524080276e+01 -1.590971755981445312e+01
-1.874311464528242865e+01 -1.613173928198876439e+01
-1.867071307698885718e+01 -1.640424398942427331e+01
-1.863193109879891196e+01 -1.616798291887555905e+01
-1.896078651150067529e+01 -1.606888257063828362e+01
-1.876810418317715445e+01 -1.557367887125386829e+01
-1.865533161908388138e+01 -1.537213314353645544e+01
-1.894310728212197503e+01 -1.596836827018044147e+01
-1.893479600797097007e+01 -1.638554881455062429e+01
-1.895944730937480927e+01 -1.618660401678704730e+01
-1.873287232220172882e+01 -1.535762062320461574e+01
-1.904301032175620279e+01 -1.532645346901633587e+01
-1.899890018751223764e+01 -1.547402903321501455e+01
-1.875510477523009101e+01 -1.469489060439072681e+01
-1.887839100261529168e+01 -1.590000434974571242e+01
-1.888595313578844070e+01 -1.593541442573844691e+01
-1.874335085848967353e+01 -1.601700193231755875e+01
-1.881035654743512353e+01 -1.549083319577303719e+01
-1.900247695545355597e+01 -1.637059362832602005e+01
-1.867220651606718818e+01 -1.633427218647746315e+01
-1.874054086953401566e+01 -1.589967716514290075e+01
-1.903315185755491257e+01 -1.586284643643862324e+01
