# Train Val
2.828235348065694321e+00 2.433290719985961914e+00
2.168467005093892563e+00 2.097817301750183105e+00
1.404677470525105720e+00 7.535786628723144531e-01
4.228973786036173688e-01 -3.290488719940185547e-01
-8.571693499883016321e-01 -2.030484557151794434e+00
-2.638363798459371079e+00 -3.776537299156188965e+00
-3.927290399869283188e+00 -4.863631725311279297e+00
-5.106239716211955049e+00 -5.980000257492065430e+00
-6.025118509928385713e+00 -6.405302762985229492e+00
-6.557970364888508819e+00 -6.737044095993041992e+00
-7.070917208989460967e+00 -7.500326633453369141e+00
-7.587245861689249971e+00 -8.177099466323852539e+00
-8.048636277516683535e+00 -8.917056560516357422e+00
-8.594496726989746094e+00 -8.953343868255615234e+00
-8.961170673370361328e+00 -1.025216960906982422e+01
-9.280930519104003906e+00 -9.114947795867919922e+00
-9.543771902720132871e+00 -1.039021968841552734e+01
-9.647592544555664062e+00 -9.470107555389404297e+00
-9.773542563120523496e+00 -9.729484558105468750e+00
-9.863137880961099668e+00 -1.035606956481933594e+01
-9.972523689270019531e+00 -1.065243577957153320e+01
-9.943946838378906250e+00 -1.098455429077148438e+01
-9.999857107798257871e+00 -1.040899562835693359e+01
-9.870764573415121035e+00 -1.032502555847167969e+01
-9.917045434315999941e+00 -9.806913852691650391e+00
-1.001584561665852924e+01 -1.012560510635375977e+01
-1.000018278757731061e+01 -9.760118484497070312e+00
-9.946504275004068418e+00 -1.036002826690673828e+01
-9.988712946573892637e+00 -9.630789279937744141e+00
-1.007653792699178119e+01 -1.038075351715087891e+01
-1.005793364842732807e+01 -9.952108383178710938e+00
-1.009689044952392578e+01 -9.769851207733154297e+00
-1.011095062891642193e+01 -1.011208629608154297e+01
-1.009089104334513287e+01 -1.043910884857177734e+01
-1.014358282089233398e+01 -1.000136423110961914e+01
-1.016931565602620502e+01 -1.079974317550659180e+01
-1.015023581186930279e+01 -1.063364410400390625e+01
-1.015867551167806049e+01 -1.055270767211914062e+01
-1.019270547231038471e+01 -1.047884941101074219e+01
-1.020466470718383789e+01 -1.062618207931518555e+01
-1.020604038238525391e+01 -9.976777076721191406e+00
-1.018855349222818951e+01 -1.075085783004760742e+01
-1.021588993072509766e+01 -1.037075901031494141e+01
-1.022405576705932617e+01 -1.061186885833740234e+01
-1.018129094441731830e+01 -1.043499755859375000e+01
-1.024663766225179096e+01 -1.134305381774902344e+01
-1.025223223368326764e+01 -1.002457475662231445e+01
-1.027449178695678711e+01 -1.039771175384521484e+01
-1.030536953608194928e+01 -1.044002056121826172e+01
-1.029581276575724225e+01 -1.005303001403808594e+01
-1.030429124832153320e+01 -1.053407955169677734e+01
-1.027847162882486920e+01 -1.073277711868286133e+01
-1.032195885976155658e+01 -1.083680343627929688e+01
-1.029423205057779889e+01 -1.055941104888916016e+01
-1.031830437978108783e+01 -1.097120809555053711e+01
-1.029513057072957416e+01 -1.053710699081420898e+01
-1.034243694941202740e+01 -1.018296813964843750e+01
-1.034494908650716205e+01 -1.045372056961059570e+01
-1.033883905410766602e+01 -1.062963342666625977e+01
-1.033798726399739643e+01 -1.002648830413818359e+01
-1.035079908370971680e+01 -1.130906915664672852e+01
-1.034013096491495709e+01 -1.016895627975463867e+01
-1.025806156794230084e+01 -1.022308635711669922e+01
-1.016692463556925397e+01 -1.049284505844116211e+01
-1.023353767395019531e+01 -1.018002653121948242e+01
-1.035708427429199219e+01 -1.026024007797241211e+01
-1.035594622294108014e+01 -1.015101480484008789e+01
-1.033732446034749408e+01 -1.057839059829711914e+01
-1.035526704788208008e+01 -1.025032997131347656e+01
-1.041466395060221295e+01 -1.084600543975830078e+01
-1.038696781794230084e+01 -1.039183807373046875e+01
-1.039259767532348633e+01 -1.053195190429687500e+01
-1.038799333572387695e+01 -1.009057760238647461e+01
-1.039185476303100586e+01 -1.031463432312011719e+01
-1.038538201649983783e+01 -1.067332172393798828e+01
-1.037894026438395123e+01 -1.059254264831542969e+01
-1.032116270065307617e+01 -1.037039661407470703e+01
-1.037105003992716412e+01 -1.077539205551147461e+01
-1.039928023020426373e+01 -1.047744178771972656e+01
-1.044796864191691022e+01 -1.049104785919189453e+01
-1.042483790715535541e+01 -1.016622209548950195e+01
-1.042326958974202533e+01 -1.032626581192016602e+01
-1.041392135620117188e+01 -1.025243759155273438e+01
-1.042212963104248047e+01 -1.089250564575195312e+01
-1.040449730555216412e+01 -1.010514497756958008e+01
-1.042755270004272461e+01 -1.022836971282958984e+01
-1.039674568176269531e+01 -1.052921485900878906e+01
-1.041056489944458008e+01 -1.094937705993652344e+01
-1.042597532272338867e+01 -1.065525865554809570e+01
-1.038432852427164654e+01 -1.006853961944580078e+01
-1.043680111567179303e+01 -1.019978046417236328e+01
-1.046139113108316998e+01 -1.053116226196289062e+01
-1.041870450973510742e+01 -1.024369096755981445e+01
-1.044040155410766602e+01 -1.029264259338378906e+01
-1.047112290064493756e+01 -9.826356887817382812e+00
-1.045228449503580670e+01 -1.086746501922607422e+01
-1.043679126103719135e+01 -1.100999832153320312e+01
-1.045531845092773438e+01 -9.881924629211425781e+00
-1.044454177220662494e+01 -1.049295711517333984e+01
-1.041879796981811523e+01 -1.076491403579711914e+01
-1.043998940785725971e+01 -9.846598625183105469e+00
-1.044871600468953510e+01 -1.100119066238403320e+01
-1.047462940216064453e+01 -1.111063146591186523e+01
-1.046022208531697650e+01 -1.072563266754150391e+01
-1.045948791503906250e+01 -1.031674242019653320e+01
-1.047970088322957416e+01 -1.112311267852783203e+01
-1.045844443639119525e+01 -1.133508205413818359e+01
-1.048418585459391217e+01 -1.080076217651367188e+01
-1.044860506057739258e+01 -1.064943981170654297e+01
-1.047734816869099994e+01 -1.027652072906494141e+01
-1.045403210322062115e+01 -1.072304487228393555e+01
-1.045666027069091797e+01 -1.036536693572998047e+01
-1.042665513356526752e+01 -1.084881591796875000e+01
-1.047495269775390625e+01 -9.963206291198730469e+00
-1.044327672322591205e+01 -1.046499156951904297e+01
-1.045705127716064453e+01 -1.012945270538330078e+01
-1.048489729563395123e+01 -1.041352462768554688e+01
-1.052434523900349994e+01 -1.015878295898437500e+01
-1.046692736943562885e+01 -1.029330635070800781e+01
-1.048545710245768170e+01 -1.114610290527343750e+01
-1.046919457117716412e+01 -1.133913516998291016e+01
-1.048077106475830078e+01 -1.086674308776855469e+01
-1.046360270182291607e+01 -1.043401622772216797e+01
-1.045172675450642963e+01 -1.014432716369628906e+01
-1.047598505020141602e+01 -1.071483325958251953e+01
-1.052098862330118756e+01 -1.108785772323608398e+01
-1.049800141652425189e+01 -1.063902902603149414e+01
-1.049221054712931256e+01 -1.038738298416137695e+01
-1.048998196919759174e+01 -9.875011444091796875e+00
-1.051477384567260742e+01 -1.027954864501953125e+01
-1.052188905080159564e+01 -1.037239885330200195e+01
-1.051541789372762103e+01 -1.063634300231933594e+01
-1.050099563598632812e+01 -1.071693229675292969e+01
-1.051295169194539447e+01 -1.033453702926635742e+01
-1.051466878255208393e+01 -9.917151927947998047e+00
-1.053012609481811523e+01 -1.084006261825561523e+01
-1.051108312606811523e+01 -1.048981714248657227e+01
-1.043400176366170307e+01 -1.111119270324707031e+01
-1.044180313746134381e+01 -1.114025878906250000e+01
-1.042525227864583393e+01 -1.094098711013793945e+01
-1.042780081431070904e+01 -9.930559158325195312e+00
-1.042332442601521869e+01 -1.086481666564941406e+01
-1.048006550470987897e+01 -1.115471458435058594e+01
-1.052036650975545307e+01 -1.029709053039550781e+01
-1.048199907938639264e+01 -1.071880722045898438e+01
-1.050389210383097272e+01 -1.033354854583740234e+01
-1.052413320541381836e+01 -1.058734846115112305e+01
-1.052867237726847272e+01 -1.030484247207641602e+01
-1.053651046752929688e+01 -1.078236675262451172e+01
-1.050582726796468158e+01 -1.128934049606323242e+01
-1.051855357487996478e+01 -1.108689689636230469e+01
-1.053518184026082416e+01 -1.109780311584472656e+01
-1.050712458292643170e+01 -1.065101194381713867e+01
-1.053106069564819336e+01 -1.078288698196411133e+01
-1.050453472137451172e+01 -1.007533454895019531e+01
-1.051704200108846088e+01 -1.039942455291748047e+01
-1.056281566619873047e+01 -1.023071622848510742e+01
-1.057827234268188477e+01 -1.118679285049438477e+01
-1.054731305440266986e+01 -1.100093555450439453e+01
-1.053673553466796875e+01 -1.059427881240844727e+01
-1.053700653711954693e+01 -1.050389575958251953e+01
-1.050848499933878522e+01 -1.029947280883789062e+01
-1.055808591842651367e+01 -1.006498146057128906e+01
-1.059261894226074219e+01 -1.033269882202148438e+01
-1.052667999267578125e+01 -1.160059547424316406e+01
-1.051726818084716797e+01 -1.031873226165771484e+01
-1.053309392929077148e+01 -9.825630187988281250e+00
-1.053227217992146869e+01 -9.791011810302734375e+00
-1.056813891728719135e+01 -1.018027877807617188e+01
-1.057399845123291016e+01 -1.065160608291625977e+01
-1.060374720891316791e+01 -1.019123888015747070e+01
-1.059583632151285748e+01 -1.066142082214355469e+01
-1.062942616144816022e+01 -1.033953189849853516e+01
-1.059547726313273053e+01 -1.002085208892822266e+01
-1.059508800506591797e+01 -1.019278526306152344e+01
-1.059155686696370502e+01 -9.926654338836669922e+00
-1.060141897201538086e+01 -1.030614662170410156e+01
-1.058233928680419922e+01 -1.011303901672363281e+01
-1.056969944636026959e+01 -1.154977607727050781e+01
-1.054760026931762695e+01 -1.085215997695922852e+01
-1.055298773447672467e+01 -1.043421173095703125e+01
-1.058759482701619525e+01 -1.066421222686767578e+01
-1.059182707468668561e+01 -1.028290081024169922e+01
-1.058962074915567975e+01 -1.068026494979858398e+01
-1.055637947718302350e+01 -1.079196786880493164e+01
-1.061956008275349994e+01 -1.110882329940795898e+01
-1.063022788365682025e+01 -9.678473472595214844e+00
-1.061775191624959369e+01 -1.017349767684936523e+01
-1.067079830169677734e+01 -1.005237913131713867e+01
-1.064271863301595111e+01 -1.030362033843994141e+01
-1.068351300557454486e+01 -1.017276477813720703e+01
-1.067974313100179096e+01 -1.018272209167480469e+01
-1.055521885553995709e+01 -1.062164640426635742e+01
-1.061135482788085938e+01 -9.818368911743164062e+00
-1.071129322052001953e+01 -1.041285037994384766e+01
-1.073341115315755268e+01 -1.084977531433105469e+01
-1.068789418538411518e+01 -1.009219980239868164e+01
-1.069343852996826172e+01 -1.034826135635375977e+01
-1.078048785527547260e+01 -9.827173709869384766e+00
-1.079086049397786518e+01 -1.135762166976928711e+01
-1.077191162109375000e+01 -9.865777969360351562e+00
-1.078348286946614643e+01 -1.013954353332519531e+01
-1.080206886927286725e+01 -1.123151922225952148e+01
-1.081874259312947650e+01 -1.069154882431030273e+01
-1.087053871154785156e+01 -9.999464988708496094e+00
-1.073898029327392578e+01 -1.041721439361572266e+01
-1.075129556655883789e+01 -1.037656497955322266e+01
-1.059583044052124023e+01 -1.069542264938354492e+01
-1.084723409016927143e+01 -1.027646350860595703e+01
-1.086505413055419922e+01 -1.052500486373901367e+01
-1.087971957524617572e+01 -1.057843542098999023e+01
-1.085599803924560547e+01 -1.010267543792724609e+01
-1.092220592498779297e+01 -1.032673311233520508e+01
-1.098185539245605469e+01 -1.036336183547973633e+01
-1.097142887115478516e+01 -1.038647460937500000e+01
-1.101486603418985943e+01 -1.057826280593872070e+01
-1.106302579243977924e+01 -1.049505996704101562e+01
-1.114005963007608990e+01 -1.047208547592163086e+01
-1.109237130482991596e+01 -1.116932868957519531e+01
-1.114347632726033588e+01 -1.032688331604003906e+01
-1.116362444559733014e+01 -1.152013301849365234e+01
-1.130751419067382812e+01 -9.888406276702880859e+00
-1.131192429860433002e+01 -1.036655044555664062e+01
-1.126749912897745709e+01 -1.145020389556884766e+01
-1.139732933044433594e+01 -1.128080558776855469e+01
-1.140790001551310162e+01 -1.097073984146118164e+01
-1.139607127507527728e+01 -1.084578990936279297e+01
-1.151366027196248432e+01 -1.082898187637329102e+01
-1.155367215474446674e+01 -1.170140171051025391e+01
-1.152801418304443359e+01 -1.027914667129516602e+01
-1.153193728129068951e+01 -1.019754219055175781e+01
-1.158010260264078717e+01 -1.005929422378540039e+01
-1.172702471415201764e+01 -1.091942644119262695e+01
-1.150671021143595318e+01 -1.003232240676879883e+01
-1.191265964508056641e+01 -1.057759475708007812e+01
-1.186168622970581055e+01 -1.174244928359985352e+01
-1.200810082753499408e+01 -1.071218490600585938e+01
-1.192671728134155273e+01 -9.880654573440551758e+00
-1.199783833821614643e+01 -1.106644535064697266e+01
-1.212540340423583984e+01 -1.027934646606445312e+01
-1.219675985972086529e+01 -1.141435337066650391e+01
-1.207486883799234967e+01 -1.165686702728271484e+01
-1.234100151062011719e+01 -1.175452327728271484e+01
-1.203983163833618164e+01 -9.601169109344482422e+00
-1.198331308364868164e+01 -1.031264972686767578e+01
-1.165805212656656842e+01 -1.007812643051147461e+01
-1.141471497217814068e+01 -1.166646289825439453e+01
-1.173890511194864850e+01 -1.048753070831298828e+01
-1.188630247116088867e+01 -1.103179836273193359e+01
-1.246999708811441998e+01 -1.094293355941772461e+01
-1.169311602910359760e+01 -1.062106561660766602e+01
-1.225059938430786133e+01 -1.070574569702148438e+01
-1.227109575271606445e+01 -1.030345201492309570e+01
-1.229073174794515033e+01 -9.678275585174560547e+00
-1.258484284083048443e+01 -1.132976579666137695e+01
-1.262501970926920514e+01 -1.126344871520996094e+01
-1.259206867218017578e+01 -1.150680494308471680e+01
-1.220056899388631244e+01 -1.139918088912963867e+01
-1.162713654836018939e+01 -1.082463216781616211e+01
-1.192522509892781635e+01 -1.161499595642089844e+01
-1.258088763554891010e+01 -1.175956153869628906e+01
-1.249309110641479492e+01 -1.141201400756835938e+01
-1.272500244776407818e+01 -9.965820550918579102e+00
-1.254069487253824811e+01 -1.010943794250488281e+01
-1.228639109929402728e+01 -1.168296146392822266e+01
-1.220076052347818951e+01 -1.173198366165161133e+01
-1.221546904246012311e+01 -9.964974403381347656e+00
-1.273254903157552143e+01 -1.111767530441284180e+01
-1.296742693583170514e+01 -1.162601137161254883e+01
-1.264565833409627338e+01 -1.242955875396728516e+01
-1.273383474349975586e+01 -1.149304389953613281e+01
-1.290237172444661518e+01 -1.133285570144653320e+01
-1.307492494583129883e+01 -1.295058202743530273e+01
-1.288382482528686523e+01 -9.291528701782226562e+00
-1.181643676757812500e+01 -1.047635746002197266e+01
-1.241599448521932025e+01 -1.072681903839111328e+01
-1.279649480183919330e+01 -1.253757286071777344e+01
-1.314009348551432232e+01 -8.683860778808593750e+00
-1.234454949696858783e+01 -9.901474952697753906e+00
-1.222743161519368549e+01 -1.109632921218872070e+01
-1.255578708648681641e+01 -1.027621030807495117e+01
-1.338530047734578510e+01 -1.092133903503417969e+01
-1.303036657969156842e+01 -9.985618591308593750e+00
-1.284856033325195312e+01 -9.996841907501220703e+00
-1.309638611475626568e+01 -1.014578628540039062e+01
-1.297828435897827148e+01 -1.153805685043334961e+01
-1.281835889816284180e+01 -1.103968524932861328e+01
-1.289162445068359375e+01 -1.033460092544555664e+01
-1.365529568990071674e+01 -1.236245441436767578e+01
-1.382725477218627930e+01 -1.282718324661254883e+01
-1.377956120173136334e+01 -1.023537969589233398e+01
-1.322062142690022846e+01 -9.512418270111083984e+00
-1.306174818674723248e+01 -1.017285108566284180e+01
-1.328572781880696674e+01 -1.151210260391235352e+01
-1.322774235407511334e+01 -1.114647531509399414e+01
-1.382490285237630268e+01 -1.219370841979980469e+01
-1.393686310450235943e+01 -9.832141160964965820e+00
-1.382321818669637103e+01 -1.128301286697387695e+01
-1.409906975428263287e+01 -9.596855640411376953e+00
-1.404693794250488281e+01 -1.053334712982177734e+01
-1.400200080871582031e+01 -1.024802112579345703e+01
-1.347225713729858398e+01 -1.011572933197021484e+01
-1.334511597951253314e+01 -1.128658390045166016e+01
-1.351636425654093365e+01 -1.039798116683959961e+01
-1.391966454188028912e+01 -1.168694305419921875e+01
-1.447764730453491211e+01 -1.056166839599609375e+01
-1.441654666264851947e+01 -1.008055830001831055e+01
-1.427958170572916607e+01 -1.252989339828491211e+01
-1.424823172887166400e+01 -9.997089862823486328e+00
-1.452354637781778912e+01 -1.240039682388305664e+01
-1.443010727564493756e+01 -9.033283710479736328e+00
-1.422820313771565814e+01 -9.864625930786132812e+00
-1.426572291056315045e+01 -1.068061256408691406e+01
-1.455663379033406635e+01 -1.081642007827758789e+01
-1.441697072982788086e+01 -1.256563043594360352e+01
-1.478376785914103131e+01 -9.724441051483154297e+00
-1.492548767725626568e+01 -9.387007474899291992e+00
-1.442744922637939453e+01 -9.999805450439453125e+00
-1.481635888417561908e+01 -9.817578792572021484e+00
-1.492572259902954102e+01 -9.941964149475097656e+00
-1.450503778457641602e+01 -1.136714506149291992e+01
-1.490252494812011719e+01 -1.124872398376464844e+01
-1.415770403544108014e+01 -1.108375072479248047e+01
-1.472862815856933594e+01 -9.834939956665039062e+00
-1.455482673645019531e+01 -9.415693759918212891e+00
-1.460619099934895893e+01 -1.154115200042724609e+01
-1.368382708231608014e+01 -8.879603147506713867e+00
-1.419548638661702533e+01 -1.040626764297485352e+01
-1.473893117904663086e+01 -1.006132936477661133e+01
-1.478558603922525982e+01 -9.593786239624023438e+00
-1.483097791671752930e+01 -9.767565250396728516e+00
-1.418054691950480084e+01 -9.467241287231445312e+00
-1.478046687444051166e+01 -1.002687835693359375e+01
-1.425031995773315430e+01 -8.914979934692382812e+00
-1.431422424316406250e+01 -9.584806442260742188e+00
-1.528306261698404889e+01 -9.340824604034423828e+00
-1.493907054265340228e+01 -9.328099727630615234e+00
-1.512242714564005475e+01 -1.117498350143432617e+01
-1.520218817392984967e+01 -1.040693950653076172e+01
-1.539088980356852154e+01 -9.946447372436523438e+00
-1.525625737508138080e+01 -9.474359512329101562e+00
-1.548391326268514057e+01 -8.872353553771972656e+00
-1.485111284255981445e+01 -9.726686477661132812e+00
-1.465277751286824603e+01 -9.402221679687500000e+00
-1.533066304524739643e+01 -9.609561920166015625e+00
-1.486272716522216797e+01 -9.580442905426025391e+00
-1.488130569458007812e+01 -9.608816623687744141e+00
-1.532919009526570697e+01 -1.088403511047363281e+01
-1.504357624053955078e+01 -1.010007429122924805e+01
-1.532824993133544922e+01 -9.792310714721679688e+00
-1.524113305409749408e+01 -1.121798896789550781e+01
-1.461994441350301166e+01 -1.136556863784790039e+01
-1.478324651718139648e+01 -1.061104774475097656e+01
-1.511944452921549420e+01 -1.228205060958862305e+01
-1.481183449427286725e+01 -1.046166133880615234e+01
-1.533354663848876953e+01 -9.423268318176269531e+00
-1.473579740524291992e+01 -9.256954669952392578e+00
-1.411983283360799213e+01 -9.943972587585449219e+00
-1.461469841003417969e+01 -1.159735727310180664e+01
-1.506078036626180072e+01 -9.995297431945800781e+00
-1.467933177947998047e+01 -1.141477727890014648e+01
-1.489425261815389057e+01 -1.135344696044921875e+01
-1.479963382085164447e+01 -1.234064769744873047e+01
-1.559695196151733398e+01 -9.175068140029907227e+00
-1.559843873977661133e+01 -9.347362995147705078e+00
-1.580315383275349994e+01 -1.034919834136962891e+01
-1.545686229070027728e+01 -1.097551631927490234e+01
-1.504745435714721680e+01 -1.087567901611328125e+01
-1.538158607482910156e+01 -1.012422180175781250e+01
-1.547259998321533203e+01 -1.036110019683837891e+01
-1.532691478729248047e+01 -1.077063894271850586e+01
-1.548052771886189838e+01 -1.032582759857177734e+01
-1.551282755533854107e+01 -9.304554939270019531e+00
-1.595944452285766602e+01 -9.594219207763671875e+00
-1.593046712875366211e+01 -9.193807125091552734e+00
-1.550243457158406635e+01 -1.055201053619384766e+01
-1.529388109842936139e+01 -1.007525825500488281e+01
-1.549083232879638672e+01 -9.683578014373779297e+00
-1.515857934951782227e+01 -9.003345966339111328e+00
-1.462740023930867572e+01 -9.781717777252197266e+00
-1.599959468841552734e+01 -1.072395181655883789e+01
-1.576665401458740234e+01 -8.822615146636962891e+00
-1.565727710723876953e+01 -9.837216377258300781e+00
-1.544522190093994141e+01 -1.197459459304809570e+01
-1.414395713806152344e+01 -9.955418586730957031e+00
-1.425821145375569721e+01 -8.765497684478759766e+00
-1.400560871760050397e+01 -9.967435836791992188e+00
-1.552372058232625385e+01 -1.049365615844726562e+01
-1.572980276743570904e+01 -1.035615873336791992e+01
-1.573731931050618549e+01 -1.007128572463989258e+01
-1.568432855606079102e+01 -1.044711256027221680e+01
-1.505117972691853900e+01 -9.367177963256835938e+00
-1.600399907430012902e+01 -1.068721580505371094e+01
-1.556932179133097272e+01 -1.087170505523681641e+01
-1.498398367563883404e+01 -9.082827568054199219e+00
-1.498804378509521484e+01 -1.089364719390869141e+01
-1.408661206563313861e+01 -1.111855888366699219e+01
-1.424398724238077740e+01 -1.008899211883544922e+01
-1.451174656550089459e+01 -9.445639610290527344e+00
-1.455663140614827533e+01 -1.108330678939819336e+01
-1.535876766840616803e+01 -1.039889526367187500e+01
-1.538100004196166992e+01 -9.289767265319824219e+00
-1.459521802266438861e+01 -9.259727478027343750e+00
-1.491182724634806256e+01 -1.035875844955444336e+01
-1.476625839869181256e+01 -1.070388364791870117e+01
-1.538021930058797260e+01 -1.046003770828247070e+01
-1.585949850082397461e+01 -9.700415134429931641e+00
-1.562491210301717182e+01 -1.015697669982910156e+01
-1.613016986846923828e+01 -9.321266174316406250e+00
-1.606106821695963660e+01 -8.828515052795410156e+00
-1.611710135142008582e+01 -1.046679973602294922e+01
-1.617771975199381629e+01 -1.204635381698608398e+01
-1.632057476043701172e+01 -1.086739969253540039e+01
-1.526323429743448834e+01 -1.205751514434814453e+01
-1.576720809936523438e+01 -9.708440780639648438e+00
-1.592483170827229877e+01 -8.852781534194946289e+00
-1.543673801422119141e+01 -9.130980014801025391e+00
-1.560858647028605084e+01 -9.247234821319580078e+00
-1.561810859044392963e+01 -1.054736804962158203e+01
-1.628694470723469934e+01 -1.041675376892089844e+01
-1.602470811208089074e+01 -1.002102375030517578e+01
-1.567889912923177143e+01 -9.705962657928466797e+00
-1.591180086135864258e+01 -1.121744537353515625e+01
-1.628057575225830078e+01 -8.851073265075683594e+00
-1.558194382985433002e+01 -1.107736158370971680e+01
-1.585728804270426373e+01 -9.797761917114257812e+00
-1.628542868296305457e+01 -9.471160888671875000e+00
-1.549740886688232422e+01 -9.322376251220703125e+00
-1.625673007965087891e+01 -1.001144409179687500e+01
-1.647007258733113488e+01 -8.982330560684204102e+00
-1.655170853932698449e+01 -9.315080642700195312e+00
-1.623023589452107629e+01 -9.988885879516601562e+00
-1.572885862986246686e+01 -1.163959217071533203e+01
-1.574704535802205463e+01 -9.820456981658935547e+00
-1.660633007685343543e+01 -9.861170768737792969e+00
-1.661355304718017578e+01 -1.092500400543212891e+01
-1.668496672312418738e+01 -1.058391284942626953e+01
-1.618606058756510535e+01 -1.021950054168701172e+01
-1.540498733520507812e+01 -1.079931640625000000e+01
-1.526044289271036725e+01 -1.075619935989379883e+01
-1.518645238876342773e+01 -9.858375072479248047e+00
-1.598703145980834961e+01 -9.542557716369628906e+00
-1.653120772043864051e+01 -9.376606941223144531e+00
-1.605444701512654504e+01 -1.270292472839355469e+01
-1.583134555816650391e+01 -9.950535297393798828e+00
-1.594188070297241211e+01 -1.130529022216796875e+01
-1.575389051437377930e+01 -1.122019481658935547e+01
-1.593884452184041400e+01 -9.751775741577148438e+00
-1.564980729420979877e+01 -1.007123184204101562e+01
-1.666462484995524207e+01 -1.061417341232299805e+01
-1.665019989013671875e+01 -9.204092502593994141e+00
-1.650208361943562707e+01 -1.070413827896118164e+01
-1.616076374053955078e+01 -9.180669784545898438e+00
-1.641510947545369348e+01 -9.711713790893554688e+00
-1.679554065068562707e+01 -1.027000761032104492e+01
-1.590443452199300189e+01 -1.161416816711425781e+01
-1.604704952239990234e+01 -1.085813856124877930e+01
-1.654336293538411340e+01 -9.305654048919677734e+00
-1.622374629974365234e+01 -9.608985900878906250e+00
-1.700960000356038293e+01 -1.007165098190307617e+01
-1.669583479563395301e+01 -9.066893577575683594e+00
-1.553083833058675189e+01 -1.017515182495117188e+01
-1.571155007680257221e+01 -9.988970279693603516e+00
-1.591035811106363873e+01 -9.586656570434570312e+00
-1.609683974583943566e+01 -9.426069736480712891e+00
-1.579942162831624408e+01 -1.054588270187377930e+01
-1.531315072377522846e+01 -1.141253423690795898e+01
-1.618024253845214844e+01 -9.878374576568603516e+00
-1.661996714274088660e+01 -1.082744264602661133e+01
-1.687628793716430664e+01 -1.144632244110107422e+01
-1.595813401540120502e+01 -1.003704357147216797e+01
-1.604648081461588660e+01 -9.401584625244140625e+00
-1.675119082132975379e+01 -1.005432796478271484e+01
-1.693464883168538293e+01 -1.051551866531372070e+01
-1.636235507329304895e+01 -9.352126598358154297e+00
-1.642280324300130090e+01 -1.223578453063964844e+01
-1.677240498860676965e+01 -1.113965082168579102e+01
-1.685630321502685547e+01 -8.979178428649902344e+00
-1.665803305308024207e+01 -1.014948081970214844e+01
-1.682981141408284387e+01 -9.964062213897705078e+00
-1.704969406127929688e+01 -1.030256652832031250e+01
-1.691499010721842566e+01 -9.250466346740722656e+00
-1.725560919443766394e+01 -9.412786006927490234e+00
-1.735477876663208008e+01 -9.584777355194091797e+00
-1.693850612640380859e+01 -1.059997367858886719e+01
-1.683054860432942590e+01 -1.007474136352539062e+01
-1.626015774408976355e+01 -9.381970405578613281e+00
-1.659497419993082801e+01 -9.225429534912109375e+00
-1.716189956665039062e+01 -9.844443321228027344e+00
-1.670197979609171668e+01 -1.015608263015747070e+01
-1.738738314310709754e+01 -9.148266792297363281e+00
-1.664038642247517785e+01 -9.528761863708496094e+00
-1.473514477411905865e+01 -8.697098731994628906e+00
-1.361034742991129498e+01 -8.501102447509765625e+00
-1.435861953099568744e+01 -1.199362468719482422e+01
-1.482928864161173443e+01 -9.227913379669189453e+00
-1.434536616007486920e+01 -9.680029869079589844e+00
-1.652118174235026160e+01 -9.624584913253784180e+00
-1.711693032582600793e+01 -9.609429359436035156e+00
-1.741114838918050012e+01 -1.232440757751464844e+01
-1.742503770192464074e+01 -9.235898494720458984e+00
-1.730175399780273438e+01 -9.945156097412109375e+00
-1.748546091715494910e+01 -1.111046648025512695e+01
-1.700872739156087121e+01 -1.023669910430908203e+01
-1.682083209355672082e+01 -9.825004577636718750e+00
-1.719823837280273438e+01 -1.103404903411865234e+01
-1.618222808837890625e+01 -9.833778381347656250e+00
-1.676584847768147668e+01 -9.809596061706542969e+00
-1.699697494506835938e+01 -1.002264499664306641e+01
-1.652767244974772254e+01 -9.489856719970703125e+00
-1.703485457102457801e+01 -9.010037422180175781e+00
-1.711426401138305664e+01 -1.034107494354248047e+01
-1.645154094696044922e+01 -1.105627393722534180e+01
-1.733247947692871094e+01 -1.044008445739746094e+01
-1.714780934651692590e+01 -9.783615589141845703e+00
-1.771726957956949988e+01 -1.256937980651855469e+01
-1.741819508870442590e+01 -9.469324111938476562e+00
-1.689787673950195312e+01 -1.018866539001464844e+01
-1.639954090118408203e+01 -1.089220333099365234e+01
-1.701720205942789832e+01 -9.575042247772216797e+00
-1.739043807983398438e+01 -1.095217275619506836e+01
-1.777865409851074219e+01 -1.141603755950927734e+01
-1.636308368047078332e+01 -9.875027179718017578e+00
-1.534788751602172852e+01 -1.036706638336181641e+01
-1.665618149439493934e+01 -1.085859966278076172e+01
-1.690630308787028113e+01 -1.021360683441162109e+01
-1.732130273183186731e+01 -9.789517402648925781e+00
-1.681891695658366004e+01 -9.273790836334228516e+00
-1.624437506993611535e+01 -9.979080677032470703e+00
-1.646657371520996094e+01 -9.983032226562500000e+00
-1.637090810139973840e+01 -8.824044227600097656e+00
-1.592349561055501361e+01 -1.122745990753173828e+01
-1.739161459604899207e+01 -1.058995437622070312e+01
-1.708552360534667969e+01 -9.361351966857910156e+00
-1.619123681386311731e+01 -1.047713994979858398e+01
-1.655508406956990441e+01 -1.132539987564086914e+01
-1.623270924886067590e+01 -1.103687047958374023e+01
-1.605329275131225586e+01 -9.015659332275390625e+00
-1.668981504440307617e+01 -1.269921684265136719e+01
-1.796410115559895715e+01 -1.179218673706054688e+01
-1.747635205586751184e+01 -1.186125802993774414e+01
-1.797345956166585168e+01 -9.133109569549560547e+00
-1.753615538279215613e+01 -9.532192230224609375e+00
-1.788492361704508582e+01 -9.578518867492675781e+00
-1.630457290013631066e+01 -1.006799888610839844e+01
-1.484890381495157818e+01 -8.814645767211914062e+00
-1.536195548375447650e+01 -1.199019527435302734e+01
-1.577707513173421283e+01 -1.047513818740844727e+01
-1.731638781229655066e+01 -1.142104816436767578e+01
-1.725270748138427734e+01 -1.101920890808105469e+01
-1.757288010915120324e+01 -1.205254268646240234e+01
-1.712586561838785926e+01 -1.036011123657226562e+01
-1.640369939804077148e+01 -9.755355834960937500e+00
-1.705238978068033973e+01 -1.090686607360839844e+01
-1.748362096150716027e+01 -1.202123975753784180e+01
-1.724446646372477332e+01 -9.683437824249267578e+00
-1.780728340148925781e+01 -9.473330497741699219e+00
-1.755533281962076941e+01 -1.159160900115966797e+01
-1.714941644668579102e+01 -1.096850490570068359e+01
-1.672546100616455078e+01 -1.171854782104492188e+01
-1.645724805196126184e+01 -1.143734979629516602e+01
-1.623202339808146277e+01 -1.025754785537719727e+01
-1.628095181783040246e+01 -1.073053359985351562e+01
-1.659633382161458215e+01 -1.128436374664306641e+01
-1.733783753712971887e+01 -1.008605670928955078e+01
-1.739750130971272668e+01 -1.029574918746948242e+01
-1.767830530802408973e+01 -1.111923503875732422e+01
-1.797057501475016394e+01 -1.040853118896484375e+01
-1.769365819295247277e+01 -1.141029024124145508e+01
-1.779677104949951172e+01 -9.871654510498046875e+00
-1.742206366856892785e+01 -1.025952005386352539e+01
-1.801160017649332801e+01 -1.153094387054443359e+01
-1.750416914621989051e+01 -1.014900207519531250e+01
-1.784021504720051965e+01 -1.076354980468750000e+01
-1.775066534678141394e+01 -1.073566055297851562e+01
-1.803106816609700402e+01 -1.169297266006469727e+01
-1.815710608164469519e+01 -1.190916013717651367e+01
-1.735175800323486328e+01 -9.651509284973144531e+00
-1.755123043060302734e+01 -9.746082305908203125e+00
-1.636792771021525184e+01 -9.642244815826416016e+00
-1.680615329742431641e+01 -1.208133125305175781e+01
-1.772181844711303711e+01 -9.306205987930297852e+00
-1.757476520538330078e+01 -9.507177352905273438e+00
-1.672439543406168738e+01 -1.242645120620727539e+01
-1.617513465881347656e+01 -1.192008733749389648e+01
-1.690489180882771691e+01 -1.145254325866699219e+01
-1.826214027404785156e+01 -1.078686904907226562e+01
-1.744076792399088660e+01 -1.098184919357299805e+01
-1.776954174041748047e+01 -9.884521961212158203e+00
-1.759950160980224609e+01 -9.619670867919921875e+00
-1.794689178466796875e+01 -1.016443538665771484e+01
-1.704985221227009973e+01 -1.399528312683105469e+01
-1.680324586232503137e+01 -1.076571416854858398e+01
-1.718580500284830848e+01 -1.089882469177246094e+01
-1.823164939880371094e+01 -1.078736925125122070e+01
-1.705062580108642578e+01 -1.038371276855468750e+01
-1.745875835418701172e+01 -1.006215238571166992e+01
-1.731969118118286133e+01 -9.718738555908203125e+00
-1.677341238657633582e+01 -1.124492263793945312e+01
-1.726392555236816406e+01 -1.272122526168823242e+01
-1.755974324544270715e+01 -1.093705272674560547e+01
-1.739110883076985559e+01 -9.701781749725341797e+00
-1.805009460449218750e+01 -9.868568420410156250e+00
-1.783219496409098426e+01 -8.890824317932128906e+00
-1.763952859242757043e+01 -1.073987913131713867e+01
-1.874173355102539062e+01 -1.070575714111328125e+01
-1.855139414469401160e+01 -1.095981168746948242e+01
-1.879334545135498047e+01 -1.167940092086791992e+01
-1.867178408304850379e+01 -9.874060630798339844e+00
-1.871007506052653113e+01 -1.030619192123413086e+01
-1.895746421813964844e+01 -9.012256145477294922e+00
-1.839921251932780066e+01 -1.147059822082519531e+01
-1.776924626032511512e+01 -1.078151893615722656e+01
-1.820347976684570312e+01 -1.001896286010742188e+01
-1.821368376413981238e+01 -9.659868717193603516e+00
-1.819390424092610559e+01 -1.323357629776000977e+01
-1.850211016337076941e+01 -1.082958173751831055e+01
-1.791714064280192176e+01 -1.050638628005981445e+01
-1.839239788055419922e+01 -1.370615768432617188e+01
-1.873938687642415246e+01 -1.088285636901855469e+01
-1.784487803777058801e+01 -1.203320503234863281e+01
-1.859460385640462121e+01 -9.356093406677246094e+00
-1.797950077056884766e+01 -1.106724739074707031e+01
-1.777042643229166785e+01 -1.001240539550781250e+01
-1.791528797149658203e+01 -1.011737155914306641e+01
-1.759549236297607422e+01 -1.061558151245117188e+01
-1.778556187947591027e+01 -1.190325546264648438e+01
-1.828582763671875000e+01 -1.328431177139282227e+01
-1.834152126312255859e+01 -1.146492528915405273e+01
-1.776135953267415246e+01 -1.271263980865478516e+01
-1.827447636922200402e+01 -9.851912021636962891e+00
-1.820119635264078894e+01 -1.082927751541137695e+01
-1.804542255401611328e+01 -1.041592693328857422e+01
-1.861387538909912109e+01 -1.038378047943115234e+01
-1.836585585276285926e+01 -1.000685691833496094e+01
-1.874838956197102746e+01 -1.078215026855468750e+01
-1.617195081710815430e+01 -1.037758493423461914e+01
-1.611372216542561731e+01 -1.102474784851074219e+01
-1.715035597483317176e+01 -9.706378459930419922e+00
-1.756428082784016809e+01 -1.245808839797973633e+01
-1.737748495737711707e+01 -1.138834285736083984e+01
-1.780706977844238281e+01 -1.159601593017578125e+01
-1.861393006642659387e+01 -1.269099283218383789e+01
-1.877006912231445312e+01 -1.006500434875488281e+01
-1.742524496714274207e+01 -1.117441701889038086e+01
-1.801444975535074988e+01 -1.090565204620361328e+01
-1.830895551045735559e+01 -9.152271747589111328e+00
-1.727052513758341590e+01 -1.016029500961303711e+01
-1.702351252237955848e+01 -1.166363525390625000e+01
-1.812668959299723426e+01 -1.042574882507324219e+01
-1.837509632110595703e+01 -9.908742904663085938e+00
-1.848393217722574988e+01 -1.026316070556640625e+01
-1.697107696533203125e+01 -1.051858758926391602e+01
-1.735438919067382812e+01 -1.067275953292846680e+01
-1.858178679148356238e+01 -1.159570932388305664e+01
-1.837628587086995324e+01 -1.097495889663696289e+01
-1.787627665201823035e+01 -1.020320415496826172e+01
-1.873148028055826941e+01 -1.085538864135742188e+01
-1.916182518005371094e+01 -1.233872890472412109e+01
-1.830078824361165246e+01 -1.433231973648071289e+01
-1.837094243367512902e+01 -1.122231769561767578e+01
-1.902446556091308594e+01 -1.049007844924926758e+01
-1.883095105489094934e+01 -1.054168987274169922e+01
-1.792101240158081055e+01 -1.064439153671264648e+01
-1.778513145446777344e+01 -1.380993795394897461e+01
-1.864972909291585168e+01 -1.001611089706420898e+01
-1.827186425526936731e+01 -9.362192153930664062e+00
-1.817562548319498816e+01 -1.100268745422363281e+01
-1.803611818949381629e+01 -1.124407386779785156e+01
-1.908754730224609375e+01 -1.109488487243652344e+01
-1.801621564229329309e+01 -1.006494522094726562e+01
-1.889766629536946496e+01 -1.051717424392700195e+01
-1.821309566497802734e+01 -1.377125263214111328e+01
-1.826831531524658203e+01 -9.940351009368896484e+00
-1.796478780110676965e+01 -1.153036117553710938e+01
-1.890406195322672644e+01 -1.129139232635498047e+01
-1.814522361755371094e+01 -1.031618881225585938e+01
-1.734213034311930457e+01 -1.021031951904296875e+01
-1.824965826670328894e+01 -9.629711151123046875e+00
-1.888555717468261719e+01 -1.024256372451782227e+01
-1.927684275309244910e+01 -1.118735265731811523e+01
-1.898557504018147668e+01 -1.150956964492797852e+01
-1.860765043894449988e+01 -1.158146858215332031e+01
-1.723083543777465820e+01 -9.977164745330810547e+00
-1.747853899002075195e+01 -1.102428674697875977e+01
-1.790474541982014856e+01 -1.154248905181884766e+01
-1.892195256551106652e+01 -1.140200996398925781e+01
-1.894316132863362512e+01 -1.246092700958251953e+01
-1.875865968068440637e+01 -1.143683528900146484e+01
-1.859045584996541223e+01 -9.975378513336181641e+00
-1.745513296127319336e+01 -1.031133174896240234e+01
-1.879840183258056641e+01 -1.036835670471191406e+01
-1.907297897338867188e+01 -1.137415027618408203e+01
-1.964544232686360559e+01 -1.041174364089965820e+01
-1.929934183756510535e+01 -1.051193523406982422e+01
-1.970466709136962891e+01 -1.245419788360595703e+01
-1.902177047729492188e+01 -1.138926982879638672e+01
-1.935565280914306641e+01 -1.067233753204345703e+01
-1.826825205485026160e+01 -8.838194370269775391e+00
-1.661249001820882043e+01 -1.059276676177978516e+01
-1.822180271148681641e+01 -1.171857404708862305e+01
-1.864498774210612098e+01 -1.080057954788208008e+01
-1.770106792449951172e+01 -8.971768379211425781e+00
-1.840180269877116004e+01 -1.112366819381713867e+01
-1.846075248718261719e+01 -1.250900936126708984e+01
-1.935837268829345703e+01 -1.289342260360717773e+01
-1.926182015736897668e+01 -1.227236175537109375e+01
-1.912185128529866418e+01 -1.103142261505126953e+01
-1.957181835174560547e+01 -1.064814186096191406e+01
-1.945906607309977332e+01 -1.060347557067871094e+01
-1.961551157633463660e+01 -9.140479326248168945e+00
-1.924965413411458215e+01 -1.228438329696655273e+01
-1.968371327718098840e+01 -1.077413845062255859e+01
-1.912453079223632812e+01 -1.043174886703491211e+01
-1.905750020345051965e+01 -1.048911762237548828e+01
-1.937763913472493371e+01 -9.946225643157958984e+00
-1.922886689503987512e+01 -1.031837511062622070e+01
-1.855134487152099609e+01 -1.035562992095947266e+01
-1.790960152943928918e+01 -1.015128803253173828e+01
-1.697499942779541016e+01 -9.477161169052124023e+00
-1.782915242513020715e+01 -1.024139308929443359e+01
-1.725204531351725379e+01 -1.017705154418945312e+01
-1.756304931640625000e+01 -1.242422342300415039e+01
-1.808427731196085730e+01 -1.001131677627563477e+01
-1.895200729370117188e+01 -1.122844648361206055e+01
-1.948658275604248047e+01 -1.033500957489013672e+01
-1.935435644785563269e+01 -1.036449098587036133e+01
-1.902378273010253906e+01 -1.080139350891113281e+01
-1.816175079345703125e+01 -1.197861766815185547e+01
-1.754527505238850793e+01 -1.187187862396240234e+01
-1.746320486068725586e+01 -9.665539741516113281e+00
-1.710428428649902344e+01 -1.034793090820312500e+01
-1.786038875579833984e+01 -1.072189283370971680e+01
-1.885716978708903113e+01 -1.148410701751708984e+01
-1.939652379353841027e+01 -1.171170806884765625e+01
-1.916515795389811316e+01 -1.091991138458251953e+01
-1.891749827067057410e+01 -9.936743259429931641e+00
-1.840354220072428504e+01 -1.143866586685180664e+01
-1.909412288665771484e+01 -1.168520259857177734e+01
-1.932087008158366004e+01 -1.123384094238281250e+01
-1.937252267201741418e+01 -9.520301580429077148e+00
-1.979854806264241418e+01 -9.675790309906005859e+00
-1.965122604370117188e+01 -1.141904115676879883e+01
-1.813054847717285156e+01 -1.473712825775146484e+01
-1.715269088745117188e+01 -1.126046466827392578e+01
-1.827583694458007812e+01 -1.062040615081787109e+01
-1.856742572784423828e+01 -9.396072387695312500e+00
-1.902271906534830848e+01 -1.059972190856933594e+01
-1.927030563354492188e+01 -1.166731500625610352e+01
-1.896751499176025391e+01 -1.339097118377685547e+01
-1.830288950602213660e+01 -1.063949251174926758e+01
-1.883841609954833984e+01 -1.058050727844238281e+01
-1.968152046203613281e+01 -1.081975269317626953e+01
-1.927487881978352746e+01 -1.106580495834350586e+01
-1.993862406412760535e+01 -1.041225528717041016e+01
-1.935503737131754676e+01 -1.006623220443725586e+01
-2.007464154561360559e+01 -1.298942327499389648e+01
-1.983511447906494141e+01 -1.068365478515625000e+01
-1.981793085734049598e+01 -1.012704086303710938e+01
-1.917280864715576172e+01 -1.102015066146850586e+01
-2.025407695770263672e+01 -1.112871122360229492e+01
-2.024237696329752723e+01 -1.155900049209594727e+01
-1.981668567657470703e+01 -9.851414203643798828e+00
-2.010702419281005859e+01 -9.900567054748535156e+00
-1.936459541320800781e+01 -1.001515436172485352e+01
-1.950678793589274207e+01 -1.063950538635253906e+01
-1.986097462972005090e+01 -1.065305471420288086e+01
-2.022777398427327356e+01 -1.032305908203125000e+01
-1.974289162953694543e+01 -1.023743152618408203e+01
-1.926917044321696082e+01 -1.006982040405273438e+01
-1.888659509023030481e+01 -1.083047294616699219e+01
-1.953146711985270301e+01 -1.092157125473022461e+01
-2.025878810882568359e+01 -1.091484642028808594e+01
-1.875527000427246094e+01 -1.041106510162353516e+01
-1.891521453857421875e+01 -1.174507617950439453e+01
-1.927442073822021484e+01 -1.113317775726318359e+01
-1.921401818593342981e+01 -1.127946805953979492e+01
-1.932519880930582801e+01 -1.005816459655761719e+01
-1.893485132853190223e+01 -1.121408081054687500e+01
-1.925505320231119910e+01 -1.069091606140136719e+01
-1.914619064331054688e+01 -9.519983291625976562e+00
-1.981485430399576941e+01 -1.003826856613159180e+01
-2.011543814341227332e+01 -1.064561605453491211e+01
-1.931191889444987098e+01 -1.072767639160156250e+01
-1.947438939412434777e+01 -1.029624080657958984e+01
-1.992316945393880090e+01 -1.197020578384399414e+01
-2.035201231638590613e+01 -1.149744224548339844e+01
-2.031827513376871863e+01 -9.942605495452880859e+00
-2.025559457143147668e+01 -9.839813709259033203e+00
-2.025568866729736328e+01 -1.055918502807617188e+01
-1.885293229420979699e+01 -1.285041761398315430e+01
-1.794366677602132043e+01 -1.007407760620117188e+01
-1.869127273559570312e+01 -9.861984729766845703e+00
-1.875328254699707031e+01 -1.091158199310302734e+01
-1.851900895436604699e+01 -9.999998569488525391e+00
-1.971146933237711707e+01 -1.314040565490722656e+01
-1.868866030375162879e+01 -9.826064586639404297e+00
-1.808889357248942176e+01 -9.319274425506591797e+00
-1.800254567464192590e+01 -1.009471225738525391e+01
-1.701345698038737098e+01 -1.146032094955444336e+01
-1.774105008443196496e+01 -1.068274831771850586e+01
-1.933918825785319129e+01 -1.058740377426147461e+01
-1.942834536234537879e+01 -1.081275558471679688e+01
-1.676473172505696496e+01 -1.208231067657470703e+01
-1.804662672678629676e+01 -1.088697767257690430e+01
-1.870350106557210168e+01 -1.083352231979370117e+01
-1.875943756103515625e+01 -1.036315822601318359e+01
-1.917927169799804688e+01 -1.057538127899169922e+01
-1.972154966990153113e+01 -1.062914943695068359e+01
-1.913648160298665246e+01 -1.251349496841430664e+01
-1.962320041656494141e+01 -9.557128906250000000e+00
-1.924191061655680457e+01 -1.177066040039062500e+01
-1.989849408467610559e+01 -1.073477029800415039e+01
-2.050715891520182410e+01 -1.091876506805419922e+01
-2.031428750356038293e+01 -1.181686353683471680e+01
-2.022031688690185547e+01 -1.077269124984741211e+01
-2.028060658772786340e+01 -1.006410121917724609e+01
-2.040459219614664832e+01 -1.048476791381835938e+01
-2.049460347493489465e+01 -1.021918296813964844e+01
-2.052815183003743371e+01 -1.084264326095581055e+01
-2.055252393086751184e+01 -1.001524114608764648e+01
-2.054289627075195312e+01 -1.186567878723144531e+01
-2.035647137959798059e+01 -1.142378997802734375e+01
-2.036368052164713660e+01 -1.361817455291748047e+01
-1.967283121744791785e+01 -1.050282049179077148e+01
-2.024322255452473840e+01 -1.009847021102905273e+01
-1.892725658416748047e+01 -1.074018001556396484e+01
-1.918240865071614465e+01 -1.210609436035156250e+01
-2.007353528340657434e+01 -1.036632871627807617e+01
-1.965443261464436731e+01 -1.055700016021728516e+01
-1.906159273783366004e+01 -1.110982513427734375e+01
-1.983866755167643348e+01 -9.951930522918701172e+00
-2.035501893361409387e+01 -1.017579793930053711e+01
-2.016271718343098840e+01 -1.146076869964599609e+01
-1.908227252960205078e+01 -1.303124666213989258e+01
-1.857643731435139856e+01 -1.222508144378662109e+01
-1.806086476643880090e+01 -1.012829780578613281e+01
-1.896388085683186731e+01 -1.053786611557006836e+01
-1.847625287373860559e+01 -1.132794618606567383e+01
-1.897859541575114051e+01 -1.040972328186035156e+01
-1.988296127319335938e+01 -1.063580942153930664e+01
-2.044059022267659387e+01 -9.769165515899658203e+00
-1.984062131245930871e+01 -1.252880573272705078e+01
-2.058804098765055457e+01 -1.056871271133422852e+01
-2.008988539377848426e+01 -1.110593986511230469e+01
-2.026257165273030481e+01 -9.477095603942871094e+00
-2.012793636322021484e+01 -1.059018421173095703e+01
-2.004036617279052734e+01 -1.056191444396972656e+01
-2.023625087738037109e+01 -1.060059928894042969e+01
-2.094133377075195312e+01 -1.077172756195068359e+01
-2.008205350240071496e+01 -9.380076408386230469e+00
-2.019880803426106652e+01 -9.672916412353515625e+00
-1.935665321350097656e+01 -1.218735218048095703e+01
-2.007974561055501184e+01 -9.753786563873291016e+00
-1.878591410319010535e+01 -7.828859329223632812e+00
-1.736848258972167969e+01 -1.059490776062011719e+01
-1.794243113199869910e+01 -1.060837841033935547e+01
-2.007788181304931641e+01 -1.120185756683349609e+01
-2.083110523223876953e+01 -1.078974342346191406e+01
-2.118970171610514441e+01 -1.031646108627319336e+01
-2.061195977528889856e+01 -1.049250888824462891e+01
-2.132396697998046875e+01 -9.782871246337890625e+00
-1.894008700052897254e+01 -8.725198268890380859e+00
-1.920586681365966797e+01 -9.469127655029296875e+00
-1.933690897623698035e+01 -1.047027635574340820e+01
-1.961677805582682410e+01 -9.777517795562744141e+00
-1.904014078776041785e+01 -1.005657100677490234e+01
-1.880782667795817176e+01 -1.218383455276489258e+01
-1.999850527445475379e+01 -1.385373592376708984e+01
-2.088037331899007043e+01 -1.095840978622436523e+01
-2.153021621704101562e+01 -1.132340574264526367e+01
-2.098186016082763672e+01 -1.283156633377075195e+01
-2.079857126871744910e+01 -9.875513076782226562e+00
-1.947034645080566406e+01 -8.893119335174560547e+00
-1.638182783126831055e+01 -1.096489620208740234e+01
-1.873705609639485559e+01 -1.103843402862548828e+01
-2.114579931894938269e+01 -9.672441482543945312e+00
-1.960979970296223840e+01 -9.420727968215942383e+00
-2.006191889444987098e+01 -1.141974067687988281e+01
-1.866755533218383789e+01 -1.239502286911010742e+01
-1.919466018676757812e+01 -9.663783073425292969e+00
-1.950268427530924598e+01 -9.598736763000488281e+00
-2.013722832997639856e+01 -1.090127515792846680e+01
-2.047369861602783203e+01 -9.583523750305175781e+00
-2.083778635660807410e+01 -9.968868732452392578e+00
-2.059166018168131629e+01 -9.305608272552490234e+00
-2.014984289805094519e+01 -1.165837669372558594e+01
-1.977423445383707801e+01 -1.127324390411376953e+01
-2.080721219380696496e+01 -9.713097572326660156e+00
-2.047433090209960938e+01 -9.455024719238281250e+00
-2.012249310811360559e+01 -1.004541254043579102e+01
-1.999431896209716797e+01 -1.004080963134765625e+01
-2.106857681274414062e+01 -1.215371513366699219e+01
-2.134984079996744910e+01 -1.152227735519409180e+01
-2.136209805806477746e+01 -1.020592546463012695e+01
-1.876630179087321082e+01 -8.606337070465087891e+00
-1.686410252253214637e+01 -1.051234340667724609e+01
-1.726653003692626953e+01 -1.075150918960571289e+01
-1.946028232574462891e+01 -1.375018787384033203e+01
-1.984497133890787879e+01 -9.761693954467773438e+00
-2.010965983072916785e+01 -9.586517810821533203e+00
-2.076035785675048828e+01 -1.140855884552001953e+01
-2.131283410390217981e+01 -9.708253383636474609e+00
-2.122911008199055871e+01 -1.019261837005615234e+01
-2.102535406748453894e+01 -1.008266878128051758e+01
-2.127802117665608606e+01 -1.072692441940307617e+01
-2.144606431325276574e+01 -1.143370819091796875e+01
-2.064696629842122277e+01 -1.046073961257934570e+01
-2.020637798309326172e+01 -1.044261646270751953e+01
-2.040547657012939453e+01 -1.043620204925537109e+01
-2.011170673370361328e+01 -1.014544820785522461e+01
-2.098568185170491418e+01 -1.110263633728027344e+01
-2.061268901824951172e+01 -1.019367504119873047e+01
-2.037390073140462121e+01 -1.014057826995849609e+01
-2.069512399037678918e+01 -9.945429325103759766e+00
-1.925695419311523438e+01 -9.765258312225341797e+00
-1.854468123118082801e+01 -1.012164163589477539e+01
-1.634361108144124231e+01 -1.033043384552001953e+01
-1.859891827901204309e+01 -1.033314990997314453e+01
-1.870167764027913293e+01 -9.868240356445312500e+00
-2.013383833567301551e+01 -9.908908843994140625e+00
-1.932537142435709754e+01 -1.018313407897949219e+01
-1.977989927927653113e+01 -1.105115604400634766e+01
-2.032128461201985559e+01 -1.187250137329101562e+01
-1.959873072306315223e+01 -1.033218431472778320e+01
-2.053119818369547644e+01 -9.236292839050292969e+00
-1.973898792266845703e+01 -1.005183744430541992e+01
-2.088094139099121094e+01 -1.042535209655761719e+01
-2.160766919453938684e+01 -1.039363956451416016e+01
-2.210051345825195312e+01 -9.821982383728027344e+00
-2.126333745320637902e+01 -9.528432846069335938e+00
-2.136984539031982422e+01 -1.004160928726196289e+01
-2.021214803059895715e+01 -9.628840446472167969e+00
-2.033370685577392578e+01 -1.027986431121826172e+01
-2.126243400573730469e+01 -9.437564849853515625e+00
-2.175577926635742188e+01 -1.067184209823608398e+01
-2.040212440490722656e+01 -9.920742034912109375e+00
-1.941205279032389441e+01 -9.363772869110107422e+00
-1.878797213236491004e+01 -8.974438667297363281e+00
-1.950445238749186316e+01 -9.233690261840820312e+00
-1.899459075927734375e+01 -1.061528778076171875e+01
-1.839159297943115234e+01 -1.035399436950683594e+01
-1.917229747772216797e+01 -1.223191976547241211e+01
-2.071228726704915246e+01 -1.141249370574951172e+01
-2.159823926289876184e+01 -1.050354909896850586e+01
-2.185263601938883582e+01 -1.145434284210205078e+01
-2.179561710357666016e+01 -9.204378604888916016e+00
-1.858139292399088660e+01 -8.537944793701171875e+00
-1.631762520472208777e+01 -1.210400152206420898e+01
-1.837488094965616980e+01 -1.026828384399414062e+01
-2.030693594614664832e+01 -1.010580587387084961e+01
-2.044799168904622277e+01 -9.344321727752685547e+00
-2.184034697214762488e+01 -1.386525726318359375e+01
-2.183058420817057410e+01 -9.469922065734863281e+00
-2.050129063924153527e+01 -8.782823085784912109e+00
-1.989378738403320312e+01 -1.019840669631958008e+01
-1.964889621734619141e+01 -1.127936744689941406e+01
-1.950498167673746863e+01 -1.236441087722778320e+01
-2.041789690653483191e+01 -1.274351119995117188e+01
-2.142279529571533203e+01 -1.087225627899169922e+01
-2.073609987894694129e+01 -1.070972633361816406e+01
-2.023165829976399621e+01 -9.406644344329833984e+00
-2.152482763926188269e+01 -9.708787918090820312e+00
-2.122711149851481238e+01 -1.004358434677124023e+01
-2.119667085011800012e+01 -1.161942005157470703e+01
-2.183369414011637488e+01 -1.086965227127075195e+01
-2.144629923502604285e+01 -1.110504913330078125e+01
-2.156864674886067590e+01 -1.091580915451049805e+01
-2.070044104258219519e+01 -1.118806695938110352e+01
-2.059743913014729699e+01 -1.002041769027709961e+01
-2.060967127482096473e+01 -1.052825832366943359e+01
-2.000700791676839074e+01 -1.054695510864257812e+01
-2.217947165171305457e+01 -9.544912815093994141e+00
-2.199306297302246094e+01 -1.001878261566162109e+01
-2.223709233601887902e+01 -9.653302669525146484e+00
-2.202986367543538293e+01 -9.809981346130371094e+00
-2.150565497080485144e+01 -1.143277072906494141e+01
-2.236626561482747277e+01 -1.125713920593261719e+01
-2.213151295979817590e+01 -1.017070579528808594e+01
-2.181941445668538293e+01 -1.007979011535644531e+01
-2.207690461476643762e+01 -1.076988124847412109e+01
-2.174496046702067176e+01 -1.163902187347412109e+01
-2.140107917785644531e+01 -1.241669845581054688e+01
-2.187833595275878906e+01 -9.188156843185424805e+00
-2.091848913828532019e+01 -1.076929330825805664e+01
-2.071217727661132812e+01 -1.001861190795898438e+01
-2.023666191101074219e+01 -9.854823112487792969e+00
-2.020139853159586707e+01 -1.038328886032104492e+01
-2.098404757181803504e+01 -1.203672504425048828e+01
-2.173437341054280481e+01 -1.212968063354492188e+01
-2.076146570841471473e+01 -1.163827657699584961e+01
-1.997217973073323449e+01 -1.098145532608032227e+01
-1.872020785013834754e+01 -1.059019184112548828e+01
-1.926665687561035156e+01 -1.117908716201782227e+01
-1.834476280212402344e+01 -1.261419391632080078e+01
-1.997972583770751953e+01 -9.905592441558837891e+00
-1.964113457997639856e+01 -9.476921319961547852e+00
-1.882946491241455078e+01 -1.129467868804931641e+01
-2.024433644612630090e+01 -1.178843975067138672e+01
-2.121218395233154297e+01 -1.065616083145141602e+01
-2.201554203033447266e+01 -1.117398834228515625e+01
-2.175674788157145301e+01 -1.206921577453613281e+01
-2.161318143208821496e+01 -1.110711669921875000e+01
-2.147953605651855469e+01 -1.015041494369506836e+01
-1.999823856353759766e+01 -1.052853059768676758e+01
-1.998114713033040246e+01 -1.229519319534301758e+01
-2.090258757273356238e+01 -1.032772445678710938e+01
-2.078345489501953125e+01 -1.276366901397705078e+01
-1.948931566874186316e+01 -9.666935443878173828e+00
-2.008618768056233606e+01 -1.034420013427734375e+01
-1.999475542704264441e+01 -1.022972917556762695e+01
-2.138597615559895715e+01 -9.581645488739013672e+00
-2.161726442972819129e+01 -1.175581741333007812e+01
-1.866579214731852332e+01 -1.089163541793823242e+01
-1.763284111022949219e+01 -8.827880859375000000e+00
-1.951682217915852746e+01 -9.970114231109619141e+00
-1.988280646006266394e+01 -9.832600593566894531e+00
-2.081512769063313684e+01 -8.552698135375976562e+00
-2.017776807149251184e+01 -9.202666282653808594e+00
-2.121336142222086707e+01 -1.094166851043701172e+01
-2.213418006896972656e+01 -9.852560997009277344e+00
-2.151686509450276574e+01 -9.751219272613525391e+00
-2.208247280120849609e+01 -1.252851724624633789e+01
-2.127369149525960168e+01 -9.594830036163330078e+00
-1.999289925893147668e+01 -1.024853849411010742e+01
-1.923106384277343750e+01 -9.919799804687500000e+00
-2.051382350921630859e+01 -9.652297973632812500e+00
-2.189915498097737512e+01 -1.044895029067993164e+01
-2.126766522725423059e+01 -1.022431182861328125e+01
-2.175449530283610144e+01 -1.035622644424438477e+01
-2.141134770711262902e+01 -1.064415359497070312e+01
-2.122707939147949219e+01 -1.045340108871459961e+01
-2.242745240529378137e+01 -1.094973564147949219e+01
-2.104887453715006629e+01 -1.173566532135009766e+01
-2.214958890279133996e+01 -9.590314865112304688e+00
-2.194425900777180871e+01 -1.052591419219970703e+01
-2.135718123118082801e+01 -1.059694385528564453e+01
-2.083491198221842566e+01 -9.947081089019775391e+00
-1.994233608245849609e+01 -9.945018768310546875e+00
-1.639973783493041992e+01 -7.795484781265258789e+00
-1.839117018381754676e+01 -1.307057762145996094e+01
-2.023694260915120324e+01 -1.129556989669799805e+01
-2.082081762949625769e+01 -9.924124717712402344e+00
-2.204226303100585938e+01 -9.728898525238037109e+00
-2.189638423919677734e+01 -9.732292175292968750e+00
-2.209469286600748816e+01 -1.046674633026123047e+01
-2.171326351165771484e+01 -1.010663986206054688e+01
-2.060541756947835168e+01 -9.725017070770263672e+00
-2.032575035095214844e+01 -9.462938308715820312e+00
-2.191823641459147254e+01 -9.612507820129394531e+00
-2.151835918426513672e+01 -1.006292724609375000e+01
-2.305012480417887488e+01 -1.026027345657348633e+01
-2.276965681711832801e+01 -1.189930105209350586e+01
-2.253085645039876184e+01 -9.798671722412109375e+00
-2.080659707387288293e+01 -1.091442346572875977e+01
-2.063591225941975793e+01 -9.783695697784423828e+00
-2.208977603912353516e+01 -9.790515422821044922e+00
-2.193149344126383582e+01 -1.196001338958740234e+01
-2.284148279825846473e+01 -1.335616779327392578e+01
-2.151623598734537879e+01 -1.096371030807495117e+01
-2.255440489451090613e+01 -1.098373126983642578e+01
-2.303338464101155481e+01 -1.126844930648803711e+01
-2.234630330403645715e+01 -9.919055461883544922e+00
-2.079050000508626184e+01 -1.109682703018188477e+01
-2.168763860066731652e+01 -1.056052875518798828e+01
-2.276016108194987098e+01 -1.178978633880615234e+01
-2.201146666208903113e+01 -1.030537319183349609e+01
-2.189373747507731238e+01 -1.048711776733398438e+01
-2.140964635213216027e+01 -8.943261146545410156e+00
-2.032996400197346887e+01 -1.122086954116821289e+01
-2.010188198089599609e+01 -1.144755458831787109e+01
-2.165529664357503137e+01 -1.124713993072509766e+01
-2.183719571431477746e+01 -9.495810985565185547e+00
-2.208314832051594934e+01 -8.967450141906738281e+00
-2.243212858835856238e+01 -1.101402378082275391e+01
-2.096251296997070312e+01 -9.253023624420166016e+00
-2.083898607889811316e+01 -1.104947805404663086e+01
-2.283670775095621863e+01 -1.082891845703125000e+01
-2.155965995788574219e+01 -9.872843265533447266e+00
-2.156521479288737098e+01 -1.155512619018554688e+01
-2.163058312733967981e+01 -1.089789342880249023e+01
-2.208400789896647254e+01 -9.778717994689941406e+00
-2.163669649759928504e+01 -1.186256599426269531e+01
-2.190583483378092566e+01 -9.833860874176025391e+00
-2.310990969340006629e+01 -1.023252725601196289e+01
-2.262893581390380859e+01 -1.175378942489624023e+01
-2.170061906178792199e+01 -1.293865346908569336e+01
-2.161305236816406250e+01 -1.188092231750488281e+01
-2.011021391550699988e+01 -9.825184822082519531e+00
-1.844488843282063684e+01 -8.966536045074462891e+00
-1.881141726175944129e+01 -9.506148338317871094e+00
-1.850258016586303711e+01 -9.550427436828613281e+00
-1.356463925043741803e+01 -1.305034160614013672e+01
-1.693680349985758582e+01 -9.584675312042236328e+00
-1.922399997711181641e+01 -1.009189271926879883e+01
-1.979339504241943359e+01 -1.049564695358276367e+01
-2.060841337839762488e+01 -1.166054248809814453e+01
-2.138089815775553504e+01 -1.070938539505004883e+01
-2.171908028920491418e+01 -1.062533569335937500e+01
-2.182314014434814453e+01 -1.119475317001342773e+01
-2.202102057139078894e+01 -9.590420722961425781e+00
-2.210165977478027344e+01 -1.081079959869384766e+01
-2.233970673878987512e+01 -1.175089693069458008e+01
-2.242384688059489051e+01 -1.193559551239013672e+01
-2.213096682230631629e+01 -1.016862249374389648e+01
-2.290284983317057410e+01 -1.077659893035888672e+01
-2.088646443684895715e+01 -1.214487028121948242e+01
-2.134152221679687500e+01 -1.032388305664062500e+01
-2.096975898742675781e+01 -1.189752674102783203e+01
-2.060765202840169152e+01 -1.372467517852783203e+01
-2.238700230916341027e+01 -1.130075693130493164e+01
-2.240747102101643762e+01 -1.196133852005004883e+01
-2.228852780659993371e+01 -1.283039665222167969e+01
-2.167161623636881629e+01 -1.284946489334106445e+01
-2.162581189473469934e+01 -9.764566421508789062e+00
-2.197998491923014441e+01 -1.071169376373291016e+01
-2.217620118459065637e+01 -1.105503606796264648e+01
-2.251177215576171875e+01 -1.055351400375366211e+01
-2.302383454640706262e+01 -1.205350923538208008e+01
-2.272854455312092981e+01 -1.006138277053833008e+01
-1.961579608917236328e+01 -1.014984321594238281e+01
-2.141553688049316406e+01 -1.239705467224121094e+01
-2.192824045817057410e+01 -9.363237380981445312e+00
-2.264408429463704309e+01 -1.032570362091064453e+01
-2.306914393107096473e+01 -9.603889703750610352e+00
-2.287988026936848840e+01 -1.071588611602783203e+01
-2.278663698832194129e+01 -1.131285953521728516e+01
-2.241011714935302734e+01 -1.254441499710083008e+01
-2.234836069742838660e+01 -1.172823810577392578e+01
-2.130268033345540246e+01 -1.218714332580566406e+01
-2.111170164744059363e+01 -9.282207012176513672e+00
-2.297367858886718750e+01 -9.883158683776855469e+00
-2.333938312530517578e+01 -9.425796031951904297e+00
-2.343913427988688269e+01 -9.916366577148437500e+00
-2.171391582489013672e+01 -9.683062553405761719e+00
-2.098162047068278113e+01 -9.456088066101074219e+00
-2.180153592427571496e+01 -9.630003452301025391e+00
-2.245853519439697266e+01 -1.066577577590942383e+01
-2.168778101603190223e+01 -1.241877079010009766e+01
-2.186365890502929688e+01 -1.164526653289794922e+01
-2.339815044403076172e+01 -1.077308511734008789e+01
-2.312267335255940637e+01 -1.072612953186035156e+01
-2.257170899709065637e+01 -1.061361265182495117e+01
-2.265118980407714844e+01 -1.186030244827270508e+01
-2.124079068501790246e+01 -8.889069795608520508e+00
-2.092242463429768762e+01 -1.071530199050903320e+01
-2.217133998870849609e+01 -1.075911712646484375e+01
-2.183817418416341027e+01 -1.021301317214965820e+01
-1.999424552917480469e+01 -9.581421852111816406e+00
-2.019472312927246094e+01 -9.658977031707763672e+00
-1.977717304229736328e+01 -9.547407150268554688e+00
-2.100545819600423059e+01 -1.046891307830810547e+01
-2.217540899912516394e+01 -1.058036136627197266e+01
-2.193359756469726562e+01 -1.239654541015625000e+01
-2.298241615295410156e+01 -9.551671981811523438e+00
-2.266340859731038293e+01 -1.068248605728149414e+01
-2.248247782389323035e+01 -1.032787752151489258e+01
-2.222754319508870324e+01 -1.339565801620483398e+01
-2.081820869445800781e+01 -1.016587257385253906e+01
-2.260168774922688684e+01 -1.077186727523803711e+01
-2.155152670542399207e+01 -1.072404479980468750e+01
-2.051707903544108191e+01 -1.155385398864746094e+01
-1.938123162587483606e+01 -1.153011703491210938e+01
-2.048951784769694129e+01 -9.474041938781738281e+00
-2.133133443196614465e+01 -1.094587421417236328e+01
-2.229062620798746863e+01 -1.191793870925903320e+01
-2.338322289784749231e+01 -8.832778930664062500e+00
-1.989490636189778527e+01 -9.205179214477539062e+00
-2.063332462310791016e+01 -8.945186138153076172e+00
-1.941632207234700402e+01 -1.099759006500244141e+01
-2.070511277516682824e+01 -1.119085311889648438e+01
-2.201939264933268348e+01 -9.336906433105468750e+00
-2.072824160257975379e+01 -1.017427253723144531e+01
-2.205937449137369910e+01 -1.001537895202636719e+01
-2.265812428792317590e+01 -1.195399951934814453e+01
-2.175214481353759766e+01 -9.308020591735839844e+00
-1.868312231699625769e+01 -1.227274703979492188e+01
-1.893826389312744141e+01 -9.103063106536865234e+00
-1.917350069681803504e+01 -1.075774669647216797e+01
-2.091952800750732422e+01 -1.032722616195678711e+01
-1.971328004201253137e+01 -1.163655042648315430e+01
-1.947181860605875769e+01 -1.066516590118408203e+01
-2.027754433949788293e+01 -8.324126243591308594e+00
-2.022035439809163293e+01 -1.047754859924316406e+01
-2.143686421712239465e+01 -1.211057996749877930e+01
-2.282890160878499231e+01 -9.620351791381835938e+00
-2.258992195129394531e+01 -1.024694442749023438e+01
-2.199646091461181641e+01 -1.053967905044555664e+01
-2.301134618123372277e+01 -9.733696937561035156e+00
-2.209918181101481238e+01 -9.065782546997070312e+00
-2.246836344401041785e+01 -1.039316701889038086e+01
-2.321395238240559777e+01 -1.110317230224609375e+01
-2.317742061614990234e+01 -1.135366582870483398e+01
-2.218922360738118371e+01 -1.095924758911132812e+01
-2.177296161651611328e+01 -9.527841091156005859e+00
-2.252421951293945312e+01 -9.448439121246337891e+00
-2.267207336425781250e+01 -1.190115451812744141e+01
-2.238790067036946496e+01 -1.061964321136474609e+01
-2.321976757049560547e+01 -9.778438568115234375e+00
-2.372539520263671875e+01 -1.117323303222656250e+01
-2.344157536824544152e+01 -1.172447252273559570e+01
-2.182641379038492957e+01 -1.042020273208618164e+01
-2.066244538625081262e+01 -9.926993370056152344e+00
-2.225323359171549598e+01 -1.065994644165039062e+01
-1.948701000213623047e+01 -1.131143188476562500e+01
-2.110751406351725379e+01 -1.090420436859130859e+01
-2.236810366312662879e+01 -9.763926029205322266e+00
-2.083550421396891394e+01 -1.163054418563842773e+01
-2.084280999501546106e+01 -1.171212768554687500e+01
-2.141256523132324219e+01 -1.181440258026123047e+01
-2.274180634816487512e+01 -1.129430961608886719e+01
-2.299663829803466797e+01 -1.056293296813964844e+01
-2.206816260019938269e+01 -1.155255413055419922e+01
-2.238770008087158203e+01 -1.087402343750000000e+01
-2.287187226613362512e+01 -9.144778251647949219e+00
-2.267885621388753137e+01 -1.134579992294311523e+01
-2.275443458557128906e+01 -1.079510402679443359e+01
-2.337833054860432824e+01 -9.675111770629882812e+00
-2.218326250712076941e+01 -1.061279344558715820e+01
-2.329750092824300012e+01 -1.090803766250610352e+01
-2.366007645924885949e+01 -1.025458145141601562e+01
-2.367691389719645301e+01 -1.138356876373291016e+01
-2.162681833902994910e+01 -9.755874156951904297e+00
-2.191612307230631629e+01 -9.698162555694580078e+00
-2.134813022613525391e+01 -9.353372573852539062e+00
-2.257019615173339844e+01 -1.082067060470581055e+01
-2.336521307627360144e+01 -9.744759082794189453e+00
-2.231098620096842566e+01 -1.144506025314331055e+01
-2.282965437571207801e+01 -1.073877620697021484e+01
-2.218510405222574988e+01 -9.060266733169555664e+00
-2.387719535827636719e+01 -1.143826723098754883e+01
-2.210746033986409387e+01 -1.064688205718994141e+01
-2.218531767527262488e+01 -9.262618303298950195e+00
-2.166502952575683594e+01 -8.917169094085693359e+00
-2.213450876871744910e+01 -1.118862104415893555e+01
-2.291671180725097656e+01 -9.947199821472167969e+00
-2.237207126617431641e+01 -9.615207195281982422e+00
-2.370620123545328894e+01 -1.043187904357910156e+01
-2.354790337880452356e+01 -1.023848199844360352e+01
-2.353486537933349609e+01 -9.255936622619628906e+00
-2.340117518107096473e+01 -1.103762531280517578e+01
-2.283654371897379676e+01 -9.841965675354003906e+00
-2.321914100646972656e+01 -1.214024496078491211e+01
-2.222073427836100379e+01 -1.049861001968383789e+01
-2.058217302958170691e+01 -1.305522394180297852e+01
