# Train Val
-6.778280901412169435e+00 -8.327162461403089466e+00
-8.357613203426202730e+00 -8.208302094386173309e+00
-8.422956101596355438e+00 -8.439242705320699756e+00
-8.451842514177164034e+00 -8.467046260833740234e+00
-8.476738890012105898e+00 -8.424493850805820472e+00
-8.476225232084592776e+00 -8.445272873609493303e+00
-8.484726880987485842e+00 -8.493572137294671975e+00
-8.503308738271394773e+00 -8.496478520906888932e+00
-8.530102126300334930e+00 -8.576108431204771065e+00
-8.537361954649290041e+00 -8.490086910052177416e+00
-8.561930251618226961e+00 -8.604923248291015625e+00
-8.630936205387115479e+00 -8.765773235223232263e+00
-8.665646575391292572e+00 -8.768931217682666812e+00
-8.784182200829187437e+00 -8.776409956125112544e+00
-8.864254387716451689e+00 -8.946616588494716638e+00
-8.969533741474151611e+00 -9.023652137854160316e+00
-9.026344249645868345e+00 -9.149770589975210200e+00
-9.101411449412504240e+00 -9.155060425782815869e+00
-9.224234645565351443e+00 -9.394359221825233419e+00
-9.322269094487031893e+00 -9.279903314052484475e+00
-9.376368179917335510e+00 -9.443211433215019213e+00
-9.412643606464067503e+00 -9.613805061731582668e+00
-9.537790457407632871e+00 -9.530137233245067563e+00
-9.733144961297512054e+00 -9.453176767398149494e+00
-9.731923182805379824e+00 -9.920762648949256857e+00
-9.884552287558713957e+00 -9.872619408827562282e+00
-9.910727237661680178e+00 -1.008439965125841908e+01
-1.001114207754532437e+01 -8.881534013992700594e+00
-1.006244527051846127e+01 -1.014384718430348009e+01
-1.031493900716304779e+01 -1.026347419543144035e+01
-1.025024635841449161e+01 -1.033627769274589348e+01
-1.039966557671626468e+01 -1.007624906148666000e+01
-1.039516243835290332e+01 -9.955882952763484894e+00
-1.055968635777632336e+01 -1.082254344989091877e+01
-1.070822994410991669e+01 -1.072824375446026224e+01
-1.059251170853773694e+01 -9.835716981154222438e+00
-1.080580073098341565e+01 -1.077462141330425638e+01
-1.081429358323415180e+01 -1.090072790781656842e+01
-1.079429570088783841e+01 -1.100824666634584048e+01
-1.098870282371838947e+01 -1.084346401997101594e+01
-1.103058686852455139e+01 -1.116273779746813588e+01
-1.081667717546224594e+01 -1.114469630901630026e+01
-1.123300690452257733e+01 -1.099774397336519627e+01
-1.084919300675392151e+01 -1.113758490635798459e+01
-1.116321302453676800e+01 -9.771681320972930962e+00
-1.108548020323117633e+01 -1.116487265855838018e+01
-1.121537430584430695e+01 -1.113961449647561075e+01
-1.130014615257581134e+01 -1.091612698481633181e+01
-1.143281574050585370e+01 -1.141013128329545978e+01
-1.113911174982786179e+01 -1.129099408174172403e+01
-1.134469438095887561e+01 -1.082376286922356989e+01
-1.140307593842347522e+01 -1.144885975275284196e+01
-1.156928524871667285e+01 -1.150424578250982854e+01
-1.149065887928009033e+01 -1.127710156563000865e+01
-1.156908983985582928e+01 -1.164540454668876457e+01
-1.171556395540634732e+01 -1.121705764379256820e+01
-1.163059357802073102e+01 -1.162533082717504307e+01
-1.177478139599164386e+01 -1.156464239267202565e+01
-1.166069832940896411e+01 -1.134348628459832575e+01
-1.182202251255512238e+01 -1.125736855849241635e+01
-1.166607251018285751e+01 -1.172805135678022381e+01
-1.174401125808556934e+01 -1.185822990613105965e+01
-1.185858320196469684e+01 -1.130815474192301373e+01
-1.193329520026842694e+01 -1.191870378836607358e+01
-1.189159403741359711e+01 -1.186601254878899958e+01
-1.170362630983193775e+01 -1.219262172014285284e+01
-1.204132643342018127e+01 -1.193399236141106989e+01
-1.211627060671647449e+01 -1.188777270683875464e+01
-1.190394036968549152e+01 -1.027111806624975010e+01
-1.196605817476908307e+01 -1.210462998121212763e+01
-1.225741260250409503e+01 -1.206837989122439581e+01
-1.203062457342942615e+01 -1.223704717098138239e+01
-1.229696580270926098e+01 -1.227346288240872951e+01
-1.220281281073888202e+01 -1.105341634994898037e+01
-1.212074981133143048e+01 -1.139038902673965836e+01
-1.226527802149454693e+01 -1.217946627201178167e+01
-1.225559761126836200e+01 -1.196485499846629530e+01
-1.236190918087959290e+01 -1.224952709980500032e+01
-1.239084089299043079e+01 -1.244349284049792104e+01
-1.241914627452691455e+01 -1.127398669414031218e+01
-1.239407570163408856e+01 -1.204710544683994478e+01
-1.231611431141694446e+01 -1.208731318742800909e+01
-1.251735693216323853e+01 -1.225742261837690350e+01
-1.245528760552406311e+01 -1.216110933743990330e+01
-1.244456807772318463e+01 -1.212236340840657611e+01
-1.255439216643571854e+01 -1.252274591494829181e+01
-1.238680527110894580e+01 -1.199243293664394194e+01
-1.271008224785327911e+01 -1.266617946135692030e+01
-1.248294055461883545e+01 -1.209088501563438989e+01
-1.257139825820922852e+01 -1.271831666506253811e+01
-1.268384898205598255e+01 -1.235496274018898966e+01
-1.276210157573223114e+01 -1.258033935840313333e+01
-1.284671952327092548e+01 -1.221140991113124663e+01
-1.285714245339234729e+01 -1.278461135962070649e+01
-1.288502229253450970e+01 -1.199512305626502418e+01
-1.285401872297128101e+01 -1.197787394890418433e+01
-1.304899733265241046e+01 -1.237790286235320281e+01
-1.304173770050207715e+01 -1.187490952320587922e+01
-1.285807672142982483e+01 -1.314391111716246030e+01
-1.299059270819028278e+01 -1.293741695697491068e+01
-1.303177311023076435e+01 -9.759655072138858856e+00
-1.298551411926746368e+01 -1.286836183988130955e+01
-1.299452929198741913e+01 -1.236419012607672308e+01
-1.317895900209744831e+01 -1.221751467386881451e+01
-1.309563785791397095e+01 -1.057172831510886191e+01
-1.290927346547444721e+01 -1.268960424569936940e+01
-1.275425046185652356e+01 -1.263425484681740762e+01
-1.317414895693461041e+01 -1.322202929472311972e+01
-1.324888001382350922e+01 -1.262463014553754803e+01
-1.311031213402748108e+01 -1.276833585592416576e+01
-1.326000252366065979e+01 -1.334760602315266986e+01
-1.331914828221003155e+01 -1.346087790758181768e+01
-1.320471085483829121e+01 -1.326928314795860864e+01
-1.328314713140328784e+01 -1.097322835677709385e+01
-1.309324138859907727e+01 -1.276238681108523565e+01
-1.331177267432212830e+01 -1.260461007631742092e+01
-1.320372622211774249e+01 -1.332542243370643043e+01
-1.305367826918760876e+01 -1.311845713395338819e+01
-1.334476519127686878e+01 -1.312060661804981798e+01
-1.336376401782035828e+01 -1.272749612270257380e+01
-1.340490831434726715e+01 -1.329795235853928759e+01
-1.356380436817804913e+01 -1.257544478391989706e+01
-1.356838444868723492e+01 -1.231113891112498671e+01
-1.342079264918963055e+01 -1.319165173555031778e+01
-1.336485949158668518e+01 -1.329566615667098617e+01
-1.350945317745208740e+01 -1.365060109358567431e+01
-1.353510727485021015e+01 -1.337110057243934058e+01
-1.338927233715852161e+01 -1.342850257188845831e+01
-1.362967724601427655e+01 -1.209667359865628811e+01
-1.370450376967589001e+01 -1.311779604202661709e+01
-1.353211708366870880e+01 -1.297699321844639009e+01
-1.360432420670986176e+01 -1.359891801002698131e+01
-1.350344014664491077e+01 -1.170572456946739770e+01
-1.352853853503862958e+01 -1.298925436460054783e+01
-1.335561922689278980e+01 -1.336724748366918369e+01
-1.368389982481797595e+01 -1.348660425039438060e+01
-1.368680321673552136e+01 -1.344236102470984839e+01
-1.349486367404460907e+01 -1.333477775867168802e+01
-1.355067786574363708e+01 -1.309323464907132717e+01
-1.344831814865271191e+01 -1.320796741583408540e+01
-1.372750424345334430e+01 -1.276665462591709321e+01
-1.369194094836711884e+01 -1.361998724326109311e+01
-1.366500180462996106e+01 -1.329166674002622983e+01
-1.380326619247595410e+01 -1.257084472362811667e+01
-1.404655166467030902e+01 -1.223628709255120661e+01
-1.397803288201490979e+01 -1.358508699368207928e+01
-1.358316743870576282e+01 -1.339733417217547995e+01
-1.349235095083713531e+01 -1.303810977935791016e+01
-1.384727607667446136e+01 -1.226231107956323818e+01
-1.383324054380257984e+01 -1.322130107879638672e+01
-1.394875187178452869e+01 -1.316040530571570777e+01
-1.409980947772661786e+01 -1.370866149511092758e+01
-1.390790918469429016e+01 -1.374172460115872951e+01
-1.370744276046752930e+01 -1.233368159563113409e+01
-1.391980721553166767e+01 -1.369989730150271612e+01
-1.392306601007779499e+01 -1.378009424454126552e+01
-1.396144486467043500e+01 -1.330360769614195249e+01
-1.391004923979441266e+01 -1.157288712721604540e+01
-1.390548906723658185e+01 -1.282802848326854139e+01
-1.369350576400756836e+01 -1.347543647961738777e+01
-1.403490354617436786e+01 -1.318175667982835009e+01
-1.385370494922002216e+01 -1.318718196184207159e+01
-1.400634915133317371e+01 -1.371409362401717758e+01
-1.400443928440411945e+01 -1.353793452336237912e+01
-1.389303965369860272e+01 -1.362040463472023966e+01
-1.401791087786356549e+01 -1.396752284123347287e+01
-1.423118687172730823e+01 -1.384467887878417969e+01
-1.424269568920135498e+01 -1.304150361281174852e+01
-1.381095659236113171e+01 -1.377294379014235304e+01
-1.404584682981173138e+01 -1.381448068374242588e+01
-1.421241329610347748e+01 -1.389057482205904392e+01
-1.415586912135283093e+01 -1.362101097595997423e+01
-1.408641840517520905e+01 -1.347411727905273438e+01
-1.410388194024562836e+01 -1.375132286854279329e+01
-1.416186757385730743e+01 -1.379179010635767177e+01
-1.414305243392785449e+01 -1.334939917539938925e+01
-1.411473257839679718e+01 -1.251299364138872150e+01
-1.434792708357175250e+01 -1.338230414268297963e+01
-1.405665817360083203e+01 -1.314033371362930680e+01
-1.416841537753740887e+01 -1.367973188253549388e+01
-1.428670015434424023e+01 -1.315070032462095639e+01
-1.403418111304442029e+01 -1.321439077915289495e+01
-1.421234309176603894e+01 -1.325979963938395123e+01
-1.408406849702199359e+01 -1.163963894966321178e+01
-1.428778765598932843e+01 -1.397480896191719246e+01
-1.424484766026338001e+01 -1.235368635715582464e+01
-1.413964545726776123e+01 -1.384229268783178135e+01
-1.427453881998856922e+01 -1.236694827446570777e+01
-1.439817573626836200e+01 -1.116546393663455206e+01
-1.421521196762720685e+01 -1.376329116332225233e+01
-1.440859618782997131e+01 -1.379743534479385758e+01
-1.401587470869223218e+01 -1.399000133612217134e+01
-1.418840699891249280e+01 -1.330319803189008709e+01
-1.432547543446222882e+01 -1.294617733588585473e+01
-1.416434492667516132e+01 -1.403481737772623639e+01
-1.436535269518693347e+01 -1.341411610138722033e+01
-1.435001075267791748e+01 -1.339314221113156123e+01
-1.439190182089805603e+01 -1.332504023038423924e+01
-1.407592504223187824e+01 -1.267566744486490826e+01
-1.450916349887847900e+01 -1.167315074725028801e+01
-1.447772680719693561e+01 -1.412470844464424324e+01
-1.449612238009770770e+01 -1.440115505609756852e+01
-1.446269409855206867e+01 -1.349706989679581071e+01
-1.416925648848215680e+01 -1.409152820782783699e+01
-1.418885312974452972e+01 -1.383109273665990635e+01
-1.457185203333695789e+01 -1.384637392484224705e+01
-1.438285318513711353e+01 -1.412716677250006292e+01
-1.459806572894255261e+01 -1.414088620894994541e+01
-1.431349068383375744e+01 -1.414997863769531250e+01
-1.448252793649832348e+01 -1.379840107453175158e+01
-1.440843214591344257e+01 -1.334147935035901256e+01
-1.461243666708469391e+01 -1.402586533473088259e+01
-1.454129561285177807e+01 -1.349541101700220302e+01
-1.459160965184370617e+01 -1.407208520938188556e+01
-1.448533904055754284e+01 -1.412750190343612289e+01
-1.437788109481334686e+01 -1.375075790209647941e+01
-1.427664324144522290e+01 -1.412266266651642610e+01
-1.476217033962408642e+01 -1.391953646831023406e+01
-1.451243027547995190e+01 -1.318230215708414654e+01
-1.464635680615901947e+01 -1.386194307376176837e+01
-1.454585630198319812e+01 -1.420268090565999408e+01
-1.462165500720342060e+01 -1.432514334947634893e+01
-1.427151405811309814e+01 -1.353035520895933530e+01
-1.468559969961643219e+01 -1.375233278519067959e+01
-1.463747323056062122e+01 -1.375929465660682105e+01
-1.449253797034422497e+01 -1.295302107395269964e+01
-1.473405655225118061e+01 -1.422876915564903832e+01
-1.471599075694878955e+01 -1.261520190116686635e+01
-1.460380213956038098e+01 -1.418178379841339876e+01
-1.499620669086774249e+01 -1.366001006884452629e+01
-1.465710008641084094e+01 -1.431346817505665392e+01
-1.457712117830912213e+01 -1.371079997527293592e+01
-1.497429938614368439e+01 -1.374822332920172308e+01
-1.471728612979253192e+01 -1.391282272338867188e+01
-1.498240275184313397e+01 -1.425957956069555088e+01
-1.444723567863305469e+01 -1.366618828895764537e+01
-1.482644691566626172e+01 -1.398720376919477459e+01
-1.487656261026859283e+01 -1.407542343628712267e+01
-1.495334842801094055e+01 -1.290733457222962954e+01
-1.490253675480683704e+01 -1.304719763535719679e+01
-1.474545278151830097e+01 -1.364064258184188461e+01
-1.478794755041599274e+01 -1.324653089963472752e+01
-1.452541554967562298e+01 -1.442857143206474113e+01
-1.481485288838545422e+01 -1.402873811966333584e+01
-1.494760353366533856e+01 -1.391724129212208361e+01
-1.460972841084003448e+01 -1.331644544845972256e+01
-1.505886635184288025e+01 -1.418515423016670418e+01
-1.500821422537167926e+01 -1.384958783174172403e+01
-1.481375498076280017e+01 -1.384482784760304064e+01
-1.486559461553891559e+01 -1.430052683903620725e+01
-1.478107702235380749e+01 -1.436982876215225602e+01
-1.509264640013376813e+01 -1.436332374964004899e+01
-1.494797542691230774e+01 -1.252475391290126616e+01
-1.484728405376275440e+01 -1.417596711867894932e+01
-1.475619579354921918e+01 -1.269381043849847224e+01
-1.484523454308509827e+01 -1.364498143318371959e+01
-1.498227139314015766e+01 -1.226362937535995101e+01
-1.492826549212137799e+01 -1.409449423276461033e+01
-1.473499636352062225e+01 -1.380003860669258309e+01
-1.469528340796629529e+01 -1.383248761984018138e+01
-1.496266027291615863e+01 -1.318297026707575803e+01
-1.499161585172017475e+01 -1.420949199872139168e+01
-1.506804337104161640e+01 -1.372643840007292937e+01
-1.513589774072170258e+01 -1.410847480480487448e+01
-1.474129545191923718e+01 -1.428376266283866691e+01
-1.482024246454238892e+01 -1.317123305491912078e+01
-1.497643711169560810e+01 -1.400931781377547836e+01
-1.508520902693271637e+01 -1.405153435927170946e+01
-1.501257788638273816e+01 -1.250107329931014633e+01
-1.497623724242051502e+01 -1.452560260968330574e+01
-1.508166769643624683e+01 -1.389669616405780417e+01
-1.487748392919699292e+01 -1.446941625154935451e+01
-1.534626908103624920e+01 -1.389691951947334481e+01
-1.522173508505026440e+01 -1.419265346038035780e+01
-1.465276121099789997e+01 -1.459421656681941037e+01
-1.516060979664325714e+01 -1.477445621979542345e+01
-1.528311656912167926e+01 -1.393144355676112944e+01
-1.515253826479117016e+01 -1.313125067490797804e+01
-1.524927069743474384e+01 -1.435551464863312532e+01
-1.508411795397599597e+01 -1.419404555589724737e+01
-1.517276721696058850e+01 -1.386302434481107326e+01
-1.452673238267501254e+01 -1.363224149361634829e+01
-1.455334026614824872e+01 -1.445229840889955142e+01
-1.523366355895996094e+01 -1.431281813597067831e+01
-1.526329647501309772e+01 -1.476899905082506947e+01
-1.523844478527704815e+01 -1.480580884982378009e+01
-1.530722225705782513e+01 -1.390033413813664431e+01
-1.514185756444931030e+01 -1.383002555064665984e+01
-1.527961615721384625e+01 -1.296193523896046251e+01
-1.533713777363300323e+01 -1.436546347691462522e+01
-1.532626090447107892e+01 -1.456464931292411613e+01
-1.489953125019868274e+01 -1.442146890591352459e+01
-1.503708370029926300e+01 -1.345200673127785684e+01
-1.505533720056215863e+01 -1.468174670292780881e+01
-1.541224467754364014e+01 -1.416153086148775486e+01
-1.536918389300505261e+01 -1.263817523075984006e+01
-1.523516573011875153e+01 -1.345878730676112944e+01
-1.513146033883094788e+01 -1.455313416016407579e+01
-1.532796984910964966e+01 -1.468837650005633932e+01
-1.520335719982782940e+01 -1.360583527882893939e+01
-1.507239558299382587e+01 -1.369067930563902280e+01
-1.518653283019860645e+01 -1.439462346297043993e+01
-1.504560851554075818e+01 -1.459341738774226194e+01
-1.527324618895848651e+01 -1.395376970829107854e+01
-1.520219944417476654e+01 -1.378618098527957159e+01
-1.533263407647609711e+01 -1.373693339029947857e+01
-1.523646714786688428e+01 -1.403508115426087954e+01
-1.518864876528581043e+01 -1.417014346978603179e+01
-1.543841268618901630e+01 -1.418924837846022413e+01
-1.521111835042635541e+01 -1.376976057199331471e+01
-1.553593263030052185e+01 -1.460283144926413534e+01
-1.533746225635210614e+01 -1.430490141648512648e+01
-1.507746675610542297e+01 -1.446239603482759861e+01
-1.525418181717395782e+01 -1.416700593019143106e+01
-1.530515016615390778e+01 -1.482871833214393043e+01
-1.535044823586940765e+01 -1.462890893985063556e+01
-1.569387703637281994e+01 -1.468872860150459481e+01
-1.538784806430339813e+01 -1.394557060339512056e+01
-1.553934540351231952e+01 -1.443649296882825084e+01
-1.570734101533889771e+01 -1.302957312266031842e+01
-1.560016120970249176e+01 -1.468204909104567335e+01
-1.529854672153790851e+01 -1.473540364778958889e+01
-1.534963472187519073e+01 -1.469096682621882444e+01
-1.548870248595873456e+01 -1.390993123176770396e+01
-1.559107375641663928e+01 -1.313407658307980341e+01
-1.544015126923719983e+01 -1.484180646064953990e+01
-1.546900244553883930e+01 -1.473332422207563397e+01
-1.554034102956453900e+01 -1.443265193547957992e+01
-1.572101122140884399e+01 -1.403845877525133901e+01
-1.564758366843064685e+01 -1.479236918229323194e+01
-1.572229589521884918e+01 -1.363318372384095767e+01
-1.526627652347087860e+01 -1.445890737191224673e+01
-1.534787998596827130e+01 -1.471992773887438588e+01
-1.581358987589677234e+01 -1.445530781379112817e+01
-1.570808386802673340e+01 -1.461907841609074588e+01
-1.561932870248953442e+01 -1.449893491696088788e+01
-1.581172967950502972e+01 -1.438630008697509766e+01
-1.548348491390546222e+01 -1.481411383702204709e+01
-1.528518562018871307e+01 -1.477192937410794826e+01
-1.563256083925565143e+01 -1.348066650292812163e+01
-1.570886504650115967e+01 -1.442907822437775422e+01
-1.572022444009780884e+01 -1.433403017582037542e+01
-1.540724123020966907e+01 -1.383264688345102122e+01
-1.545750749607880969e+01 -1.491373871534298701e+01
-1.573126004139582257e+01 -1.451151632651304624e+01
-1.560685088237126728e+01 -1.465514713678604508e+01
-1.561864245434602161e+01 -1.447330866104517177e+01
-1.587460246682167053e+01 -1.443343001145582960e+01
-1.570904793838659863e+01 -1.453163469754732517e+01
-1.566755124429861645e+01 -1.472733042790339475e+01
-1.580471156040827374e+01 -1.478876595619397349e+01
-1.583157550791899304e+01 -1.501648990924541849e+01
-1.560022132098674774e+01 -1.462662924253023533e+01
-1.568860797584056854e+01 -1.408852648123716733e+01
-1.576841569443543811e+01 -1.452554964407896421e+01
-1.577027456959088703e+01 -1.387169654552753073e+01
-1.562898402412732501e+01 -1.408376468756260103e+01
-1.552032802999019623e+01 -1.486426761822822762e+01
-1.566499881943066974e+01 -1.478257758800799948e+01
-1.554675684869289398e+01 -1.379684338202843286e+01
-1.562996811171372791e+01 -1.401380111009646612e+01
-1.563369606435298920e+01 -1.433676330859844583e+01
-1.597320425013701062e+01 -1.486659849607027439e+01
-1.587544853488604168e+01 -1.449409729395157242e+01
-1.550162547330061535e+01 -1.392086317600348089e+01
-1.589510371784369092e+01 -1.489169563391269868e+01
-1.589241799712181091e+01 -1.470923871260422899e+01
-1.574930947025617023e+01 -1.428235340118408203e+01
-1.580155776937802692e+01 -1.493234375195625496e+01
-1.596672558784484863e+01 -1.476819023719200707e+01
-1.580043986936410327e+01 -1.475347545819404793e+01
-1.607852176328499993e+01 -1.392591114533253283e+01
-1.533901874224344830e+01 -1.435308304811135294e+01
-1.568029315769672394e+01 -1.461828544812324715e+01
-1.583127198616663556e+01 -1.446917198865841669e+01
-1.584585655232270618e+01 -1.420732322105994605e+01
-1.582513768970966339e+01 -1.438614013867500496e+01
-1.595434820652008057e+01 -1.496270341139573290e+01
-1.582908473908901215e+01 -1.414485188019581408e+01
-1.590844169755776782e+01 -1.371369014642177397e+01
-1.590726125737031360e+01 -1.475564685234656714e+01
-1.587763660152753253e+01 -1.416183046194223216e+01
-1.566749621927738190e+01 -1.449064959012545017e+01
-1.565538451075553894e+01 -1.385131109677828221e+01
-1.571146999299526215e+01 -1.301493170322516058e+01
-1.583372924725214581e+01 -1.468077742747771453e+01
-1.590588424106439014e+01 -1.491192382421249008e+01
-1.596484367549419403e+01 -1.497336265368339348e+01
-1.617064152657985687e+01 -1.381869120475573354e+01
-1.587016541759173016e+01 -1.501523291759001921e+01
-1.588213611145814319e+01 -1.414797450334597784e+01
-1.575629597405592541e+01 -1.448585894168951604e+01
-1.611528864006201545e+01 -1.383628549331273838e+01
-1.573455518484115601e+01 -1.399878218235113714e+01
-1.570601505041122437e+01 -1.438624518956893539e+01
-1.601564339796702185e+01 -1.510233732370229909e+01
-1.595423009991645813e+01 -1.458801802610739706e+01
-1.545064893861611743e+01 -1.306308553157708552e+01
-1.622719884415467462e+01 -1.452285810617300221e+01
-1.575605426728725433e+01 -1.482940686054718782e+01
-1.625870140393574914e+01 -1.466570749038305088e+01
-1.602375228703022003e+01 -1.434945803422194288e+01
-1.596202887097994427e+01 -1.468162509722587394e+01
-1.574870073298613171e+01 -1.491748575063852122e+01
-1.612833811342716217e+01 -1.459297987130972096e+01
-1.624930534263451776e+01 -1.307569083189352988e+01
-1.575056763490041156e+01 -1.456109822102082063e+01
-1.605864613751570502e+01 -1.446527710939064981e+01
-1.598172467450300793e+01 -1.485405569810133741e+01
-1.607039778927962104e+01 -1.413939412434895893e+01
-1.622259119649728021e+01 -1.485550046578431704e+01
-1.584808093806107898e+01 -1.485536839411808963e+01
-1.611684380968411645e+01 -1.384911001645601658e+01
-1.588972518344720264e+01 -1.393302785433255764e+01
-1.601158629357814789e+01 -1.254933851193159100e+01
-1.593916202584902386e+01 -1.440526260473789399e+01
-1.610014893611272058e+01 -1.477583144261286741e+01
-1.635134650766849518e+01 -1.502852603716728019e+01
-1.613939949373404303e+01 -1.447003665337195777e+01
-1.620685874422391137e+01 -1.419650711157383149e+01
-1.636324832340081414e+01 -1.448486518859863281e+01
-1.596950324376424213e+01 -1.447972444387582591e+01
-1.623229637742042542e+01 -1.456178073393992811e+01
-1.614867857595284661e+01 -1.434127010443271821e+01
-1.588880556325117688e+01 -1.404378597552959818e+01
-1.603683948516845703e+01 -1.489693675897060210e+01
-1.611115826169649878e+01 -1.529342754070575339e+01
-1.610834697882334510e+01 -1.479443836212158203e+01
-1.624837189416090766e+01 -1.441929477300399398e+01
-1.627944611509640893e+01 -1.381845249273838228e+01
-1.614815649886925897e+01 -1.485657679728972624e+01
-1.609051512181758881e+01 -1.324203483874981302e+01
-1.622618443270524224e+01 -1.467125880412566374e+01
-1.625872454543908319e+01 -1.485074326930901911e+01
-1.639059063792228699e+01 -1.435286120879344374e+01
-1.640536359449227533e+01 -1.517002117939484407e+01
-1.614226869742075721e+01 -1.513115890209491354e+01
-1.646413160363833228e+01 -1.497725041707356830e+01
-1.616228104631106177e+01 -1.536419046842134861e+01
-1.622644322613875190e+01 -1.476281530429155353e+01
-1.635860365132490912e+01 -1.453980423853947634e+01
-1.605456698437531671e+01 -1.471313002170660589e+01
-1.618998105823993683e+01 -1.448205632429856493e+01
-1.647186314562956611e+01 -1.480435258914262775e+01
-1.626333378752072534e+01 -1.499476149143316839e+01
-1.613929748535156250e+01 -1.531361303573999599e+01
-1.627918336292107782e+01 -1.525190155322735208e+01
-1.634783230721950531e+01 -1.538386278886061476e+01
-1.631333731114864349e+01 -1.493361399723933225e+01
-1.663623403509457788e+01 -1.464612126961732486e+01
-1.675569772720336914e+01 -1.494788693159054560e+01
-1.619228087862332544e+01 -1.509834257761637311e+01
-1.640203422307968140e+01 -1.449309021387344742e+01
-1.638404231766859809e+01 -1.508844967377491564e+01
-1.623387764394283295e+01 -1.455239217709272381e+01
-1.630769294500350952e+01 -1.474585112547263144e+01
-1.614266344408194342e+01 -1.445114196875156587e+01
-1.659023791054884711e+01 -1.433017608446952629e+01
-1.643724878629048547e+01 -1.471518078828469278e+01
-1.650222383936246118e+01 -1.467909817817883678e+01
-1.616639362772305688e+01 -1.549571851583627513e+01
-1.641258348027865210e+01 -1.396410010411189084e+01
-1.616231953104336938e+01 -1.434432296263865858e+01
-1.652582292755444726e+01 -1.485971186711237912e+01
-1.619028306504090509e+01 -1.521311366252410124e+01
-1.641486796240011969e+01 -1.366815165984324842e+01
-1.638711034258206567e+01 -1.463893616505158235e+01
-1.623133091131846228e+01 -1.499511217459654233e+01
-1.626107187072436133e+01 -1.453008500123635294e+01
-1.651492021977901459e+01 -1.500143914344983287e+01
-1.662670289973418036e+01 -1.387386970030955702e+01
-1.665795034170150757e+01 -1.504588425465119172e+01
-1.666381113727887353e+01 -1.386800047067495534e+01
-1.643094784021377563e+01 -1.359701660351875496e+01
-1.626248029371102533e+01 -1.477585474650065045e+01
-1.625499196847279748e+01 -1.433988686096973986e+01
-1.656993578374385834e+01 -1.437117691529102892e+01
-1.628049042820930481e+01 -1.496959840334378811e+01
-1.638963832954565802e+01 -1.371865622202555279e+01
-1.645243305464585504e+01 -1.465700809772198099e+01
-1.657639912764231482e+01 -1.514021291488256260e+01
-1.670666433870792389e+01 -1.443642596709422499e+01
-1.654427082339922706e+01 -1.483197879791259766e+01
-1.668717595438162604e+01 -1.424163588499411581e+01
-1.666840115189552307e+01 -1.310339113382192799e+01
-1.670413733522097388e+01 -1.484405368413680648e+01
-1.621291313568751136e+01 -1.481385091634897044e+01
-1.656055412689844886e+01 -1.478340804271208953e+01
-1.664251741270224372e+01 -1.482101648281782147e+01
-1.609104236960411072e+01 -1.471661873352833361e+01
-1.606515166660149774e+01 -1.532409858703613281e+01
-1.633281848331292352e+01 -1.333121710557204054e+01
-1.673872462908427039e+01 -1.512300554911295514e+01
-1.675995392103989801e+01 -1.405601635957375528e+01
-1.658301735421021661e+01 -1.521068286895751953e+01
-1.654718650877475739e+01 -1.497144339634821897e+01
-1.647181721031665802e+01 -1.414568008520664399e+01
-1.671635751426219940e+01 -1.524054043109600443e+01
-1.665333715577920159e+01 -1.488977398016514009e+01
-1.625632285078366479e+01 -1.365111522185496717e+01
-1.590115351974964142e+01 -1.480591280032426837e+01
-1.677201350033283234e+01 -1.548574359600360495e+01
-1.640448463459809503e+01 -1.478179479256654361e+01
-1.664732103546460351e+01 -1.397809745103884893e+01
-1.674925276637077332e+01 -1.415044970390124135e+01
-1.653107939163843909e+01 -1.477531296167618180e+01
-1.666206847131252289e+01 -1.516698223505264664e+01
-1.664193549255530158e+01 -1.489285258757762342e+01
-1.674496239423751831e+01 -1.467026725182166480e+01
-1.661800230046113214e+01 -1.512432920015775295e+01
-1.659301204482714454e+01 -1.498044820932241628e+01
-1.641485669215520105e+01 -1.504466218214768602e+01
-1.670282745361328125e+01 -1.492279492891751858e+01
-1.678029457728068152e+01 -1.427316467578594583e+01
-1.645807048678398132e+01 -1.412710969876020428e+01
-1.625159825881322107e+01 -1.465486756349221231e+01
-1.697751919925212860e+01 -1.462759076631986233e+01
-1.661216482023398200e+01 -1.413517017853565783e+01
-1.626340834299723426e+01 -1.536383866041134638e+01
-1.689098984996477881e+01 -1.504623068295992283e+01
-1.642534605165322503e+01 -1.534703971178103643e+01
-1.682809614141782006e+01 -1.461102554125663566e+01
-1.691142931580543518e+01 -1.500936422592554287e+01
-1.677546394864718238e+01 -1.428238071539463228e+01
-1.662796029945214471e+01 -1.437049877949250032e+01
-1.650458462039629737e+01 -1.497629977495242315e+01
-1.675352896749973297e+01 -1.531594983125344278e+01
-1.638106565674145898e+01 -1.402618931501339716e+01
-1.664646601676940918e+01 -1.494363070756961065e+01
-1.694460569818814477e+01 -1.476800451523218349e+01
-1.649699771900971612e+01 -1.443960754687969583e+01
-1.679653184115886688e+01 -1.444300490159254835e+01
-1.631871537367502967e+01 -1.400790221874530417e+01
-1.673894152045249939e+01 -1.502326796605036741e+01
-1.675113509595394135e+01 -1.502226511637369732e+01
-1.645666544636090478e+01 -1.497824162703293993e+01
-1.663409044841925422e+01 -1.443074739896334080e+01
-1.657771882414817810e+01 -1.504104311038286212e+01
-1.667880224684874335e+01 -1.393828668349828526e+01
-1.671299756566683570e+01 -1.506486073518410684e+01
-1.673963416119416436e+01 -1.468569242037259670e+01
-1.691273088753223419e+01 -1.528802213913355068e+01
-1.663524964948495111e+01 -1.467375725966233446e+01
-1.653563490013281623e+01 -1.442718691703600697e+01
-1.631948157648245612e+01 -1.501896640581962394e+01
-1.673945819834868232e+01 -1.458849765092898565e+01
-1.678910419841607293e+01 -1.416326508155235864e+01
-1.683078170816103736e+01 -1.502177018385667040e+01
-1.685539338986079017e+01 -1.513235126397548491e+01
-1.673728185892105103e+01 -1.472234141520964812e+01
-1.694005464017391205e+01 -1.511289968246068760e+01
-1.703268391887347022e+01 -1.511894886310284036e+01
-1.664026325444380561e+01 -1.454711561936598585e+01
-1.688973487913608551e+01 -1.506079135796962554e+01
-1.687475534280141076e+01 -1.421108996562468718e+01
-1.691204346716403961e+01 -1.419313301184238618e+01
-1.708815020322799683e+01 -1.477874183654785156e+01
-1.694969284037749091e+01 -1.470669042147122951e+01
-1.713670761386553565e+01 -1.490534281119322202e+01
-1.683659076193968573e+01 -1.428875583257430648e+01
-1.645488857229550561e+01 -1.500731952373797995e+01
-1.697052227954069892e+01 -1.531074729332557105e+01
-1.695520677169163903e+01 -1.433245424123910716e+01
-1.701877543330192566e+01 -1.427645759093455702e+01
-1.645162778099377832e+01 -1.418627396608010294e+01
-1.681431049108505249e+01 -1.529579294644869236e+01
-1.667157378296057502e+01 -1.456979607313107294e+01
-1.683775938053925714e+01 -1.377308737925994109e+01
-1.714928367237250129e+01 -1.507826704856676869e+01
-1.710364931325117865e+01 -1.498241378099490362e+01
-1.660290382305781165e+01 -1.487045498383350939e+01
-1.695690447092056274e+01 -1.548047701517740826e+01
-1.680389100809891900e+01 -1.480791881756904793e+01
-1.704107626775900641e+01 -1.457027291028927607e+01
-1.671496914327144623e+01 -1.500188172169220735e+01
-1.687983958423137665e+01 -1.428409441923483847e+01
-1.727421791354815284e+01 -1.502224770570412637e+01
-1.673941546678543091e+01 -1.517874055031018443e+01
-1.697362155218919000e+01 -1.458040080926357085e+01
-1.684064213434855262e+01 -1.358836332956949811e+01
-1.706349125007788459e+01 -1.483378231831085969e+01
-1.696325269341468811e+01 -1.516027399209829518e+01
-1.682767966389656067e+01 -1.442291323343912701e+01
-1.670237167676289758e+01 -1.431716706202580447e+01
-1.694072075684865197e+01 -1.451346306923108287e+01
-1.680208865801493445e+01 -1.198216629028320312e+01
-1.664630986750125885e+01 -1.497898507729554751e+01
-1.688510450224081794e+01 -1.533881554236778832e+01
-1.669797622164090356e+01 -1.523781749529716301e+01
-1.692207137246926507e+01 -1.520429819058149334e+01
-1.650657201806704322e+01 -1.522323131561279297e+01
-1.695267729461193085e+01 -1.392373887086525919e+01
-1.705778334041436395e+01 -1.526402497902894595e+01
-1.710208933552106103e+01 -1.467358359312399863e+01
-1.685389353334903717e+01 -1.303162775284204677e+01
-1.674760350584983826e+01 -1.442175378554906651e+01
-1.703842343886693200e+01 -1.439681415068797499e+01
-1.690184774994850159e+01 -1.534030985220884702e+01
-1.718833306928475579e+01 -1.434587077605418592e+01
-1.683909878134727478e+01 -1.503468958536783795e+01
-1.691583638886610785e+01 -1.516883402604323194e+01
-1.696775989731152734e+01 -1.506464053422976690e+01
-1.695660613973935327e+01 -1.516417791904547308e+01
-1.665709118048350135e+01 -1.532252509777362448e+01
-1.708416453500588617e+01 -1.425186526469695281e+01
-1.719913982351620874e+01 -1.465107988699888608e+01
-1.675043202936649323e+01 -1.542279827900421907e+01
-1.693553354839484015e+01 -1.507400189913236233e+01
-1.686143152415752411e+01 -1.498228224729880331e+01
-1.703471322357654572e+01 -1.489086532592773438e+01
-1.667263317604859552e+01 -1.524557509789100074e+01
-1.732568367322285852e+01 -1.500675597557654761e+01
-1.697214126586914062e+01 -1.484133294912484935e+01
-1.733805148303508759e+01 -1.528251731090056609e+01
-1.719865160187085351e+01 -1.455255811642377850e+01
-1.668208769460519036e+01 -1.524447961953970143e+01
-1.698388461271921912e+01 -1.430214263231326299e+01
-1.711084398627281189e+01 -1.494093239613068391e+01
-1.676117532451947412e+01 -1.500209488012851899e+01
-1.704273423552513123e+01 -1.481715728075076299e+01
-1.725332817931969842e+01 -1.530644470606094742e+01
-1.683379856248696527e+01 -1.513828035501333424e+01
-1.735567615429560462e+01 -1.417873172270945936e+01
-1.679258282482624054e+01 -1.492136852557842630e+01
-1.700130321085453033e+01 -1.341863756913405226e+01
-1.716704682012398919e+01 -1.591449771783290679e+01
-1.677033584813277045e+01 -1.484305188594720271e+01
-1.689428976178169250e+01 -1.454901939783340836e+01
-1.694790318608283997e+01 -1.515046244401198194e+01
-1.728372295200824738e+01 -1.412666274339724737e+01
-1.687411357959111413e+01 -1.536744927137326044e+01
-1.655608423054218292e+01 -1.429179685543745038e+01
-1.689004620909690857e+01 -1.522722921615991787e+01
-1.677161526183287421e+01 -1.500737393208039094e+01
-1.712475793063640594e+01 -1.537230491638183594e+01
-1.706829176843166351e+01 -1.360430673452523997e+01
-1.725261446336905280e+01 -1.502900042900672339e+01
-1.723265754183133325e+01 -1.552546207721416849e+01
-1.662958137194315711e+01 -1.493036874135335346e+01
-1.711256376405556878e+01 -1.531016567425850106e+01
-1.715376173456509790e+01 -1.487939277062049293e+01
-1.740052449703216553e+01 -1.450051315014178854e+01
-1.684113906820615014e+01 -1.450092860979911613e+01
-1.726340536773204803e+01 -1.527357453566331102e+01
-1.713750597834587097e+01 -1.401458808703300285e+01
-1.686361902952194214e+01 -1.517237147306784628e+01
-1.719578856229782104e+01 -1.426561164855957031e+01
-1.715567780534426490e+01 -1.502839579949012183e+01
-1.728969847659270087e+01 -1.492635088700514601e+01
-1.727681077023347100e+01 -1.401015888116298491e+01
-1.693360233803590020e+01 -1.527860502096322826e+01
-1.680654985706011573e+01 -1.416125067686423300e+01
-1.685330413281917572e+01 -1.449208107972756387e+01
-1.719460853437582770e+01 -1.491975782773433501e+01
-1.677103691796461860e+01 -1.469638677743765065e+01
-1.711314865946769714e+01 -1.522116900713015752e+01
-1.713889058927695075e+01 -1.436536864745311171e+01
-1.692085112134615699e+01 -1.515726517408322138e+01
-1.720730120937029639e+01 -1.508384619003687099e+01
-1.707847018539905548e+01 -1.490451511969933129e+01
-1.737103355427582940e+01 -1.523829917418651014e+01
-1.709642034769058228e+01 -1.546421170846009829e+01
-1.725093086560567102e+01 -1.504629012865897941e+01
-1.740929705401261529e+01 -1.484351583627554128e+01
-1.701906628410021582e+01 -1.452623394208076668e+01
-1.715557728707790375e+01 -1.562492825434758181e+01
-1.706209073464075843e+01 -1.507335655505840677e+01
-1.710644796987374505e+01 -1.412807586865547371e+01
-1.735474919776121894e+01 -1.425120199643648533e+01
-1.726415389776229858e+01 -1.510972526745918465e+01
-1.715965749323368073e+01 -1.527237703861334417e+01
-1.708817450702190399e+01 -1.450443649291992188e+01
-1.742934884130954742e+01 -1.486354082058637616e+01
-1.719734343886375427e+01 -1.494612180269681545e+01
-1.702224869032700738e+01 -1.508898157951159291e+01
-1.739778771499792853e+01 -1.525682772122896580e+01
-1.734871051708857337e+01 -1.526230557759602924e+01
-1.721679708858330926e+01 -1.511970798785869974e+01
-1.656779502332210541e+01 -1.348178117703168866e+01
-1.711711536347866058e+01 -1.371165813543857759e+01
-1.732947973906993866e+01 -1.498050249539888767e+01
-1.738517179588476935e+01 -1.521552362197484776e+01
-1.746896063784758368e+01 -1.487788941310002322e+01
-1.719007568061351776e+01 -1.440279574271960072e+01
-1.725575024882952491e+01 -1.475150722112411117e+01
-1.752072930832703790e+01 -1.386440367576403432e+01
-1.719567533334096154e+01 -1.556857439187856862e+01
-1.720070574184258660e+01 -1.420137332035944944e+01
-1.752279256284236908e+01 -1.514967505137125592e+01
-1.719292143483956536e+01 -1.548444187946808626e+01
-1.715276264150937280e+01 -1.533361036349565509e+01
-1.733025740087032318e+01 -1.547765404138809586e+01
-1.725805371999740601e+01 -1.550443619948167040e+01
-1.738067492345969001e+01 -1.486833858489990234e+01
-1.710439870258172235e+01 -1.292394704085129931e+01
-1.718129169444243232e+01 -1.517203167157295418e+01
-1.707919506728649139e+01 -1.341526608589368053e+01
-1.727504857877890387e+01 -1.536041868649996189e+01
-1.721501894791920861e+01 -1.372001447433080479e+01
-1.730788617332776269e+01 -1.546273867289225201e+01
-1.710471033553282538e+01 -1.514473895537547499e+01
-1.716680596768856049e+01 -1.398004778837546347e+01
-1.739167937636375427e+01 -1.395572290665064052e+01
-1.726969507833321771e+01 -1.459769867628048701e+01
-1.773417454461256781e+01 -1.497566819802308657e+01
-1.729960632324218750e+01 -1.461762990707006260e+01
-1.759075063963731012e+01 -1.508970270401392177e+01
-1.729762451847394189e+01 -1.527524703588241195e+01
-1.698401538530985633e+01 -1.443954017834785652e+01
-1.762142139176527778e+01 -1.525988287803454213e+01
-1.710126984119415283e+01 -1.519395439441387552e+01
-1.727588886519273004e+01 -1.557318841494046779e+01
-1.752293247481187066e+01 -1.518855028886061476e+01
-1.743507822354634484e+01 -1.391168692173101995e+01
-1.721477332711219788e+01 -1.513144683837890625e+01
-1.693561416864395142e+01 -1.543611881060478019e+01
-1.737045066058635712e+01 -1.428806512783735272e+01
-1.718345536291599274e+01 -1.357847854418632316e+01
-1.715040720502535621e+01 -1.470427862803141217e+01
-1.753411504129568854e+01 -1.525882246555426214e+01
-1.759517100453376770e+01 -1.464244761833777808e+01
-1.731857095658779144e+01 -1.437380707569611360e+01
-1.745477018256982049e+01 -1.468424572088779634e+01
-1.710249026616414270e+01 -1.470801441486065286e+01
-1.739386722445487976e+01 -1.381256812658065414e+01
-1.709327997763951501e+01 -1.535777255816337394e+01
-1.762403804560502252e+01 -1.493655979938996126e+01
-1.728891904652118683e+01 -1.363087876637776752e+01
-1.743063429991404334e+01 -1.489051884871262743e+01
-1.742888372639815131e+01 -1.528831702012282179e+01
-1.741240415473778924e+01 -1.436167401533860399e+01
-1.751260340710480889e+01 -1.516268803523137088e+01
-1.753557547926902771e+01 -1.386022795163668064e+01
-1.701581176618735114e+01 -1.491801371941199683e+01
-1.748539612690607825e+01 -1.529426943950164031e+01
-1.744717521468798438e+01 -1.489651988102839475e+01
-1.737353611489136895e+01 -1.495554877550173956e+01
-1.769953121244907379e+01 -1.516349975879375833e+01
-1.749183198312918464e+01 -1.529555352528890033e+01
-1.718913107117016992e+01 -1.536571752108060451e+01
-1.746159175038337708e+01 -1.528310489654541016e+01
-1.732054165999094764e+01 -1.550006152422000127e+01
-1.767421861489613732e+01 -1.541616816398424916e+01
-1.709481952587763587e+01 -1.497973388280624008e+01
-1.733419891695181647e+01 -1.497750786023262215e+01
-1.742251408100128174e+01 -1.442070518395839507e+01
-1.759996020793914795e+01 -1.518460946205334849e+01
-1.725729495286941528e+01 -1.462132458809094615e+01
-1.717910707493622979e+01 -1.487034721863575548e+01
-1.744403540591398993e+01 -1.507146693498660284e+01
-1.736578605572382727e+01 -1.535953308985783572e+01
-1.765884894629319390e+01 -1.505938077584291079e+01
-1.758480773369471351e+01 -1.505385746100010103e+01
-1.758800396819909295e+01 -1.474410191560402872e+01
-1.742214424908161163e+01 -1.503694830185327724e+01
-1.755215759078661719e+01 -1.529972636394011687e+01
-1.749074176450570306e+01 -1.525640199123284724e+01
-1.774393307169278344e+01 -1.562882041931152344e+01
-1.736226200560728827e+01 -1.460295320168519595e+01
-1.712371644377708435e+01 -1.278346246328109359e+01
-1.709576886892318726e+01 -1.515161421360113714e+01
-1.753679414590199670e+01 -1.526015474857428167e+01
-1.741954681277275085e+01 -1.535958444155179592e+01
-1.745362842579682550e+01 -1.507429548410268971e+01
-1.772000128527482232e+01 -1.443357406518398101e+01
-1.718180017669995507e+01 -1.526335990123259734e+01
-1.750721774001916131e+01 -1.515093331459241099e+01
-1.758284906049569329e+01 -1.485575570815648838e+01
-1.779522416989008704e+01 -1.449909053704677397e+01
-1.739773258070151130e+01 -1.543724529559795755e+01
-1.777673022449016571e+01 -1.513335076356545450e+01
-1.737693340579668799e+01 -1.318190415700276752e+01
-1.760285015900929650e+01 -1.445200924995618053e+01
-1.767068250974019250e+01 -1.462271998478816037e+01
-1.755223623414834222e+01 -1.440808780376727682e+01
-1.740533586343129357e+01 -1.455500162564791111e+01
-1.726894416908423224e+01 -1.487284709245730596e+01
-1.771162287890911102e+01 -1.517626640124198723e+01
-1.740887131293614587e+01 -1.532928853157239146e+01
-1.738553984959920129e+01 -1.461647581442808530e+01
-1.779005698859691620e+01 -1.497333903190417104e+01
-1.756574794650077820e+01 -1.487241991972311972e+01
-1.753223607937495032e+01 -1.505959014403514296e+01
-1.741745710869630059e+01 -1.451458067771715932e+01
-1.740340044597784797e+01 -1.428082649524395364e+01
-1.763478738566239556e+01 -1.543547510489439389e+01
-1.736681943635145942e+01 -1.315477478809845735e+01
-1.747313251097996911e+01 -1.502677846566224673e+01
-1.747782858709494391e+01 -1.518662178822052766e+01
-1.752102042734622955e+01 -1.474271925901755331e+01
-1.739127652347087860e+01 -1.513037341680282211e+01
-1.781169047951698303e+01 -1.518935685280041881e+01
-1.755432923634846887e+01 -1.454774039830916976e+01
-1.764829037586848060e+01 -1.528896209521171379e+01
-1.750322651863098145e+01 -1.486867354466364866e+01
-1.731975897153218469e+01 -1.525598244789319224e+01
-1.772136001288890839e+01 -1.461293550638052174e+01
-1.764836468299229821e+01 -1.488316516387156874e+01
-1.749299672742684564e+01 -1.481102261176476098e+01
-1.762503664692242822e+01 -1.489014679346329117e+01
-1.771707251667976379e+01 -1.467902934245574187e+01
-1.787338478863239288e+01 -1.547846158345540424e+01
-1.727215238908926764e+01 -1.506764120933337026e+01
-1.791933293640613556e+01 -1.504467301490979381e+01
-1.771405574679374695e+01 -1.491469072684263608e+01
-1.752375865976015845e+01 -1.495773158929286772e+01
-1.751600694159666816e+01 -1.547227350870768170e+01
-1.796584696571032325e+01 -1.479070690350654793e+01
-1.754041591783364495e+01 -1.554828235430595207e+01
-1.706769281625747681e+01 -1.510384985116811940e+01
-1.749398005008697510e+01 -1.462493859804593654e+01
-1.753346233069896698e+01 -1.497043350415352059e+01
-1.741463073094685754e+01 -1.540513967856382749e+01
-1.775783482193946838e+01 -1.477838980845915984e+01
-1.737113444507122040e+01 -1.482963784535725971e+01
-1.746313176552454749e+01 -1.509130411881666944e+01
-1.784182390073935309e+01 -1.227356974283854107e+01
-1.738360374172528466e+01 -1.483355331420898438e+01
-1.779750817517439643e+01 -1.455187726632142642e+01
-1.730916314820448676e+01 -1.387177760784442526e+01
-1.766691986719767371e+01 -1.545244177793845175e+01
-1.748184673984845361e+01 -1.528181102948311043e+01
-1.767817356189091882e+01 -1.358944790179912943e+01
-1.723025539517402649e+01 -1.447455858572935483e+01
-1.761351004242897034e+01 -1.514196099990453526e+01
-1.782525374492009362e+01 -1.519027553460536772e+01
-1.780254965523878852e+01 -1.515713276007236665e+01
-1.757097972929477692e+01 -1.420149174714699747e+01
-1.757786239186922828e+01 -1.508900913825401879e+01
-1.759977924327055732e+01 -1.507447467706142241e+01
-1.766412392755349359e+01 -1.540724761669452292e+01
-1.741541902224222937e+01 -1.548509277441562837e+01
-1.789990904927253723e+01 -1.419296149718455702e+01
-1.737941413124402246e+01 -1.486102175101255796e+01
-1.769244653483231744e+01 -1.489677106417142483e+01
-1.757431542873382568e+01 -1.532146258231921010e+01
-1.772144080201784888e+01 -1.449115261664757348e+01
-1.751389518876870355e+01 -1.501461505889892578e+01
-1.771960860987504205e+01 -1.486813131968180279e+01
-1.786187633872032166e+01 -1.510009083381065942e+01
-1.790807138880093774e+01 -1.506587079855111888e+01
-1.763405550022919854e+01 -1.498042519887288471e+01
-1.775224118928114692e+01 -1.467926416641626552e+01
-1.765993429223696509e+01 -1.513867255968925285e+01
-1.763012823959191522e+01 -1.490239356114314084e+01
-1.790965782105922699e+01 -1.449590152349227523e+01
-1.782891772687435150e+01 -1.513687397883488650e+01
-1.754576009015242377e+01 -1.525281519767565541e+01
-1.777550455927848816e+01 -1.523915620950552174e+01
-1.763632520039876184e+01 -1.236867317786583520e+01
-1.734777198235194007e+01 -1.377992551754682538e+01
-1.777347303926944733e+01 -1.523124954028007316e+01
-1.756074767808119574e+01 -1.401963454026442335e+01
-1.797751665612061700e+01 -1.538999124673696706e+01
-1.774608182410399237e+01 -1.513484162550706102e+01
-1.761267524460951606e+01 -1.509638889019305807e+01
-1.779730473955472192e+01 -1.485211634024595639e+01
-1.742437104384104529e+01 -1.519444426512106894e+01
-1.794486538072426995e+01 -1.476626870571038630e+01
-1.747802069286505500e+01 -1.544533475240071674e+01
-1.769609817365805426e+01 -1.477403738559820745e+01
-1.776547776659329614e+01 -1.530955365987924388e+01
-1.787450213730335236e+01 -1.521315792279365731e+01
-1.768253110845883569e+01 -1.420438274970421411e+01
-1.765212850769360742e+01 -1.352247529152112193e+01
-1.774118046959241113e+01 -1.496840432974008372e+01
-1.760771723091602325e+01 -1.545486905024601931e+01
-1.780031193296114722e+01 -1.544905403332832527e+01
-1.774144657452901086e+01 -1.474402254055707928e+01
-1.771292813618977746e+01 -1.453189343672532274e+01
-1.752334650854269782e+01 -1.515457882025303071e+01
-1.810584540168444434e+01 -1.468584491045047002e+01
-1.781378390888373175e+01 -1.474634512876852988e+01
-1.770929049948851386e+01 -1.544772253281030849e+01
-1.800832868119080743e+01 -1.527155773456280130e+01
-1.755330829819043359e+01 -1.533236650320199779e+01
-1.795693720380465308e+01 -1.509393227406037141e+01
-1.756654220819473267e+01 -1.295991428081805807e+01
-1.769418193399906158e+01 -1.496997759892390256e+01
-1.740591535965601722e+01 -1.424702257987780385e+01
-1.786123277743657312e+01 -1.535170224996713451e+01
-1.791066647072632989e+01 -1.538633124033609967e+01
-1.791105378667513648e+01 -1.498983960273938365e+01
-1.786405394971370697e+01 -1.485756754263853452e+01
-1.789572588105996331e+01 -1.516175062228471759e+01
-1.762594464421272278e+01 -1.448239671266995998e+01
-1.804964177310466766e+01 -1.544084759247608751e+01
-1.786468529701232910e+01 -1.492499762315016554e+01
-1.774832693735758582e+01 -1.469404946840726467e+01
-1.786636200050513068e+01 -1.442685406024639505e+01
-1.769823204477627954e+01 -1.485483306493514633e+01
-1.767674854397773743e+01 -1.379788080851236920e+01
-1.779237070679664612e+01 -1.507285472674247551e+01
-1.808216522634029388e+01 -1.455623814998528864e+01
-1.737456265091896057e+01 -1.493671512603759766e+01
-1.770622817178567132e+01 -1.491522143437312131e+01
-1.800706683595975122e+01 -1.521737167162772941e+01
-1.715670600533485413e+01 -1.528359307998266026e+01
-1.770116143922011176e+01 -1.433230231358454709e+01
-1.747915157179037848e+01 -1.492512793418688588e+01
-1.777935067315896234e+01 -1.391906303014510726e+01
-1.761092601219813147e+01 -1.508750693003336529e+01
-1.814739557603995124e+01 -1.553614388979398342e+01
-1.755252546568711480e+01 -1.435075960403833584e+01
-1.767856308817863464e+01 -1.533188086289625929e+01
-1.796919572353363037e+01 -1.447301754584679223e+01
-1.794265233476956567e+01 -1.490786960797432137e+01
-1.789251694579919061e+01 -1.513530291043795017e+01
-1.760488165418307105e+01 -1.506907646472637552e+01
-1.791297576328118524e+01 -1.517859539618858911e+01
-1.798276833693186560e+01 -1.472680441538492779e+01
-1.795010171333948890e+01 -1.488895697471422963e+01
-1.796335171163082123e+01 -1.492262742458245661e+01
-1.758557928601900855e+01 -1.482237818302252386e+01
-1.776482885082562646e+01 -1.439061394715920450e+01
-1.779215192298094550e+01 -1.503147252400716205e+01
-1.759790142377217492e+01 -1.439550465803879931e+01
-1.722503377497196198e+01 -1.450998010390844151e+01
-1.803933469454447547e+01 -1.417976726629795259e+01
-1.809283347924550256e+01 -1.504340687776223184e+01
-1.789217862983544549e+01 -1.500375637641319848e+01
-1.760248096783955774e+01 -1.532907243875356862e+01
-1.815717765192190924e+01 -1.451638813507862658e+01
-1.804033449292182922e+01 -1.515673172779572297e+01
-1.797454517583052436e+01 -1.488142534402700612e+01
-1.796438796321551123e+01 -1.381595922127748111e+01
-1.789554293950398645e+01 -1.510637422708364674e+01
-1.775373450915018836e+01 -1.504365341479961771e+01
-1.772423208256562432e+01 -1.459148685748760599e+01
-1.783707859615484992e+01 -1.520764402242807201e+01
-1.775449377298355103e+01 -1.512401287372295755e+01
-1.809485586484273156e+01 -1.484906054765750127e+01
-1.786510921021302423e+01 -1.424000764504457095e+01
-1.770433355867862701e+01 -1.429792404174804688e+01
-1.778005403280258179e+01 -1.501286318363287542e+01
-1.726728237171967706e+01 -1.481312925387651447e+01
-1.776037157078583917e+01 -1.506594244639078717e+01
-1.801268159349759301e+01 -1.331298324389335441e+01
-1.810857140521208564e+01 -1.532545016362116819e+01
-1.786635666588942328e+01 -1.507458813985188861e+01
-1.798530065516630927e+01 -1.342752671853089907e+01
-1.791400387883186340e+01 -1.482722478035168834e+01
-1.756394501030445099e+01 -1.531353480999286276e+01
-1.800679010152816772e+01 -1.519609514872233014e+01
-1.806112354000409326e+01 -1.534878063201904297e+01
-1.788440062105655670e+01 -1.515521318484575275e+01
-1.761517049372196198e+01 -1.486660162607828717e+01
-1.835663775602976600e+01 -1.495325704721304128e+01
-1.791966817776362220e+01 -1.488477389017740826e+01
-1.741271342833836755e+01 -1.344665873356354524e+01
-1.712144994239012519e+01 -1.547903711367876056e+01
-1.775172960261503974e+01 -1.565485184009258646e+01
-1.811561183631420135e+01 -1.494889525878123671e+01
-1.778054516017436981e+01 -1.496009547893817526e+01
-1.817193591594696045e+01 -1.482369951101449779e+01
-1.802326630552609643e+01 -1.539279456016344838e+01
-1.800280499955018243e+01 -1.490767642779228019e+01
-1.791640258828799048e+01 -1.420053217961237912e+01
-1.812265978256861487e+01 -1.522529628949287606e+01
-1.778788175185521325e+01 -1.532815348796355437e+01
-1.737955319881439209e+01 -1.478424925681872182e+01
-1.801233934859434882e+01 -1.380653806833120534e+01
-1.793990614513556281e+01 -1.430966861431415182e+01
-1.753386842707793036e+01 -1.514985864590375897e+01
-1.823966307441393653e+01 -1.548304389073298459e+01
-1.749004689355691156e+01 -1.367612621111747551e+01
-1.777338688075542450e+01 -1.522646419818584818e+01
-1.814472265044848243e+01 -1.482121413793319320e+01
-1.774518323938051978e+01 -1.464324462108123015e+01
-1.809952150781949243e+01 -1.337905458303598216e+01
-1.822899429996808252e+01 -1.489822258093418306e+01
-1.797643313805262366e+01 -1.443079315087734038e+01
-1.776404482622941217e+01 -1.430709171295166016e+01
-1.813676320513089379e+01 -1.446150525410970111e+01
-1.776408847669760505e+01 -1.423613120348025518e+01
-1.814646220207214355e+01 -1.495619531778188893e+01
-1.772022730112075806e+01 -1.524992077167217630e+01
-1.806309241056442261e+01 -1.489451559995993613e+01
-1.851760936776797095e+01 -1.526777233221592134e+01
-1.764293331901232520e+01 -1.499916216043325612e+01
-1.783047058681647101e+01 -1.494218224745530321e+01
-1.808288151025772095e+01 -1.497745362306252481e+01
-1.806830540299415588e+01 -1.478148213410988809e+01
-1.785764442384243011e+01 -1.489018496488913534e+01
-1.790992905199527740e+01 -1.495922316037691502e+01
-1.792678853869438171e+01 -1.554338704622708889e+01
-1.799033072590827942e+01 -1.459272100986578558e+01
-1.796324897805849830e+01 -1.499281450418325612e+01
-1.800555375218391418e+01 -1.547809747549203685e+01
-1.822886509696642676e+01 -1.543082112532395556e+01
-1.811112286150455475e+01 -1.465448315938313861e+01
-1.823344099521636963e+01 -1.505858078981057169e+01
-1.822772905727227410e+01 -1.509068004901592630e+01
-1.830109558006127557e+01 -1.510300232813908572e+01
-1.833004910250504693e+01 -1.475855714846879962e+01
-1.782668937742710114e+01 -1.483206920134715467e+01
-1.805141723155975342e+01 -1.444297722058418465e+01
-1.772388857106367865e+01 -1.410647219877976610e+01
-1.814196885128815850e+01 -1.482402726931449699e+01
-1.796923153599103173e+01 -1.505659786860148053e+01
-1.782936000823974609e+01 -1.354908950512225729e+01
-1.779627285401026526e+01 -1.467571522639348025e+01
-1.813752314945061883e+01 -1.481739936730800444e+01
-1.805542144179344177e+01 -1.396909782214042473e+01
-1.823127187291781226e+01 -1.461000297008416560e+01
-1.793866015970706940e+01 -1.507166414994459913e+01
-1.856382375458876410e+01 -1.470733620570256228e+01
-1.820779010156790534e+01 -1.530750846862792969e+01
-1.819793901840845862e+01 -1.542551363431490330e+01
-1.813664238651593408e+01 -1.500530675741342357e+01
-1.802996338407198706e+01 -1.520440055162478643e+01
-1.804433964192867279e+01 -1.455644521957788662e+01
-1.835175177454948425e+01 -1.390193283863556672e+01
-1.818174262344837189e+01 -1.508944193522135357e+01
-1.796967343986034393e+01 -1.463105443807748607e+01
-1.784845317900180817e+01 -1.461633315453162574e+01
-1.801147996385892114e+01 -1.463725180503649526e+01
-1.805075112481911859e+01 -1.499297017317551806e+01
-1.790072343746821204e+01 -1.388214167570456503e+01
-1.794442159930865088e+01 -1.521082732616326716e+01
-1.783416468898455420e+01 -1.470462649907821273e+01
-1.786432162920634070e+01 -1.395424399009117700e+01
-1.813070681691169739e+01 -1.495865115141257284e+01
-1.815554174284140387e+01 -1.496176280730809971e+01
-1.809898911913235864e+01 -1.460631992878058050e+01
-1.829475829998652259e+01 -1.427923581539056208e+01
-1.794065883755683899e+01 -1.480159091949462891e+01
-1.765950810909271240e+01 -1.536667603712815477e+01
-1.841357669730981073e+01 -1.506905655983166881e+01
-1.793164934714635095e+01 -1.531965431800255395e+01
-1.820403332014878472e+01 -1.523931278326572603e+01
-1.834793558716773987e+01 -1.481357215001032834e+01
-1.808056451876958093e+01 -1.365619901510385326e+01
-1.809238082170486450e+01 -1.496876655480800444e+01
-1.811402866741021356e+01 -1.321063199410071753e+01
-1.805841193596522132e+01 -1.434925040220602988e+01
-1.824457254509131232e+01 -1.433153653756166079e+01
-1.802767386535803595e+01 -1.524718778561323163e+01
-1.802190996706485748e+01 -1.279109218793037606e+01
-1.790180559953053674e+01 -1.404042148590087891e+01
-1.821717891097068787e+01 -1.453012192554962922e+01
-1.818762916823228082e+01 -1.488295056269719119e+01
-1.804131103555361548e+01 -1.471832023522792632e+01
-1.801359729965527734e+01 -1.524215006216978452e+01
-1.842132740219433984e+01 -1.449372907785268971e+01
-1.804845389227072516e+01 -1.515909895530113793e+01
-1.804037643969058990e+01 -1.441925814212896917e+01
-1.806147274374961853e+01 -1.524094889714167600e+01
-1.824303930004437646e+01 -1.531428387226202581e+01
-1.803975418706734857e+01 -1.468167314162621118e+01
-1.839665011068185052e+01 -1.435731528355525022e+01
-1.796678280333678046e+01 -1.516640658256335072e+01
-1.824858000874519348e+01 -1.495042993472172732e+01
-1.807608328262965003e+01 -1.415277891892653273e+01
-1.784256090223789215e+01 -1.522946494664901351e+01
-1.803194123506546021e+01 -1.519763805927374456e+01
-1.830255041519800940e+01 -1.512516014392559427e+01
-1.825786454478899756e+01 -1.532167236621563333e+01
-1.823860537012417993e+01 -1.491680323771941374e+01
-1.800485600531101227e+01 -1.493500275489611440e+01
-1.822925851245721063e+01 -1.444210648842346956e+01
-1.827033600707848748e+01 -1.461689616472293096e+01
-1.833738833665847778e+01 -1.489038676787645343e+01
-1.798928811152775964e+01 -1.375177214695857053e+01
-1.828488021592299262e+01 -1.480301996377798268e+01
-1.832310156524181366e+01 -1.461236181014623448e+01
-1.793343169490496436e+01 -1.419484474108769412e+01
-1.811015268663565436e+01 -1.442810605122492795e+01
-1.848174463709195336e+01 -1.501160583129295922e+01
-1.809351625045140466e+01 -1.469893750777611352e+01
-1.834202895561854163e+01 -1.444102473136706166e+01
-1.822335495551427087e+01 -1.460054082748217397e+01
-1.804505635301272193e+01 -1.485283044057014656e+01
-1.797508796552817145e+01 -1.472063431373009301e+01
-1.844212170938650885e+01 -1.463276783625284772e+01
-1.859397562841574469e+01 -1.471443230677873615e+01
-1.831364136437575141e+01 -1.495958427893809706e+01
-1.832455561061700067e+01 -1.470769970233623880e+01
-1.811483952403068542e+01 -1.495392734270829393e+01
-1.821865623692671576e+01 -1.469945790217473025e+01
-1.782174068192641059e+01 -1.500826766552069280e+01
-1.800790866712729255e+01 -1.513058608617538070e+01
-1.851045944293339929e+01 -1.468099144177559090e+01
-1.806772022942702094e+01 -1.487250147721706206e+01
-1.789546853303909302e+01 -1.513044672745924757e+01
-1.857709569235642633e+01 -1.518238725417699619e+01
-1.825482161343097687e+01 -1.520477473430144499e+01
-1.831428984800974646e+01 -1.493823731251251985e+01
-1.810632755855719367e+01 -1.477449768017499920e+01
-1.834284331401189050e+01 -1.471347803947253041e+01
-1.839166048665841302e+01 -1.430885888979985232e+01
-1.764380158483982086e+01 -1.430867078365423772e+01
-1.834888009727001190e+01 -1.423007293847891042e+01
-1.774685118099053582e+01 -1.459670829772949219e+01
-1.798592831194400787e+01 -1.476779850935324667e+01
-1.836002297699451447e+01 -1.474678936982766153e+01
-1.826241879165172577e+01 -1.475915077405098152e+01
-1.833656736711661139e+01 -1.492208889203193856e+01
-1.851828577121098718e+01 -1.447978925704956055e+01
-1.838039879997571191e+01 -1.435378771561842726e+01
-1.813128909965356073e+01 -1.502526981402666095e+01
-1.765870779752731323e+01 -1.504819023914826204e+01
-1.832111327846844873e+01 -1.362771623562543866e+01
-1.832041370868682861e+01 -1.530805653792161181e+01
-1.817584206163883209e+01 -1.481078179677327533e+01
-1.812677097320556641e+01 -1.454735186161139104e+01
-1.831081097821394721e+01 -1.456451555398794362e+01
-1.824868990977605065e+01 -1.456987451895689389e+01
-1.804226718346277991e+01 -1.484614805074838451e+01
-1.848244924346606055e+01 -1.503613207890437131e+01
-1.852244654297828674e+01 -1.523964121402838323e+01
-1.832364632189273834e+01 -1.465215746561686139e+01
-1.856878785292307654e+01 -1.481188287490453526e+01
-1.850480780998865882e+01 -1.376398996206430247e+01
-1.812732756137847900e+01 -1.476012248259324267e+01
-1.822640652954578400e+01 -1.341447732387444880e+01
-1.841570469737052917e+01 -1.479505832378680807e+01
-1.815181272911528865e+01 -1.484636147816975971e+01
-1.813386859993140021e+01 -1.403854899528699107e+01
-1.840737068156401435e+01 -1.473555347247001457e+01
-1.850438792506853858e+01 -1.455999883015950580e+01
-1.851451268792152405e+01 -1.494480794515365218e+01
-1.828790412346522132e+01 -1.528848303281343846e+01
-1.839747697611649713e+01 -1.471319371003371046e+01
-1.782417945563793182e+01 -1.501490552608783346e+01
-1.863244278728961945e+01 -1.332173250883053583e+01
-1.875314304232597351e+01 -1.483012262980143170e+01
