# Train Val
1.456328888734181648e+00 7.606954574584960938e-01
6.348917086919149133e-01 3.074473142623901367e-01
-3.559261957804362164e-01 -4.078308343887329102e-01
-1.659292340278625488e+00 -2.393082022666931152e+00
-3.365437547365824233e+00 -5.166467905044555664e+00
-4.917214790980021455e+00 -5.949209213256835938e+00
-5.610701878865559600e+00 -6.182615518569946289e+00
-6.207165002822875977e+00 -6.451568365097045898e+00
-6.697696050008137725e+00 -6.538738250732421875e+00
-7.108842372894287109e+00 -8.074009418487548828e+00
-7.313458760579426787e+00 -8.184063911437988281e+00
-7.476970593134562471e+00 -7.025625705718994141e+00
-7.519267400105793975e+00 -7.770088672637939453e+00
-7.572178681691487334e+00 -7.269196033477783203e+00
-7.557732502619425752e+00 -7.941196918487548828e+00
-7.558631022771199248e+00 -7.523985862731933594e+00
-7.554465373357136748e+00 -7.136222362518310547e+00
-7.577514092127482392e+00 -7.518035411834716797e+00
-7.554239829381306670e+00 -7.805522680282592773e+00
-7.584544658660888672e+00 -7.704643726348876953e+00
-7.585091670354207061e+00 -7.554783105850219727e+00
-7.563171227773030303e+00 -8.317144155502319336e+00
-7.571413119633992217e+00 -7.360479354858398438e+00
-7.599357446034749053e+00 -7.597434520721435547e+00
-7.596370538075764678e+00 -8.296200990676879883e+00
-7.629345258076985381e+00 -7.329979658126831055e+00
-7.626001993815104463e+00 -7.905815362930297852e+00
-7.608709891637166045e+00 -8.091821193695068359e+00
-7.595037539800007842e+00 -7.459115028381347656e+00
-7.626168727874755859e+00 -7.317488908767700195e+00
-7.597184181213378906e+00 -7.449075460433959961e+00
-7.605769872665405273e+00 -7.797180891036987305e+00
-7.594452778498332002e+00 -7.473390817642211914e+00
-7.619805574417114258e+00 -7.870698928833007812e+00
-7.631453275680541992e+00 -7.381684541702270508e+00
-7.638714790344238281e+00 -8.364631414413452148e+00
-7.609576702117919922e+00 -7.537884235382080078e+00
-7.622927268346150420e+00 -7.493432521820068359e+00
-7.647771040598551728e+00 -7.858363151550292969e+00
-7.628118594487507842e+00 -7.321934461593627930e+00
-7.619889577229817412e+00 -7.690638542175292969e+00
-7.656203985214233398e+00 -7.849711179733276367e+00
-7.607498566309611299e+00 -7.383685350418090820e+00
-7.648856480916340850e+00 -7.211640596389770508e+00
-7.644382317860920928e+00 -7.318017244338989258e+00
-7.667927265167236328e+00 -7.263560056686401367e+00
-7.651335000991821289e+00 -7.796711921691894531e+00
-7.642966588338215850e+00 -7.591618299484252930e+00
-7.649621248245239258e+00 -7.598577976226806641e+00
-7.682705640792846680e+00 -7.088859558105468750e+00
-7.658662319183349609e+00 -7.922419548034667969e+00
-7.671697378158569336e+00 -7.427127599716186523e+00
-7.700571457544962861e+00 -7.616438865661621094e+00
-7.677616357803344727e+00 -8.236047744750976562e+00
-7.683411041895548799e+00 -7.228359699249267578e+00
-7.723387161890665986e+00 -8.354852199554443359e+00
-7.702602307001749971e+00 -7.702523469924926758e+00
-7.647830486297607422e+00 -7.431520462036132812e+00
-7.644324938456217744e+00 -7.527841567993164062e+00
-7.720208565394083955e+00 -7.589739084243774414e+00
-7.705579360326130889e+00 -7.602476596832275391e+00
-7.742015043894450166e+00 -8.122875213623046875e+00
-7.709063927332560517e+00 -7.390870094299316406e+00
-7.720778942108154297e+00 -7.434878349304199219e+00
-7.729205369949340820e+00 -7.753723382949829102e+00
-7.733050028483073213e+00 -7.885439634323120117e+00
-7.737310965855916045e+00 -7.907006978988647461e+00
-7.742567857106526397e+00 -8.277385234832763672e+00
-7.755087057749430635e+00 -8.407932519912719727e+00
-7.782327413558959961e+00 -7.626612663269042969e+00
-7.801967700322468779e+00 -7.883818387985229492e+00
-7.734064102172851562e+00 -8.499093294143676758e+00
-7.729737917582194306e+00 -7.056962728500366211e+00
-7.719707647959391572e+00 -7.158109426498413086e+00
-7.759219884872436523e+00 -8.011386394500732422e+00
-7.767539898554484346e+00 -7.756113529205322266e+00
-7.780820846557617188e+00 -7.666502952575683594e+00
-7.770147959391276338e+00 -7.431205749511718750e+00
-7.761119127273559570e+00 -7.477755308151245117e+00
-7.809373378753662109e+00 -8.340839624404907227e+00
-7.804944356282551787e+00 -7.702236890792846680e+00
-7.790624300638834931e+00 -7.508304834365844727e+00
-7.799827098846435547e+00 -8.093489885330200195e+00
-7.822505553563435576e+00 -7.310359239578247070e+00
-7.803900321324666045e+00 -7.710664272308349609e+00
-7.800797144571940400e+00 -8.044393539428710938e+00
-7.755434195200602510e+00 -7.324039936065673828e+00
-7.795141537984211944e+00 -7.746434926986694336e+00
-7.784242550532023408e+00 -7.539079427719116211e+00
-7.819671392440795898e+00 -7.111180305480957031e+00
-7.817112286885579131e+00 -7.373955011367797852e+00
-7.860474904378254912e+00 -7.740911245346069336e+00
-7.806149721145629883e+00 -8.089438199996948242e+00
-7.827233632405598662e+00 -7.749626398086547852e+00
-7.842622756958007812e+00 -7.718778610229492188e+00
-7.826683918635050752e+00 -8.088293790817260742e+00
-7.840762297312418916e+00 -7.612983226776123047e+00
-7.698077519734700225e+00 -7.405077934265136719e+00
-7.806125640869140625e+00 -7.889204263687133789e+00
-7.783632040023803711e+00 -7.413784980773925781e+00
-7.836947520573933623e+00 -7.693172454833984375e+00
-7.863816658655802705e+00 -7.216793775558471680e+00
-7.815310239791870117e+00 -7.364665031433105469e+00
-7.844842354456583955e+00 -7.804472923278808594e+00
-7.860946734746296904e+00 -7.381437540054321289e+00
-7.842897176742553711e+00 -7.462726593017578125e+00
-7.861203591028849580e+00 -7.513957023620605469e+00
-7.881841023763020537e+00 -7.189234256744384766e+00
-7.907788515090942383e+00 -8.585472583770751953e+00
-7.836429278055827119e+00 -7.554191827774047852e+00
-7.850187460581461885e+00 -7.908503770828247070e+00
-7.841418345769246123e+00 -7.073694944381713867e+00
-7.812220652898152373e+00 -7.482280969619750977e+00
-7.746580759684245088e+00 -7.447370052337646484e+00
-7.886854807535807588e+00 -6.950661182403564453e+00
-7.838707288106282256e+00 -7.923452615737915039e+00
-7.850590626398722627e+00 -7.649359941482543945e+00
-7.867399136225382783e+00 -7.295261859893798828e+00
-7.899254004160563447e+00 -7.662682771682739258e+00
-7.902751604715983369e+00 -7.731279611587524414e+00
-7.910655339558918975e+00 -8.683551311492919922e+00
-7.855310678482055664e+00 -8.172655344009399414e+00
-7.881852865219116211e+00 -7.091359138488769531e+00
-7.978357632954915069e+00 -8.571356773376464844e+00
-7.934318383534749053e+00 -8.035554885864257812e+00
-7.988729953765869141e+00 -7.793653249740600586e+00
-7.962576389312744141e+00 -7.161059141159057617e+00
-7.974381287892659209e+00 -7.796362400054931641e+00
-8.028851985931396484e+00 -6.806236982345581055e+00
-8.005813916524251894e+00 -6.815796852111816406e+00
-7.994854768117268584e+00 -7.302752256393432617e+00
-7.952957471211751006e+00 -8.107655525207519531e+00
-7.967206796010334990e+00 -7.403378963470458984e+00
-8.024364391962686582e+00 -7.198856115341186523e+00
-8.073319117228189512e+00 -7.552458286285400391e+00
-8.100195646286010742e+00 -8.148236274719238281e+00
-8.095539887746175722e+00 -7.524782180786132812e+00
-8.066347996393838926e+00 -7.500555753707885742e+00
-8.129638751347860293e+00 -7.073613643646240234e+00
-8.049881378809610410e+00 -6.397429704666137695e+00
-8.151665925979614258e+00 -7.014397144317626953e+00
-8.159346580505371094e+00 -7.926627159118652344e+00
-8.206011295318603516e+00 -6.939913272857666016e+00
-8.163236856460571289e+00 -6.864310979843139648e+00
-8.138517220815023379e+00 -8.032721757888793945e+00
-8.134412527084350586e+00 -6.595762729644775391e+00
-7.895336945851643584e+00 -6.018496036529541016e+00
-7.976516485214233398e+00 -7.229527235031127930e+00
-7.911676406860351562e+00 -7.502389907836914062e+00
-7.992823918660481475e+00 -6.947502613067626953e+00
-8.034765561421712832e+00 -7.062557935714721680e+00
-8.092626174290975527e+00 -7.805164813995361328e+00
-8.174464384714761778e+00 -6.631537437438964844e+00
-8.162717978159585996e+00 -7.144313097000122070e+00
-8.173537254333496094e+00 -7.330945014953613281e+00
-8.298663059870401426e+00 -6.502215385437011719e+00
-8.392429908116659121e+00 -6.561183214187622070e+00
-8.350273609161376953e+00 -6.761574745178222656e+00
-8.529409885406494141e+00 -7.206882953643798828e+00
-8.421652158101400332e+00 -6.783081769943237305e+00
-8.471281687418619200e+00 -7.629525899887084961e+00
-8.324961900711059570e+00 -7.558799982070922852e+00
-8.319007476170858340e+00 -6.290371894836425781e+00
-8.538120746612548828e+00 -6.008126258850097656e+00
-8.565973440806070371e+00 -7.603542804718017578e+00
-8.637093067169189453e+00 -7.855478048324584961e+00
-8.587378184000650450e+00 -6.805676221847534180e+00
-8.636650244394937559e+00 -5.808892250061035156e+00
-8.729899406433105469e+00 -6.952440738677978516e+00
-8.827573140462240175e+00 -7.239784479141235352e+00
-8.720818042755126953e+00 -7.498235225677490234e+00
-8.837359428405761719e+00 -5.762568950653076172e+00
-8.777123769124349550e+00 -6.845523357391357422e+00
-8.979507366816202207e+00 -7.146791934967041016e+00
-9.009798685709634825e+00 -6.550288438796997070e+00
-8.959938844045003847e+00 -5.871939659118652344e+00
-8.992360750834146543e+00 -7.888840675354003906e+00
-8.958147048950195312e+00 -7.256637573242187500e+00
-8.591117064158121153e+00 -6.846688985824584961e+00
-8.950829188028970762e+00 -6.087490081787109375e+00
-8.557901620864868164e+00 -5.625558137893676758e+00
-8.693248510360717773e+00 -6.444675683975219727e+00
-8.663091500600179629e+00 -6.914247512817382812e+00
-8.807278633117675781e+00 -6.365437030792236328e+00
-9.092957019805908203e+00 -6.532787084579467773e+00
-9.013938426971435547e+00 -5.774863481521606445e+00
-9.246650377909341856e+00 -6.341009855270385742e+00
-9.302771409352621035e+00 -7.044399499893188477e+00
-9.203362305959066347e+00 -7.097866535186767578e+00
-9.336435476938882871e+00 -6.820790767669677734e+00
-9.029438336690267519e+00 -5.971832752227783203e+00
-9.137695074081420898e+00 -6.672384738922119141e+00
-9.451519012451171875e+00 -5.394870042800903320e+00
-9.337803681691488222e+00 -5.601982593536376953e+00
-9.325209935506185488e+00 -7.922994613647460938e+00
-9.574751853942871094e+00 -6.286365985870361328e+00
-9.277829647064208984e+00 -5.782610416412353516e+00
-9.436128616333007812e+00 -7.120998859405517578e+00
-9.332820733388265566e+00 -5.616291761398315430e+00
-9.313193480173746153e+00 -5.340988397598266602e+00
-9.326430956522623106e+00 -7.102582454681396484e+00
-9.380228519439697266e+00 -5.329149723052978516e+00
-9.753397464752197266e+00 -5.451032161712646484e+00
-1.001655356089274029e+01 -5.666945457458496094e+00
-9.688300291697183653e+00 -4.907297849655151367e+00
-9.833563963572183653e+00 -7.190757989883422852e+00
-9.819265842437744141e+00 -5.973962068557739258e+00
-9.839409033457437559e+00 -7.411238431930541992e+00
-1.019108676910400391e+01 -6.420341253280639648e+00
-1.019185797373453717e+01 -5.826848268508911133e+00
-1.024013535181681256e+01 -6.380461931228637695e+00
-9.903444925944009825e+00 -5.414667844772338867e+00
-9.914504845937093691e+00 -5.323976993560791016e+00
-1.008871142069498639e+01 -5.726069450378417969e+00
-1.030726766586303711e+01 -7.022373676300048828e+00
-1.034611543019612689e+01 -5.976248502731323242e+00
-1.074609804153442383e+01 -4.720948219299316406e+00
-1.005800199508666992e+01 -5.729044675827026367e+00
-1.059687010447184186e+01 -5.549418926239013672e+00
-1.064322264989217182e+01 -5.478291988372802734e+00
-1.068100277582804303e+01 -6.140992879867553711e+00
-1.075704129536946674e+01 -5.617310762405395508e+00
-1.059132162729899029e+01 -6.036929368972778320e+00
-1.023621082305908203e+01 -6.258787870407104492e+00
-1.048974895477294922e+01 -4.880558252334594727e+00
-1.060050566991170307e+01 -6.009381055831909180e+00
-1.074055798848470111e+01 -5.770420551300048828e+00
-1.076409816741943359e+01 -4.708372354507446289e+00
-1.074037504196166992e+01 -6.024152517318725586e+00
-1.067400614420572857e+01 -6.306400060653686523e+00
-1.090009228388468365e+01 -5.281093835830688477e+00
-1.065257072448730469e+01 -5.639457941055297852e+00
-1.069400246938069721e+01 -7.531146049499511719e+00
-1.101540120442708393e+01 -5.719483375549316406e+00
-1.081056245168050189e+01 -7.837468862533569336e+00
-1.084022219975789447e+01 -5.957009553909301758e+00
-1.123474963506062885e+01 -6.212310075759887695e+00
-1.062962404886881451e+01 -5.971122026443481445e+00
-1.062697855631510357e+01 -8.650816917419433594e+00
-1.019670518239339252e+01 -7.080398559570312500e+00
-1.100959809621175189e+01 -9.311214447021484375e+00
-1.102341190973917584e+01 -5.388079166412353516e+00
-1.120704030990600586e+01 -4.732990145683288574e+00
-1.116638231277465820e+01 -4.611918091773986816e+00
-1.090434487660725971e+01 -5.487568855285644531e+00
-1.098766024907430072e+01 -8.050711154937744141e+00
-1.131313196818033795e+01 -6.017382144927978516e+00
-1.165620088577270508e+01 -6.108456134796142578e+00
-1.061134727795918842e+01 -3.997382044792175293e+00
-1.033821757634480853e+01 -6.151242971420288086e+00
-1.158231989542643170e+01 -5.055482387542724609e+00
-1.157399702072143555e+01 -6.340718507766723633e+00
-1.176798295974731445e+01 -5.396249294281005859e+00
-1.090308332443237305e+01 -7.713783264160156250e+00
-1.082940133412679096e+01 -5.495290517807006836e+00
-1.110573339462280273e+01 -6.098474740982055664e+00
-1.121451902389526367e+01 -5.758719682693481445e+00
-1.107319100697835346e+01 -6.260796308517456055e+00
-1.137744156519571881e+01 -6.072786092758178711e+00
-1.137633387247721295e+01 -5.212775945663452148e+00
-1.163204797108968158e+01 -7.814951658248901367e+00
-1.205958398183186908e+01 -7.277667999267578125e+00
-1.213760582605997662e+01 -5.211092472076416016e+00
-1.197491518656412701e+01 -5.684016942977905273e+00
-1.217443609237670898e+01 -7.253255367279052734e+00
-1.155985720952351947e+01 -8.069552898406982422e+00
-1.090099032719930072e+01 -4.276532173156738281e+00
-1.090232849121093750e+01 -6.873894691467285156e+00
-1.119965124130249023e+01 -8.423603057861328125e+00
-1.185150543848673443e+01 -5.584154129028320312e+00
-1.163248904546101947e+01 -4.700411200523376465e+00
-1.135888036092122455e+01 -5.276098728179931641e+00
-1.129171705245971680e+01 -5.696421146392822266e+00
-1.214796829223632812e+01 -5.869703531265258789e+00
-1.258193588256835938e+01 -8.062006473541259766e+00
-1.248004833857218365e+01 -5.183156967163085938e+00
-1.257584492365519147e+01 -6.352026700973510742e+00
-1.257758855819702148e+01 -6.944855451583862305e+00
-1.247782627741495709e+01 -5.606849908828735352e+00
-1.244794782002766986e+01 -6.573428630828857422e+00
-1.220793088277181049e+01 -6.331930398941040039e+00
-1.280142847696940045e+01 -5.932428598403930664e+00
-1.267185640335083008e+01 -5.327260494232177734e+00
-1.282141160964965820e+01 -5.825340747833251953e+00
-1.276065476735433002e+01 -5.171237468719482422e+00
-1.239558283487955670e+01 -6.329153776168823242e+00
-1.259232727686564068e+01 -5.850862503051757812e+00
-1.193172248204549213e+01 -8.093973398208618164e+00
-1.163512547810872455e+01 -8.126525878906250000e+00
-1.133307806650797467e+01 -7.624489784240722656e+00
-1.193648560841878314e+01 -5.620141506195068359e+00
-1.243310960133870502e+01 -4.996909379959106445e+00
-1.158470614751180072e+01 -5.611675024032592773e+00
-1.190473667780558209e+01 -5.869925498962402344e+00
-1.224122714996337891e+01 -5.223255872726440430e+00
-1.211331669489542584e+01 -5.322598457336425781e+00
-1.221157105763753314e+01 -5.141558885574340820e+00
-1.135082976023356061e+01 -5.025633454322814941e+00
-1.276152149836222272e+01 -7.710944175720214844e+00
-1.302126089731852154e+01 -6.022071123123168945e+00
-1.337370395660400391e+01 -6.456191301345825195e+00
-1.313264147440592389e+01 -7.406516790390014648e+00
-1.312904437383016010e+01 -5.078294515609741211e+00
-1.336306476593017578e+01 -5.795022487640380859e+00
-1.357152891159057617e+01 -6.850811958312988281e+00
-1.326382748285929303e+01 -5.564279794692993164e+00
-1.299224805831909180e+01 -4.841264605522155762e+00
-1.240431658426920514e+01 -5.678511619567871094e+00
-1.280368407567342182e+01 -4.887602090835571289e+00
-1.322966337203979492e+01 -5.130570173263549805e+00
-1.294740804036458393e+01 -4.925605773925781250e+00
-1.220938189824422260e+01 -9.909612894058227539e+00
-1.333508888880411725e+01 -7.937860488891601562e+00
-1.349354076385498047e+01 -6.181051969528198242e+00
-1.308476877212524414e+01 -7.042767763137817383e+00
-1.342803128560384174e+01 -7.387063741683959961e+00
-1.342962551116943359e+01 -5.151712298393249512e+00
-1.353040822347005268e+01 -5.394109487533569336e+00
-1.361808983484903912e+01 -5.215358257293701172e+00
-1.329000616073608398e+01 -7.766792297363281250e+00
-1.361933120091756244e+01 -7.949070453643798828e+00
-1.365226618448893170e+01 -6.035985231399536133e+00
-1.339529355367024799e+01 -5.363733291625976562e+00
-1.378957764307657818e+01 -6.021628856658935547e+00
-1.353067636489868164e+01 -5.298501253128051758e+00
-1.388501389821370502e+01 -6.058281660079956055e+00
-1.406630245844523053e+01 -6.786130666732788086e+00
-1.366983095804850201e+01 -7.617545843124389648e+00
-1.332799863815307617e+01 -5.361525654792785645e+00
-1.349962075551350971e+01 -5.725718498229980469e+00
-1.373291635513305664e+01 -5.198713302612304688e+00
-1.384431346257527728e+01 -5.687638759613037109e+00
-1.395991897583007812e+01 -7.466902971267700195e+00
-1.377626132965087891e+01 -8.352036237716674805e+00
-1.341204166412353516e+01 -5.561642169952392578e+00
-1.352336374918619732e+01 -6.774627685546875000e+00
-1.383701197306315045e+01 -5.332870960235595703e+00
-1.425432872772216797e+01 -7.085189819335937500e+00
-1.375551811854044537e+01 -6.102852582931518555e+00
-1.336869700749715228e+01 -5.857305765151977539e+00
-1.382856384913126568e+01 -5.035949110984802246e+00
-1.340957037607828717e+01 -5.508223056793212891e+00
-1.340880044301350971e+01 -5.451442956924438477e+00
-1.297250254948933978e+01 -7.554692506790161133e+00
-1.253171348571777344e+01 -7.269264936447143555e+00
-1.280876207351684570e+01 -8.811524391174316406e+00
-1.301335144042968750e+01 -5.838550090789794922e+00
-1.260693057378133197e+01 -6.538738965988159180e+00
-1.272737709681192975e+01 -5.595703125000000000e+00
-1.350738509496053119e+01 -7.721545219421386719e+00
-1.397697544097900391e+01 -6.379933595657348633e+00
-1.414161141713460346e+01 -6.185783863067626953e+00
-1.291457398732503314e+01 -6.028628349304199219e+00
-1.358610884348551373e+01 -6.022895336151123047e+00
-1.385150416692098041e+01 -6.262061834335327148e+00
-1.392678292592366596e+01 -5.734635353088378906e+00
-1.448141686121622662e+01 -5.843200683593750000e+00
-1.443528350194295307e+01 -4.954270839691162109e+00
-1.412176497777303119e+01 -5.260007023811340332e+00
-1.422608327865600586e+01 -5.704349517822265625e+00
-1.472332286834716797e+01 -5.829302787780761719e+00
-1.448072544733683209e+01 -4.864771723747253418e+00
-1.426310729980468750e+01 -4.820952057838439941e+00
-1.439642111460367779e+01 -5.320566415786743164e+00
-1.443505525588989258e+01 -6.070916891098022461e+00
-1.440560372670491596e+01 -5.854778528213500977e+00
-1.300836118062337299e+01 -5.327227354049682617e+00
-1.404795487721761127e+01 -5.919277191162109375e+00
-1.441047795613606830e+01 -5.390444517135620117e+00
-1.454864629109700580e+01 -5.468638658523559570e+00
-1.471122487386067768e+01 -6.741852283477783203e+00
-1.480295483271280865e+01 -5.898881435394287109e+00
-1.497953621546427350e+01 -6.866943359375000000e+00
-1.519494581222534180e+01 -8.146688222885131836e+00
-1.459944295883178711e+01 -5.107121825218200684e+00
-1.460528914133707623e+01 -5.676889181137084961e+00
-1.478998978932698627e+01 -6.371994972229003906e+00
-1.475194311141967773e+01 -6.875960350036621094e+00
-1.404149484634399414e+01 -5.768437147140502930e+00
-1.336629533767700195e+01 -6.544770002365112305e+00
-1.309246699015299420e+01 -4.511356115341186523e+00
-1.304963350296020508e+01 -6.589189529418945312e+00
-1.436985699335733990e+01 -6.603065729141235352e+00
-1.448225545883178711e+01 -5.855371952056884766e+00
-1.472996044158935547e+01 -4.933183073997497559e+00
-1.511087703704833984e+01 -7.314638137817382812e+00
-1.471504958470662494e+01 -5.671840190887451172e+00
-1.444704341888427734e+01 -6.435646057128906250e+00
-1.506708844502766986e+01 -8.282106399536132812e+00
-1.539783970514933209e+01 -5.909047603607177734e+00
-1.519969050089518170e+01 -6.764012336730957031e+00
-1.388750425974527936e+01 -7.049764871597290039e+00
-1.458740965525309186e+01 -4.839537382125854492e+00
-1.356403970718383789e+01 -7.742461442947387695e+00
-1.431858762105306049e+01 -8.003872871398925781e+00
-1.536139424641927143e+01 -5.232566595077514648e+00
-1.483151642481485943e+01 -8.076526880264282227e+00
-1.445155175526936908e+01 -6.343466997146606445e+00
-1.466600847244262695e+01 -6.474196434020996094e+00
-1.445844570795694928e+01 -7.222012519836425781e+00
-1.459236192703247070e+01 -6.673072338104248047e+00
-1.491837072372436523e+01 -6.556836128234863281e+00
-1.447563139597574811e+01 -5.847624063491821289e+00
-1.537118895848592182e+01 -6.577782869338989258e+00
-1.521961069107055664e+01 -6.854809045791625977e+00
-1.508904155095418353e+01 -5.711804866790771484e+00
-1.504289786020914654e+01 -6.225457429885864258e+00
-1.559080314636230469e+01 -6.246003627777099609e+00
-1.566546630859375000e+01 -5.565109014511108398e+00
-1.593745819727579693e+01 -4.947911262512207031e+00
-1.559341160456339459e+01 -6.123019218444824219e+00
-1.526459582646687885e+01 -6.610208272933959961e+00
-1.516162761052449603e+01 -9.039142131805419922e+00
-1.575444157918294330e+01 -7.928064823150634766e+00
-1.582139444351196289e+01 -5.528027057647705078e+00
-1.480669132868448834e+01 -4.871232748031616211e+00
-1.511072190602620502e+01 -5.299602746963500977e+00
-1.530691051483154297e+01 -4.759776353836059570e+00
-1.587182076772054096e+01 -5.015914440155029297e+00
-1.522528314590454102e+01 -5.503089666366577148e+00
-1.505994987487792969e+01 -4.429010391235351562e+00
-1.585032844543457031e+01 -5.873098373413085938e+00
-1.641541401545206824e+01 -6.159531593322753906e+00
-1.629590829213460168e+01 -5.755383968353271484e+00
-1.567922592163085938e+01 -5.870222568511962891e+00
-1.612019745508829871e+01 -4.720002889633178711e+00
-1.621616045633951941e+01 -4.467035770416259766e+00
-1.658112287521362305e+01 -7.680276393890380859e+00
-1.666888984044392785e+01 -5.987282752990722656e+00
-1.627891381581624231e+01 -7.504889726638793945e+00
-1.522612905502319336e+01 -4.762755393981933594e+00
-1.553327671686808209e+01 -5.658091068267822266e+00
-1.607760159174601355e+01 -5.226698637008666992e+00
-1.650950495402018348e+01 -5.764449596405029297e+00
-1.604123051961262902e+01 -4.483061075210571289e+00
-1.495050779978434186e+01 -4.628582715988159180e+00
-1.500913461049397846e+01 -7.519222736358642578e+00
-1.485027710596720318e+01 -5.168476343154907227e+00
-1.494948164621988873e+01 -5.825068235397338867e+00
-1.636663818359375000e+01 -6.244836568832397461e+00
-1.685999170939127723e+01 -7.518661260604858398e+00
-1.692917792002360144e+01 -4.814146041870117188e+00
-1.719861570994059363e+01 -9.160952568054199219e+00
-1.664255046844482422e+01 -6.884626388549804688e+00
-1.621328719456990441e+01 -5.242654323577880859e+00
-1.679039223988850793e+01 -6.977540493011474609e+00
-1.675655062993367395e+01 -5.334478855133056641e+00
-1.661576128005981445e+01 -4.879582166671752930e+00
-1.661339473724365234e+01 -6.994373083114624023e+00
-1.577861309051513672e+01 -4.665670633316040039e+00
-1.537100648880004883e+01 -5.840897560119628906e+00
-1.668333657582600793e+01 -6.776559352874755859e+00
-1.540503406524658203e+01 -6.730000019073486328e+00
-1.623602231343587121e+01 -6.374412536621093750e+00
-1.647886292139689246e+01 -5.944604873657226562e+00
-1.634656842549641809e+01 -5.572143554687500000e+00
-1.596739292144775391e+01 -5.317039728164672852e+00
-1.592881759007771869e+01 -8.064443588256835938e+00
-1.430513016382853131e+01 -6.692118406295776367e+00
-1.623697837193806848e+01 -5.582759857177734375e+00
-1.618210395177205285e+01 -4.303372740745544434e+00
-1.666432984670003137e+01 -6.347144126892089844e+00
-1.610252030690510949e+01 -4.443883419036865234e+00
-1.658644326527913293e+01 -5.311164379119873047e+00
-1.657354418436686316e+01 -4.475825190544128418e+00
-1.714241504669189453e+01 -5.820287227630615234e+00
-1.557692178090413471e+01 -4.537303924560546875e+00
-1.698089599609375000e+01 -5.311217546463012695e+00
-1.712688318888346473e+01 -4.627579212188720703e+00
-1.634414863586425781e+01 -5.619785308837890625e+00
-1.546335315704345703e+01 -6.141180515289306641e+00
-1.557049640019734760e+01 -8.105093479156494141e+00
-1.588570817311604877e+01 -7.044638633728027344e+00
-1.650995540618896484e+01 -5.689244270324707031e+00
-1.489725192387898822e+01 -4.357767820358276367e+00
-1.588941796620686908e+01 -7.023011684417724609e+00
-1.650930118560791016e+01 -6.436487197875976562e+00
-1.703477732340494910e+01 -4.740932226181030273e+00
-1.742061297098795691e+01 -8.445417165756225586e+00
-1.749856726328532019e+01 -7.363105058670043945e+00
-1.736749871571858606e+01 -4.629648208618164062e+00
-1.722561041514078894e+01 -6.568465232849121094e+00
-1.785887845357258996e+01 -4.831688404083251953e+00
-1.707902590433756629e+01 -4.040867447853088379e+00
-1.644450918833414832e+01 -5.183628082275390625e+00
-1.699975395202636719e+01 -6.094191789627075195e+00
-1.722057612737019738e+01 -6.287883520126342773e+00
-1.781632041931152344e+01 -6.360709905624389648e+00
-1.752899201711018762e+01 -5.292640686035156250e+00
-1.695384057362874231e+01 -6.150568008422851562e+00
-1.573969936370849609e+01 -5.965638399124145508e+00
-1.737726465861002723e+01 -6.836309194564819336e+00
-1.747606722513834754e+01 -8.649653911590576172e+00
-1.736319351196289062e+01 -5.796259641647338867e+00
-1.745139694213867188e+01 -6.358370065689086914e+00
-1.817542235056559363e+01 -5.089497804641723633e+00
-1.828906122843424598e+01 -6.042128086090087891e+00
-1.808345413208007812e+01 -5.250314235687255859e+00
-1.776883792877197266e+01 -5.712907791137695312e+00
-1.836102231343587121e+01 -5.892464160919189453e+00
-1.783330408732096473e+01 -4.571107506752014160e+00
-1.696979681650797644e+01 -6.061055421829223633e+00
-1.641586446762084961e+01 -4.847294569015502930e+00
-1.626260534922282019e+01 -4.805258274078369141e+00
-1.664362255732218543e+01 -4.792420148849487305e+00
-1.711831665039062500e+01 -5.187846899032592773e+00
-1.692756716410319129e+01 -6.667899131774902344e+00
-1.598885663350423236e+01 -4.126916527748107910e+00
-1.656794134775797644e+01 -5.640973091125488281e+00
-1.695485337575276574e+01 -4.758841633796691895e+00
-1.781574344635009766e+01 -4.697515606880187988e+00
-1.739906501770019531e+01 -4.587296962738037109e+00
-1.634765688578287879e+01 -5.168461799621582031e+00
-1.712352403004964074e+01 -5.102400302886962891e+00
-1.766166973114013672e+01 -6.340419292449951172e+00
-1.788426971435546875e+01 -5.730636119842529297e+00
-1.808206844329833984e+01 -6.063319683074951172e+00
-1.860947386423746863e+01 -5.844674348831176758e+00
-1.888558991750081262e+01 -7.592611551284790039e+00
-1.866709327697753906e+01 -4.726516723632812500e+00
-1.863494555155436316e+01 -5.059367418289184570e+00
-1.779989592234293738e+01 -9.146517276763916016e+00
-1.739654350280761719e+01 -6.988880634307861328e+00
-1.835279941558837891e+01 -5.094097614288330078e+00
-1.872232246398925781e+01 -6.667070150375366211e+00
-1.842555268605550012e+01 -5.117942810058593750e+00
-1.812251154581705848e+01 -4.289230346679687500e+00
-1.814521630605061731e+01 -4.990616321563720703e+00
-1.779715410868326941e+01 -4.976894617080688477e+00
-1.609866396586100379e+01 -5.698770523071289062e+00
-1.699464988708496094e+01 -5.439317464828491211e+00
-1.769537099202473840e+01 -4.878660202026367188e+00
-1.763022422790527344e+01 -6.236913919448852539e+00
-1.868997923533121863e+01 -5.681733131408691406e+00
-1.747642326354980469e+01 -4.668808460235595703e+00
-1.721389230092366418e+01 -7.129379749298095703e+00
-1.706630071004231652e+01 -3.826338708400726318e+00
-1.762936909993489465e+01 -5.087912082672119141e+00
-1.792885271708170691e+01 -4.005923151969909668e+00
-1.797220865885416785e+01 -5.577806711196899414e+00
-1.898059145609537879e+01 -4.098106861114501953e+00
-1.756583468119303504e+01 -4.929819107055664062e+00
-1.762620353698730469e+01 -4.681999683380126953e+00
-1.833996136983235559e+01 -4.891752958297729492e+00
-1.862907314300537109e+01 -4.766585588455200195e+00
-1.881093660990397254e+01 -4.073359370231628418e+00
-1.883887259165446082e+01 -6.023356676101684570e+00
-1.915755240122477332e+01 -5.330235242843627930e+00
-1.913272730509440223e+01 -5.723766565322875977e+00
-1.786101150512695312e+01 -6.295216083526611328e+00
-1.837082513173421106e+01 -4.976843833923339844e+00
-1.814622910817464074e+01 -5.659631013870239258e+00
-1.754974714914957801e+01 -5.001811742782592773e+00
-1.729821459452311316e+01 -8.362188816070556641e+00
-1.806084569295247277e+01 -6.893793821334838867e+00
-1.777123069763183594e+01 -6.722222328186035156e+00
-1.653337430953979492e+01 -4.705895900726318359e+00
-1.746762911478678504e+01 -6.238238573074340820e+00
-1.587634197870890240e+01 -4.942435503005981445e+00
-1.693286975224812707e+01 -5.529632091522216797e+00
-1.818033568064371863e+01 -5.035228729248046875e+00
-1.839138094584147254e+01 -4.479650259017944336e+00
-1.763444852828979492e+01 -6.720957756042480469e+00
-1.688774855931599816e+01 -4.303446769714355469e+00
-1.782294448216756066e+01 -9.550513744354248047e+00
-1.857791678110758582e+01 -4.244084239006042480e+00
-1.791489998499552527e+01 -4.576162576675415039e+00
-1.813457965850830078e+01 -5.010864257812500000e+00
-1.680348523457844934e+01 -5.640958547592163086e+00
-1.806409200032551965e+01 -5.950067996978759766e+00
-1.927313931783040246e+01 -4.210090041160583496e+00
-1.778263743718465051e+01 -6.563898563385009766e+00
-1.720749044418334961e+01 -6.991013526916503906e+00
-1.786667029062907019e+01 -7.632366418838500977e+00
-1.823042519887288293e+01 -7.571265459060668945e+00
-1.741784111658732215e+01 -4.674533605575561523e+00
-1.793720849355061731e+01 -3.934580147266387939e+00
-1.852410475413004676e+01 -5.202756404876708984e+00
-1.872396596272786340e+01 -3.998358726501464844e+00
-1.895065943400065223e+01 -3.953593969345092773e+00
-1.935148080190022668e+01 -5.787095069885253906e+00
-1.995991929372151574e+01 -4.699726104736328125e+00
-1.967838033040364465e+01 -6.745023727416992188e+00
-1.940227762858073035e+01 -5.707370042800903320e+00
-1.903700033823649207e+01 -6.593423366546630859e+00
-1.886413892110188684e+01 -3.751219332218170166e+00
-1.907420762379964074e+01 -4.518945455551147461e+00
-1.894840494791666785e+01 -4.629848718643188477e+00
-1.885876560211181641e+01 -5.935370445251464844e+00
-1.944894886016845703e+01 -6.061058998107910156e+00
-2.006943575541178504e+01 -6.795512914657592773e+00
-2.051223532358805457e+01 -4.595911502838134766e+00
-2.005280590057373047e+01 -4.122104883193969727e+00
-1.847920354207356652e+01 -7.208304405212402344e+00
-1.922503852844238281e+01 -5.400840282440185547e+00
-1.980927149454752723e+01 -5.912236928939819336e+00
-2.001180617014567176e+01 -4.596969366073608398e+00
-1.876738007863362512e+01 -4.013446450233459473e+00
-1.851566441853841027e+01 -4.793951988220214844e+00
-1.992276795705159387e+01 -5.384051322937011719e+00
-1.924180730183919152e+01 -4.517185926437377930e+00
-1.708898258209228516e+01 -6.507144212722778320e+00
-1.831851911544799805e+01 -4.057062029838562012e+00
-1.925595728556315223e+01 -5.251457691192626953e+00
-1.927508004506428918e+01 -7.311959981918334961e+00
-2.021070257822672644e+01 -4.868599414825439453e+00
-1.940497175852457801e+01 -5.017973184585571289e+00
-1.848921489715576172e+01 -4.894172191619873047e+00
-1.936604976654052734e+01 -9.206918716430664062e+00
-1.887078634897867957e+01 -5.446693658828735352e+00
-1.868404738108317176e+01 -3.881664514541625977e+00
-1.882242298126220703e+01 -7.554279565811157227e+00
-1.928431002298991004e+01 -5.362869262695312500e+00
-1.854471206665039062e+01 -5.959031581878662109e+00
-1.962734826405842981e+01 -3.816333770751953125e+00
-1.534328673283259015e+01 -4.045988202095031738e+00
-1.615921481450398645e+01 -4.794333219528198242e+00
-1.390841770172119141e+01 -6.351756215095520020e+00
-1.455446974436441998e+01 -4.085873246192932129e+00
-1.550023460388183594e+01 -4.811647534370422363e+00
-1.785850588480631629e+01 -4.612778782844543457e+00
-1.862940502166748047e+01 -5.027401924133300781e+00
-1.893150933583577356e+01 -5.908491611480712891e+00
-2.000664520263671875e+01 -4.606333255767822266e+00
-2.029791959126790246e+01 -5.284832715988159180e+00
-2.030503400166829309e+01 -5.578135490417480469e+00
-1.932552973429362098e+01 -4.324119448661804199e+00
-1.964441935221354285e+01 -5.538321495056152344e+00
-1.950863552093505859e+01 -4.699884891510009766e+00
-1.998832066853841027e+01 -6.612448215484619141e+00
-1.915881347656250000e+01 -4.676672697067260742e+00
-1.871925322214762488e+01 -5.771375179290771484e+00
-1.980289522806803504e+01 -5.075131654739379883e+00
-2.027304458618164062e+01 -4.883141279220581055e+00
-2.021274089813232422e+01 -5.008686304092407227e+00
-2.010058053334553918e+01 -5.098499298095703125e+00
-2.048241774241129676e+01 -6.998784542083740234e+00
-2.023140462239583215e+01 -6.233942508697509766e+00
-1.920459047953287879e+01 -4.648142337799072266e+00
-1.977566655476887902e+01 -5.788314819335937500e+00
-1.995428498586018762e+01 -6.457835197448730469e+00
-2.027697118123372277e+01 -4.624333143234252930e+00
-2.041640377044677734e+01 -4.617124319076538086e+00
-2.024549579620361328e+01 -4.051152467727661133e+00
-2.011294428507487098e+01 -5.466547727584838867e+00
-1.893528811136881629e+01 -4.932945489883422852e+00
-2.027204004923502723e+01 -5.342610836029052734e+00
-1.982158470153808594e+01 -3.398863315582275391e+00
-1.981218751271565637e+01 -6.381881237030029297e+00
-1.942393143971760949e+01 -5.262857437133789062e+00
-1.938809045155842981e+01 -5.056000709533691406e+00
-2.013988494873046875e+01 -4.018258452415466309e+00
-2.060213724772135535e+01 -5.246175527572631836e+00
-2.036636670430501184e+01 -5.046806812286376953e+00
-2.030298233032226562e+01 -4.766772747039794922e+00
-2.046048227945963660e+01 -5.124043941497802734e+00
-2.057843240102132043e+01 -5.095960140228271484e+00
-2.040463956197102746e+01 -5.318578243255615234e+00
-1.989167849222819129e+01 -4.164615869522094727e+00
-1.866147708892822266e+01 -5.896505117416381836e+00
-1.901429748535156250e+01 -6.551717519760131836e+00
-1.990944544474283973e+01 -6.010274887084960938e+00
-1.838113880157470703e+01 -4.911620855331420898e+00
-1.735571765899658203e+01 -5.205703496932983398e+00
-1.738072093327840051e+01 -5.502765178680419922e+00
-1.892574214935302734e+01 -5.129448652267456055e+00
-2.024643707275390625e+01 -6.628305912017822266e+00
-2.091586208343505859e+01 -5.915601253509521484e+00
-2.151212406158447266e+01 -5.291821241378784180e+00
-2.094992065429687500e+01 -4.131932735443115234e+00
-1.993198172251383582e+01 -4.793342590332031250e+00
-2.090365473429362098e+01 -5.006573915481567383e+00
-2.158030796051025391e+01 -5.538986206054687500e+00
-2.132312742869059363e+01 -5.665262222290039062e+00
-1.912962627410888672e+01 -4.757535457611083984e+00
-2.040868568420410156e+01 -3.750245451927185059e+00
-2.024414761861165246e+01 -4.738783121109008789e+00
-1.954686101277669152e+01 -6.047270298004150391e+00
-2.063423633575439453e+01 -4.719678878784179688e+00
-2.113758468627929688e+01 -5.081682443618774414e+00
-2.138897450764973840e+01 -4.006302118301391602e+00
-2.177942180633544922e+01 -4.711111068725585938e+00
-2.121552276611328125e+01 -4.272976875305175781e+00
-2.071811930338541785e+01 -7.171397209167480469e+00
-2.023933982849121094e+01 -7.694945335388183594e+00
-2.074604320526123047e+01 -5.629666566848754883e+00
-1.986489868164062500e+01 -3.736069679260253906e+00
-1.962534554799397668e+01 -4.160972595214843750e+00
-2.037930202484130859e+01 -7.219880104064941406e+00
-2.156582927703857422e+01 -5.238891601562500000e+00
-2.116335105895996094e+01 -4.092184543609619141e+00
-2.096512381235758582e+01 -5.054629802703857422e+00
-2.092702452341715613e+01 -5.864618539810180664e+00
-2.101804288228352746e+01 -4.988714218139648438e+00
-2.133958053588867188e+01 -4.717474222183227539e+00
-2.170342381795247277e+01 -5.104836463928222656e+00
-2.176214949289957801e+01 -3.933356761932373047e+00
-2.162150955200195312e+01 -4.300411343574523926e+00
-2.181937980651855469e+01 -6.264879226684570312e+00
-2.138519827524821082e+01 -4.885656833648681641e+00
-2.071726989746093750e+01 -6.100456953048706055e+00
-2.188416417439778527e+01 -5.033119916915893555e+00
-2.126348940531412879e+01 -4.653312444686889648e+00
-1.946595446268717566e+01 -4.430101633071899414e+00
-2.057392724355061731e+01 -4.290303945541381836e+00
-2.136100451151530066e+01 -5.700321912765502930e+00
-2.067593256632487098e+01 -5.222217559814453125e+00
-2.184355767567952356e+01 -5.432219028472900391e+00
-2.054891999562581262e+01 -5.179253339767456055e+00
-1.879414049784342566e+01 -4.787293910980224609e+00
-2.009686406453450402e+01 -5.559571027755737305e+00
-2.007494099934895715e+01 -4.454803466796875000e+00
-2.012058226267496863e+01 -7.869522571563720703e+00
-2.137892564137776574e+01 -3.712934434413909912e+00
-2.150708007812500000e+01 -4.348955869674682617e+00
-2.168278757731119910e+01 -6.003730297088623047e+00
-2.178113460540771484e+01 -4.385473012924194336e+00
-2.159814516703287879e+01 -5.424273490905761719e+00
-2.207775402069091797e+01 -4.576689004898071289e+00
-2.138835239410400391e+01 -4.945483207702636719e+00
-2.262565708160400391e+01 -5.161491394042968750e+00
-2.265295696258544922e+01 -4.540723919868469238e+00
-2.248652998606364051e+01 -7.139003753662109375e+00
-2.231720574696858606e+01 -5.086491823196411133e+00
-2.232228819529215613e+01 -5.318085432052612305e+00
-2.118502298990885535e+01 -5.397947072982788086e+00
-2.130987294514973840e+01 -6.453660964965820312e+00
-2.159970188140869141e+01 -4.493489384651184082e+00
-2.205566183725992957e+01 -4.855516672134399414e+00
-2.246558602650960168e+01 -4.624017953872680664e+00
-2.179104677836100379e+01 -1.004993057250976562e+01
-2.098553148905436316e+01 -5.299109458923339844e+00
-1.867246850331624231e+01 -4.350616216659545898e+00
-1.841527986526489258e+01 -5.532382011413574219e+00
-1.864522775014241418e+01 -5.404361248016357422e+00
-1.905197397867838660e+01 -4.632643938064575195e+00
-2.031745719909667969e+01 -6.624442577362060547e+00
-2.084034729003906250e+01 -6.769997358322143555e+00
-2.058910338083903113e+01 -5.069159030914306641e+00
-2.039795049031575402e+01 -4.471225500106811523e+00
-1.992870998382568359e+01 -6.582047939300537109e+00
-2.059760220845540246e+01 -6.269837141036987305e+00
-2.145930957794189453e+01 -6.540511608123779297e+00
-2.227131621042887488e+01 -4.775614261627197266e+00
-2.134669272104899207e+01 -6.463280916213989258e+00
-2.199885336558024207e+01 -4.385541915893554688e+00
-2.200311279296875000e+01 -5.039438486099243164e+00
-2.224949995676676551e+01 -6.703577518463134766e+00
-2.207491620381673059e+01 -4.918215036392211914e+00
-2.213509654998779297e+01 -5.777831792831420898e+00
-2.208677768707275391e+01 -6.382546663284301758e+00
-2.167051474253336707e+01 -5.967534303665161133e+00
-2.077767149607340613e+01 -6.015420436859130859e+00
-2.175785636901855469e+01 -5.223733186721801758e+00
-2.258638000488281250e+01 -4.459601759910583496e+00
-2.293807570139567176e+01 -5.456022739410400391e+00
-2.247120189666748047e+01 -3.858090460300445557e+00
-2.265104039510091027e+01 -3.997456431388854980e+00
-2.133204682668050012e+01 -5.515425443649291992e+00
-1.972591654459635535e+01 -5.502372980117797852e+00
-2.012365976969401160e+01 -6.663240909576416016e+00
-2.168230819702148438e+01 -5.565082311630249023e+00
-2.234375254313151160e+01 -4.331371545791625977e+00
-1.993640804290771484e+01 -6.950052738189697266e+00
-2.097162691752116004e+01 -5.302438020706176758e+00
-2.079034646352132043e+01 -5.858175277709960938e+00
-1.979938475290934363e+01 -3.933780550956726074e+00
-2.193201700846354285e+01 -5.156635046005249023e+00
-2.227329158782958984e+01 -5.871425628662109375e+00
-2.220147450764973840e+01 -5.974322319030761719e+00
-1.968969217936198035e+01 -4.565569400787353516e+00
-1.971309121449788293e+01 -5.678651332855224609e+00
-2.080636850992838660e+01 -5.914585590362548828e+00
-2.220009549458821496e+01 -4.928926229476928711e+00
-2.145272000630696496e+01 -6.674762487411499023e+00
-2.296949036916096887e+01 -5.016035795211791992e+00
-2.248715909322102746e+01 -6.132935285568237305e+00
-2.280189100901285926e+01 -4.516209125518798828e+00
-2.234761079152425012e+01 -4.803106307983398438e+00
-2.220922978719075402e+01 -5.073229312896728516e+00
-2.126403776804606238e+01 -5.484951972961425781e+00
-2.194190279642741004e+01 -6.859666347503662109e+00
-2.295758628845214844e+01 -4.530948281288146973e+00
-2.270004208882649621e+01 -3.749335289001464844e+00
-2.275204054514567176e+01 -4.129317760467529297e+00
-2.311679553985595703e+01 -6.307053089141845703e+00
-2.272930463155110559e+01 -8.054128766059875488e+00
-2.182717768351237098e+01 -4.948545932769775391e+00
-2.293809668223063269e+01 -4.364694833755493164e+00
-2.187127431233723840e+01 -5.177562236785888672e+00
-2.201697731018066406e+01 -4.579807281494140625e+00
-2.137511698404948035e+01 -4.213773250579833984e+00
-2.057061703999837121e+01 -6.366816997528076172e+00
-2.128438854217529297e+01 -5.433370590209960938e+00
-2.226233037312825402e+01 -6.238698959350585938e+00
-2.220211537679036340e+01 -4.958519458770751953e+00
-2.087496662139892578e+01 -6.307974338531494141e+00
-2.170769755045573035e+01 -8.090270519256591797e+00
-2.220129013061523438e+01 -6.176944732666015625e+00
-2.200438499450683594e+01 -5.876128435134887695e+00
-2.341916688283284387e+01 -4.620649099349975586e+00
-2.322360006968180457e+01 -5.167518377304077148e+00
-2.317068068186442176e+01 -4.930396080017089844e+00
-2.191149902343750000e+01 -6.164783000946044922e+00
-2.178298282623291016e+01 -4.326504588127136230e+00
-2.185987472534179688e+01 -4.431457161903381348e+00
-2.225253168741862098e+01 -4.639425754547119141e+00
-2.261175441741943359e+01 -5.293481826782226562e+00
-2.301310221354166785e+01 -4.576591491699218750e+00
-2.175953928629557410e+01 -5.508558988571166992e+00
-2.194986248016357422e+01 -4.810853958129882812e+00
-2.068161392211914062e+01 -4.261873960494995117e+00
-2.172772820790608606e+01 -5.139993906021118164e+00
-2.158814779917399207e+01 -4.521213173866271973e+00
-2.251707235972086707e+01 -5.898811578750610352e+00
-2.345088831583658973e+01 -5.882239103317260742e+00
-2.316045157114664832e+01 -5.312104225158691406e+00
-2.296103827158610144e+01 -7.253098249435424805e+00
-2.325815200805664062e+01 -5.530814886093139648e+00
-2.343088277180989465e+01 -5.072417259216308594e+00
-2.300396505991617957e+01 -5.232035160064697266e+00
-2.309551429748535156e+01 -5.442131042480468750e+00
-2.339685980478922644e+01 -5.057227134704589844e+00
-2.364525540669758996e+01 -4.512822389602661133e+00
-2.058169682820637902e+01 -4.791410446166992188e+00
-1.903560527165730676e+01 -4.901406764984130859e+00
-2.130440902709960938e+01 -4.511634349822998047e+00
-2.119467353820800781e+01 -4.794771671295166016e+00
-1.971918773651123047e+01 -4.278146743774414062e+00
-2.132006009419758996e+01 -6.784255981445312500e+00
-2.081909211476643762e+01 -5.969952583312988281e+00
-2.264163589477539062e+01 -4.307564496994018555e+00
-2.271463425954182824e+01 -5.443946838378906250e+00
-2.274671268463134766e+01 -3.944174528121948242e+00
-2.265135701497395715e+01 -6.039927244186401367e+00
-2.339106051127116004e+01 -5.332244634628295898e+00
-2.291371536254882812e+01 -6.705847024917602539e+00
-2.397274621327717981e+01 -5.911971569061279297e+00
-2.370061111450195312e+01 -4.884946107864379883e+00
-2.293365192413330078e+01 -5.945498943328857422e+00
-2.231648317972819129e+01 -5.299800395965576172e+00
-2.219245497385660926e+01 -5.312448740005493164e+00
-2.144373766581217566e+01 -4.348016381263732910e+00
-2.009087498982747277e+01 -3.955302000045776367e+00
-2.124489053090413293e+01 -5.731891155242919922e+00
-2.165865643819173059e+01 -4.056646108627319336e+00
-2.233998139699300012e+01 -5.418117761611938477e+00
-2.154854234059651574e+01 -4.830404996871948242e+00
-2.255802758534749231e+01 -5.041437149047851562e+00
-2.131955846150716027e+01 -6.349046230316162109e+00
-2.298371696472167969e+01 -5.357976913452148438e+00
-2.348275407155354699e+01 -5.418144702911376953e+00
-2.279862403869628906e+01 -4.583343744277954102e+00
-2.250235525767008582e+01 -5.324915885925292969e+00
-2.353504784901936731e+01 -4.354302644729614258e+00
-2.294389692942301551e+01 -3.910200655460357666e+00
-2.314373048146565637e+01 -5.828203916549682617e+00
-2.315991497039794922e+01 -6.826894760131835938e+00
-2.356366888682047644e+01 -4.296804547309875488e+00
-2.396083704630533973e+01 -4.910001277923583984e+00
-2.362878227233886719e+01 -7.605993509292602539e+00
-2.341359297434489051e+01 -4.381090164184570312e+00
-2.270453135172526160e+01 -6.219583034515380859e+00
-2.167002900441487512e+01 -4.161614298820495605e+00
-2.118883450826008996e+01 -6.731479406356811523e+00
-2.213123321533203125e+01 -7.541575670242309570e+00
-2.172230243682861328e+01 -4.866016864776611328e+00
-2.223430442810058594e+01 -4.199147999286651611e+00
-2.120061810811360559e+01 -5.616320610046386719e+00
-2.244257132212321082e+01 -4.635754108428955078e+00
-2.338947582244873047e+01 -5.792826414108276367e+00
-2.384018325805664062e+01 -5.613642215728759766e+00
-2.378365516662597656e+01 -5.585089683532714844e+00
-2.428628444671630859e+01 -6.125009059906005859e+00
-2.458828608194987098e+01 -5.132216930389404297e+00
-2.285636329650878906e+01 -5.240025997161865234e+00
-2.223400465647379676e+01 -4.561632275581359863e+00
-2.313506380716959754e+01 -5.414684057235717773e+00
-2.211626593271891394e+01 -4.413581848144531250e+00
-2.384235032399495324e+01 -6.610630512237548828e+00
-2.404153633117675781e+01 -4.844245195388793945e+00
-2.252883911132812500e+01 -3.864914834499359131e+00
-2.318116092681884766e+01 -6.323881626129150391e+00
-2.307537714640299598e+01 -6.140390872955322266e+00
-2.363546212514241418e+01 -4.246330857276916504e+00
-2.422003142038981238e+01 -5.736768484115600586e+00
-2.340618832906087121e+01 -4.865731954574584961e+00
-2.359502442677815637e+01 -5.291679143905639648e+00
-2.339436213175455848e+01 -4.176305890083312988e+00
-2.406891441345214844e+01 -5.920291423797607422e+00
-2.390594387054443359e+01 -5.453363656997680664e+00
-2.412590567270914832e+01 -3.958795905113220215e+00
-2.280575815836588660e+01 -4.624569296836853027e+00
-2.330295022328694543e+01 -5.404711246490478516e+00
-2.402431074778239051e+01 -5.598981857299804688e+00
-2.396757793426513672e+01 -6.115551471710205078e+00
-2.145436064402262488e+01 -4.338926076889038086e+00
-2.235865815480550012e+01 -5.960370302200317383e+00
-2.231195735931396484e+01 -4.943902254104614258e+00
-2.153441397349039832e+01 -3.910867452621459961e+00
-2.269584306081135949e+01 -4.325193405151367188e+00
-2.283140754699707031e+01 -4.403172254562377930e+00
-2.402702331542968750e+01 -4.189303636550903320e+00
-2.305610020955403527e+01 -3.631982922554016113e+00
-2.165981324513753137e+01 -5.065639972686767578e+00
-2.153416347503662109e+01 -5.285223484039306641e+00
-2.254594389597574988e+01 -7.406780719757080078e+00
-2.270581086476643762e+01 -5.276998758316040039e+00
-2.347914536794026574e+01 -4.408325910568237305e+00
-2.320156033833821496e+01 -7.408277988433837891e+00
-1.730162700017293176e+01 -5.610818624496459961e+00
-1.905699825286865234e+01 -6.322247982025146484e+00
-2.114875411987304688e+01 -5.237999677658081055e+00
-2.065234088897705078e+01 -4.319859027862548828e+00
-1.953410657246907434e+01 -5.304544448852539062e+00
-2.193411127726237098e+01 -3.977262973785400391e+00
-2.422183100382487098e+01 -5.823196172714233398e+00
-2.404145812988281250e+01 -5.986289024353027344e+00
-2.429434521993001184e+01 -5.509032726287841797e+00
-2.242667166392008582e+01 -4.011391878128051758e+00
-2.258505058288574219e+01 -4.712883710861206055e+00
-2.290561993916829309e+01 -6.437070131301879883e+00
-2.342083899180094519e+01 -6.583331108093261719e+00
-2.364391803741455078e+01 -5.560626506805419922e+00
-2.327926762898762902e+01 -5.563926696777343750e+00
-2.328381824493408203e+01 -6.252182006835937500e+00
-2.264759286244710168e+01 -3.786147713661193848e+00
-2.352764892578125000e+01 -4.963103771209716797e+00
-2.333861001332600793e+01 -4.505747556686401367e+00
-2.268709595998128137e+01 -5.086740970611572266e+00
-2.296155834197998047e+01 -4.142125606536865234e+00
-2.390214633941650391e+01 -6.404684782028198242e+00
-2.405570379892985144e+01 -8.123756408691406250e+00
-2.459762700398762902e+01 -5.437520980834960938e+00
-2.357129414876301965e+01 -4.677795410156250000e+00
-2.033184623718261719e+01 -5.627916097640991211e+00
-2.088343556722005090e+01 -4.835384607315063477e+00
-2.159487946828206262e+01 -5.645161390304565430e+00
-2.080086517333984375e+01 -3.963146448135375977e+00
-2.306098524729410926e+01 -4.325453400611877441e+00
-2.387451616923014441e+01 -5.101328134536743164e+00
-2.261612447102864465e+01 -3.540172219276428223e+00
-2.341175238291422644e+01 -4.314601063728332520e+00
-2.408446407318115234e+01 -4.063746333122253418e+00
-2.480694135030110559e+01 -4.013008713722229004e+00
-2.403277142842610559e+01 -4.001390337944030762e+00
-2.486960379282633582e+01 -3.850188732147216797e+00
-2.451012388865153113e+01 -5.249805927276611328e+00
-2.427303218841552734e+01 -6.237893819808959961e+00
-2.337400468190510949e+01 -4.965072870254516602e+00
-2.318813546498616418e+01 -5.530039310455322266e+00
-2.494952932993571082e+01 -4.531705379486083984e+00
-2.396962261199951172e+01 -4.387137174606323242e+00
-2.223703829447428504e+01 -5.654272317886352539e+00
-2.481704521179199219e+01 -7.163770675659179688e+00
-2.558615239461262902e+01 -5.282917261123657227e+00
-2.521716976165771484e+01 -4.292464733123779297e+00
-2.199576473236083984e+01 -4.227048754692077637e+00
-2.235057353973388672e+01 -5.290071249008178711e+00
-2.144301191965739051e+01 -6.226515293121337891e+00
-2.189660390218098840e+01 -4.122791528701782227e+00
-2.157663567860921106e+01 -4.910926818847656250e+00
-2.233335240681966027e+01 -4.186305165290832520e+00
-2.317306009928385535e+01 -5.134017705917358398e+00
-2.248502922058105469e+01 -5.191631078720092773e+00
-2.117108949025471887e+01 -6.419964671134948730e+00
-2.146518834431966027e+01 -7.651589870452880859e+00
-2.105619049072265625e+01 -4.521522998809814453e+00
-2.375304381052653113e+01 -4.383833885192871094e+00
-2.401277764638264856e+01 -3.809499979019165039e+00
-2.332017962137858191e+01 -6.049096107482910156e+00
-2.295413335164387902e+01 -5.056582450866699219e+00
-2.313692188262939453e+01 -5.323404073715209961e+00
-2.213062413533528527e+01 -6.735644102096557617e+00
-2.239173221588134766e+01 -4.436412811279296875e+00
-2.257711442311604699e+01 -5.082692623138427734e+00
-2.258771292368571082e+01 -4.698945283889770508e+00
-2.215867678324381629e+01 -6.648042678833007812e+00
-2.239663060506184777e+01 -6.573104619979858398e+00
-2.290515931447346887e+01 -7.860091686248779297e+00
-2.202959283192952356e+01 -5.653526306152343750e+00
-2.191335074106852332e+01 -3.956950068473815918e+00
-2.159846750895182410e+01 -4.018926620483398438e+00
-2.222601668039957801e+01 -5.950240373611450195e+00
-2.395217100779215613e+01 -4.785531997680664062e+00
-2.420410092671712121e+01 -4.144629716873168945e+00
-2.470423984527587891e+01 -3.993248224258422852e+00
-2.394782193501790246e+01 -6.174191236495971680e+00
-2.360217157999674598e+01 -4.004196047782897949e+00
-2.311526902516682824e+01 -5.620428323745727539e+00
-2.288117663065592566e+01 -4.819490671157836914e+00
-2.395018990834553918e+01 -5.452412366867065430e+00
-2.314268366495768348e+01 -5.740000724792480469e+00
-2.472755304972330848e+01 -4.702465534210205078e+00
-2.480522632598876953e+01 -5.888039827346801758e+00
-2.398252550760905066e+01 -5.429443597793579102e+00
-2.219774595896403113e+01 -4.159066796302795410e+00
-2.088134797414143762e+01 -4.511487007141113281e+00
-2.024690977732340613e+01 -5.817650556564331055e+00
-2.258097171783447266e+01 -5.028820276260375977e+00
-2.387352530161539832e+01 -6.716970205307006836e+00
-2.476059277852376184e+01 -5.369030714035034180e+00
-2.485742600758870324e+01 -5.021136045455932617e+00
-2.244907633463541785e+01 -4.932206392288208008e+00
-2.219054635365803918e+01 -5.081182718276977539e+00
-2.437680403391520301e+01 -6.873454093933105469e+00
-2.518157132466633996e+01 -4.356423854827880859e+00
-2.492873382568359375e+01 -5.937257051467895508e+00
-2.285720539093017578e+01 -4.827800750732421875e+00
-2.354224459330241004e+01 -3.640531897544860840e+00
-2.428396606445312500e+01 -6.538060426712036133e+00
-2.461061890920003137e+01 -5.104569911956787109e+00
-2.485971609751383582e+01 -6.314110040664672852e+00
-2.429688835144042969e+01 -4.643766403198242188e+00
-2.492150147755940637e+01 -5.221689224243164062e+00
-2.439209302266438684e+01 -5.979465246200561523e+00
-2.394005171457926551e+01 -4.131241679191589355e+00
-2.390149784088134766e+01 -5.072614431381225586e+00
-2.445547040303548059e+01 -3.961055755615234375e+00
-2.449344571431477746e+01 -5.422996282577514648e+00
-2.501655928293864051e+01 -4.345355868339538574e+00
-2.413446394602457801e+01 -6.558441162109375000e+00
-2.464264774322509766e+01 -4.279188871383666992e+00
-2.260818672180175781e+01 -5.014263153076171875e+00
-2.147157160441080848e+01 -5.329261541366577148e+00
-2.399235916137695312e+01 -6.416912794113159180e+00
-2.399828529357910156e+01 -4.763269424438476562e+00
-2.448843383789062500e+01 -5.042630910873413086e+00
-2.482384363810221473e+01 -3.969655752182006836e+00
-2.483742745717366418e+01 -4.221121430397033691e+00
-2.482187938690185547e+01 -5.655129909515380859e+00
-2.457547410329182824e+01 -3.959062337875366211e+00
-2.348330720265706262e+01 -5.591100931167602539e+00
-2.211574077606201172e+01 -6.139630317687988281e+00
-2.417362372080485144e+01 -4.530681848526000977e+00
-2.440918509165446082e+01 -4.524063110351562500e+00
-2.486384550730387488e+01 -4.891049385070800781e+00
-2.426737976074218750e+01 -5.393131494522094727e+00
-2.496176592508951941e+01 -5.261929750442504883e+00
-2.457907168070475379e+01 -3.950442671775817871e+00
-2.520529778798421106e+01 -4.745352506637573242e+00
-2.437561353047688684e+01 -6.072350978851318359e+00
-2.433848031361897668e+01 -5.342037200927734375e+00
-2.466096464792887488e+01 -5.818447113037109375e+00
-2.442607307434082031e+01 -5.772942781448364258e+00
-2.422981198628743371e+01 -6.060436725616455078e+00
-2.420267740885416785e+01 -3.948555469512939453e+00
-2.466423098246256629e+01 -4.989139795303344727e+00
-2.465247726440429688e+01 -4.003396868705749512e+00
-2.453223419189453125e+01 -4.957485675811767578e+00
-2.510339514414469519e+01 -7.468608856201171875e+00
-2.365864690144856652e+01 -5.859257459640502930e+00
-2.328490988413492957e+01 -4.873882055282592773e+00
-2.290069643656412879e+01 -4.660916805267333984e+00
-2.396419366200764856e+01 -5.603335380554199219e+00
-2.313361104329426965e+01 -5.236424446105957031e+00
-2.306875991821289062e+01 -6.396211147308349609e+00
-2.393767007191975793e+01 -4.608625173568725586e+00
-2.328499603271484375e+01 -5.321917533874511719e+00
-2.353368186950683594e+01 -4.476084232330322266e+00
-2.359520149230957031e+01 -5.438437938690185547e+00
-2.289575799306233606e+01 -4.551716327667236328e+00
-2.263848622639973840e+01 -3.265414655208587646e+00
-2.194506200154622277e+01 -7.455235004425048828e+00
-2.362034130096435547e+01 -4.611513614654541016e+00
-2.341163444519042969e+01 -4.980326890945434570e+00
-2.491412067413330078e+01 -3.869902133941650391e+00
-2.392239443461100379e+01 -6.804083824157714844e+00
-2.236740525563557824e+01 -4.577092409133911133e+00
-2.259635607401530066e+01 -4.363439798355102539e+00
-2.343135325113932410e+01 -5.752052068710327148e+00
-2.433245754241943359e+01 -4.023488283157348633e+00
-2.497837766011555871e+01 -4.381576538085937500e+00
-2.571391518910725793e+01 -5.767182826995849609e+00
-2.559509150187174598e+01 -5.394168376922607422e+00
-2.502329413096110144e+01 -5.654362916946411133e+00
-2.422981739044189453e+01 -4.981168031692504883e+00
-2.507645988464355469e+01 -4.662883996963500977e+00
-2.507675743103027344e+01 -5.196497917175292969e+00
-2.455237261454264441e+01 -4.621413230895996094e+00
-2.438787174224853516e+01 -4.904537916183471680e+00
-2.373962052663167199e+01 -5.376446962356567383e+00
-2.393655014038085938e+01 -4.914737224578857422e+00
-2.462955125172932824e+01 -6.493697643280029297e+00
-2.372087160746256629e+01 -7.297513484954833984e+00
-2.292440764109293738e+01 -4.720764636993408203e+00
-2.494679037729899207e+01 -4.633279323577880859e+00
-2.534276485443115234e+01 -6.168698549270629883e+00
-2.454650847117106238e+01 -4.777715444564819336e+00
-2.503022575378417969e+01 -7.311258316040039062e+00
-2.481599235534667969e+01 -5.365202903747558594e+00
-2.348398494720458984e+01 -4.850005626678466797e+00
-2.537892945607503137e+01 -6.075932741165161133e+00
-2.465983740488688269e+01 -4.967085361480712891e+00
-2.561780261993408203e+01 -4.594159603118896484e+00
-2.606835969289143762e+01 -4.810322999954223633e+00
-2.669381141662597656e+01 -5.235010862350463867e+00
-2.637713940938313684e+01 -5.284686565399169922e+00
-2.472676976521809777e+01 -4.705808162689208984e+00
-2.478090159098307410e+01 -6.206849813461303711e+00
-2.296521472930908203e+01 -5.290509700775146484e+00
-2.354666868845621863e+01 -4.624501466751098633e+00
-2.422211901346842566e+01 -6.203450441360473633e+00
-2.377339808146158973e+01 -4.795877933502197266e+00
-2.301665401458740234e+01 -5.298687696456909180e+00
-2.328469181060791016e+01 -5.165570259094238281e+00
-2.326627699534098426e+01 -5.319050788879394531e+00
-2.195654519399007043e+01 -4.504521131515502930e+00
-2.053683217366536340e+01 -5.458293437957763672e+00
-2.123064804077148438e+01 -5.887463331222534180e+00
-2.306075795491536340e+01 -4.756493091583251953e+00
-2.427370993296305457e+01 -5.227788448333740234e+00
-2.500598526000976562e+01 -6.164237976074218750e+00
-2.524982229868571082e+01 -4.040508508682250977e+00
-2.628423817952473840e+01 -7.123201847076416016e+00
-2.587819004058837891e+01 -4.388224840164184570e+00
-2.394256019592285156e+01 -5.128758430480957031e+00
-2.167358016967773438e+01 -4.519156217575073242e+00
-2.296335665384928504e+01 -4.963167905807495117e+00
-2.488417847951253137e+01 -6.029568672180175781e+00
-2.572402922312418738e+01 -5.708339214324951172e+00
-2.455312252044677734e+01 -5.087880849838256836e+00
-2.412750879923502723e+01 -5.224081039428710938e+00
-2.476032829284667969e+01 -5.342059135437011719e+00
-2.381562391916910926e+01 -5.288300275802612305e+00
-2.560787232716878137e+01 -4.042117834091186523e+00
-2.476380793253580848e+01 -4.339528203010559082e+00
-2.582742309570312500e+01 -5.617041349411010742e+00
-2.535741869608561316e+01 -7.529418468475341797e+00
-2.463641897837321082e+01 -7.007635593414306641e+00
-2.507668781280517578e+01 -6.729611873626708984e+00
-2.607095241546630859e+01 -5.538598537445068359e+00
-2.549234231313069543e+01 -4.782900571823120117e+00
-2.353574975331624231e+01 -4.450455665588378906e+00
-2.044316355387369910e+01 -3.591787815093994141e+00
-2.092114035288492957e+01 -5.391960859298706055e+00
-2.140853055318196496e+01 -6.153701543807983398e+00
-2.438071886698405066e+01 -5.596822977066040039e+00
-2.622161102294921875e+01 -6.099648237228393555e+00
-2.615980688730875769e+01 -4.299683332443237305e+00
-2.532977581024169922e+01 -4.190458178520202637e+00
-2.524364439646403113e+01 -5.624487876892089844e+00
-2.601755460103352746e+01 -3.974416017532348633e+00
-2.610753981272379676e+01 -4.750988245010375977e+00
-2.627135308583577356e+01 -5.492046594619750977e+00
-2.430533472696940223e+01 -5.099621534347534180e+00
-2.515643469492594519e+01 -4.714356422424316406e+00
-2.615842914581298828e+01 -4.748151779174804688e+00
-2.595145702362060547e+01 -4.387997388839721680e+00
-2.504744021097819129e+01 -3.947376132011413574e+00
-2.396542231241862098e+01 -5.316282749176025391e+00
-2.570123513539632043e+01 -4.766801834106445312e+00
-2.614941183725992957e+01 -6.185049772262573242e+00
-2.605724747975667199e+01 -5.813280105590820312e+00
-2.614118544260660926e+01 -4.873658418655395508e+00
-2.397615273793538293e+01 -5.814968824386596680e+00
-2.384692573547363281e+01 -4.461335301399230957e+00
-2.374408658345540246e+01 -3.778243541717529297e+00
-2.302550919850667199e+01 -3.802154183387756348e+00
-2.427761745452880859e+01 -5.484399795532226562e+00
-2.541163539886474609e+01 -3.904621839523315430e+00
-2.384937731424967566e+01 -4.601040601730346680e+00
-2.599545192718505859e+01 -5.077283382415771484e+00
-2.569698619842529297e+01 -4.860692977905273438e+00
-2.411093235015869141e+01 -3.514516770839691162e+00
-2.275589466094970703e+01 -3.807972908020019531e+00
-2.405169550577799598e+01 -4.812608957290649414e+00
-2.489537016550699988e+01 -4.679650306701660156e+00
-2.464247449239094934e+01 -5.457303524017333984e+00
-2.558713118235270301e+01 -4.231145024299621582e+00
-2.465689627329508582e+01 -3.622169494628906250e+00
-2.540875784556071082e+01 -3.999895572662353516e+00
-2.412016773223876953e+01 -4.293511390686035156e+00
-2.465862878163655481e+01 -3.759636402130126953e+00
-2.366742610931396484e+01 -5.603484869003295898e+00
-2.198757394154866418e+01 -4.495281457901000977e+00
-2.219531853993733606e+01 -5.474829435348510742e+00
-2.468783887227376184e+01 -4.861494064331054688e+00
-2.522165393829345703e+01 -5.271806955337524414e+00
-2.522521527608235559e+01 -5.955382108688354492e+00
-2.677503935496012488e+01 -6.240085124969482422e+00
-2.532654825846354285e+01 -3.980985283851623535e+00
-2.613610998789469519e+01 -3.858009815216064453e+00
-2.358214569091796875e+01 -4.421138525009155273e+00
-2.394438425699869910e+01 -4.719989776611328125e+00
-2.573087151845296106e+01 -5.653358697891235352e+00
-2.468085543314616004e+01 -7.289869070053100586e+00
-2.361701933542887488e+01 -5.318759679794311523e+00
-2.532333723704020301e+01 -5.852167606353759766e+00
-2.552023665110270301e+01 -3.676585733890533447e+00
-2.391443379720051965e+01 -4.814717769622802734e+00
-2.448594284057617188e+01 -5.826397657394409180e+00
-2.428056399027506629e+01 -4.594752073287963867e+00
-2.420870431264241418e+01 -4.772825479507446289e+00
-2.463218879699707031e+01 -5.849274635314941406e+00
-2.489550558725992957e+01 -5.287831544876098633e+00
-2.447497113545735559e+01 -4.000672459602355957e+00
-2.545263926188151160e+01 -4.404311895370483398e+00
-2.564747428894042969e+01 -3.895911574363708496e+00
-2.508190282185872277e+01 -5.110852003097534180e+00
-2.576756985982258996e+01 -5.100856781005859375e+00
-2.438544050852457801e+01 -5.800362110137939453e+00
-2.391508928934733191e+01 -4.850591897964477539e+00
-2.555812199910481652e+01 -5.532009601593017578e+00
-2.504655234018961707e+01 -7.499292373657226562e+00
-2.467555268605550012e+01 -4.043323397636413574e+00
-2.528776105244954309e+01 -4.892604589462280273e+00
-2.501977443695068359e+01 -5.038356065750122070e+00
-2.512451616923014441e+01 -4.521299123764038086e+00
-2.613438383738199988e+01 -5.034975528717041016e+00
-2.688631248474121094e+01 -7.396422147750854492e+00
-2.666787115732828894e+01 -6.993680953979492188e+00
-2.441196346282958984e+01 -3.968976497650146484e+00
-2.479503186543782434e+01 -5.808125019073486328e+00
-2.498298994700114051e+01 -3.892653584480285645e+00
-2.602928066253662109e+01 -6.660356044769287109e+00
-2.573986911773681641e+01 -4.751418828964233398e+00
-2.624008083343505859e+01 -4.436341881752014160e+00
-2.579271380106608191e+01 -4.469356536865234375e+00
-2.402485434214274207e+01 -5.070932865142822266e+00
-2.505712127685546875e+01 -4.713040351867675781e+00
-2.479493045806884766e+01 -5.905333518981933594e+00
-2.335547987620035926e+01 -4.138283371925354004e+00
-2.545775731404622277e+01 -3.650133728981018066e+00
-2.403165690104166785e+01 -4.812520503997802734e+00
-2.492124716440836707e+01 -4.502467155456542969e+00
-2.675319798787434777e+01 -4.964649200439453125e+00
-2.621059544881184777e+01 -5.587946176528930664e+00
-2.638913218180338660e+01 -4.353148937225341797e+00
-2.555462423960367957e+01 -5.757766246795654297e+00
-2.604699293772379676e+01 -6.881074905395507812e+00
-2.508476225535074988e+01 -5.277897357940673828e+00
