# Train Val
-1.770754382014274597e+00 -6.121345043182373047e+00
-8.052898466587066650e+00 -1.007344083786010813e+01
-1.042157290379206280e+01 -1.067027835845947337e+01
-1.060969557364781757e+01 -1.061548480987548793e+01
-1.063011298576990704e+01 -1.062861042022705149e+01
-1.066207808256149292e+01 -1.063326349258422887e+01
-1.065892680486043353e+01 -1.073610124588012660e+01
-1.078933995962142944e+01 -1.083084545135498011e+01
-1.080523818731307983e+01 -1.092208766937255859e+01
-1.080988852183024029e+01 -1.084267835617065501e+01
-1.086451566219329834e+01 -1.093035840988159180e+01
-1.087545800209045410e+01 -1.064652948379516673e+01
-1.083273883660634418e+01 -1.072008485794067312e+01
-1.088727460304895978e+01 -1.091773643493652379e+01
-1.089801416794458966e+01 -1.088138675689697266e+01
-1.094212899605433087e+01 -1.086997146606445241e+01
-1.089404666423797607e+01 -1.086759920120239187e+01
-1.091591684023539166e+01 -1.092712507247924769e+01
-1.090021193027496338e+01 -1.092480573654174769e+01
-1.094387179613113403e+01 -1.099426622390746999e+01
-1.095314327875773053e+01 -1.091998262405395437e+01
-1.097703689336776733e+01 -1.090895185470581019e+01
-1.098655641078948975e+01 -1.098482847213745117e+01
-1.100774711370468140e+01 -1.097536735534668040e+01
-1.104479072491327862e+01 -1.099279556274414027e+01
-1.106330190102259259e+01 -1.108985280990600586e+01
-1.104133409261703491e+01 -1.107131137847900426e+01
-1.107871540387471576e+01 -1.082339210510253835e+01
-1.109106334050496478e+01 -1.118430824279785085e+01
-1.129725472132364850e+01 -1.134306545257568288e+01
-1.138917062679926495e+01 -1.106264677047729528e+01
-1.137437097231546979e+01 -1.161012020111084020e+01
-1.154403571287790875e+01 -1.145195922851562464e+01
-1.157621673742930035e+01 -1.156414957046508718e+01
-1.163743293285369873e+01 -1.136905021667480398e+01
-1.184007076422373395e+01 -1.156132431030273366e+01
-1.159700441360473633e+01 -1.121787929534912109e+01
-1.181638977924982647e+01 -1.174124870300292933e+01
-1.181513973077138324e+01 -1.202498722076416016e+01
-1.209181149800618549e+01 -1.209249076843261683e+01
-1.208738835652669330e+01 -1.179651956558227610e+01
-1.212017822265625000e+01 -1.164488124847412109e+01
-1.228470251957575421e+01 -1.172386541366577184e+01
-1.218793270985285382e+01 -1.202973241806030202e+01
-1.230401225884755512e+01 -1.212869663238525320e+01
-1.237526955207188983e+01 -1.198980054855346644e+01
-1.233188446362813373e+01 -1.224237556457519460e+01
-1.257857374350229840e+01 -1.230894927978515696e+01
-1.227427369356155396e+01 -1.208687200546264684e+01
-1.242785199483235736e+01 -1.121747341156005895e+01
-1.257615600029627423e+01 -1.213333005905151296e+01
-1.261286960045496564e+01 -1.237260761260986364e+01
-1.280948406457901001e+01 -1.178486118316650355e+01
-1.239919668436050415e+01 -1.203104763031005930e+01
-1.281045355399449726e+01 -1.198122148513794016e+01
-1.263593000173568726e+01 -1.215791673660278249e+01
-1.276929450035095215e+01 -1.214164266586303675e+01
-1.297780593236287494e+01 -1.227062683105468821e+01
-1.301854030291239361e+01 -1.180406055450439418e+01
-1.247234159708023071e+01 -1.179258861541748082e+01
-1.306491633256276508e+01 -1.186800012588500941e+01
-1.301735812425613403e+01 -1.223177595138549734e+01
-1.276877156893412213e+01 -1.202715826034545898e+01
-1.298267370462417603e+01 -1.219872608184814489e+01
-1.305779190858205219e+01 -1.257271986007690501e+01
-1.299244383970896344e+01 -1.223054847717285121e+01
-1.315531959136327167e+01 -1.170879297256469798e+01
-1.304900538921356201e+01 -1.231322917938232386e+01
-1.294436762730280499e+01 -1.179958591461181605e+01
-1.288035517930984497e+01 -1.209155797958374023e+01
-1.289985682566960712e+01 -1.224988498687744176e+01
-1.316739873091379742e+01 -1.250178842544555735e+01
-1.347426434357961078e+01 -1.271633262634277273e+01
-1.350140450398127179e+01 -1.274017305374145437e+01
-1.305396562814712524e+01 -1.258379392623901438e+01
-1.328240249554316144e+01 -1.239764747619628871e+01
-1.344619097312291522e+01 -1.171443290710449148e+01
-1.287773384650548358e+01 -1.210096902847289968e+01
-1.320392245054244995e+01 -1.182836732864379847e+01
-1.317982558409372906e+01 -1.263191919326782298e+01
-1.351340311765670776e+01 -1.274810791015625000e+01
-1.354454429944356342e+01 -1.270143814086913991e+01
-1.294098281860351562e+01 -1.147726058959960938e+01
-1.325089653333028217e+01 -1.184038782119750977e+01
-1.357643848657608032e+01 -1.272934598922729421e+01
-1.345766856273015399e+01 -1.254124870300293004e+01
-1.353707861900329590e+01 -1.145418462753295863e+01
-1.382220127185185810e+01 -1.281542024612426722e+01
-1.375712313254674335e+01 -1.284518203735351527e+01
-1.341228093703587909e+01 -1.275672950744628942e+01
-1.363133438428243061e+01 -1.231068525314331019e+01
-1.375061104695002179e+01 -1.296670274734497141e+01
-1.352300391594568829e+01 -1.285331182479858469e+01
-1.367617903153101544e+01 -1.270486421585082937e+01
-1.376555460691452026e+01 -1.291051092147827184e+01
-1.400362569093704224e+01 -1.190271730422973562e+01
-1.344422942399978638e+01 -1.179854450225830043e+01
-1.329341183106104474e+01 -1.208367013931274414e+01
-1.363670714696248432e+01 -1.235832128524780238e+01
-1.390845998128255268e+01 -1.269713964462280309e+01
-1.394276112318038940e+01 -1.246553030014038121e+01
-1.393712878227233887e+01 -1.318870248794555700e+01
-1.418088926871617694e+01 -1.286848287582397532e+01
-1.400263192256291767e+01 -1.296769952774047852e+01
-1.410432708263397217e+01 -1.273875274658203161e+01
-1.417776175340016742e+01 -1.145325441360473562e+01
-1.426580140988031964e+01 -1.284618883132934641e+01
-1.386680231491724591e+01 -1.302646751403808523e+01
-1.405696988105773926e+01 -1.300772113800048757e+01
-1.441635582844416241e+01 -1.232528028488159144e+01
-1.371834143002828021e+01 -1.332697019577026332e+01
-1.419784412781397442e+01 -1.311517248153686488e+01
-1.429296378294626813e+01 -1.265585708618164062e+01
-1.418770490090052228e+01 -1.250874061584472585e+01
-1.422619102398554425e+01 -1.313783206939697301e+01
-1.440166334311167340e+01 -1.282837247848510742e+01
-1.397549198071161847e+01 -1.309912595748901332e+01
-1.420288248856862445e+01 -1.318861579895019531e+01
-1.447165876626968384e+01 -1.324452991485595632e+01
-1.441075734297434430e+01 -1.325063076019287145e+01
-1.436225839455922504e+01 -1.327602910995483398e+01
-1.454351685444513897e+01 -1.337210111618042063e+01
-1.459612309932708740e+01 -1.292660732269287038e+01
-1.476406254371007343e+01 -1.347262229919433629e+01
-1.451059752702713013e+01 -1.322852439880371023e+01
-1.467692691087722778e+01 -1.329028844833374023e+01
-1.461136080821355243e+01 -1.341624374389648366e+01
-1.407675242424011230e+01 -1.145192708969116246e+01
-1.464358528455098529e+01 -1.332662391662597656e+01
-1.431093349059422870e+01 -1.133232650756835902e+01
-1.440467256307601929e+01 -1.305086641311645579e+01
-1.447592065731684308e+01 -1.279007768630981445e+01
-1.456544729073842426e+01 -1.229355659484863317e+01
-1.443801500399907489e+01 -1.267457666397094762e+01
-1.478940439224243164e+01 -1.312689924240112305e+01
-1.429217624664306641e+01 -1.229773054122924769e+01
-1.434633892774581909e+01 -1.333929033279418874e+01
-1.486218549807866474e+01 -1.341757936477661062e+01
-1.412128210067749023e+01 -1.215934572219848597e+01
-1.468878267208735089e+01 -1.353603754043579066e+01
-1.477723071972529034e+01 -1.279845409393310618e+01
-1.401830095052719116e+01 -1.254803209304809641e+01
-1.458944898843765259e+01 -1.351668376922607351e+01
-1.448636390765508075e+01 -1.337866182327270437e+01
-1.503324286142984967e+01 -1.356914024353027415e+01
-1.356120522816975971e+01 -1.377899847030639613e+01
-1.485316856702168842e+01 -1.356012239456176793e+01
-1.492122264703114887e+01 -1.342418155670165980e+01
-1.469884363810221295e+01 -1.357228364944458043e+01
-1.494764453172683716e+01 -1.331297521591186594e+01
-1.472682342926661114e+01 -1.372573060989379812e+01
-1.475277503331502338e+01 -1.161031789779663015e+01
-1.426650796333948712e+01 -1.340988512039184499e+01
-1.509587275981903076e+01 -1.301990900039672816e+01
-1.511066273848215680e+01 -1.341459770202636648e+01
-1.466011565923690796e+01 -1.362851161956787038e+01
-1.537970463434855084e+01 -1.280337677001953089e+01
-1.474585447708765606e+01 -1.375959806442260813e+01
-1.505823566516240497e+01 -1.353927869796752859e+01
-1.499497642119725604e+01 -1.369629793167114329e+01
-1.463292274872461896e+01 -1.326623125076293874e+01
-1.520897754033406635e+01 -1.304072313308715891e+01
-1.518972605466842651e+01 -1.351133890151977468e+01
-1.507701184352239032e+01 -1.334335441589355398e+01
-1.554756096998850445e+01 -1.322074766159057546e+01
-1.437632711728413959e+01 -1.393004465103149414e+01
-1.519900878270467182e+01 -1.280458230972289968e+01
-1.512271952629089355e+01 -1.287815093994140625e+01
-1.482044452428817749e+01 -1.359887142181396413e+01
-1.528615128993988037e+01 -1.331827154159545934e+01
-1.520524072647094727e+01 -1.390929069519043004e+01
-1.525433252255121808e+01 -1.345428161621093821e+01
-1.508764507373174091e+01 -1.369643697738647425e+01
-1.529782348871231079e+01 -1.367847785949706996e+01
-1.529728100697199444e+01 -1.340043478012085032e+01
-1.485944688320159912e+01 -1.294653720855712820e+01
-1.527884419759114643e+01 -1.361501502990722656e+01
-1.540095774332682232e+01 -1.366078433990478480e+01
-1.566261523962020874e+01 -1.339416275024414027e+01
-1.556257257858912091e+01 -1.182425727844238317e+01
-1.527055396636327167e+01 -1.360480699539184535e+01
-1.562214342753092389e+01 -1.370319099426269460e+01
-1.514380639791488647e+01 -1.330701332092285227e+01
-1.548243798812230487e+01 -1.377442817687988352e+01
-1.528615059455235858e+01 -1.411038179397582937e+01
-1.564670697848002057e+01 -1.375323219299316335e+01
-1.547105761369069477e+01 -1.407089548110961985e+01
-1.559125552574793439e+01 -1.340284500122070277e+01
-1.557170599699020386e+01 -1.301772794723510707e+01
-1.541838697592417340e+01 -1.354994001388549840e+01
-1.567942327260971069e+01 -1.387361717224121094e+01
-1.546013357241948505e+01 -1.371410293579101491e+01
-1.553267880280812641e+01 -1.395467987060546911e+01
-1.518709123134613037e+01 -1.349765243530273473e+01
-1.523520473639170270e+01 -1.294564504623413015e+01
-1.514406243960062604e+01 -1.361915817260742223e+01
-1.553367718060811420e+01 -1.350380096435546839e+01
-1.542487647136052509e+01 -1.331006774902343714e+01
-1.559434753656387329e+01 -1.345010137557983398e+01
-1.506059360504150391e+01 -1.323383064270019460e+01
-1.528226832548777203e+01 -1.362790594100952113e+01
-1.515178924798965454e+01 -1.394349555969238352e+01
-1.592711494366327862e+01 -1.386340618133544922e+01
-1.565549623966217041e+01 -1.364260826110839808e+01
-1.561225394407908063e+01 -1.378967628479003871e+01
-1.555225350459416767e+01 -1.311369314193725621e+01
-1.562493920326232910e+01 -1.402198104858398509e+01
-1.605355727672576904e+01 -1.327972364425659180e+01
-1.517228227853775024e+01 -1.424838237762451243e+01
-1.601458259423573693e+01 -1.341695966720581090e+01
-1.564573127031326294e+01 -1.369932479858398366e+01
-1.582260445753733258e+01 -1.375454607009887731e+01
-1.581813824176788330e+01 -1.402491121292114329e+01
-1.601628077030181885e+01 -1.433681869506835938e+01
-1.530865130821863751e+01 -1.351229019165038991e+01
-1.558398999770482440e+01 -1.383171215057373082e+01
-1.595441720883051495e+01 -1.356764268875122070e+01
-1.586136577526728253e+01 -1.298547229766845668e+01
-1.514949530363082886e+01 -1.339728546142578125e+01
-1.587902535994847675e+01 -1.419537782669067383e+01
-1.581531780958175659e+01 -1.251547145843505859e+01
-1.558552312850952148e+01 -1.381379117965698278e+01
-1.589246785640716553e+01 -1.311041231155395437e+01
-1.567386885484059711e+01 -1.393206338882446360e+01
-1.623318062225977698e+01 -1.368510513305664134e+01
-1.596903520822525024e+01 -1.380090351104736257e+01
-1.603495929638544837e+01 -1.343930654525756907e+01
-1.613544460137685022e+01 -1.377294034957885671e+01
-1.574578110376993756e+01 -1.384046792984008789e+01
-1.593372762203216553e+01 -1.412047519683837926e+01
-1.621945391098658362e+01 -1.388704776763916016e+01
-1.583036675055821796e+01 -1.402625684738159251e+01
-1.532596351703008075e+01 -1.408476219177246058e+01
-1.579173489411672016e+01 -1.404301691055297852e+01
-1.604451243082682410e+01 -1.373837995529174805e+01
-1.590164275964101215e+01 -1.381953907012939453e+01
-1.582043333848317523e+01 -1.351686325073242223e+01
-1.572430429855982403e+01 -1.378638648986816406e+01
-1.606439763307571411e+01 -1.373050928115844727e+01
-1.592245165506998639e+01 -1.374016819000244105e+01
-1.577678271134694477e+01 -1.302658567428588832e+01
-1.592817960182825665e+01 -1.405089292526245082e+01
-1.618670511245727539e+01 -1.385627822875976634e+01
-1.576972212394078632e+01 -1.254144039154052770e+01
-1.640432383616765222e+01 -1.335254278182983434e+01
-1.625104373693466187e+01 -1.311571788787841797e+01
-1.601109919945399085e+01 -1.390774202346801758e+01
-1.603797096014022827e+01 -1.377242288589477504e+01
-1.591394174098968506e+01 -1.358717079162597585e+01
-1.555446622769037823e+01 -1.382712125778198242e+01
-1.615386120478312293e+01 -1.370154075622558665e+01
-1.603634301821390906e+01 -1.443541831970214773e+01
-1.538165112336476703e+01 -1.391617841720580984e+01
-1.624832300345103064e+01 -1.401008749008178711e+01
-1.607509901126225671e+01 -1.405743513107299769e+01
-1.586984725793202777e+01 -1.413341035842895543e+01
-1.615794837474822998e+01 -1.384215402603149414e+01
-1.599046748876571655e+01 -1.335051765441894567e+01
-1.598660081624984741e+01 -1.437144994735717773e+01
-1.630122115214665612e+01 -1.406209764480590785e+01
-1.629764505227406701e+01 -1.380428895950317347e+01
-1.627121190230051795e+01 -1.331673202514648402e+01
-1.577785714467366596e+01 -1.381763963699340891e+01
-1.644843546549479285e+01 -1.408189573287963903e+01
-1.649390510718027869e+01 -1.363265724182128835e+01
-1.652302728096644202e+01 -1.433446760177612234e+01
-1.622368190685908118e+01 -1.378448858261108434e+01
-1.582558935880661011e+01 -1.391534023284912180e+01
-1.618067572514216224e+01 -1.358752441406250000e+01
-1.596124800046285053e+01 -1.378851346969604563e+01
-1.652807849645614624e+01 -1.418614263534545827e+01
-1.619273563226063928e+01 -1.359976644515991140e+01
-1.637923018137614051e+01 -1.343786849975585973e+01
-1.595713476339975934e+01 -1.383895998001098704e+01
-1.615254678328831872e+01 -1.404943523406982386e+01
-1.598055034875869751e+01 -1.247302455902099538e+01
-1.636687078078587732e+01 -1.416083517074584996e+01
-1.594599362214406391e+01 -1.348202133178710938e+01
-1.661589743693669519e+01 -1.303061676025390625e+01
-1.644894252220789710e+01 -1.394962882995605469e+01
-1.618229418992996216e+01 -1.421062784194946360e+01
-1.655341531833012780e+01 -1.412348070144653356e+01
-1.656248321135838708e+01 -1.321404933929443359e+01
-1.657311290502548218e+01 -1.358667144775390589e+01
-1.633948214848836145e+01 -1.434926834106445348e+01
-1.666193928321202478e+01 -1.393822593688964773e+01
-1.683556085824966431e+01 -1.330051994323730469e+01
-1.657466894388198853e+01 -1.375049953460693430e+01
-1.640275126695632935e+01 -1.320770235061645437e+01
-1.584449003140131573e+01 -1.401429996490478480e+01
-1.606866957743962487e+01 -1.396003341674804688e+01
-1.630802595615386963e+01 -1.357500438690185618e+01
-1.657116458813349524e+01 -1.395609407424926829e+01
-1.649510862429936608e+01 -1.434162845611572301e+01
-1.672978478670120239e+01 -1.325877027511596751e+01
-1.658608486255009851e+01 -1.440121812820434499e+01
-1.618165880441665649e+01 -1.365475797653198242e+01
-1.671545936663945398e+01 -1.391612386703491211e+01
-1.699563463528950891e+01 -1.405097742080688406e+01
-1.590327678124109845e+01 -1.350995931625366175e+01
-1.604816154638926307e+01 -1.350674705505371165e+01
-1.640266408522923669e+01 -1.380913915634155309e+01
-1.647501271963119507e+01 -1.399438114166259695e+01
-1.687191273768742761e+01 -1.338919792175292933e+01
-1.622589582204818726e+01 -1.331810312271118235e+01
-1.649230136473973474e+01 -1.304549131393432582e+01
-1.679806846380233765e+01 -1.404633941650390661e+01
-1.647325054804484168e+01 -1.394113540649414062e+01
-1.656663993994395057e+01 -1.421012182235717702e+01
-1.577773873011271100e+01 -1.318884592056274485e+01
-1.651538252830505371e+01 -1.362097110748291051e+01
-1.660138064622879028e+01 -1.382332181930541992e+01
-1.672239492336909095e+01 -1.308742980957031321e+01
-1.552381302913030048e+01 -1.340380172729492259e+01
-1.638765366872151574e+01 -1.411693449020385671e+01
-1.653412109613418579e+01 -1.395346946716308523e+01
-1.651776055494944373e+01 -1.375201578140258718e+01
-1.606734631458918372e+01 -1.306078815460205078e+01
-1.686254407962163171e+01 -1.411256675720214915e+01
-1.682327699661254883e+01 -1.334605207443237340e+01
-1.710722267627716064e+01 -1.348787641525268555e+01
-1.657594716548919678e+01 -1.390599679946899414e+01
-1.678833287954330444e+01 -1.365684127807617188e+01
-1.659562122821807861e+01 -1.404573297500610352e+01
-1.594674752155939679e+01 -1.389147739410400462e+01
-1.701909554004669189e+01 -1.358367881774902308e+01
-1.686013126373291016e+01 -1.347608947753906250e+01
-1.693397829929987708e+01 -1.343990430831909144e+01
-1.665722531080245972e+01 -1.340419225692749094e+01
-1.628053865830103675e+01 -1.426608057022094656e+01
-1.690675822893778601e+01 -1.366629505157470703e+01
-1.700997463862101355e+01 -1.298822345733642614e+01
-1.631331566969553748e+01 -1.399351720809936594e+01
-1.672918673356373986e+01 -1.337416515350341761e+01
-1.639573810497919837e+01 -1.421483707427978516e+01
-1.614792313178380212e+01 -1.420361423492431641e+01
-1.705143940448760986e+01 -1.400404710769653249e+01
-1.688198777039845666e+01 -1.392571477890014719e+01
-1.647587096691131592e+01 -1.416611661911010778e+01
-1.738752911488215247e+01 -1.404383144378662074e+01
-1.688799355427424231e+01 -1.133477268218994105e+01
-1.580277949571609497e+01 -1.276923799514770508e+01
-1.635542217890421668e+01 -1.411875133514404368e+01
-1.718574490149815759e+01 -1.387463321685791051e+01
-1.652346936861674109e+01 -1.410405073165893519e+01
-1.676944800217946252e+01 -1.332480335235595703e+01
-1.674349715312321862e+01 -1.435700883865356481e+01
-1.675549195210139075e+01 -1.454779911041259766e+01
-1.679893002907435218e+01 -1.448577527999878001e+01
-1.649452277024586877e+01 -1.417310991287231481e+01
-1.664142876863479614e+01 -1.312652091979980540e+01
-1.651642360289891442e+01 -1.440169630050659144e+01
-1.679245616992314538e+01 -1.455998306274414134e+01
-1.686836653947830200e+01 -1.372582511901855540e+01
-1.710041683912277222e+01 -1.406137790679931676e+01
-1.721080378691355506e+01 -1.437073192596435511e+01
-1.716417527198791504e+01 -1.402237091064453089e+01
-1.710510073105494300e+01 -1.388042335510253977e+01
-1.732278174161911011e+01 -1.429276351928711009e+01
-1.717395418882369995e+01 -1.395569105148315359e+01
-1.687956549723942956e+01 -1.372669553756713867e+01
-1.724617576599121094e+01 -1.421772031784057688e+01
-1.717035235961278161e+01 -1.365937681198120046e+01
-1.738810348510742188e+01 -1.348699998855590820e+01
-1.746630573272705078e+01 -1.437487916946411204e+01
-1.703399465481440345e+01 -1.415708284378051829e+01
-1.641369956731796265e+01 -1.417636013031005859e+01
-1.654395844539006433e+01 -1.313733100891113281e+01
-1.707959590355555335e+01 -1.452379236221313441e+01
-1.676141200462977210e+01 -1.401851348876953196e+01
-1.679558243354161462e+01 -1.419174032211303782e+01
-1.739695787429809570e+01 -1.400780563354492259e+01
-1.723621072371800622e+01 -1.330428876876831090e+01
-1.732166310151417932e+01 -1.357567663192748952e+01
-1.703302168846130371e+01 -1.362623424530029226e+01
-1.709917201598485192e+01 -1.247809410095214844e+01
-1.717818613847096643e+01 -1.345940389633178746e+01
-1.662254341443379602e+01 -1.418597612380981410e+01
-1.671164224545161048e+01 -1.440686674118041921e+01
-1.712500125169754028e+01 -1.442596216201782156e+01
-1.721169036626815796e+01 -1.332165689468383718e+01
-1.734534712632497033e+01 -1.381848878860473562e+01
-1.677392327785491943e+01 -1.456274223327636719e+01
-1.746060637633005896e+01 -1.443620491027832031e+01
-1.701381669441859046e+01 -1.420678663253784180e+01
-1.734069317579269409e+01 -1.386482763290405273e+01
-1.722363857428232947e+01 -1.414398651123046946e+01
-1.714007524649302283e+01 -1.250153503417968714e+01
-1.706229950984318933e+01 -1.381489992141723633e+01
-1.726185526450474939e+01 -1.333197097778320384e+01
-1.670220138629277429e+01 -1.309579782485961985e+01
-1.705700025955836097e+01 -1.359256668090820241e+01
-1.632217836380004883e+01 -1.393749151229858363e+01
-1.722847052415211877e+01 -1.387015428543090856e+01
-1.738020579020182410e+01 -1.436523361206054616e+01
-1.751867437362670898e+01 -1.418057985305786062e+01
-1.705430926879246911e+01 -1.421287527084350621e+01
-1.729202167193095008e+01 -1.346223812103271555e+01
-1.718312277396519860e+01 -1.403648729324340749e+01
-1.710488261779149255e+01 -1.336567955017089915e+01
-1.751811293760935584e+01 -1.306856813430786168e+01
-1.713802093267440796e+01 -1.378790302276611257e+01
-1.745096339782078942e+01 -1.350980701446533239e+01
-1.748887691895167151e+01 -1.369722795486450195e+01
-1.756183000405629357e+01 -1.407410621643066406e+01
-1.763207095861434937e+01 -1.434857540130615305e+01
-1.706859781344731530e+01 -1.377029151916503835e+01
-1.705338488022486487e+01 -1.405306482315063477e+01
-1.782756374279658118e+01 -1.388307523727416992e+01
-1.726753244797388831e+01 -1.400622577667236257e+01
-1.741284932692845544e+01 -1.389138631820678782e+01
-1.746759176254272461e+01 -1.420616970062255824e+01
-1.771583275000254432e+01 -1.373646135330200124e+01
-1.714204833904902259e+01 -1.426684103012084925e+01
-1.757887858152389526e+01 -1.378254013061523509e+01
-1.768222204844157019e+01 -1.391763858795166087e+01
-1.767528593540191650e+01 -1.424295024871826243e+01
-1.759893969694773475e+01 -1.396889657974243093e+01
-1.713153906663258752e+01 -1.432947607040405202e+01
-1.767857740322748938e+01 -1.423495826721191371e+01
-1.686901958783467492e+01 -1.392612419128417933e+01
-1.786313498020172119e+01 -1.432530937194824183e+01
-1.750691191355387488e+01 -1.434810352325439453e+01
-1.739842619498570642e+01 -1.340960187911987234e+01
-1.718365651369094849e+01 -1.311716842651367188e+01
-1.723341526587804040e+01 -1.336710100173950266e+01
-1.737136212984720984e+01 -1.303861427307128906e+01
-1.703855266173680505e+01 -1.449032497406005859e+01
-1.777976117531458655e+01 -1.365475530624389577e+01
-1.763033014535903931e+01 -1.461359329223632741e+01
-1.785781967639923096e+01 -1.326578102111816371e+01
-1.770754428704579553e+01 -1.288252210617065430e+01
-1.728454858064651489e+01 -1.432708845138549769e+01
-1.784710097312927246e+01 -1.412243309020996129e+01
-1.800952293475468835e+01 -1.383792448043823242e+01
-1.718991927305857459e+01 -1.328430757522582972e+01
-1.755634212493896484e+01 -1.432573299407959055e+01
-1.795200783014297485e+01 -1.288336400985717844e+01
-1.724907167752583703e+01 -1.396079912185668981e+01
-1.759186593691508094e+01 -1.414409780502319336e+01
-1.797106444835662842e+01 -1.428938283920288121e+01
-1.752751725912094116e+01 -1.468334236145019567e+01
-1.710350489616394043e+01 -1.447161655426025462e+01
-1.775561058521270752e+01 -1.458099670410156179e+01
-1.758081342776616296e+01 -1.443178443908691477e+01
-1.793493221203486243e+01 -1.415363321304321254e+01
-1.755712330341339111e+01 -1.333824329376220774e+01
-1.705745170513788977e+01 -1.399101247787475621e+01
-1.790411448478698730e+01 -1.445442552566528249e+01
-1.737664828697840491e+01 -1.432842969894409180e+01
-1.746723361810048303e+01 -1.432674283981323171e+01
-1.748572574059168616e+01 -1.345147705078125000e+01
-1.760942145188649377e+01 -1.439904451370239258e+01
-1.743098566929499427e+01 -1.359517946243286168e+01
-1.770616843303044519e+01 -1.422768764495849680e+01
-1.700112589200337609e+01 -1.404426851272583043e+01
-1.765698830286661902e+01 -1.313213834762573207e+01
-1.728062840302785119e+01 -1.343133192062378001e+01
-1.773774389425913611e+01 -1.453998470306396484e+01
-1.822938807805379113e+01 -1.388743371963500906e+01
-1.790761017799377441e+01 -1.349218683242797923e+01
-1.825230312347412109e+01 -1.385778703689575231e+01
-1.798594554265340051e+01 -1.372745666503906214e+01
-1.756782784064610681e+01 -1.462841396331787180e+01
-1.745452092091242591e+01 -1.427265863418579173e+01
-1.796161496639251709e+01 -1.442723426818847621e+01
-1.803415997823079309e+01 -1.430053787231445384e+01
-1.767069890101750573e+01 -1.423669185638427770e+01
-1.798514803250630578e+01 -1.444889850616455007e+01
-1.707012563943862915e+01 -1.317646760940551687e+01
-1.730445408821105957e+01 -1.425468559265136648e+01
-1.802616234620412072e+01 -1.417027711868286133e+01
-1.803786792357762536e+01 -1.368642358779907298e+01
-1.806275725364685059e+01 -1.334635210037231445e+01
-1.808717908461888513e+01 -1.408303375244140554e+01
-1.782481384277343750e+01 -1.394187927246093750e+01
-1.723792032400767127e+01 -1.478408069610595632e+01
-1.780479703346888343e+01 -1.252396726608276367e+01
-1.726931138833363732e+01 -1.418220911026000941e+01
-1.792277934153874597e+01 -1.383101434707641531e+01
-1.789618571599324426e+01 -1.414513578414917028e+01
-1.773412011067072669e+01 -1.437613162994384730e+01
-1.808738613128662109e+01 -1.376289386749267507e+01
-1.783834111690521240e+01 -1.376360864639282156e+01
-1.779149657487869263e+01 -1.364734230041503871e+01
-1.763896465301513672e+01 -1.458757324218749929e+01
-1.801428246498107910e+01 -1.456900024414062500e+01
-1.820147784550984582e+01 -1.411804780960082972e+01
-1.785146230459213257e+01 -1.439301462173461843e+01
-1.807499476273854455e+01 -1.442208013534545863e+01
-1.743324971199035645e+01 -1.358218574523925781e+01
-1.723195825020472327e+01 -1.380191192626953089e+01
-1.810252630710601807e+01 -1.342567663192749094e+01
-1.788917994499206543e+01 -1.416966228485107493e+01
-1.785092882315317908e+01 -1.378479490280151332e+01
-1.716146393616994104e+01 -1.401441507339477610e+01
-1.806912018855412683e+01 -1.426272401809692347e+01
-1.837387605508168420e+01 -1.406656141281127859e+01
-1.834846790631612024e+01 -1.273678054809570348e+01
-1.790494636694590369e+01 -1.411191062927246165e+01
-1.739866306384404382e+01 -1.361950311660766566e+01
-1.824478773276011268e+01 -1.427289085388183665e+01
-1.852027646700541297e+01 -1.425416040420532227e+01
-1.789529426892598352e+01 -1.425267000198364187e+01
-1.823023649056752404e+01 -1.464562025070190465e+01
-1.825448350111643592e+01 -1.154512033462524379e+01
-1.792131406068801880e+01 -1.426735010147094762e+01
-1.812408610184987268e+01 -1.436980514526367259e+01
-1.717237152655919274e+01 -1.429025678634643626e+01
-1.808853801091511926e+01 -1.293712596893310618e+01
-1.743268380562464515e+01 -1.369753036499023402e+01
-1.749236979087193689e+01 -1.426766023635864222e+01
-1.829288695255915442e+01 -1.422683868408203089e+01
-1.848724905649821082e+01 -1.461648025512695348e+01
-1.841182585557301721e+01 -1.354543380737304759e+01
-1.743384693066279212e+01 -1.429798793792724609e+01
-1.815761876106262207e+01 -1.440511159896850657e+01
-1.821808572610219201e+01 -1.347196826934814418e+01
-1.843184616168339929e+01 -1.310118160247802699e+01
-1.759295491377512732e+01 -1.355955228805541957e+01
-1.829559592405955115e+01 -1.381243104934692312e+01
-1.819504934549331665e+01 -1.422292985916137731e+01
-1.735869216918945312e+01 -1.382760858535766602e+01
-1.779865006605784217e+01 -1.473808126449585032e+01
-1.797196467717488488e+01 -1.415967960357665945e+01
-1.849210027853647986e+01 -1.424029302597045898e+01
-1.844464266300201416e+01 -1.417692613601684570e+01
-1.867761874198913574e+01 -1.464184207916259695e+01
-1.803452444076538086e+01 -1.443259773254394496e+01
-1.748170604308446130e+01 -1.294691486358642507e+01
-1.756415537993113318e+01 -1.426844062805175817e+01
-1.846325687567393103e+01 -1.423107528686523438e+01
-1.812170390288035193e+01 -1.418176774978637766e+01
-1.800636426607767859e+01 -1.461173686981201136e+01
-1.842772678534189978e+01 -1.508102464675903320e+01
-1.857540150483449182e+01 -1.403594722747802770e+01
-1.842738989988962928e+01 -1.398975973129272532e+01
-1.866882085800170898e+01 -1.448062353134155344e+01
-1.807874333858489990e+01 -1.405121669769287074e+01
-1.803516693909962854e+01 -1.409698333740234411e+01
-1.869988727569580078e+01 -1.401906757354736399e+01
-1.803932817776997766e+01 -1.471525573730468750e+01
-1.756390943129857263e+01 -1.416371660232544016e+01
-1.847701088587443152e+01 -1.391689052581787145e+01
-1.765501038233439246e+01 -1.443978919982910192e+01
-1.858417415618896484e+01 -1.367314882278442312e+01
-1.806681597232818604e+01 -1.402148523330688512e+01
-1.816186600923538208e+01 -1.289449281692504812e+01
-1.851461378733317176e+01 -1.434081726074218821e+01
-1.879279967149098596e+01 -1.331856813430786168e+01
-1.821984676520029822e+01 -1.420462827682495188e+01
-1.747778558731079102e+01 -1.448972625732421804e+01
-1.760953944921493530e+01 -1.387216739654541087e+01
-1.853478697935740271e+01 -1.449725189208984411e+01
-1.865070776144663611e+01 -1.440863990783691406e+01
-1.788085075219472131e+01 -1.407500238418579031e+01
-1.748152333498001099e+01 -1.333841285705566371e+01
-1.831798515717188636e+01 -1.408198089599609304e+01
-1.785042605797449866e+01 -1.397785644531250071e+01
-1.823293089866638184e+01 -1.402804565429687500e+01
-1.774945294857025146e+01 -1.453005409240722656e+01
-1.765722036361694336e+01 -1.416998796463012766e+01
-1.842282662789027015e+01 -1.432817335128784109e+01
-1.879571491479873657e+01 -1.433954887390136790e+01
-1.798435785373051843e+01 -1.340272731781005788e+01
-1.831494375069935998e+01 -1.352087097167968821e+01
-1.852146371205647668e+01 -1.400417222976684606e+01
-1.769781859715779504e+01 -1.423183126449584890e+01
-1.862130308151245117e+01 -1.443460998535156214e+01
-1.817824310064315796e+01 -1.421790952682495046e+01
-1.784749893347422400e+01 -1.460330638885498011e+01
-1.879147680600484094e+01 -1.441015825271606410e+01
-1.860370715459187707e+01 -1.357311906814575231e+01
-1.868957265218098840e+01 -1.449204788208007777e+01
-1.810823041200637817e+01 -1.406478586196899450e+01
-1.782954645156860352e+01 -1.389059572219848704e+01
-1.819196037451426307e+01 -1.346038541793823207e+01
-1.813680231571197510e+01 -1.459500713348388601e+01
-1.847843392690022668e+01 -1.364931287765502965e+01
-1.820219997564951697e+01 -1.407233543395996023e+01
-1.851573493083317956e+01 -1.422940254211425781e+01
-1.838262732823689660e+01 -1.420682191848754883e+01
-1.845349172751108924e+01 -1.348648128509521449e+01
-1.892174541950225830e+01 -1.456485843658447266e+01
-1.855111620823542395e+01 -1.288226451873779332e+01
-1.789349528153737268e+01 -1.394583082199096680e+01
-1.896376903851826867e+01 -1.410568599700927805e+01
-1.772878841559092322e+01 -1.484188461303710938e+01
-1.858411828676859656e+01 -1.475458927154540945e+01
-1.904022848606109619e+01 -1.416624774932861364e+01
-1.871568679809570312e+01 -1.440424480438232457e+01
-1.855854584773381433e+01 -1.431754617691040110e+01
-1.879631419976552209e+01 -1.466580524444580114e+01
-1.739726527531941613e+01 -1.401794204711914027e+01
-1.844056872526804725e+01 -1.398421182632446325e+01
-1.882948168118794641e+01 -1.443797731399536133e+01
-1.849780037005742273e+01 -1.480062599182128835e+01
-1.866402896245320520e+01 -1.436216936111450160e+01
-1.813267711798350135e+01 -1.410568399429321218e+01
-1.877784570058186731e+01 -1.381528615951538086e+01
-1.783242299159367761e+01 -1.459987316131591761e+01
-1.877470493316650391e+01 -1.422331953048706055e+01
-1.889899202187855920e+01 -1.326684894561767614e+01
-1.865743235747019568e+01 -1.389899091720581126e+01
-1.820972621440887451e+01 -1.422845592498779332e+01
-1.897509066263834754e+01 -1.298771018981933523e+01
-1.838988161087036133e+01 -1.345944824218750036e+01
-1.837983175118764123e+01 -1.390317869186401367e+01
-1.843109460671742639e+01 -1.433465995788574254e+01
-1.866596519947052002e+01 -1.377408647537231445e+01
-1.856007802486419678e+01 -1.420445518493652415e+01
-1.869134875138600549e+01 -1.439738864898681570e+01
-1.884305000305175781e+01 -1.396953992843628001e+01
-1.852869923909505090e+01 -1.447959442138671804e+01
-1.802565713723500451e+01 -1.420584983825683523e+01
-1.887555992603302002e+01 -1.299917850494384730e+01
-1.863212962945302209e+01 -1.405247869491577184e+01
-1.854130411148071289e+01 -1.421116991043090749e+01
-1.872674618164698401e+01 -1.334010801315307582e+01
-1.894840351740519324e+01 -1.411024694442749094e+01
-1.923809409141540527e+01 -1.357283916473388707e+01
-1.898690700531005859e+01 -1.445022182464599680e+01
-1.824417612950007239e+01 -1.425861644744873047e+01
-1.860830815633137902e+01 -1.371450595855712962e+01
-1.915554281075795373e+01 -1.433972835540771484e+01
-1.876855919758478919e+01 -1.422762441635131836e+01
-1.871299155553181848e+01 -1.412522754669189418e+01
-1.903867590427398682e+01 -1.410557012557983469e+01
-1.905352111657460412e+01 -1.437654857635498118e+01
-1.871009608109791955e+01 -1.378297681808471609e+01
-1.861024975776672363e+01 -1.378938703536987376e+01
-1.829022898276646814e+01 -1.480521230697631907e+01
-1.927615805466969690e+01 -1.438724555969238317e+01
-1.929334624608357629e+01 -1.452082338333129918e+01
-1.870808474222819129e+01 -1.371943893432617223e+01
-1.880756254990895471e+01 -1.424871463775634695e+01
-1.893395423889160156e+01 -1.330195512771606481e+01
-1.891922632853190223e+01 -1.423357477188110387e+01
-1.863828146457672119e+01 -1.442512989044189453e+01
-1.821719882885615149e+01 -1.475974769592285085e+01
-1.893338839213053504e+01 -1.468428792953491246e+01
-1.889443298180897912e+01 -1.295802955627441477e+01
-1.847968610127766809e+01 -1.369402837753295898e+01
-1.925872814655303955e+01 -1.313085107803344798e+01
-1.886805683374404907e+01 -1.396802692413330149e+01
-1.882276407877604285e+01 -1.424584455490112234e+01
-1.921053067843119422e+01 -1.302411041259765589e+01
-1.840770206848780433e+01 -1.400041103363037109e+01
-1.923559617996215820e+01 -1.496719503402709961e+01
-1.916957008838653564e+01 -1.361744365692138636e+01
-1.804048883914947510e+01 -1.372548074722289968e+01
-1.747348074118296424e+01 -1.380517635345458949e+01
-1.900830731789271155e+01 -1.346996145248413157e+01
-1.863371906677881995e+01 -1.412514228820800710e+01
-1.904567074775695801e+01 -1.417860479354858327e+01
-1.956128231684366980e+01 -1.430656213760375906e+01
-1.920777384440104285e+01 -1.414776468276977539e+01
-1.824236673116683960e+01 -1.439686107635498047e+01
-1.893118343750635901e+01 -1.466972875595092773e+01
-1.930546879768371582e+01 -1.367148647308349574e+01
-1.958879176775614539e+01 -1.459989213943481445e+01
-1.937636371453602990e+01 -1.444650440216064524e+01
-1.885967202981312951e+01 -1.401791124343872141e+01
-1.854476825396220008e+01 -1.441987094879150355e+01
-1.911351927121480188e+01 -1.424325275421142578e+01
-1.910628318786621094e+01 -1.443349456787109375e+01
-1.854558626810709754e+01 -1.408260879516601527e+01
-1.916974472999572754e+01 -1.453342771530151367e+01
-1.892552506923675537e+01 -1.267408609390258789e+01
-1.802953575054804602e+01 -1.401838331222534251e+01
-1.933000346024831018e+01 -1.376680402755737376e+01
-1.930053329467773438e+01 -1.377986679077148402e+01
-1.932021069526672363e+01 -1.451471786499023509e+01
-1.877109330892562866e+01 -1.351999483108520472e+01
-1.862595647573471069e+01 -1.442104644775390554e+01
-1.914037668704986572e+01 -1.435680084228515696e+01
-1.823115086555480957e+01 -1.394962692260742188e+01
-1.845462961991627893e+01 -1.417204589843749929e+01
-1.903136972586314002e+01 -1.318250722885131765e+01
-1.889844373861948768e+01 -1.461635494232177734e+01
-1.908204809824625769e+01 -1.438701982498168874e+01
-1.955781555175781250e+01 -1.278331365585327184e+01
-1.856268789370854577e+01 -1.409068374633789134e+01
-1.907998855908711633e+01 -1.380180435180664134e+01
-1.879872961839040002e+01 -1.424472637176513601e+01
-1.914244083563486853e+01 -1.433944377899169886e+01
-1.836843893925349036e+01 -1.396369352340698278e+01
-1.881491680939992150e+01 -1.405981702804565359e+01
-1.894293208916981897e+01 -1.292642583847045934e+01
-1.820942376057307044e+01 -1.452126226425170863e+01
-1.884659274419148645e+01 -1.428199653625488352e+01
-1.874320614337921143e+01 -1.436211729049682617e+01
-1.931568078200022498e+01 -1.428412303924560511e+01
-1.942796619733174524e+01 -1.449946851730346609e+01
-1.974119647343953332e+01 -1.459067897796630930e+01
-1.953117473920186242e+01 -1.392299671173095632e+01
-1.905137268702189246e+01 -1.460680456161498952e+01
-1.921404321988423547e+01 -1.365618267059326207e+01
-1.896007319291432580e+01 -1.447554636001586914e+01
-1.937896597385406494e+01 -1.437178287506103480e+01
-1.929194021224975586e+01 -1.304075946807861364e+01
-1.850743146737416467e+01 -1.391450719833374094e+01
-1.918269765377044678e+01 -1.342882061004638672e+01
-1.872682509819666663e+01 -1.379239788055419957e+01
-1.903378919760386268e+01 -1.399598598480224609e+01
-1.885232965151469031e+01 -1.386963415145874023e+01
-1.883055663108825684e+01 -1.390401964187622141e+01
-1.776593132813771447e+01 -1.428391456604003906e+01
-1.921831627686818322e+01 -1.423120594024658203e+01
-1.971911617120106897e+01 -1.440299396514892649e+01
-1.926897589365641394e+01 -1.448449001312255824e+01
-1.941151730219523230e+01 -1.426694278717041087e+01
-1.927625433603922644e+01 -1.407133264541625906e+01
-1.951320159435272217e+01 -1.439465026855468821e+01
-1.958859141667683801e+01 -1.458260211944580043e+01
-1.933873792489369592e+01 -1.430971117019653249e+01
-1.912140887975692749e+01 -1.396617002487182546e+01
-1.945422681172688684e+01 -1.423755846023559535e+01
-1.906512053807576379e+01 -1.435833930969238281e+01
-1.968832683563232422e+01 -1.477992696762084890e+01
-1.958646380901336670e+01 -1.397306165695190394e+01
-1.905665159225463867e+01 -1.352527551651001048e+01
-1.956983339786529541e+01 -1.429617156982421911e+01
-1.928068550427754602e+01 -1.296150054931640661e+01
-1.895270154873530188e+01 -1.451642370223999023e+01
-1.956984740495681763e+01 -1.449574193954467738e+01
-1.857515849669774255e+01 -1.411902971267700124e+01
-1.884542304277420044e+01 -1.316473493576049769e+01
-1.826376088460286340e+01 -1.443157005310058594e+01
-1.870860362052917480e+01 -1.391378412246704066e+01
-1.886758840084075928e+01 -1.446361970901489258e+01
-1.943772991498311242e+01 -1.367261753082275355e+01
-1.960657636324564734e+01 -1.434915199279785192e+01
-1.962509409586588660e+01 -1.411405668258666957e+01
-1.912843938668568811e+01 -1.428392276763915980e+01
-1.938304030895233154e+01 -1.358782739639282156e+01
-1.967013037204742432e+01 -1.449785919189453054e+01
-1.893795138597488403e+01 -1.426786222457885778e+01
-1.944728839397430420e+01 -1.407014751434326172e+01
-1.926765823364257812e+01 -1.396075906753540075e+01
-1.913614722092946252e+01 -1.319663648605346751e+01
-1.979668116569519043e+01 -1.415922756195068288e+01
-1.897983574867248535e+01 -1.392191638946533239e+01
-1.983739761511484900e+01 -1.366034250259399485e+01
-1.961312528451283654e+01 -1.425158395767211950e+01
-1.961067493756612024e+01 -1.334014368057250977e+01
-1.844559486707051477e+01 -1.447515783309936488e+01
-1.924456334114074707e+01 -1.458397483825683594e+01
-1.895332074165344238e+01 -1.331777019500732351e+01
-1.891639971733093262e+01 -1.391168594360351562e+01
-1.972549148400624475e+01 -1.450144224166870188e+01
-1.932483228047688684e+01 -1.436608324050903285e+01
-1.978454617659251014e+01 -1.444043655395507741e+01
-1.966335658232371131e+01 -1.390043392181396520e+01
-1.854128209749857703e+01 -1.433028278350830043e+01
-1.976418296496073523e+01 -1.410666790008544957e+01
-1.971052714188893518e+01 -1.460480060577392614e+01
-1.975723973910013953e+01 -1.425188426971435618e+01
-1.965934022267659387e+01 -1.455838699340820241e+01
-1.913330185413360596e+01 -1.450917158126831019e+01
-1.959315709273020545e+01 -1.383268060684204137e+01
-1.980837500095367432e+01 -1.451483259201049769e+01
-1.972813427448272705e+01 -1.430191040039062500e+01
-1.917643070220947266e+01 -1.432165908813476562e+01
-1.972897990544636926e+01 -1.449704380035400320e+01
-2.002853461106618127e+01 -1.432876472473144602e+01
-1.866370195150375366e+01 -1.347779722213745046e+01
-1.947014772891998291e+01 -1.445268878936767543e+01
-1.976131244500477990e+01 -1.449419498443603516e+01
-1.888232042392094812e+01 -1.500685615539550710e+01
-1.985284872849782190e+01 -1.451468839645385778e+01
-1.981479505697886268e+01 -1.474836292266845739e+01
-1.896567130088806152e+01 -1.334635133743286062e+01
-1.839672817786534509e+01 -1.200892915725708043e+01
-1.968621017535527429e+01 -1.426903648376464773e+01
-1.948644983768463135e+01 -1.457436819076538015e+01
-1.994695762793223182e+01 -1.280630397796630859e+01
-1.989290531476338586e+01 -1.402710542678832972e+01
-1.884516719977061072e+01 -1.352559556961059606e+01
-1.921798904736836633e+01 -1.445239124298095668e+01
-1.865110882123311242e+01 -1.368146162033081126e+01
-1.977447028954823693e+01 -1.432687721252441371e+01
-2.005232338110605994e+01 -1.444747409820556605e+01
-1.976464140415191650e+01 -1.408755159378051758e+01
-2.001028851668040076e+01 -1.328587169647216726e+01
-1.847417803605397424e+01 -1.185200109481811559e+01
-1.901252635320027551e+01 -1.493068561553955043e+01
-1.968128927548726281e+01 -1.442969322204589844e+01
-2.009701514244079590e+01 -1.409562215805053675e+01
-1.974971334139506141e+01 -1.442282209396362269e+01
-2.006277092297871789e+01 -1.412217512130737340e+01
-1.957485850652058801e+01 -1.436571435928344798e+01
-1.937020977338154992e+01 -1.460018634796142578e+01
-1.881540723641713342e+01 -1.470448942184448171e+01
-1.964139338334401330e+01 -1.392007217407226527e+01
-1.962991412480672082e+01 -1.423128376007080043e+01
-1.974914904435475549e+01 -1.333042173385620188e+01
-1.908334684371948242e+01 -1.437671947479248047e+01
-1.987646067142486572e+01 -1.452599439620971644e+01
-1.944489427407582482e+01 -1.473228797912597621e+01
-1.976491765181223670e+01 -1.438702650070190359e+01
-1.987243223190307617e+01 -1.448080759048461985e+01
-2.009735977649688721e+01 -1.460390462875366246e+01
-1.983624740441640100e+01 -1.461759214401245188e+01
-2.037331056594848633e+01 -1.443131227493286062e+01
-1.956454173723856726e+01 -1.385436954498291051e+01
-1.963357454538345337e+01 -1.497214889526367188e+01
-2.011057563622792443e+01 -1.370141944885253871e+01
-1.937362301349639893e+01 -1.422118597030639719e+01
-2.013918256759643555e+01 -1.398759174346923828e+01
-1.918754140535990516e+01 -1.448771095275878906e+01
-1.973605640729268274e+01 -1.400681791305541957e+01
-2.015330318609873572e+01 -1.450806684494018484e+01
-2.015898430347442627e+01 -1.438304309844970774e+01
-1.845706566174824914e+01 -1.481828422546386648e+01
-1.944405398766199866e+01 -1.458572711944580114e+01
-1.971079977353413781e+01 -1.352313022613525462e+01
-1.924242424964904785e+01 -1.500784921646118164e+01
-1.846074589093526086e+01 -1.401663713455200266e+01
-1.909572756290435791e+01 -1.423634347915649379e+01
-1.939261849721272668e+01 -1.418325490951538015e+01
-1.888361245393753052e+01 -1.434742422103881765e+01
-1.981618213653564453e+01 -1.451816873550415110e+01
-1.991821332772572717e+01 -1.480164670944213867e+01
-1.997175908088684082e+01 -1.483860187530517649e+01
-1.997079888979594031e+01 -1.386761035919189489e+01
-2.003093949953715125e+01 -1.398898334503173757e+01
-1.960175891717274865e+01 -1.411211986541747976e+01
-1.934811520576477051e+01 -1.461705350875854492e+01
-2.003559788068135461e+01 -1.468597316741943359e+01
-2.041188295682271203e+01 -1.401248941421508754e+01
-2.009083636601765832e+01 -1.376333875656127859e+01
-1.978362584114074707e+01 -1.367736940383911204e+01
-1.998338743050893029e+01 -1.364207048416137624e+01
-2.008376920223236084e+01 -1.285571813583374023e+01
-1.958962945143381873e+01 -1.428254718780517507e+01
-1.981983963648478309e+01 -1.384209594726562464e+01
-2.033031864960988244e+01 -1.451329708099365234e+01
-1.917339177926381311e+01 -1.351000137329101491e+01
-1.944577642281850061e+01 -1.344659481048583949e+01
-2.001953677336375037e+01 -1.429330720901489293e+01
-1.917910780509312829e+01 -1.410330095291137731e+01
-1.976123881340026855e+01 -1.393523788452148438e+01
-2.021735513210296631e+01 -1.439626684188842809e+01
-2.050537125269572059e+01 -1.459495601654052699e+01
-2.031708029905955115e+01 -1.441287031173706090e+01
-2.025881719589233398e+01 -1.475239601135253942e+01
-2.017492016156514367e+01 -1.400669689178466726e+01
-2.045828004678090295e+01 -1.362708539962768484e+01
-1.919292980432510376e+01 -1.423055181503295863e+01
-1.969417993227640906e+01 -1.262824611663818430e+01
-2.013408595323562622e+01 -1.386168212890624929e+01
-2.004934096336364746e+01 -1.325331277847289968e+01
-1.978336157401402673e+01 -1.423164634704589915e+01
-2.000241879622141639e+01 -1.391262111663818324e+01
-1.978275040785471717e+01 -1.442414989471435582e+01
-1.999361968040466309e+01 -1.406607599258422781e+01
-1.965157707532246789e+01 -1.490339097976684535e+01
-1.992993597189585486e+01 -1.411026725769042933e+01
-2.010097658634185791e+01 -1.449174957275390696e+01
-2.026766820748646936e+01 -1.461467924118042028e+01
-2.043692115942637244e+01 -1.398968944549560511e+01
-2.035368049144744873e+01 -1.367720432281494070e+01
-1.989641424020131311e+01 -1.437764768600463938e+01
-1.987221924463907996e+01 -1.380900211334228445e+01
-1.979154833157857141e+01 -1.466441650390624929e+01
-2.031310613950093469e+01 -1.363317060470581055e+01
-1.995372684796651086e+01 -1.386247768402099645e+01
-1.965040993690490723e+01 -1.377486925125122141e+01
-1.959070158004760742e+01 -1.375884637832641566e+01
-1.940097181002299109e+01 -1.441304187774658274e+01
-1.995621895790100098e+01 -1.442261304855346715e+01
-2.017836232980092248e+01 -1.315853271484374964e+01
-2.014237387975056848e+01 -1.401559915542602575e+01
-2.047931011517842492e+01 -1.486335506439209020e+01
-2.055871669451395789e+01 -1.455077486038208079e+01
-1.957160317897796631e+01 -1.358873834609985387e+01
-2.034576777617136756e+01 -1.419323682785034180e+01
-2.016632664203643799e+01 -1.428276081085205007e+01
-2.014410201708475867e+01 -1.403620271682739329e+01
-2.032742853959401330e+01 -1.461673374176025320e+01
-2.023440861701965332e+01 -1.327144508361816477e+01
-1.889822745323181152e+01 -1.290761909484863246e+01
-1.939215437571207801e+01 -1.384415397644042933e+01
-2.001649737358093262e+01 -1.387014360427856374e+01
-1.999457172552744666e+01 -1.434459362030029261e+01
-1.976495703061421594e+01 -1.485950164794921946e+01
-1.986554980278015137e+01 -1.490901050567626918e+01
-1.982600033283233643e+01 -1.309153709411621058e+01
-2.028598733743031701e+01 -1.437997121810913015e+01
-2.008625912666320801e+01 -1.435682058334350586e+01
-1.999931999047597131e+01 -1.381413688659668004e+01
-2.003539212544758996e+01 -1.446117715835571360e+01
-2.037668426831563195e+01 -1.452003145217895508e+01
-2.042428509394327918e+01 -1.457189455032348668e+01
-1.938917064666748047e+01 -1.451518535614013672e+01
-1.960477201143900672e+01 -1.418397293090820277e+01
-2.008047835032145301e+01 -1.425686340332031321e+01
-1.917871169249216834e+01 -1.414555883407592773e+01
-2.002558942635853967e+01 -1.479049625396728551e+01
-2.000115915139516076e+01 -1.409029359817504812e+01
-2.020056347052256385e+01 -1.402527561187744176e+01
-2.043410619099934777e+01 -1.452650642395019531e+01
-2.046007160345713416e+01 -1.426852893829345703e+01
-1.947887561718622962e+01 -1.298927354812622070e+01
-1.998126077651977539e+01 -1.392433042526245046e+01
-2.016409645477930823e+01 -1.434732141494751012e+01
-2.069983947277069092e+01 -1.472574863433837855e+01
-2.048214622338612756e+01 -1.401133012771606445e+01
-2.078282308578491211e+01 -1.436775121688842738e+01
-2.080599908034006873e+01 -1.355798540115356410e+01
-2.000691731770833215e+01 -1.438008403778076172e+01
-2.006660083929697791e+01 -1.458672237396240234e+01
-2.063679039478302002e+01 -1.446809291839599609e+01
-1.967779640356699744e+01 -1.436569252014160192e+01
-1.907394659519195557e+01 -1.293814954757690394e+01
-1.913708919286727905e+01 -1.381993217468261648e+01
-2.011687481403350830e+01 -1.429635934829711985e+01
-2.059633878866831580e+01 -1.341300649642944265e+01
-2.013656353950500488e+01 -1.377991447448730433e+01
-2.056935250759124756e+01 -1.430073242187500071e+01
-2.038707937796910485e+01 -1.414424142837524379e+01
-2.045816818873087684e+01 -1.385567274093627965e+01
-2.018854232629140100e+01 -1.430261039733886719e+01
-2.074239579836527625e+01 -1.384545650482177770e+01
-2.005281360944112024e+01 -1.416098175048828089e+01
-2.026151454448699951e+01 -1.457483978271484304e+01
-1.980065186818440637e+01 -1.390011796951293910e+01
-2.052066051959991455e+01 -1.427967205047607457e+01
-2.031070955594380578e+01 -1.434195594787597727e+01
-2.036065113544464111e+01 -1.372869701385497976e+01
-1.995238780975341797e+01 -1.457102775573730469e+01
-1.918905576070149621e+01 -1.365350046157836950e+01
-1.914832890033721924e+01 -1.438064365386962962e+01
-2.037995823224385461e+01 -1.412956285476684570e+01
-2.018874975045521936e+01 -1.408809337615966761e+01
-2.065572623411814490e+01 -1.458223104476928711e+01
-2.000582571824391565e+01 -1.313958015441894567e+01
-2.030640772978464881e+01 -1.444492187500000036e+01
-2.032424235343933105e+01 -1.408396272659301829e+01
-2.038460961977640906e+01 -1.480044622421264577e+01
-2.064306875069935998e+01 -1.413406400680542063e+01
-2.051739776134490967e+01 -1.405450839996337820e+01
-2.069810152053833008e+01 -1.352560663223266602e+01
-2.068201152483622351e+01 -1.435393037796020543e+01
-2.080629702409108361e+01 -1.380011186599731410e+01
-2.034654569625854492e+01 -1.322681350708007741e+01
-1.949046121040980140e+01 -1.447889966964721609e+01
-1.965276257197062293e+01 -1.461683101654052663e+01
-2.072370664278666297e+01 -1.443877925872802770e+01
-2.051616819699605188e+01 -1.423454904556274414e+01
-2.056339772542317590e+01 -1.405912723541259801e+01
-2.069287669658660889e+01 -1.396100215911865305e+01
-2.070946812629699707e+01 -1.460870800018310511e+01
-2.042857817808787146e+01 -1.338429031372070277e+01
-1.888053194681803504e+01 -1.392147321701049734e+01
-2.065958333015441895e+01 -1.345970716476440465e+01
-2.040167144934336463e+01 -1.421824321746826136e+01
-2.028309492270151893e+01 -1.439348926544189489e+01
-2.069540186723073205e+01 -1.462975578308105540e+01
-2.082439386844635010e+01 -1.388855266571044922e+01
-1.935070387522379676e+01 -1.392108201980590820e+01
-2.026841517289479455e+01 -1.479780168533325124e+01
-2.083144756158192834e+01 -1.415515832901001048e+01
-2.076330101490020752e+01 -1.406243963241577077e+01
-2.010740379492441932e+01 -1.401231355667114187e+01
-2.040342092514038086e+01 -1.396214971542358363e+01
-2.070597958564758301e+01 -1.452839527130126918e+01
-1.954554351170857629e+01 -1.454867877960205114e+01
-2.047659361362457275e+01 -1.367898063659668040e+01
-2.046189109484354773e+01 -1.465247020721435511e+01
-2.074996932347615441e+01 -1.443248348236084055e+01
-2.112771014372507850e+01 -1.478903894424438548e+01
-2.060973083972930908e+01 -1.436843280792236399e+01
-2.013137867053349694e+01 -1.389836215972900391e+01
-2.015487313270568848e+01 -1.383338270187377894e+01
-2.009705956776936731e+01 -1.370925788879394602e+01
-2.042914104461669922e+01 -1.410004816055297816e+01
-2.010544776916503906e+01 -1.366458673477172781e+01
-2.020019785563151160e+01 -1.449218645095825231e+01
-2.032768416404724121e+01 -1.455508050918579066e+01
-2.117655436197916785e+01 -1.425324296951293945e+01
-2.067381052176157752e+01 -1.463101673126220703e+01
-2.042295312881469727e+01 -1.448422632217407191e+01
-1.988871840635935584e+01 -1.462137041091918910e+01
-2.119255681832631311e+01 -1.397512969970703089e+01
-2.065193982919057092e+01 -1.347475299835205043e+01
-2.026601243019104004e+01 -1.329414958953857351e+01
-2.073999718825022498e+01 -1.430482206344604457e+01
-2.072317707538604736e+01 -1.410348167419433629e+01
-1.986779272556304932e+01 -1.281920375823974645e+01
-1.924184544881184777e+01 -1.443168277740478445e+01
-2.081118162473042688e+01 -1.380872001647949254e+01
-2.031198338667551795e+01 -1.441580438613891602e+01
-1.995156562328338623e+01 -1.466147232055664062e+01
-2.099269704023997107e+01 -1.442585248947143484e+01
-2.092617034912109375e+01 -1.468699655532836879e+01
-2.035444037119547644e+01 -1.445947599411010742e+01
-2.071302064259846887e+01 -1.434761142730712891e+01
-2.111191475391387939e+01 -1.376372575759887695e+01
-2.028723653157551965e+01 -1.450524473190307617e+01
-1.961318941911061486e+01 -1.420713262557983469e+01
-2.003094093004862586e+01 -1.372658061981201172e+01
-2.002700106302897254e+01 -1.387577562332153391e+01
-2.006310073534647742e+01 -1.380202016830444300e+01
-1.987097203731536865e+01 -1.408449649810791016e+01
-2.112131567796071252e+01 -1.436773672103881871e+01
-1.959873759746551514e+01 -1.418422136306762660e+01
-2.086133491992950439e+01 -1.412468051910400391e+01
-2.117800664901733398e+01 -1.401828832626342702e+01
-2.050315233071644982e+01 -1.322734355926513672e+01
-1.941094319025675574e+01 -1.396596279144287145e+01
-2.013010434309641639e+01 -1.383438663482666087e+01
-2.052197134494781494e+01 -1.418461608886718750e+01
-1.972582109769185266e+01 -1.437223701477050852e+01
-1.977006936073303223e+01 -1.414540433883666992e+01
-2.100559612115224084e+01 -1.472736148834228587e+01
-1.991885606447855750e+01 -1.286376256942748952e+01
-2.050009942054748535e+01 -1.454291858673095739e+01
-2.087417133649190149e+01 -1.370791635513305629e+01
-2.043922793865203857e+01 -1.339715757369995153e+01
-1.970601642131805420e+01 -1.416181688308715891e+01
-2.085259596506754676e+01 -1.441975431442260813e+01
-2.080709846814473352e+01 -1.435195379257202219e+01
-2.111351215839385986e+01 -1.384032878875732386e+01
-2.019380942980448523e+01 -1.404940843582153320e+01
-2.121611177921295166e+01 -1.387478494644165039e+01
-2.142862367630004883e+01 -1.474147672653198171e+01
-2.028409051895141602e+01 -1.454987554550170969e+01
-2.093935736020405969e+01 -1.454240503311157262e+01
-2.114143443107604980e+01 -1.388309125900268626e+01
-2.033347419897715369e+01 -1.252785873413085938e+01
-2.040468410650889197e+01 -1.449056501388549734e+01
-2.057823272546132287e+01 -1.354065990447998047e+01
-2.009882684548695764e+01 -1.352834291458129812e+01
-2.076500574747721473e+01 -1.341298856735229528e+01
