# Train Val
-7.105444381013512611e+00 -8.336874729547744778e+00
-8.357019429405530886e+00 -8.429543116153814353e+00
-8.432811049123605684e+00 -8.458354130769388135e+00
-8.475720060368379549e+00 -8.504267863738231625e+00
-8.497166203955808683e+00 -8.537586444463485691e+00
-8.497237145900726318e+00 -8.513227523901523597e+00
-8.505523977180322603e+00 -8.451617509890825275e+00
-8.512339311341444059e+00 -8.562078500405336356e+00
-8.551688196758428617e+00 -8.574277437650239975e+00
-8.632579162716865540e+00 -8.804928486163799306e+00
-8.802547196547189756e+00 -8.948396572699913065e+00
-9.068605549633502960e+00 -9.413621071057441725e+00
-9.423265472054481506e+00 -9.500839282304813338e+00
-9.491382628679275513e+00 -9.197411476037441247e+00
-9.678897375861803098e+00 -1.006860869970077133e+01
-9.956508318583169981e+00 -1.028748006087083056e+01
-1.015465203175942044e+01 -9.851736643375494040e+00
-1.036613669743140598e+01 -1.037466276608980564e+01
-1.033545328676700592e+01 -1.083217946077004434e+01
-1.042977220316728015e+01 -1.085647093944060515e+01
-1.057192513843377490e+01 -1.097066815694173236e+01
-1.076146323482195477e+01 -1.093267528827373880e+01
-1.085206566502650638e+01 -1.131786767030373575e+01
-1.103103872140248676e+01 -1.148071132562099272e+01
-1.105258214970429798e+01 -1.058334184304261782e+01
-1.116940442224343677e+01 -1.145500596364339252e+01
-1.146577094992001911e+01 -1.115741089062812996e+01
-1.130891530712445636e+01 -1.167865278781988714e+01
-1.120024597644805908e+01 -1.173559533632718654e+01
-1.146209086974461933e+01 -1.145188135978503041e+01
-1.138996893167495728e+01 -1.179965882423596568e+01
-1.150300417592128177e+01 -1.147818186344244573e+01
-1.177362076441446881e+01 -1.092307266822228051e+01
-1.174318674703439136e+01 -1.142337708595471568e+01
-1.181798517704010010e+01 -1.200292511475391954e+01
-1.181102102498213391e+01 -1.013620276328844838e+01
-1.187693213423093219e+01 -1.167943030137282179e+01
-1.194879400730133057e+01 -1.200967248280843158e+01
-1.194617375234762768e+01 -1.228911984272492219e+01
-1.213346006969610791e+01 -1.174938622499123575e+01
-1.218045975267887115e+01 -1.244146559788630491e+01
-1.211035012702147107e+01 -1.234106181218073850e+01
-1.215923112134138684e+01 -1.231092237814878843e+01
-1.213457834720611572e+01 -1.260405295934432601e+01
-1.241739709178606610e+01 -9.714954840831268257e+00
-1.216823639969030957e+01 -1.223292243175017546e+01
-1.245158264040946960e+01 -1.159398641341771885e+01
-1.252147155006726642e+01 -1.248587385813395123e+01
-1.253982498248418231e+01 -1.266723361382117652e+01
-1.260666804512341876e+01 -1.191552903101994509e+01
-1.230894812444845776e+01 -1.252022153903276447e+01
-1.266252830624580383e+01 -1.285038708417843623e+01
-1.268960416316986084e+01 -1.253352514902750592e+01
-1.272028093039989471e+01 -1.296320127829527280e+01
-1.297874245047569275e+01 -1.244131848750970271e+01
-1.289897380272547345e+01 -1.240862477131378938e+01
-1.279759549597899060e+01 -1.280983858842116163e+01
-1.283243715763092041e+01 -1.319256134522266954e+01
-1.297924501697222333e+01 -1.271222405555920787e+01
-1.291539034247398376e+01 -1.133009746747139168e+01
-1.307917863627274890e+01 -1.241949903048001858e+01
-1.280113147695859332e+01 -1.277501695584028241e+01
-1.295545081794261932e+01 -1.351387508098895651e+01
-1.318539074063301086e+01 -1.336212055499737161e+01
-1.319179943700631519e+01 -1.290633842272636223e+01
-1.322900793453057666e+01 -1.279092429234431272e+01
-1.331644968191782574e+01 -1.301909368466108319e+01
-1.306944719453652759e+01 -1.229445643302721791e+01
-1.303697645167509656e+01 -1.337651661114814949e+01
-1.303001843889554401e+01 -1.226705169677734375e+01
-1.325089427828788757e+01 -1.320807276016626552e+01
-1.338377982874711414e+01 -1.360929611401680184e+01
-1.331043296555677991e+01 -1.331904249924879835e+01
-1.347901584208011627e+01 -1.359090506724822234e+01
-1.354000185926755329e+01 -1.360694369291647909e+01
-1.347551807264486889e+01 -1.349571215800749968e+01
-1.351205520828565021e+01 -1.220919007521409227e+01
-1.369967003663381000e+01 -1.278125665126702692e+01
-1.367332797745863537e+01 -1.356364753918770027e+01
-1.353374679386615753e+01 -1.349563870063194848e+01
-1.360014992952346802e+01 -1.364435675205328558e+01
-1.357347327967484851e+01 -1.348948486034686667e+01
-1.367654321094354053e+01 -1.330293838794414896e+01
-1.368140239020188709e+01 -1.282409342741354941e+01
-1.358010379473368268e+01 -1.372284158070882221e+01
-1.397825695077578168e+01 -1.330056249178372951e+01
-1.376173843443393707e+01 -1.276850402049529265e+01
-1.370413978397846222e+01 -1.282407968472211834e+01
-1.385872728625933270e+01 -1.377321458474183657e+01
-1.392789229750633240e+01 -1.271815410027137183e+01
-1.384271952013174634e+01 -1.343149415040627481e+01
-1.368929678698380847e+01 -1.385725774520482823e+01
-1.404849975307782550e+01 -1.286177632747552302e+01
-1.403397334615389447e+01 -1.335269015874618148e+01
-1.379477552572886090e+01 -1.323690380194248384e+01
-1.394003090759118457e+01 -1.393959583380283540e+01
-1.391018118460973163e+01 -1.360848989242162510e+01
-1.394785098234812359e+01 -1.355752521906143571e+01
-1.403593838711579700e+01 -1.362978297013502882e+01
-1.418316854536533356e+01 -1.392200022477370069e+01
-1.394205350677172284e+01 -1.266664145543025022e+01
-1.427364497383435626e+01 -1.417180249629876521e+01
-1.407084948321183582e+01 -1.387384845048953252e+01
-1.410050219297409058e+01 -1.371371161632048796e+01
-1.409411934514840503e+01 -1.270523423414963915e+01
-1.424529527127742767e+01 -1.413819589370336338e+01
-1.411567927896976471e+01 -1.266508329831636814e+01
-1.416736590365568738e+01 -1.291582926725729941e+01
-1.416187845170497894e+01 -1.349518753932072634e+01
-1.425393100082874298e+01 -1.333798462305313492e+01
-1.395410361886024475e+01 -1.372457169263790888e+01
-1.442005754510561566e+01 -1.371908579117212490e+01
-1.426266951362291913e+01 -1.340128842378273966e+01
-1.433975739777088165e+01 -1.169072679372934154e+01
-1.434309708078702350e+01 -1.367702528146597096e+01
-1.441315591832002063e+01 -1.441263651236509702e+01
-1.425913445154825787e+01 -1.379358276954063989e+01
-1.443949421246846576e+01 -1.426153865227332496e+01
-1.446318590641021729e+01 -1.440845753596379275e+01
-1.447882062196731567e+01 -1.388782175993308066e+01
-1.434956555068492889e+01 -1.440868942554180521e+01
-1.445984540879726410e+01 -1.397209847279084016e+01
-1.443890728056430817e+01 -1.315614568270169826e+01
-1.453008298575878143e+01 -1.422866151271722224e+01
-1.448925098280111889e+01 -1.275872426155286021e+01
-1.433927176396051983e+01 -1.381641187423314854e+01
-1.448813570539156537e+01 -1.337997311812180712e+01
-1.451195263862609863e+01 -1.338562772212884333e+01
-1.459866205851236920e+01 -1.354625080793331904e+01
-1.442483066519101520e+01 -1.460493537707206535e+01
-1.454228738447030445e+01 -1.443196079058524894e+01
-1.454949375987052917e+01 -1.445880865439390561e+01
-1.479927184681097607e+01 -1.467211471459804351e+01
-1.472286953032016754e+01 -1.365843300941662974e+01
-1.470306292672952075e+01 -1.372930927765675158e+01
-1.450089102486769299e+01 -1.427842712402343750e+01
-1.448333267867565155e+01 -1.321212942172319416e+01
-1.465760610997676849e+01 -1.421917003240340804e+01
-1.456078522900740246e+01 -1.271913183652437596e+01
-1.458471727371215820e+01 -1.450341593913542937e+01
-1.470303465425968170e+01 -1.479132549579327005e+01
-1.478969218333562274e+01 -1.460315748361440846e+01
-1.465131818254788776e+01 -1.445519148997771453e+01
-1.504260349770387073e+01 -1.423619052691337394e+01
-1.472664517660935779e+01 -1.434699173462696642e+01
-1.471333907047907452e+01 -1.155081934806628041e+01
-1.458834569156169891e+01 -1.392779538570306208e+01
-1.466199606160322766e+01 -1.214531612396240234e+01
-1.488406177361806293e+01 -1.455043286543626024e+01
-1.465583402415116687e+01 -1.354189995007637215e+01
-1.489218681553999524e+01 -1.493028855935121157e+01
-1.482179194192091565e+01 -1.418001067332732390e+01
-1.483056308825810810e+01 -1.480052661895751953e+01
-1.483865698675314526e+01 -1.417235389122596168e+01
-1.488510716458161731e+01 -1.387104831597743804e+01
-1.472027675310770611e+01 -1.296968303582607085e+01
-1.518506525953610797e+01 -1.443825736412635230e+01
-1.470404457052548786e+01 -1.357795549050355532e+01
-1.507057121892770191e+01 -1.462224916311410716e+01
-1.520838660995165448e+01 -1.498360787905179592e+01
-1.505345619221528430e+01 -1.444654406034029392e+01
-1.483733581503232379e+01 -1.450425385206173701e+01
-1.505421285331249237e+01 -1.279122668046217726e+01
-1.517968102792898755e+01 -1.372915028303097529e+01
-1.492634103695551495e+01 -1.487573469602144627e+01
-1.501928265392780304e+01 -1.475743169050950243e+01
-1.526004822055498700e+01 -1.512559015322954181e+01
-1.506773624320825000e+01 -1.437365453671186444e+01
-1.503986768424510956e+01 -1.361156979585305216e+01
-1.507880578935146332e+01 -1.488152232536902808e+01
-1.518318030734856983e+01 -1.486669745812049293e+01
-1.508436274031797986e+01 -1.454317968319623944e+01
-1.517448828617731671e+01 -1.358380545102632908e+01
-1.523242719471454620e+01 -1.501200852027306176e+01
-1.511098542312780957e+01 -1.331834308917705911e+01
-1.515550529460112195e+01 -1.402511163858267018e+01
-1.523336814840634723e+01 -1.446863242907401848e+01
-1.544126064578692059e+01 -1.355527628385103611e+01
-1.505953637262185474e+01 -1.437858752715281874e+01
-1.486418687800566296e+01 -1.516282062041453749e+01
-1.506632128357887268e+01 -1.463019119164882476e+01
-1.519378298521041870e+01 -1.413266003437531282e+01
-1.507998808224995990e+01 -1.445768270737085537e+01
-1.506169666846593280e+01 -1.303078335982102587e+01
-1.541043869654337506e+01 -1.518522849449744605e+01
-1.548108557860056500e+01 -1.397945303794665151e+01
-1.503586175044377704e+01 -1.490183025751358414e+01
-1.514166871706644635e+01 -1.498344607230944447e+01
-1.540838753680388074e+01 -1.507676630753737257e+01
-1.541240230202674866e+01 -1.528679273067376521e+01
-1.556646753847599030e+01 -1.435687612875913999e+01
-1.551260984937349896e+01 -1.489472773136236761e+01
-1.555588178833325763e+01 -1.314818098606207464e+01
-1.517620139817396741e+01 -1.509726282266470143e+01
-1.529817972580591778e+01 -1.404891490936279297e+01
-1.545873105029265027e+01 -1.512728534600673491e+01
-1.552575085560480694e+01 -1.406652521475767514e+01
-1.542273808519045453e+01 -1.387017448131854636e+01
-1.517429377138614655e+01 -1.457417023487580110e+01
-1.539369639754295349e+01 -1.525584819989326668e+01
-1.561133120954036713e+01 -1.539644948030129434e+01
-1.549543109039465527e+01 -1.458990392929468349e+01
-1.516912875572840314e+01 -1.500049681541247182e+01
-1.552530402938524823e+01 -1.512451780759371189e+01
-1.553022176524003406e+01 -1.474583711379613682e+01
-1.546890404820442200e+01 -1.401401206774589348e+01
-1.533758107821146588e+01 -1.411013884422106557e+01
-1.555367487668991089e+01 -1.449526588733379739e+01
-1.558535063266754150e+01 -1.497816200745411486e+01
-1.573294125000635724e+01 -1.456223548986972993e+01
-1.507667016486326794e+01 -1.500750685960818487e+01
-1.536663190275430679e+01 -1.296366046025202756e+01
-1.551886392136414905e+01 -1.529672544430463788e+01
-1.585344349344571491e+01 -1.436112861144236952e+01
-1.519781912863254547e+01 -1.496669977139204022e+01
-1.565600334107875824e+01 -1.522263661409035684e+01
-1.547226390739282031e+01 -1.544301387591239738e+01
-1.559850217898686786e+01 -1.469573487990941807e+01
-1.546212688088417053e+01 -1.415633786030304719e+01
-1.556160100797812085e+01 -1.465819459083752818e+01
-1.551788488030433655e+01 -1.516957371051494974e+01
-1.583686669667561908e+01 -1.528686772860013576e+01
-1.546770144999027252e+01 -1.441869813967973712e+01
-1.564356679717699627e+01 -1.488129779620048332e+01
-1.565413459638754468e+01 -1.299087578211075211e+01
-1.566838365793228149e+01 -1.522360153687306017e+01
-1.566237362225850482e+01 -1.541756673959585378e+01
-1.555542469521363635e+01 -1.520698989965976899e+01
-1.584788602590560913e+01 -1.474785983256804656e+01
-1.550701322654883008e+01 -1.577835452250945281e+01
-1.574952623744805713e+01 -1.500428683941180807e+01
-1.559547546009222607e+01 -1.336503038650903896e+01
-1.552571273346742053e+01 -1.449713146992218782e+01
-1.518880764146645923e+01 -1.486562635959723089e+01
-1.561915390193462372e+01 -1.543347945580115699e+01
-1.588410965601603131e+01 -1.560844088823367315e+01
-1.562467702229817768e+01 -1.517318630218505859e+01
-1.586818245053291321e+01 -1.552537323878361697e+01
-1.588152695198853870e+01 -1.530720099424704550e+01
-1.574952781697114368e+01 -1.479083178593562131e+01
-1.582056306799252887e+01 -1.520669340476011655e+01
-1.587214967111746411e+01 -1.545275751749674420e+01
-1.557750809689362903e+01 -1.526819943159054560e+01
-1.573416834572950940e+01 -1.561085847707895091e+01
-1.579703610638777356e+01 -1.503671198624831007e+01
-1.573535273969173431e+01 -1.529341991131122214e+01
-1.600179145733515540e+01 -1.519216043521196369e+01
-1.553123784065246582e+01 -1.511819790571163935e+01
-1.588647218545277973e+01 -1.341281450711763767e+01
-1.596127194662888904e+01 -1.559879007094945713e+01
-1.590833172698815723e+01 -1.503059436113406377e+01
-1.584724443654219250e+01 -1.503719782217955014e+01
-1.586220101018746753e+01 -1.553456876216790583e+01
-1.578159952660401721e+01 -1.523630936940511127e+01
-1.587687413394451141e+01 -1.466891814500857549e+01
-1.588721080621083637e+01 -1.305627849774482918e+01
-1.600937177240848541e+01 -1.448062532376020428e+01
-1.579916032652060132e+01 -1.469447803497314453e+01
-1.598156387110551258e+01 -1.496177020439734839e+01
-1.592508638898531537e+01 -1.499439902183337026e+01
-1.600414044658343116e+01 -1.482218065017308994e+01
-1.593404089907805066e+01 -1.546013323465983014e+01
-1.588245266179243664e+01 -1.548573814294277007e+01
-1.613986194630463800e+01 -1.486438533587333488e+01
-1.587052035331726074e+01 -1.526370941064296538e+01
-1.587959168851375580e+01 -1.570943590310903737e+01
-1.584407046437263489e+01 -1.496221109536977956e+01
-1.617091566324234009e+01 -1.255866261017628283e+01
-1.554516997436682324e+01 -1.427562618255615234e+01
-1.593332698444525342e+01 -1.468899860137548252e+01
-1.611015109717845917e+01 -1.495592048840645027e+01
-1.595782332122325897e+01 -1.541294775253687099e+01
-1.606270294884840766e+01 -1.549623112800793834e+01
-1.626590552926063538e+01 -1.458350783128004835e+01
-1.601011619965235511e+01 -1.188735673366448786e+01
-1.598295222222805023e+01 -1.445813694978371622e+01
-1.611450739701588830e+01 -1.537657815982133869e+01
-1.640536958475907525e+01 -1.563527381114470671e+01
-1.601276709636052331e+01 -1.574979163438845831e+01
-1.624574790894985199e+01 -1.559655162615653801e+01
-1.612394365668296814e+01 -1.534995436057066343e+01
-1.611586532493432244e+01 -1.479834779103597064e+01
-1.607768434782822808e+01 -1.559431687379494669e+01
-1.610864947736263275e+01 -1.571632529527713018e+01
-1.609040950735409936e+01 -1.521401287959172244e+01
-1.609269884725411615e+01 -1.506588542155730437e+01
-1.609758699436982354e+01 -1.584108983553372951e+01
-1.630386627217133722e+01 -1.555346491397955511e+01
-1.619857919712861261e+01 -1.507468543908534819e+01
-1.606603962182998657e+01 -1.572034082657251552e+01
-1.620919630924860755e+01 -1.404212565299792104e+01
-1.621933863560358802e+01 -1.524526755015055279e+01
-1.633513974150021753e+01 -1.595085965670072170e+01
-1.583738854030768017e+01 -1.532204312544602587e+01
-1.618156121174494544e+01 -1.532891456897442239e+01
-1.615323427319526672e+01 -1.587066080631353948e+01
-1.624211035668849945e+01 -1.567520951002072138e+01
-1.593520191808541675e+01 -1.569163584097837827e+01
-1.631951747834682465e+01 -1.504198663662641522e+01
-1.607381099959214410e+01 -1.562298916547726435e+01
-1.619484777748584747e+01 -1.488752937316894531e+01
-1.625675519804159919e+01 -1.551541592524601931e+01
-1.597969725231329541e+01 -1.559065530239007380e+01
-1.614368771016597748e+01 -1.536672672858605004e+01
-1.633295522630214691e+01 -1.449864010933118053e+01
-1.624112694958845893e+01 -1.571762097187531282e+01
-1.610343259076277533e+01 -1.588926662542881196e+01
-1.665876288712024689e+01 -1.547009321359487721e+01
-1.613704626758893212e+01 -1.499874420655079454e+01
-1.625961393614609918e+01 -1.487450470068515962e+01
-1.649688169856866082e+01 -1.507511266072591205e+01
-1.613916819294293603e+01 -1.510073375701904297e+01
-1.630763126413027564e+01 -1.533176703330797963e+01
-1.627961416542530060e+01 -1.533921838418031314e+01
-1.596787244081497192e+01 -1.561156588334303663e+01
-1.620389570792515954e+01 -1.566101013085780913e+01
-1.642366199195384979e+01 -1.491847026042449187e+01
-1.656379150350888452e+01 -1.523219624543801309e+01
-1.620028767983118811e+01 -1.585070397303654666e+01
-1.625473150610923767e+01 -1.594587998512463756e+01
-1.638886512815952301e+01 -1.545420856964893908e+01
-1.646809835731983185e+01 -1.598251892970158572e+01
-1.655459669232368469e+01 -1.561682591071495629e+01
-1.655194820463657379e+01 -1.552704324477758213e+01
-1.634854039053122321e+01 -1.519169059166541480e+01
-1.638427181045214454e+01 -1.600592072804768762e+01
-1.636144377291202545e+01 -1.584320853306696897e+01
-1.643426236510276794e+01 -1.535129207219832992e+01
-1.652484249075253686e+01 -1.523603158119397349e+01
-1.647472607096036157e+01 -1.607434967236641299e+01
-1.636336856087048730e+01 -1.495759186377892114e+01
-1.629857840637366095e+01 -1.539954992441030690e+01
-1.631526690224806586e+01 -1.518324382488544089e+01
-1.623647595942020416e+01 -1.472357160617143634e+01
-1.632305355370044708e+01 -1.428338055732922740e+01
-1.636819131175677100e+01 -1.552728386414356798e+01
-1.628282679120699683e+01 -1.523592985593355564e+01
-1.634976089000701904e+01 -1.551896970699995038e+01
-1.632151463131109992e+01 -1.510869246262770460e+01
-1.641487462321917334e+01 -1.579912051176413534e+01
-1.658771054446697235e+01 -1.545548683557754899e+01
-1.635137477517127991e+01 -1.493059725639147572e+01
-1.646722828348477563e+01 -1.570591823871319193e+01
-1.649133753279845038e+01 -1.543254661560058594e+01
-1.653131894270579139e+01 -1.592685890197753906e+01
-1.632607856889565667e+01 -1.565373503856169890e+01
-1.650976827243963996e+01 -1.442677270449124904e+01
-1.650570975740750512e+01 -1.566022792229285621e+01
-1.653565289576848230e+01 -1.601895792056352619e+01
-1.671641137699286261e+01 -1.505228159977839475e+01
-1.652619956930478295e+01 -1.585724045680119509e+01
-1.668728106220563134e+01 -1.595460918622139168e+01
-1.680877239008744439e+01 -1.567436971419896885e+01
-1.639164249598979950e+01 -1.131935914357503314e+01
-1.654513878623644629e+01 -1.579258779379037669e+01
-1.650043550133705139e+01 -1.556160924373528864e+01
-1.645662202934424201e+01 -1.562688167278583151e+01
-1.625180172920227051e+01 -1.552248602647047804e+01
-1.680110060671965400e+01 -1.589036379105005459e+01
-1.656418995062510291e+01 -1.619828075017684554e+01
-1.674173951645692071e+01 -1.542390263386261751e+01
-1.657598146796226501e+01 -1.504816006391476435e+01
-1.663823901116847992e+01 -1.573549038324600602e+01
-1.666028738021850586e+01 -1.461402584956242556e+01
-1.672574406365553656e+01 -1.525118710444523806e+01
-1.667009026308854303e+01 -1.599877513983310884e+01
-1.676513139406840125e+01 -1.604560590401673892e+01
-1.640845140318075934e+01 -1.589101732694185642e+01
-1.670339200894038001e+01 -1.591303495260385326e+01
-1.639874058465163031e+01 -1.497344347146841237e+01
-1.675675114989280701e+01 -1.545482496114877513e+01
-1.684462856252988061e+01 -1.554975027915758901e+01
-1.673342072467009345e+01 -1.512413555536514664e+01
-1.654698943098386010e+01 -1.471864260160005955e+01
-1.634460505843162537e+01 -1.589258597447321897e+01
-1.658831779162089148e+01 -1.431940487103584481e+01
-1.640871250629425049e+01 -1.547424367757943919e+01
-1.691359916826089105e+01 -1.609597365061442176e+01
-1.674283477663993835e+01 -1.561851066198104476e+01
-1.676170864204565802e+01 -1.561887716635679624e+01
-1.679159996906916419e+01 -1.604719044612004097e+01
-1.687921495735645294e+01 -1.530076721387031746e+01
-1.677883177498976508e+01 -1.544268116584190942e+01
-1.681391500929991523e+01 -1.546119545667599482e+01
-1.646785168846448144e+01 -1.522083385174090964e+01
-1.676482002933819970e+01 -1.595124821785168834e+01
-1.663011840979258338e+01 -1.473879513373741723e+01
-1.673507900039355079e+01 -1.573907981774745757e+01
-1.660233244299888611e+01 -1.534138408074012183e+01
-1.688059798876444617e+01 -1.554445865826729012e+01
-1.678152732054392615e+01 -1.541931993533403400e+01
-1.648518126209576806e+01 -1.537783989539513207e+01
-1.665701547265052795e+01 -1.604560448573185738e+01
-1.680198044578234473e+01 -1.568388528090256884e+01
-1.665301214655240258e+01 -1.527114745898124504e+01
-1.711359716951847076e+01 -1.609220832433456039e+01
-1.678732273479302606e+01 -1.568752477107903864e+01
-1.675765946507453918e+01 -1.504233352954571146e+01
-1.703841872016588965e+01 -1.576734951214912606e+01
-1.704558146993319312e+01 -1.593515811822353179e+01
-1.683545526862144470e+01 -1.558808842683449747e+01
-1.683807922403017798e+01 -1.566374120956812099e+01
-1.679646335045496741e+01 -1.483219802073943328e+01
-1.671246556937694550e+01 -1.580628074743808931e+01
-1.667866596579551697e+01 -1.597458484845283699e+01
-1.679035760958989343e+01 -1.594517279893923956e+01
-1.680348613361517707e+01 -1.511523987696721072e+01
-1.704894469678401947e+01 -1.543471167637751584e+01
-1.712150006989638129e+01 -1.566998782524695777e+01
-1.672592753668626031e+01 -1.506217220502021981e+01
-1.654891058305899421e+01 -1.560393326099102396e+01
-1.714263630410035333e+01 -1.619378143701797867e+01
-1.700510075191656867e+01 -1.552025570013584321e+01
-1.682685428857803345e+01 -1.567569392766707992e+01
-1.678651892145474633e+01 -1.538416842925242811e+01
-1.710560650626818457e+01 -1.456999720059908299e+01
-1.676927190025647363e+01 -1.528083395346617124e+01
-1.685864432652791223e+01 -1.576794641445844647e+01
-1.702036547660827637e+01 -1.567703965994027904e+01
-1.704830074807007989e+01 -1.530270750094682697e+01
-1.713485799729824066e+01 -1.586901068076109311e+01
-1.698627809186776361e+01 -1.501177394084441374e+01
-1.711706529060999671e+01 -1.611160366351787943e+01
-1.702128323415915290e+01 -1.525095751346685979e+01
-1.691852842768033227e+01 -1.569497387225811380e+01
-1.715382239719231805e+01 -1.566321123563326267e+01
-1.693434609969456872e+01 -1.564396075713328749e+01
-1.677278918524583062e+01 -1.594845881828894996e+01
-1.676642115414142609e+01 -1.515227767748710441e+01
-1.689966301620006561e+01 -1.560452265617174916e+01
-1.702476480106512824e+01 -1.443267049544896885e+01
-1.687833111981550971e+01 -1.591591925498766713e+01
-1.699659176667531213e+01 -1.584667332967122455e+01
-1.680043280621369561e+01 -1.574849050472944256e+01
-1.726354995866616449e+01 -1.439129941891401288e+01
-1.695911556482315063e+01 -1.524009785285362817e+01
-1.695460628469784936e+01 -1.498438497690054128e+01
-1.729594771564006805e+01 -1.574938730093148997e+01
-1.695873330036799231e+01 -1.609091744056114948e+01
-1.707930764555931091e+01 -1.522968624799679560e+01
-1.715668567021687707e+01 -1.512512013851067927e+01
-1.697138271232445916e+01 -1.510871444604335601e+01
-1.718253354231516639e+01 -1.600136913397373206e+01
-1.728240902721881866e+01 -1.575165354899871062e+01
-1.695968648294607917e+01 -1.599282100873115731e+01
-1.703394155204296112e+01 -1.505713330782376858e+01
-1.691403422753016272e+01 -1.575368044926569944e+01
-1.732764176527659217e+01 -1.503432745811266713e+01
-1.722242756187915802e+01 -1.617788246350410830e+01
-1.703553018967310706e+01 -1.577727158864339252e+01
-1.696934927503268042e+01 -1.601130155416635503e+01
-1.686223370333512506e+01 -1.536347758464324187e+01
-1.705768982072671136e+01 -1.547700101901323322e+01
-1.712815968692302704e+01 -1.414226629795172308e+01
-1.713129401703675470e+01 -1.445532060280824282e+01
-1.727515907585620880e+01 -1.597958466945550349e+01
-1.712971283992131433e+01 -1.576511468642797276e+01
-1.724417819082736969e+01 -1.514952412629738809e+01
-1.711698133746783057e+01 -1.488597040909987257e+01
-1.716096884508927545e+01 -1.609952180813520428e+01
-1.728418458998203278e+01 -1.490061058142246431e+01
-1.737359268963336945e+01 -1.524885424589499472e+01
-1.681509180366992950e+01 -1.599152530767978853e+01
-1.711994041999180993e+01 -1.562230951358110431e+01
-1.688637611269950867e+01 -1.609951518132136528e+01
-1.720733245710531989e+01 -1.504111422025240330e+01
-1.704441700379053870e+01 -1.578164127545479012e+01
-1.726137068370978156e+01 -1.609982823102902216e+01
-1.745360539356867591e+01 -1.543970885643592261e+01
-1.706630613406499108e+01 -1.510935015556139760e+01
-1.727101350824038306e+01 -1.568461956121982759e+01
-1.747457399467627326e+01 -1.520726323739076236e+01
-1.726732992132504663e+01 -1.563828431642972561e+01
-1.729479259252548218e+01 -1.546731936625945281e+01
-1.727421498795350274e+01 -1.566116685133713915e+01
-1.720338830351829529e+01 -1.596367087730994605e+01
-1.746090429027875146e+01 -1.602652723361284259e+01
-1.713879258930683136e+01 -1.600713387513772190e+01
-1.713097957770029822e+01 -1.533073092729617315e+01
-1.748284768064816674e+01 -1.446967929448836898e+01
-1.737961458166440210e+01 -1.422078717060578157e+01
-1.695106249054272851e+01 -1.536502219469119268e+01
-1.726999018589655677e+01 -1.563312757932222752e+01
-1.746433743337790290e+01 -1.574233852288661772e+01
-1.752418304483095923e+01 -1.572560728513277439e+01
-1.725527499119440833e+01 -1.586327890249398997e+01
-1.720609565079212189e+01 -1.522894918001615139e+01
-1.719771637519200524e+01 -1.631093969100560770e+01
-1.723786394794781884e+01 -1.593965356777875897e+01
-1.739934709171454230e+01 -1.600534360836713788e+01
-1.759341145058472833e+01 -1.560009699601393507e+01
-1.731144441167513648e+01 -1.549278907286815077e+01
-1.720510419209798059e+01 -1.589697901407877545e+01
-1.742635656396548072e+01 -1.527592243292392915e+01
-1.731697460512320319e+01 -1.578669477120423892e+01
-1.746406162281830987e+01 -1.633632948459722911e+01
-1.731294202804565430e+01 -1.588294031681158636e+01
-1.734522482256094733e+01 -1.577490002069717789e+01
-1.705459595719973365e+01 -1.606025461050180425e+01
-1.740025803943474969e+01 -1.506128276922764009e+01
-1.737339306871096412e+01 -1.561999922532301710e+01
-1.739697661002476892e+01 -1.565104892926338387e+01
-1.730882059534390649e+01 -1.553302322289882476e+01
-1.761465137203534326e+01 -1.442455506936097720e+01
-1.762585894266764441e+01 -1.565529478513277439e+01
-1.754393404722213745e+01 -1.554622317583132940e+01
-1.742721167703469476e+01 -1.546162913395808225e+01
-1.733183893064657966e+01 -1.553226583431928631e+01
-1.743027838567892829e+01 -1.548346932729085346e+01
-1.730836511154969415e+01 -1.588763933915358351e+01
-1.743240887423356256e+01 -1.573692974677452661e+01
-1.768006914357344428e+01 -1.511488946278890033e+01
-1.691969649493694305e+01 -1.559628264109293561e+01
-1.758172646661599359e+01 -1.293497339884440045e+01
-1.708457659184932709e+01 -1.608713915409185802e+01
-1.772151913245518884e+01 -1.584634362734281154e+01
-1.756572313110033789e+01 -1.546899162194667632e+01
-1.755326341092586517e+01 -1.545016660445775791e+01
-1.761328484614690026e+01 -1.535668206826234439e+01
-1.787561888992786407e+01 -1.593391230167486761e+01
-1.738615931073824683e+01 -1.602742380973620229e+01
-1.728337326149145881e+01 -1.498041759393153960e+01
-1.759469636281331262e+01 -1.513441831637651447e+01
-1.741320116321245948e+01 -1.605966753837389760e+01
-1.754068907598654548e+01 -1.572447380652794457e+01
-1.747477168341477594e+01 -1.505792925908015256e+01
-1.756990528106689453e+01 -1.485073074927696801e+01
-1.774554198980331421e+01 -1.596035663898174661e+01
-1.748847190539042273e+01 -1.583406692896133805e+01
-1.740585724512736121e+01 -1.606713867187500000e+01
-1.763202144205570221e+01 -1.545630694658328252e+01
-1.706996834278106689e+01 -1.575342114766438861e+01
-1.748084029555320740e+01 -1.562028207534398838e+01
-1.779632050792376319e+01 -1.551451810201009174e+01
-1.752789098521073541e+01 -1.599710383782019996e+01
-1.734261672695477685e+01 -1.559392699217185019e+01
-1.766865217685699463e+01 -1.564783536470853420e+01
-1.745478914181391517e+01 -1.542856363149789622e+01
-1.738808275262514869e+01 -1.556620502471923828e+01
-1.759379697342713555e+01 -1.570153908851819224e+01
-1.781973733007907867e+01 -1.589235088152763176e+01
-1.773557772239049157e+01 -1.511598797333546251e+01
-1.754383873939514160e+01 -1.303243610186454582e+01
-1.762661439180374146e+01 -1.523030310410719679e+01
-1.758109641571839532e+01 -1.561388526818691069e+01
-1.767743501067161560e+01 -1.515060921204395861e+01
-1.789244769513607025e+01 -1.549026222718067736e+01
-1.755405000845591346e+01 -1.413009932102301214e+01
-1.760561454792817315e+01 -1.593303924951797867e+01
-1.718008627990881720e+01 -1.476575443072196769e+01
-1.736021388073762139e+01 -1.523632653554280658e+01
-1.763480601708094397e+01 -1.567420947246062468e+01
-1.720592951774597168e+01 -1.552240026914156346e+01
-1.762176241477330407e+01 -1.576201668763772012e+01
-1.744362318019072333e+01 -1.604054497449826044e+01
-1.749808191756407538e+01 -1.553721271417079741e+01
-1.782960805793603143e+01 -1.568161988869691470e+01
-1.769039015471935272e+01 -1.609999329004532242e+01
-1.762669967114925385e+01 -1.534065503340501024e+01
-1.768657611310482025e+01 -1.539835374783246991e+01
-1.781890336672465125e+01 -1.595615462767772108e+01
-1.773498527208964148e+01 -1.583005430759527776e+01
-1.748229517539342126e+01 -1.560639469440166849e+01
-1.754595986505349359e+01 -1.502889926616962057e+01
-1.747201741238434991e+01 -1.582581478510147477e+01
-1.764529446264107904e+01 -1.526151718237461274e+01
-1.785579684873421868e+01 -1.484136591202173427e+01
-1.767311847706635675e+01 -1.503805170303735927e+01
-1.763066431879997253e+01 -1.535601276006454086e+01
-1.743041715025901794e+01 -1.592458429092016026e+01
-1.777908606330553809e+01 -1.575710140130458647e+01
-1.715730754534403601e+01 -1.459006074758676341e+01
-1.791321870684623718e+01 -1.595359557714217758e+01
-1.781120764712492743e+01 -1.574850449195274926e+01
-1.771403478582699975e+01 -1.595691284766563989e+01
-1.774361842870712280e+01 -1.604724529461983096e+01
-1.759328948458035669e+01 -1.490258989578638271e+01
-1.789293614526589593e+01 -1.387654519692445376e+01
-1.744355402886867523e+01 -1.599890748048439981e+01
-1.796582182248433313e+01 -1.583184484335092357e+01
-1.762352547546227655e+01 -1.591210597600692367e+01
-1.756221344073613366e+01 -1.575541432698567768e+01
-1.766411947210629663e+01 -1.602110361441587827e+01
-1.769309105972449103e+01 -1.516859575418325612e+01
-1.757687278091907501e+01 -1.428153267884865762e+01
-1.764694433907667914e+01 -1.601753909771258932e+01
-1.762219237784544745e+01 -1.562383788671249008e+01
-1.778482008477051934e+01 -1.610434991885454181e+01
-1.796476739645004272e+01 -1.596821591792962458e+01
-1.769645328323046485e+01 -1.592353299947885326e+01
-1.776420503854751587e+01 -1.497097685398199651e+01
-1.770488616327444831e+01 -1.566168633485451700e+01
-1.788577175637086114e+01 -1.540326040219038006e+01
-1.790789947410424432e+01 -1.548385588328043561e+01
-1.779097633560498437e+01 -1.544295438130696674e+01
-1.753592936694622040e+01 -1.549737922961895364e+01
-1.774590081473191461e+01 -1.563150838705209544e+01
-1.770691654086112976e+01 -1.600667036496675877e+01
-1.760223536193370819e+01 -1.598206696143517114e+01
-1.790519181887308875e+01 -1.593860662900484471e+01
-1.791642178098360816e+01 -1.365779732435177607e+01
-1.755144960184891900e+01 -1.565012865800123976e+01
-1.797439744075139245e+01 -1.478249794397598649e+01
-1.799428959190845490e+01 -1.596097325056027216e+01
-1.772207088768482208e+01 -1.609479082547701267e+01
-1.802468318740526954e+01 -1.606644383454934299e+01
-1.773990676800410071e+01 -1.427991715455666544e+01
-1.781592222054799279e+01 -1.512316388350266649e+01
-1.773289306461811066e+01 -1.584985334445268634e+01
-1.799946841100851813e+01 -1.597958215077718158e+01
-1.823653771479924401e+01 -1.602035365960536950e+01
-1.771255864202976227e+01 -1.563784083341940878e+01
-1.797208895782629767e+01 -1.517778164301163102e+01
-1.783657928804556647e+01 -1.609649284069354636e+01
-1.772292480369408807e+01 -1.537585542140862849e+01
-1.756390997767448425e+01 -1.511759442549485399e+01
-1.772086409727732459e+01 -1.554226770156469151e+01
-1.760786552727222443e+01 -1.581796533633501056e+01
-1.796839299798011780e+01 -1.578708690252059554e+01
-1.783595965802669525e+01 -1.632895975846510694e+01
-1.763025417923927307e+01 -1.508884143829345703e+01
-1.798136051992575446e+01 -1.597208837362436107e+01
-1.803835106889406958e+01 -1.392786960112742811e+01
-1.797098975876967231e+01 -1.529282232431265065e+01
-1.804916496078173438e+01 -1.601259720631134797e+01
-1.751716069877147675e+01 -1.589374740307147604e+01
-1.786609390874703607e+01 -1.443936269711225506e+01
-1.770180322229862213e+01 -1.548078810863005828e+01
-1.777794847389062127e+01 -1.570558748489771084e+01
-1.807312299311161041e+01 -1.510393140254876521e+01
-1.813693461815516272e+01 -1.611016452006804656e+01
-1.825899444023768226e+01 -1.536803169739552111e+01
-1.801849149664242944e+01 -1.596571995661808963e+01
-1.768532822032769403e+01 -1.561626363411927798e+01
-1.785301101207733154e+01 -1.530853144327799420e+01
-1.803283697366714478e+01 -1.478607955345740699e+01
-1.756223018964131555e+01 -1.591892941792806049e+01
-1.789817670981089393e+01 -1.604604131747514728e+01
-1.787583455443382263e+01 -1.538649006378956408e+01
-1.779297362267971039e+01 -1.540485550807072634e+01
-1.785099730889002601e+01 -1.577621579781556704e+01
-1.819330652058124542e+01 -1.614345191075251762e+01
-1.819329747557640076e+01 -1.592080260545779424e+01
-1.772746848563353339e+01 -1.594285145784035684e+01
-1.792149499555428704e+01 -1.567113658709403801e+01
-1.779124639928340912e+01 -1.570458644475692367e+01
-1.758861598869164666e+01 -1.514879989624023438e+01
-1.816112285355726996e+01 -1.558294337835067367e+01
-1.810665976007779321e+01 -1.545740628853822329e+01
-1.793226242562134942e+01 -1.461461079426300813e+01
-1.774675569931666175e+01 -1.617161599183694065e+01
-1.790523481865723809e+01 -1.574905434632912637e+01
-1.776020846267541131e+01 -1.583735590714674757e+01
-1.803372382620970527e+01 -1.496942065312312131e+01
-1.818726526697476586e+01 -1.583029636969933129e+01
-1.788768836855888367e+01 -1.598709077101487352e+01
-1.805448391040166101e+01 -1.595948740152212331e+01
-1.779180797934532166e+01 -1.590744236188057137e+01
-1.823089582721392432e+01 -1.612781204321445472e+01
-1.794982556998729706e+01 -1.503756645398262215e+01
-1.791807434956232825e+01 -1.571224146622877882e+01
-1.804804854591687402e+01 -1.553744054451966861e+01
-1.798283074299494544e+01 -1.612792350084353643e+01
-1.789953385293483734e+01 -1.619513643704927830e+01
-1.801803970833619317e+01 -1.586953984774076076e+01
-1.809456115464369574e+01 -1.590100647852971072e+01
-1.821855183939139167e+01 -1.521367681943453221e+01
-1.813883153100808343e+01 -1.608487388415214170e+01
-1.777635130782921991e+01 -1.552766924638014601e+01
-1.804869762559731683e+01 -1.599039520361484712e+01
-1.790020672480265418e+01 -1.537306734231802174e+01
-1.810914545754591742e+01 -1.602190474974803536e+01
-1.802579090495904168e+01 -1.581011581420898438e+01
-1.793249639372031012e+01 -1.509253932268191534e+01
-1.823840344448884210e+01 -1.588307436918601034e+01
-1.837922657032807550e+01 -1.588442645928798491e+01
-1.826093722879886627e+01 -1.567675243279872710e+01
-1.804718591769536218e+01 -1.549166376162797931e+01
-1.817504706482092658e+01 -1.635479985750638576e+01
-1.844824454685052117e+01 -1.575901202666453749e+01
-1.810696688294410706e+01 -1.559138926481589316e+01
-1.792324355244636536e+01 -1.580105189788035780e+01
-1.802606103320916375e+01 -1.534709979326297002e+01
-1.787806109587351600e+01 -1.588500135372846600e+01
-1.782432137429714203e+01 -1.459001025175436972e+01
-1.825250641008218011e+01 -1.619914949857271580e+01
-1.821617931127548218e+01 -1.577609353187756724e+01
-1.814843884607155999e+01 -1.588388073750031282e+01
-1.813250698645909509e+01 -1.366368034558418465e+01
-1.790232945481936255e+01 -1.521858533223470111e+01
-1.808398822943369666e+01 -1.599366114689753537e+01
-1.791017316281795502e+01 -1.566026450426150518e+01
-1.820538470149040222e+01 -1.530517343374398997e+01
-1.813115017612775048e+01 -1.548955007699819753e+01
-1.827539855241775513e+01 -1.588984567691118244e+01
-1.826659811536471167e+01 -1.546710158617068487e+01
-1.815230080982049188e+01 -1.606540855994591510e+01
-1.758868603905041894e+01 -1.565635632245968623e+01
-1.826921479900677880e+01 -1.601497422731839748e+01
-1.809486663838227472e+01 -1.511433501121325307e+01
-1.828154147664706031e+01 -1.563110253749749567e+01
-1.770176358024279395e+01 -1.549182527493207928e+01
-1.799216913183530053e+01 -1.611246326642158877e+01
-1.792431665460268775e+01 -1.593799048203688429e+01
-1.824407108624776086e+01 -1.595321031717153737e+01
-1.810514051715533057e+01 -1.564118199470715709e+01
-1.779584853351116180e+01 -1.582461877969595143e+01
-1.804700163006782532e+01 -1.590280100015493581e+01
-1.805041790505250177e+01 -1.564128990662403673e+01
-1.852638565997282782e+01 -1.569786499708126826e+01
-1.846253800392150879e+01 -1.576778142880170819e+01
-1.818982014060020447e+01 -1.559626102447509766e+01
-1.814446140825748444e+01 -1.432085915100880236e+01
-1.830394501487414161e+01 -1.468065804701585009e+01
-1.801656914254029473e+01 -1.587667303818922804e+01
-1.834513262907664100e+01 -1.568090306795560451e+01
-1.848146877189477166e+01 -1.615211066221579372e+01
-1.817450958987076959e+01 -1.598552082746456904e+01
-1.788519545892874518e+01 -1.562795687944461065e+01
-1.758330583075682441e+01 -1.392822744907476995e+01
-1.826140108704566956e+01 -1.609007035768949123e+01
-1.794738125801086426e+01 -1.587905888679700084e+01
-1.836353821555773536e+01 -1.575459262652274894e+01
-1.854279284179210663e+01 -1.591492882753029825e+01
-1.849193939566612244e+01 -1.535437654837583921e+01
-1.831781456867853919e+01 -1.603367455800374231e+01
-1.831504272421200952e+01 -1.560442349849603083e+01
-1.776701112588246545e+01 -1.592308839162190814e+01
-1.818444454173247138e+01 -1.555110166011712458e+01
-1.818327718973159790e+01 -1.585188970810327724e+01
-1.817866440614064416e+01 -1.600502099746312723e+01
-1.828685047229130944e+01 -1.564672091068365667e+01
-1.811363993088404456e+01 -1.561593503218430712e+01
-1.843911838034788886e+01 -1.585755066993909068e+01
-1.853265818953514099e+01 -1.617656739552815637e+01
-1.821984811623891076e+01 -1.540017966735057264e+01
-1.764109786351521691e+01 -1.614888000488281250e+01
-1.815747244159380713e+01 -1.549684629684839443e+01
-1.812732704977194587e+01 -1.579185471167931176e+01
-1.855676768223444739e+01 -1.547963020129081535e+01
-1.827753315369288245e+01 -1.633156923147348394e+01
-1.861759074529011926e+01 -1.554704338464981461e+01
-1.826394087572892388e+01 -1.574907796810834881e+01
-1.837495665252208710e+01 -1.609438614967541881e+01
-1.840387550493081292e+01 -1.596842472369854349e+01
-1.847991513212521753e+01 -1.554741475520989802e+01
-1.853600453337033471e+01 -1.594866109505677798e+01
-1.819714944064617157e+01 -1.593618698609181017e+01
-1.827158029874165734e+01 -1.440596228379469679e+01
-1.838651176293690881e+01 -1.590924265445807073e+01
-1.821641374627749244e+01 -1.573366849850385663e+01
-1.850409875313441077e+01 -1.564734334212083056e+01
-1.846332970758279046e+01 -1.600325454809726722e+01
-1.845644911626974860e+01 -1.620905878604986583e+01
-1.839559810360272607e+01 -1.558299984076084321e+01
-1.811995939910411835e+01 -1.421668267861390689e+01
-1.856832840045293054e+01 -1.540920761304023934e+01
-1.832293902337551117e+01 -1.484407769716703029e+01
-1.833962380389372626e+01 -1.535553386883857918e+01
-1.858767542739709100e+01 -1.564841681260329054e+01
-1.858289133012294769e+01 -1.509244158329107854e+01
-1.804245512684186181e+01 -1.550647500845102122e+01
-1.847086989382902900e+01 -1.370273123032007412e+01
-1.765567318598429480e+01 -1.583438398899176214e+01
-1.854755479097366333e+01 -1.603139703701704022e+01
-1.838594329853852472e+01 -1.606102028871194065e+01
-1.862356728812058648e+01 -1.582194037315172963e+01
-1.849682961901028833e+01 -1.481786771921011159e+01
-1.829754299422105035e+01 -1.531632510209694864e+01
-1.813942305122812471e+01 -1.534787273406982422e+01
-1.829159674048423767e+01 -1.594553698026216892e+01
-1.798820865650971612e+01 -1.593064313057141490e+01
-1.833940918743610382e+01 -1.562740418849847224e+01
-1.823280470073223114e+01 -1.599509994800274271e+01
-1.854408032198746881e+01 -1.595084072993351931e+01
-1.832413657009601593e+01 -1.601525424076960746e+01
-1.846045835812886438e+01 -1.575980149782620998e+01
-1.855624083677927771e+01 -1.598723550943227956e+01
-1.836005998651186744e+01 -1.581757418314615826e+01
-1.879882268607616425e+01 -1.622702962924272541e+01
-1.834415742754936218e+01 -1.591135964026817895e+01
-1.837464973827202996e+01 -1.423123782720321273e+01
-1.850618676344553748e+01 -1.560256278209197234e+01
-1.844643635551134864e+01 -1.595282107133131788e+01
-1.843581433594226837e+01 -1.526871991768861392e+01
-1.839952516555786133e+01 -1.572206709935114866e+01
-1.836470802625020227e+01 -1.565419512528639601e+01
-1.855192576845486840e+01 -1.539520613352457623e+01
-1.866073496639728546e+01 -1.513753162286220366e+01
-1.855865241090456763e+01 -1.495901552836100201e+01
-1.874377398689587793e+01 -1.589755065624530417e+01
-1.852305319905281067e+01 -1.460346241486378283e+01
-1.795579908291498938e+01 -1.595085567083114242e+01
-1.842001185317834100e+01 -1.562123917310665888e+01
-1.857879652579625329e+01 -1.551162416507036212e+01
-1.844963358342647552e+01 -1.554649883661514664e+01
-1.869639110565185547e+01 -1.520914958073542600e+01
-1.849913017948468408e+01 -1.601397807781512839e+01
-1.840448504189650336e+01 -1.508063042469513704e+01
-1.834693486988544464e+01 -1.622858294462546169e+01
-1.867639213800430298e+01 -1.589965949914394194e+01
-1.877287970980008325e+01 -1.555442347893348121e+01
-1.800364881753921509e+01 -1.593393181531857294e+01
-1.860995568335056305e+01 -1.523711380591759301e+01
-1.878995293875535211e+01 -1.540758101145426373e+01
-1.836053089300791541e+01 -1.609966048216208279e+01
-1.854470556477705756e+01 -1.458676369984944721e+01
-1.806673443814118585e+01 -1.594879976908365826e+01
-1.819588205218315125e+01 -1.552947733952448850e+01
-1.850625909368197242e+01 -1.482161844693697361e+01
-1.870294383664925775e+01 -1.408564797425881387e+01
-1.863463355600833893e+01 -1.562536968329014009e+01
-1.832564181089401245e+01 -1.433149181268153960e+01
-1.867430754502614221e+01 -1.590033526298327260e+01
-1.846769020458062371e+01 -1.554428836626884269e+01
-1.879375747342904290e+01 -1.583094853621262743e+01
-1.829160628716151038e+01 -1.589621370266645428e+01
-1.848711543778578559e+01 -1.554370899689503283e+01
-1.820275632540385047e+01 -1.384830269446739770e+01
-1.834016234676043311e+01 -1.595691913213485336e+01
-1.855786588788032532e+01 -1.600885361891526415e+01
-1.847007388869921485e+01 -1.530816410749386591e+01
-1.851403866708278656e+01 -1.598810022305219647e+01
-1.864068142076333245e+01 -1.596635696215507316e+01
-1.899083403746287146e+01 -1.576279178032508277e+01
-1.851244573791821679e+01 -1.572684141305776784e+01
-1.860711097220579902e+01 -1.538515665592291448e+01
-1.876658838490645209e+01 -1.551168911273662943e+01
-1.836660687128702918e+01 -1.545258424220940974e+01
-1.851583617925643921e+01 -1.480164628151135631e+01
-1.860672788321971893e+01 -1.617865880330403527e+01
-1.870496427019437036e+01 -1.387075786101512342e+01
-1.847871844470500946e+01 -1.580732617011437036e+01
-1.857759329179922858e+01 -1.499407753577599145e+01
-1.847519174218177795e+01 -1.591939490880721664e+01
-1.890510688722133636e+01 -1.554418600522554783e+01
-1.878233913083871087e+01 -1.582566875066512679e+01
-1.828127822776635369e+01 -1.593572741288405226e+01
-1.848162327210108558e+01 -1.597072862967466733e+01
-1.858713876207669458e+01 -1.560306461040790182e+01
-1.853333541254202643e+01 -1.526888502561129002e+01
-1.832114970187346259e+01 -1.586701283088097192e+01
-1.854892766475677490e+01 -1.579472852364564517e+01
-1.877431357403596124e+01 -1.566141060071113777e+01
-1.878850517173608026e+01 -1.588915988726493644e+01
-1.894879371921221534e+01 -1.569992931072528464e+01
-1.861404743790626526e+01 -1.582949215326553727e+01
-1.871995473404725274e+01 -1.521637823642828558e+01
-1.871517909566561499e+01 -1.531488890525622182e+01
-1.871757322053114692e+01 -1.503479241102169794e+01
-1.874604827165603638e+01 -1.568094483400002481e+01
-1.864205041031042853e+01 -1.552057324923001858e+01
-1.866962344944477081e+01 -1.530922322395520396e+01
-1.870876270532608032e+01 -1.585751484601925654e+01
-1.858334400256474694e+01 -1.555315993382380491e+01
-1.890514950454235077e+01 -1.552356196672488409e+01
-1.883259081840515137e+01 -1.564334096664037510e+01
-1.854944941898186883e+01 -1.579733075851049229e+01
-1.832439323266347131e+01 -1.545778504396096231e+01
-1.875522055228551110e+01 -1.557764415251902967e+01
-1.858437238136927405e+01 -1.520813817244309618e+01
-1.896157657106717309e+01 -1.587445354461669922e+01
-1.882256120443344116e+01 -1.609223245963072202e+01
-1.895998889207839966e+01 -1.530101091433794025e+01
-1.838865726689497748e+01 -1.591097017434927174e+01
-1.894184226791064063e+01 -1.583435951135097319e+01
-1.895687777300675592e+01 -1.585342089335123639e+01
-1.893276697397232056e+01 -1.567739657866649061e+01
-1.838177173833052436e+01 -1.574971465575389296e+01
-1.872259627779324731e+01 -1.569603311098538967e+01
-1.909338913361231604e+01 -1.601455527085524366e+01
-1.876211388409137726e+01 -1.577707699017646981e+01
-1.886043984691302100e+01 -1.497640844491811940e+01
-1.868105036516984185e+01 -1.563687256055000496e+01
-1.839909143745899200e+01 -1.522597853342691998e+01
-1.891435488561789313e+01 -1.560846218696007348e+01
-1.852930123607317725e+01 -1.586709225483429719e+01
-1.896747576693693915e+01 -1.575327677604479604e+01
-1.854802524546782294e+01 -1.544906361897786518e+01
-1.876130084693431854e+01 -1.592072787651648902e+01
-1.846207853655020514e+01 -1.490991966540996927e+01
-1.854935164749622345e+01 -1.639814609136336898e+01
-1.891245289146900177e+01 -1.603390664320725634e+01
-1.874172560870647430e+01 -1.596677225064008709e+01
-1.832278696695963660e+01 -1.550061338375776288e+01
-1.849465729296207428e+01 -1.583915189596322826e+01
-1.859899785617987433e+01 -1.592005634307861328e+01
-1.869310846924781799e+01 -1.510631607740353388e+01
-1.858831584453582764e+01 -1.561511352734687996e+01
-1.861348592241605004e+01 -1.549627453241592789e+01
-1.825454485913117608e+01 -1.592600576082865338e+01
-1.868903230627377710e+01 -1.524209054311116596e+01
-1.886556875705718994e+01 -1.500282788888002017e+01
-1.868782154222329339e+01 -1.595378342652932169e+01
-1.891031699875990668e+01 -1.576747720669477459e+01
-1.881519387662410736e+01 -1.597186401562812996e+01
-1.884291764100392541e+01 -1.584825114714793592e+01
-1.831704555451869965e+01 -1.591806617149939918e+01
-1.897348394493262091e+01 -1.557149613209259797e+01
-1.847581925988197327e+01 -1.575445691133156778e+01
-1.869599245488643646e+01 -1.575062886262551309e+01
-1.895059319337208947e+01 -1.525115504631629371e+01
-1.870485908289750299e+01 -1.565537063892071146e+01
-1.893595913549264154e+01 -1.559060060060941311e+01
-1.898459331194559851e+01 -1.577491916754306978e+01
-1.873976286252339563e+01 -1.585848133380596536e+01
-1.892990962664286414e+01 -1.547794637924585537e+01
-1.895695087313652039e+01 -1.573061556693835072e+01
-1.868437012036641320e+01 -1.559738680032583424e+01
-1.902784564594427863e+01 -1.570273098578819848e+01
-1.886806465188662330e+01 -1.416256973070976066e+01
-1.876553171873092651e+01 -1.554235194279597287e+01
-1.869932436943054199e+01 -1.526473676241361233e+01
-1.908536082009474555e+01 -1.494122358468862721e+01
-1.862979602813720703e+01 -1.523821833194830511e+01
-1.873419090608755866e+01 -1.531952447157639696e+01
-1.889502240220705787e+01 -1.613610186943640912e+01
-1.887576308846473694e+01 -1.515783965281951140e+01
-1.887525957822799683e+01 -1.616939102075038903e+01
-1.862610904375712195e+01 -1.536005408947284323e+01
-1.871756283938884735e+01 -1.534165096282958984e+01
-1.881231822570164880e+01 -1.566517245463835906e+01
-1.829085083802540979e+01 -1.606221754123003009e+01
-1.879002596437931061e+01 -1.537668235485370261e+01
-1.890318754315376282e+01 -1.590602605770795819e+01
-1.893262187639872351e+01 -1.553008908491868212e+01
-1.901116077601909637e+01 -1.582826465215438461e+01
-1.890461991230646888e+01 -1.583543814145601658e+01
-1.876058220863342285e+01 -1.585921935546092421e+01
-1.884051835040251532e+01 -1.568460811712803071e+01
-1.910405967136223992e+01 -1.583689965957250401e+01
-1.914433443546295166e+01 -1.603253702016977300e+01
-1.895517266293366632e+01 -1.554189513279841428e+01
-1.879677011569340905e+01 -1.546641244643773838e+01
-1.882999307413895806e+01 -1.511344899886693760e+01
-1.907061994075775146e+01 -1.553838199224227523e+01
-1.901140047113100806e+01 -1.558033043298965836e+01
-1.841458422442277154e+01 -1.511554238735101130e+01
-1.891943158209323883e+01 -1.497603286840976899e+01
-1.907931616902351379e+01 -1.569054090059720608e+01
-1.878781928122043610e+01 -1.493937974098401256e+01
-1.907820644974708557e+01 -1.580994197649833488e+01
-1.907208016514778137e+01 -1.577285994016207127e+01
-1.886502098043759545e+01 -1.522041800083258245e+01
-1.880235774815082550e+01 -1.562922404362605100e+01
-1.931080310543378076e+01 -1.588429688184689326e+01
-1.898147262136141578e+01 -1.581935415512476162e+01
-1.895438954730828485e+01 -1.581721675090300749e+01
-1.875942767659823218e+01 -1.561069987370417600e+01
-1.902365398903687677e+01 -1.561083615131867219e+01
-1.922034947574138641e+01 -1.590294490716396147e+01
-1.900216034054756165e+01 -1.554701137542724609e+01
-1.922396839161713800e+01 -1.578289364545773310e+01
-1.877043142914772034e+01 -1.593073020837245757e+01
-1.906436250607172767e+01 -1.438085299271803663e+01
-1.879285459220409393e+01 -1.542792662596091269e+01
-1.899052376548449317e+01 -1.540498407070453268e+01
-1.883020393550395966e+01 -1.596581278091821865e+01
-1.901344881455103675e+01 -1.550644610478327756e+01
-1.917074433465798577e+01 -1.448441952925461962e+01
-1.876825927694638452e+01 -1.535590927417461771e+01
-1.912058807412783423e+01 -1.425848278632530786e+01
-1.861977857848008355e+01 -1.478521667382655913e+01
-1.905289136370022973e+01 -1.577321901076879307e+01
-1.916768027345339576e+01 -1.590761333856827164e+01
-1.887701765696207801e+01 -1.481562453049879835e+01
-1.880746061106522760e+01 -1.402169066209059523e+01
-1.888632126649220666e+01 -1.636372177417461771e+01
-1.903617168466250220e+01 -1.569584645980443760e+01
-1.895043074587981025e+01 -1.594404474894205670e+01
-1.919535958270232001e+01 -1.570753821348532675e+01
-1.928887443741162500e+01 -1.502430461003230100e+01
-1.894852317372957984e+01 -1.569889222658597561e+01
-1.901872988045215607e+01 -1.514476915506216237e+01
-1.840723763406276703e+01 -1.606474213722424693e+01
-1.923788320024808129e+01 -1.550417768038236233e+01
-1.887873200575510779e+01 -1.509103300632574651e+01
-1.907315615812937537e+01 -1.453453856248122023e+01
-1.901133902867634973e+01 -1.503041702050429151e+01
-1.877420269946257392e+01 -1.565533625773894499e+01
-1.900989578664302826e+01 -1.534349734966571432e+01
-1.892430044710636139e+01 -1.519079890617957496e+01
-1.912253151337305823e+01 -1.599737314077523997e+01
-1.900766377151012421e+01 -1.553052711486816406e+01
-1.904705187181631842e+01 -1.584226219470684427e+01
-1.902591290076573571e+01 -1.574593162536621094e+01
-1.873979818324248114e+01 -1.578171854752760694e+01
-1.929908774296442786e+01 -1.593161592728052334e+01
-1.939636500179767609e+01 -1.592144120045197297e+01
-1.915027010440826416e+01 -1.572120710519643971e+01
-1.901847590506076813e+01 -1.562153136424529265e+01
-1.910636730988820275e+01 -1.572586340781969838e+01
-1.939287245273590088e+01 -1.558466943105061908e+01
-1.898037489751974860e+01 -1.570122440044696432e+01
-1.889182656009991845e+01 -1.568544945350060082e+01
-1.920387519896030426e+01 -1.489818749060997582e+01
-1.895123469332854071e+01 -1.538038248893542104e+01
-1.893152819077173987e+01 -1.610166781987899398e+01
-1.893823940058549127e+01 -1.598357582092285156e+01
-1.894868176678816596e+01 -1.471609225639930152e+01
-1.901756780842940131e+01 -1.572884875077467726e+01
-1.925992337862650672e+01 -1.598168079669659036e+01
-1.901231858134269714e+01 -1.588238743023994637e+01
-1.936088500916957855e+01 -1.569941591605162046e+01
-1.897679492831230164e+01 -1.584153686425624663e+01
-1.912481513619422913e+01 -1.559251927106808466e+01
-1.912147395809491357e+01 -1.555956221849490362e+01
-1.905071230232715607e+01 -1.533139216594206999e+01
-1.910002043346564093e+01 -1.543410325661683657e+01
-1.881035443643729010e+01 -1.503884254357753569e+01
-1.905264570315678796e+01 -1.472492567698160748e+01
-1.936682898799578467e+01 -1.622931130727132043e+01
-1.882626888155937195e+01 -1.550175067705985832e+01
-1.901481938362121582e+01 -1.560194678184313588e+01
-1.912777341405550757e+01 -1.578676062363844679e+01
-1.909562670191128930e+01 -1.561926157046586994e+01
-1.898558488984902581e+01 -1.574972336108868021e+01
-1.886319324374198914e+01 -1.479572437971066279e+01
-1.909501522282759467e+01 -1.576839806483342166e+01
-1.913646546006202698e+01 -1.532047878167568022e+01
-1.912985188265641412e+01 -1.607085333115015402e+01
-1.944291749099890509e+01 -1.548866699903439326e+01
-1.916794917980829993e+01 -1.563717191647260663e+01
-1.902303936084111413e+01 -1.546319154592660716e+01
-1.932010211050510406e+01 -1.556143406109932137e+01
-1.934838655591011047e+01 -1.562859161083514792e+01
-1.899256944159666816e+01 -1.570882877936730004e+01
-1.886510642369588098e+01 -1.601912897061079022e+01
-1.931678285201390466e+01 -1.589085605816963387e+01
-1.891773194074630737e+01 -1.491598022289765169e+01
-1.807295535504817963e+01 -1.520176872228964804e+01
-1.875356462846199790e+01 -1.582277050996438028e+01
-1.890758164723714074e+01 -1.574031338324913598e+01
-1.896062453091144562e+01 -1.617472184010041047e+01
-1.924643720189730445e+01 -1.543769550323486328e+01
-1.912302426497141639e+01 -1.501063855489095111e+01
-1.915303415060043335e+01 -1.567465833517221263e+01
-1.897246904174486914e+01 -1.566643225841033171e+01
-1.947785876194636145e+01 -1.596780305031018443e+01
-1.896086630225181580e+01 -1.532008643028063588e+01
-1.942680574456850806e+01 -1.590936934642302703e+01
-1.908490896224975586e+01 -1.519114193549522973e+01
-1.941791423161824426e+01 -1.572181386214036181e+01
-1.925929085910320282e+01 -1.593412049611409564e+01
-1.918999114135901252e+01 -1.539334399883563620e+01
-1.924642311533292016e+01 -1.582854598607772445e+01
-1.970622191826502601e+01 -1.578623035626533699e+01
-1.920321021477381507e+01 -1.580156504802214812e+01
-1.924993928273518762e+01 -1.499909946246024894e+01
-1.880440720419089118e+01 -1.596659300877497678e+01
-1.927786287168661872e+01 -1.599927721268091396e+01
-1.898505590856075287e+01 -1.600286349272116482e+01
-1.899341071645418921e+01 -1.503452570010454181e+01
-1.889636535445849219e+01 -1.477623687646327788e+01
-1.894836947321891785e+01 -1.605036417643229285e+01
-1.867532110214233398e+01 -1.603626879667624294e+01
-1.862046362956364831e+01 -1.585699511797000127e+01
-1.877980155746142188e+01 -1.531301476405217166e+01
-1.924572161833445350e+01 -1.580898431631234935e+01
-1.941230952739715576e+01 -1.583041398953168866e+01
-1.913568963607152185e+01 -1.604940908383100506e+01
-1.930727285146713257e+01 -1.576348593296148870e+01
-1.892643031974633416e+01 -1.583507540287115667e+01
-1.936104741195837775e+01 -1.538878624255840677e+01
-1.928443161646525184e+01 -1.545062744923126985e+01
-1.897573784490426263e+01 -1.562457013741517642e+01
-1.936968796948591987e+01 -1.575364912473238377e+01
-1.882253372172514716e+01 -1.613393974304199219e+01
-1.914273974796136102e+01 -1.599527390797933002e+01
-1.925368911027908325e+01 -1.624096112373547740e+01
-1.894164483745892724e+01 -1.572923183441162109e+01
-1.927573770284652710e+01 -1.547621100988143539e+01
-1.935473271210988244e+01 -1.588173049535506820e+01
-1.942954075336456299e+01 -1.599948249719081694e+01
-1.910423057774702826e+01 -1.607861531086457063e+01
-1.907097392280896386e+01 -1.600308254437569033e+01
-1.917772392928600311e+01 -1.593967853448329741e+01
-1.939978316426277161e+01 -1.614187582945212185e+01
-1.927310229341189185e+01 -1.575282681293976594e+01
-1.962043598294258118e+01 -1.568358673193515962e+01
-1.927841939528783044e+01 -1.591525146288749504e+01
-1.923801018297672272e+01 -1.570344697512113186e+01
-1.935952659447987756e+01 -1.587423038482666016e+01
-1.934690669178962708e+01 -1.517106684660300253e+01
-1.921067391832669458e+01 -1.592334309602395059e+01
-1.937827664117018500e+01 -1.598006292489858815e+01
-1.911606692771117011e+01 -1.571557971758720207e+01
-1.925640370448430261e+01 -1.554746512877635389e+01
-1.930245781441529473e+01 -1.607786122346535862e+01
-1.928945980469385901e+01 -1.627852236918914031e+01
-1.906424935658772668e+01 -1.552938678937080574e+01
-1.912566173573334893e+01 -1.564304491189809987e+01
-1.900205082197983941e+01 -1.578766304407364274e+01
-1.934397393465042114e+01 -1.561309912265875433e+01
-1.922267795105775079e+01 -1.510148044732900807e+01
-1.872120565176010132e+01 -1.444330210563463979e+01
-1.944466830293337622e+01 -1.550635132422813989e+01
-1.902215545376141748e+01 -1.566654760409624103e+01
-1.968342422445615014e+01 -1.556361817090939326e+01
-1.948899950583775720e+01 -1.591041711660531810e+01
-1.929843796789646149e+01 -1.612224894303541944e+01
-1.917562518020470819e+01 -1.593411159515380859e+01
-1.916325722634792328e+01 -1.573765720465244478e+01
-1.943747376402219018e+01 -1.551861486679468349e+01
-1.937791310747464379e+01 -1.591475992936354444e+01
-1.919471891224384308e+01 -1.556863058530367283e+01
-1.911865145464738092e+01 -1.426730893208430295e+01
-1.904841781655947486e+01 -1.573363766303429223e+01
-1.929203869899113855e+01 -1.568240544734856989e+01
-1.925969390571117401e+01 -1.575709597269693951e+01
-1.899539730449517450e+01 -1.549756930424616819e+01
-1.969487781822681427e+01 -1.614967321738218686e+01
-1.925022741655508796e+01 -1.587429902492425349e+01
-1.949033836523691932e+01 -1.589838485228709608e+01
-1.928027997414271155e+01 -1.506270606701190573e+01
-1.949055992563565454e+01 -1.583376383170103452e+01
-1.937482277552286902e+01 -1.563251952635936171e+01
-1.930084951718648156e+01 -1.599661761063795851e+01
-1.942383128901322564e+01 -1.579305621905204582e+01
-1.951989517609278479e+01 -1.556733361268654825e+01
-1.942297862966855249e+01 -1.538070627359243581e+01
-1.961260511477788171e+01 -1.531412276243552206e+01
-1.916688133279482642e+01 -1.573421172606639296e+01
-1.923266796271006385e+01 -1.586410490671793561e+01
-1.948449859023094177e+01 -1.582423924177120966e+01
-1.946591688692569733e+01 -1.604386642651680361e+01
-1.918489205340544501e+01 -1.564889176686604877e+01
-1.922858731945355615e+01 -1.562679488842303854e+01
-1.928774333993593970e+01 -1.543811027820293802e+01
-1.960386591653029242e+01 -1.567519207489796251e+01
-1.959626092513402185e+01 -1.526111174852420049e+01
-1.953734450538953027e+01 -1.570881775097969246e+01
-1.950999097029368201e+01 -1.584587175418169025e+01
-1.946121388673782349e+01 -1.519589279859494013e+01
-1.940418358643849572e+01 -1.578531495118752481e+01
-1.946997024615605554e+01 -1.596674254001715276e+01
-1.904356605807940284e+01 -1.552664660184811396e+01
-1.909882138669490814e+01 -1.588264144995273774e+01
-1.941968438525994500e+01 -1.285302105928078653e+01
-1.942561818162600318e+01 -1.519942848499004739e+01
-1.942020861307780066e+01 -1.613791729853703316e+01
-1.945346800486246863e+01 -1.570225913708026511e+01
-1.951087094346682349e+01 -1.576066809434157179e+01
-1.974453185002009192e+01 -1.577060332665076636e+01
-1.920386553307374200e+01 -1.496114011911245534e+01
-1.954599959651629248e+01 -1.567594264103816037e+01
-1.907483475903670112e+01 -1.503272010118533331e+01
-1.944264808297157288e+01 -1.580798577039669794e+01
-1.914714406430721283e+01 -1.595102606064233974e+01
-1.960710629820823669e+01 -1.505236332233135599e+01
-1.892417257527510444e+01 -1.554502920004037669e+01
-1.874544180929660797e+01 -1.590766552167061043e+01
-1.971462065974871436e+01 -1.555169716859475137e+01
-1.953479466835657874e+01 -1.576905683370736888e+01
-1.952791683872540673e+01 -1.496055466089493180e+01
-1.950484071175257483e+01 -1.591927936749580574e+01
-1.921304317315419397e+01 -1.520571547288161085e+01
-1.976712569594383240e+01 -1.470847129821777344e+01
-1.944384304185708245e+01 -1.577782266567914959e+01
-1.918717677891254425e+01 -1.585692029121594615e+01
-1.952135917544364929e+01 -1.596190183590620038e+01
-1.956143887837727746e+01 -1.506719887562287141e+01
-1.936473449071248254e+01 -1.551512216910337827e+01
-1.944522180656592170e+01 -1.550672281705416111e+01
-1.980322790642579278e+01 -1.545949119176620101e+01
-1.916875400145848474e+01 -1.555068206787109375e+01
-1.970513114333152771e+01 -1.560077912990863425e+01
-1.929416612287362298e+01 -1.522986566103421779e+01
-1.911189478139082709e+01 -1.515808249742556768e+01
-1.936317710578441620e+01 -1.538881057348006820e+01
-1.938447634379069129e+01 -1.538465823882665440e+01
-1.954706136385599891e+01 -1.547783846732897572e+01
-1.972301896413167199e+01 -1.518206009498009301e+01
-1.926796893775463104e+01 -1.574030925066043096e+01
-1.922515296936035156e+01 -1.580400083003899958e+01
-1.953356944521268090e+01 -1.580398806547507284e+01
-1.950296135743458947e+01 -1.582200214190360832e+01
-1.952058013776938239e+01 -1.497288919106507876e+01
-1.974845237533251563e+01 -1.578782509534786982e+01
-1.971838706235091010e+01 -1.579409596858880427e+01
-1.931003997226556024e+01 -1.560561331724509238e+01
-1.958737704157829285e+01 -1.473898349664150054e+01
-1.915341062347094336e+01 -1.484175169162261199e+01
-1.906063937644163886e+01 -1.512517995100754931e+01
-1.906651349862416467e+01 -1.551197761144393539e+01
-1.905714754760265350e+01 -1.580342847873003009e+01
-1.933093000451723853e+01 -1.545250880412566374e+01
-1.955268516639868537e+01 -1.570368847480187036e+01
-1.972001460194587708e+01 -1.572841116098257253e+01
-1.940504831572373590e+01 -1.578278883909567831e+01
-1.960189408063888550e+01 -1.563744095044258309e+01
-1.953535961111386499e+01 -1.581813291402963451e+01
-1.954529308776060859e+01 -1.583583328051444816e+01
-1.940217189490795135e+01 -1.497532076713366322e+01
-1.962961613138516626e+01 -1.529383578667273902e+01
-1.945426773528258124e+01 -1.596336484566712954e+01
-1.920389205714066705e+01 -1.491785342876727682e+01
-1.916670832037925720e+01 -1.590814698048126985e+01
-1.964208725094795227e+01 -1.579310857332669826e+01
-1.929346730311711511e+01 -1.531923986092591861e+01
-1.979352797567844391e+01 -1.528092604417067335e+01
-1.959322377542654792e+01 -1.589669623741736793e+01
-1.933518121639887610e+01 -1.524032081701816743e+01
-1.936361389855543891e+01 -1.574328129108135599e+01
-1.985608658194541931e+01 -1.583711580129770091e+01
-1.945684108634789666e+01 -1.534773009862655258e+01
-1.977755133310953894e+01 -1.514246617830716701e+01
-1.963591062029202661e+01 -1.521642491756341364e+01
-1.927018359800179681e+01 -1.594662722563132284e+01
-1.989725540081660071e+01 -1.588608282040327069e+01
-1.934019039074579993e+01 -1.590631746634458921e+01
-1.961531081795692444e+01 -1.522141644893548396e+01
-1.941673384606838226e+01 -1.595550285241542632e+01
-1.929036100705464563e+01 -1.549923419952392578e+01
-1.967539683481057367e+01 -1.560069064604930311e+01
-1.975911810000737390e+01 -1.593863523923433689e+01
-1.958093561232089996e+01 -1.564312590085543064e+01
-1.958999952673912048e+01 -1.528308000320043369e+01
-1.960668826599915704e+01 -1.518832385234343718e+01
-1.973863352338473121e+01 -1.556660483433650022e+01
-1.983913585046927253e+01 -1.541687835791172212e+01
-1.928939029574394226e+01 -1.479228618817451668e+01
-1.850810928642749786e+01 -1.584734735733423427e+01
-1.891708452502886573e+01 -1.497209407121707159e+01
-1.897080660114685813e+01 -1.576315564375657274e+01
-1.930977916717529297e+01 -1.596828450912084385e+01
-1.944097094734509668e+01 -1.562909407493395619e+01
-1.920735614001750946e+01 -1.605405841729579919e+01
-1.942301625510056695e+01 -1.612773875701121895e+01
-1.969116519888241967e+01 -1.590694503295115858e+01
-1.952442021667957306e+01 -1.491456574660081102e+01
-1.945910400152206421e+01 -1.600504682002923573e+01
-1.940822536249955377e+01 -1.619166946411132812e+01
-1.986620593070983887e+01 -1.565111712920359999e+01
-1.980327211320400238e+01 -1.587604542267628283e+01
-1.956020851433277130e+01 -1.574851006727952196e+01
-1.991555784642696381e+01 -1.559744428976988218e+01
-1.961232381562392035e+01 -1.595257150209867092e+01
-1.970091169079144677e+01 -1.604588002424973681e+01
-1.976677306493123254e+01 -1.582997710888202292e+01
-1.981025817990303040e+01 -1.590945745125794986e+01
-1.970953816175460815e+01 -1.617674935169709016e+01
-1.997427095969517907e+01 -1.604057409824469005e+01
-1.989337099591891089e+01 -1.611700004186385726e+01
-1.935479117433230201e+01 -1.621085682893410862e+01
-1.976123582323392114e+01 -1.588728625957782370e+01
-1.983748501539230347e+01 -1.541942784725091364e+01
-1.971030405163764954e+01 -1.541732812539125064e+01
-1.967478216687838355e+01 -1.507901916748438076e+01
-1.947010776400566101e+01 -1.543497273860833552e+01
-1.895460189382235328e+01 -1.409426738054324346e+01
-1.961043544610341272e+01 -1.566769580352000624e+01
-1.932779984672864160e+01 -1.603227280347775263e+01
-1.938739351928234100e+01 -1.606985473632812500e+01
-1.965670600533485413e+01 -1.592067618247790151e+01
-1.953167030215263367e+01 -1.546667277507292937e+01
-1.991071891784667969e+01 -1.568102817046336561e+01
-1.959006030857563019e+01 -1.425707885546562004e+01
-1.918062001963456353e+01 -1.586163061093061444e+01
-1.979629398385683814e+01 -1.582008391160231398e+01
-1.950975466271241388e+01 -1.595033547817132380e+01
-1.933685376246770105e+01 -1.483737011444874376e+01
-1.958972547948360443e+01 -1.596276742984086994e+01
-1.934427349766095361e+01 -1.583650877536871526e+01
-1.970081078012784204e+01 -1.588968726916190910e+01
-1.946016181508700171e+01 -1.616635836087740330e+01
-1.951168424884478370e+01 -1.524785694709190942e+01
-1.966881204644839087e+01 -1.552901835319323354e+01
-1.973076418042182922e+01 -1.500428087283403400e+01
-1.962420982619126519e+01 -1.588399830842629434e+01
-1.978808914621670922e+01 -1.533269261091183466e+01
-1.966676380733649054e+01 -1.510812184749505427e+01
-1.968684953451156616e+01 -1.577588802728897477e+01
-1.982400699456532678e+01 -1.589639292007837490e+01
-1.965624382098515710e+01 -1.525803458384978484e+01
-1.945555044213930884e+01 -1.542558978154109006e+01
-1.962891073028246680e+01 -1.558645722804925349e+01
-1.969987637797991553e+01 -1.588168924282758709e+01
-1.991425326963265618e+01 -1.519139551505064389e+01
-1.983630906542142114e+01 -1.461631916730831904e+01
-1.918987989425659180e+01 -1.561544227600097656e+01
-1.966597719987233361e+01 -1.571670590914212795e+01
-1.985314936439196387e+01 -1.495573726067176246e+01
-1.973180947701136390e+01 -1.563064783047407147e+01
-1.946632289886474609e+01 -1.543401175278883741e+01
-1.925614526867866516e+01 -1.556949793986785124e+01
-1.909503167370955268e+01 -1.587569972796317863e+01
-1.963422160844008246e+01 -1.620178222656250000e+01
-1.955390775203704834e+01 -1.444258166582156377e+01
-1.926888074477513513e+01 -1.576193190843630987e+01
-1.992102521161238471e+01 -1.555839824676513672e+01
-1.957117792467276374e+01 -1.600042932461469647e+01
-1.997233179211616516e+01 -1.605001297975197971e+01
-1.972899800539016724e+01 -1.577841369922344583e+01
-2.005077864726384362e+01 -1.515042304992675781e+01
-1.978584198156992713e+01 -1.444922148875701140e+01
-1.969254651665687561e+01 -1.586592561770708087e+01
-1.993876020113627234e+01 -1.579537956531231302e+01
-1.974312178293864051e+01 -1.596351288526486201e+01
-1.972098189592361450e+01 -1.565829653617663197e+01
-1.996044267217318335e+01 -1.514644696162297244e+01
-1.980130084355672082e+01 -1.533589155246049884e+01
-1.965935913721720496e+01 -1.568206985180194479e+01
-2.014135118325551232e+01 -1.594205183860583119e+01
-1.914276926716168603e+01 -1.440536281390067863e+01
-1.959710988899071893e+01 -1.573757477295704454e+01
-1.985065181553363800e+01 -1.511050889430901911e+01
-1.986200514435768127e+01 -1.583723425253843686e+01
-1.978631069262822351e+01 -1.567265742864364242e+01
-1.983394810557365417e+01 -1.585934734344482422e+01
-1.985648901263872901e+01 -1.612525140322171779e+01
-1.978672640522320947e+01 -1.557914728996081166e+01
-1.964342279235522071e+01 -1.563412387554462057e+01
-1.979474598666032037e+01 -1.579940937726925654e+01
-1.992650855580965796e+01 -1.579137425544934459e+01
-1.976488079627354821e+01 -1.572034116891714284e+01
-1.967586216330528259e+01 -1.569970918313050845e+01
-1.991083957751591882e+01 -1.475017850826948163e+01
-1.923700700203577796e+01 -1.592262065104949187e+01
-1.961810695628325263e+01 -1.503372299976837922e+01
-1.972518116235733032e+01 -1.548495160616361233e+01
-1.988186410069465637e+01 -1.591910504072140498e+01
-1.996634576718012610e+01 -1.560174083709716797e+01
-1.985762519637743750e+01 -1.584415313525077629e+01
-1.946865520377953729e+01 -1.577162361145019531e+01
-1.957718816399574280e+01 -1.451131991851024061e+01
-1.951428321997324744e+01 -1.548385571210812373e+01
-1.981931196649869165e+01 -1.489846087724734502e+01
-1.979910106460253516e+01 -1.589973596426156810e+01
-1.924584834774335107e+01 -1.530835564931233783e+01
-1.943121608098347863e+01 -1.494397530188927270e+01
-1.976833071311314782e+01 -1.569288036150810051e+01
-1.961915955940882483e+01 -1.530060599400446897e+01
-1.993404256304105004e+01 -1.568911422827305024e+01
-1.997970154881477356e+01 -1.598908475729135326e+01
-2.019635413090388099e+01 -1.569984783270420259e+01
-1.986540597677230835e+01 -1.577331476945143507e+01
-1.915880794823169708e+01 -1.560719499832544521e+01
-1.950544011096159736e+01 -1.527695223001333424e+01
-1.922198145588238916e+01 -1.516496932200896453e+01
-1.967101995150248328e+01 -1.580731210953149990e+01
-2.003873382012049476e+01 -1.555441897954696273e+01
-2.003491857647895813e+01 -1.579776233281844711e+01
-1.976732054352760315e+01 -1.566853271386562163e+01
-1.978836159904797753e+01 -1.600637983664488218e+01
-1.981546264886856079e+01 -1.558041880680964475e+01
-1.990359709660212317e+01 -1.603044937818478388e+01
-2.017284698287646094e+01 -1.553851944360977555e+01
-1.971272880832354346e+01 -1.528016205323048204e+01
-2.006929679214954376e+01 -1.545912573887751584e+01
-1.982968906561533728e+01 -1.573643474089793592e+01
-1.999913823604583740e+01 -1.528822808387952037e+01
-1.995448099076747894e+01 -1.524572719671787446e+01
-1.981180071830749512e+01 -1.568396590306208616e+01
-2.008523596326510230e+01 -1.583079457894349673e+01
-1.981111230452855310e+01 -1.526117992401123047e+01
-1.966860233743985376e+01 -1.577150139441856957e+01
-2.002317796647548676e+01 -1.589985461112780385e+01
-1.986213520169258118e+01 -1.548231704418475729e+01
-1.989082771539688110e+01 -1.589354563982058721e+01
-1.983993264039357385e+01 -1.533437956296480564e+01
-2.002400177717208862e+01 -1.552259613917424197e+01
-1.991297787427902222e+01 -1.578288929279034036e+01
-1.978833821912606439e+01 -1.580737664149357791e+01
-2.007028992970784387e+01 -1.590403407659286117e+01
-1.999903891483942786e+01 -1.598071589836707496e+01
-2.005999311804771423e+01 -1.583429620204827692e+01
-1.935829622546831885e+01 -1.554402488317245101e+01
-1.975638875861962518e+01 -1.508914248148600201e+01
-1.968037824332714081e+01 -1.574271691151154329e+01
-2.018076319495837012e+01 -1.542095783429268074e+01
-1.972579073905944824e+01 -1.556507875980475042e+01
-2.011860659718513489e+01 -1.586472552861922836e+01
-1.972749103605747223e+01 -1.567435005383613777e+01
-1.961654418706893921e+01 -1.610906664530436316e+01
-1.996811974048614502e+01 -1.580499739524645619e+01
-1.959418219824631890e+01 -1.567579829387175749e+01
-1.969221849242846289e+01 -1.506140848306509206e+01
-2.015425263345241547e+01 -1.541728604145539094e+01
-1.992570008834202966e+01 -1.555649439493815045e+01
-1.995124583443005761e+01 -1.465813348232171442e+01
-2.000515353679656982e+01 -1.560493173354711338e+01
-2.027194263537724694e+01 -1.576314043387388608e+01
