# Train Val
-6.927911292140682242e+00 -8.407421503311548250e+00
-8.407260119915008545e+00 -8.491036561819223394e+00
-8.470861454804738955e+00 -8.456971327463785215e+00
-8.482806821664174990e+00 -8.502558011275072047e+00
-8.504572940369447664e+00 -8.537223033415966000e+00
-8.517097964882850647e+00 -8.508693303817358000e+00
-8.559933170676231384e+00 -8.578576075725067085e+00
-8.632015260557333036e+00 -8.507854608389047613e+00
-8.735827142993608518e+00 -8.795777675433036791e+00
-8.977208683888116880e+00 -9.003611613542606307e+00
-9.268869978686174349e+00 -9.033631092462783840e+00
-9.438786911467710539e+00 -9.784217272049341219e+00
-9.720481271545091673e+00 -9.918574773348295182e+00
-9.694313034415245056e+00 -9.965890346429286950e+00
-9.913078993558883667e+00 -1.017737131852370069e+01
-1.007507850229740143e+01 -9.841699453500600825e+00
-1.010655320435762405e+01 -1.022508914654071432e+01
-1.016335524618625641e+01 -1.019650036249405289e+01
-1.024051815023024936e+01 -1.054761754549466701e+01
-1.035511893530686756e+01 -1.056869218288323786e+01
-1.034631483256816864e+01 -1.052497203533465964e+01
-1.040226910263299942e+01 -1.029108817760760886e+01
-1.045070416231950183e+01 -1.010431206532013704e+01
-1.049190189937750439e+01 -1.088829478239401816e+01
-1.068206155300140381e+01 -1.074080477005396084e+01
-1.074783662954966168e+01 -1.091196456322303199e+01
-1.082892111937204938e+01 -8.788997368934827747e+00
-1.069348491479953189e+01 -1.112735056265806577e+01
-1.096323042114575763e+01 -1.134655353350517082e+01
-1.110533308237791061e+01 -1.137238243298652840e+01
-1.119941837092240711e+01 -1.088562931158603853e+01
-1.114298981924851795e+01 -1.140877457154102892e+01
-1.124552935361862183e+01 -1.155802242572491068e+01
-1.133209978540738483e+01 -1.141985411521715932e+01
-1.146828401088714600e+01 -1.160252999036740107e+01
-1.150207101802031140e+01 -1.193204972682855036e+01
-1.166060442725817303e+01 -1.198791237366505236e+01
-1.159631532430648804e+01 -1.199953120794051742e+01
-1.155136504769325256e+01 -1.133327058645395091e+01
-1.165830553074677844e+01 -1.193900947081736952e+01
-1.161340554058551788e+01 -1.135451150551820376e+01
-1.185226613779862781e+01 -1.195949415060190013e+01
-1.166331935425599475e+01 -1.221060601258889200e+01
-1.204649999241034131e+01 -1.209125653291359903e+01
-1.196160656710465808e+01 -1.228410456730769162e+01
-1.201671986778577228e+01 -1.089465601016313556e+01
-1.204390618205070496e+01 -1.244583714313996126e+01
-1.228367824355761151e+01 -1.081302894690097993e+01
-1.217604959011077881e+01 -1.204080716157570841e+01
-1.225215463836987873e+01 -1.228334512466039463e+01
-1.228558331231276135e+01 -1.267363296410976226e+01
-1.228795975446701050e+01 -1.178607339125413134e+01
-1.249029764533042908e+01 -1.109869607289632221e+01
-1.232147534688313861e+01 -1.258688481648763080e+01
-1.252843824525674243e+01 -1.283550815093211561e+01
-1.259801706175009350e+01 -1.206128225571069912e+01
-1.254399264852205853e+01 -1.223321885329026415e+01
-1.279879310230414013e+01 -1.168644450261042600e+01
-1.263921645283699036e+01 -1.265103318141057009e+01
-1.262214281658331494e+01 -1.218275236472105405e+01
-1.280302311976750751e+01 -1.262386358701265721e+01
-1.292393166323502918e+01 -1.201164015745505331e+01
-1.280509944260120392e+01 -1.156558643243251616e+01
-1.282832519213358502e+01 -1.279646127651899334e+01
-1.269357481598854065e+01 -1.320579003065060419e+01
-1.288442280888557434e+01 -1.235020053081023406e+01
-1.291253589590390582e+01 -1.276673478346604540e+01
-1.310684878627459149e+01 -1.159031616113124663e+01
-1.313464575509230237e+01 -1.147377525231777007e+01
-1.325402454038461109e+01 -1.302135707170535284e+01
-1.315745160977045636e+01 -1.135321194086319352e+01
-1.306850729882717133e+01 -1.351068953978709608e+01
-1.325549044708410840e+01 -1.274494019532814981e+01
-1.318184584875901599e+01 -1.257163681128086274e+01
-1.318231229484081268e+01 -1.341566088260748479e+01
-1.328931303819020648e+01 -1.347525166242550654e+01
-1.330846332510312457e+01 -1.359850697639661021e+01
-1.334823595484097858e+01 -1.335412343343099018e+01
-1.308795488874117474e+01 -1.200043423970540424e+01
-1.324229854345321655e+01 -1.335123834854517177e+01
-1.335359316070874591e+01 -1.337424674400916480e+01
-1.338147630790869336e+01 -1.367156055646064949e+01
-1.352532972395420074e+01 -1.286915109096429255e+01
-1.340591407318910022e+01 -1.282616911178980068e+01
-1.361088438332080841e+01 -1.357344952607766153e+01
-1.346488799651463886e+01 -1.247547499338785748e+01
-1.357360112667083740e+01 -1.350519647353734776e+01
-1.366750805576642414e+01 -1.320947891626602555e+01
-1.358230022092660327e+01 -1.110856457245655626e+01
-1.349572479724884033e+01 -1.252029851766732982e+01
-1.348708740373452564e+01 -1.256523193457187837e+01
-1.338022815684477429e+01 -1.371743759742149926e+01
-1.350614968935648541e+01 -1.400155664101625064e+01
-1.356422662734985352e+01 -1.254379409398788070e+01
-1.367800527811050415e+01 -1.289798426016783139e+01
-1.357858506341775318e+01 -1.277850212194980806e+01
-1.371277108291784863e+01 -1.335449186960856061e+01
-1.367666136721769909e+01 -1.321733279105944447e+01
-1.370466344058513641e+01 -1.248554413135235208e+01
-1.393285562098026276e+01 -1.382840721423809427e+01
-1.386407549182573895e+01 -1.304631362817226226e+01
-1.345878695448239704e+01 -1.352827099042061043e+01
-1.392018493513266186e+01 -1.316099203549898533e+01
-1.370900307099024396e+01 -1.328658957359118276e+01
-1.386869061489900012e+01 -1.391501989120092198e+01
-1.378964285552501678e+01 -1.377845871754181672e+01
-1.355636781950791736e+01 -1.386567741785293961e+01
-1.367190480232238770e+01 -1.336943521255101963e+01
-1.388633474707603455e+01 -1.381566023215269468e+01
-1.388652586440245251e+01 -1.378306105198004339e+01
-1.390364170571168323e+01 -1.356615259708502386e+01
-1.394636658330758472e+01 -1.356645427606044585e+01
-1.374696750938892365e+01 -1.347721077845646853e+01
-1.392799542844295502e+01 -1.373588473980243307e+01
-1.397061633070310016e+01 -1.307896638527894595e+01
-1.421288410822550397e+01 -1.361898341545691871e+01
-1.402145529786745648e+01 -1.359743103614220239e+01
-1.400008764863014221e+01 -1.380829466306246189e+01
-1.403451283772786518e+01 -1.386917375906919858e+01
-1.413968433439731598e+01 -1.396356149820181081e+01
-1.414214346806208233e+01 -1.377420696845421411e+01
-1.413603344559669495e+01 -1.318317706768329245e+01
-1.410469337304433246e+01 -1.308673416039882476e+01
-1.417180272936820984e+01 -1.393929449717203717e+01
-1.395543189843495746e+01 -1.308914421766232294e+01
-1.399063263833522797e+01 -1.373222602942051118e+01
-1.398385252058506012e+01 -1.257871789198655321e+01
-1.424468428393205066e+01 -1.287511595701560019e+01
-1.405709385375181775e+01 -1.355720982184776879e+01
-1.378951291739940643e+01 -1.387133984688000865e+01
-1.416806383927663227e+01 -1.358596109732603452e+01
-1.406756325066089630e+01 -1.288461225460737225e+01
-1.425407386819521527e+01 -1.373404270563370133e+01
-1.424296393493811230e+01 -1.383227932758820344e+01
-1.409372197091579437e+01 -1.348075551253098681e+01
-1.429015814264615436e+01 -1.362167989290677639e+01
-1.416154699027538300e+01 -1.379216695443177798e+01
-1.433736512064933777e+01 -1.375463187388884734e+01
-1.423969815174738507e+01 -1.349295564798208424e+01
-1.414865141113599201e+01 -1.384247596447284323e+01
-1.422877808908621411e+01 -1.413026995536608510e+01
-1.413765194018681903e+01 -1.412643750508626361e+01
-1.429105477035045624e+01 -1.362587955670479012e+01
-1.409528820216655731e+01 -1.401472385113055807e+01
-1.425811117390791516e+01 -1.417657575851831631e+01
-1.415231513480345349e+01 -1.209413469754732517e+01
-1.438560888171195984e+01 -1.393907400277944753e+01
-1.463411476711432080e+01 -1.303716762249286276e+01
-1.409733038147290607e+01 -1.372700148362379835e+01
-1.433873905241489410e+01 -1.401554325299385262e+01
-1.439375279347101788e+01 -1.361832298376621431e+01
-1.429350401957829853e+01 -1.369235985095684427e+01
-1.422834266225496869e+01 -1.381370896559495165e+01
-1.438849856952826123e+01 -1.173231834020370101e+01
-1.433605307340621948e+01 -1.420137728177584080e+01
-1.419569492340087891e+01 -1.415909632658347128e+01
-1.462206108868122101e+01 -1.345645476610232549e+01
-1.445800070961316486e+01 -1.423506724528777312e+01
-1.445332723855972290e+01 -1.392564866481683161e+01
-1.471104108790556531e+01 -1.420420005993965340e+01
-1.457571870088577271e+01 -1.364285036233755299e+01
-1.433330567181110382e+01 -1.370368781456580543e+01
-1.435337220629056354e+01 -1.432428827041234776e+01
-1.462938652932643890e+01 -1.343085866096692271e+01
-1.448081733286380768e+01 -1.387961553915953061e+01
-1.427989244957765003e+01 -1.398876794179280658e+01
-1.470551499227682690e+01 -1.310516262054443359e+01
-1.429992290834585766e+01 -1.376707125932742315e+01
-1.417294832070668598e+01 -1.367142288501446146e+01
-1.456356412669022937e+01 -1.349650588402381324e+01
-1.446754865845044513e+01 -1.284255800491724209e+01
-1.448442515234152417e+01 -1.374056510436229139e+01
-1.461180941263834576e+01 -1.386059665679931641e+01
-1.452279633283615112e+01 -1.389941655672513576e+01
-1.458927296598752399e+01 -1.258659470386994172e+01
-1.462391953170299530e+01 -1.415837600903633309e+01
-1.466192009051640888e+01 -1.429475077604636191e+01
-1.454814185698827167e+01 -1.372453926771115107e+01
-1.472725310424963574e+01 -1.253862178019988249e+01
-1.453870499134063721e+01 -1.365612149849916079e+01
-1.472650147974491119e+01 -1.434111487559783171e+01
-1.442924673358599286e+01 -1.310885470952743148e+01
-1.461851095656553845e+01 -1.331810019566462522e+01
-1.479563947518666644e+01 -1.401169698666303631e+01
-1.479097510377565960e+01 -1.359984855162791639e+01
-1.479921391109625439e+01 -1.351731564448430056e+01
-1.479889063537120819e+01 -1.388061278905624008e+01
-1.445393748084704022e+01 -1.413374705192370229e+01
-1.448607131342093091e+01 -1.247483578706398966e+01
-1.477922612925370593e+01 -1.349077904530060579e+01
-1.484932179749011993e+01 -1.306220294267703252e+01
-1.482058571279048920e+01 -1.413825800479986761e+01
-1.456843382616837879e+01 -1.332685805589724737e+01
-1.479489739735921283e+01 -1.366703833066500096e+01
-1.463381214936574359e+01 -1.368879076150747487e+01
-1.492237528661886792e+01 -1.441747628725492092e+01
-1.490098558366298676e+01 -1.380321617615528673e+01
-1.461478156844774823e+01 -1.434311035351875496e+01
-1.483659662803014179e+01 -1.409671328617976194e+01
-1.496272088090578656e+01 -1.420527480198786741e+01
-1.490099593997001648e+01 -1.349527701353415488e+01
-1.489193607370058636e+01 -1.342617553319686508e+01
-1.455669526259104352e+01 -1.350777048942370229e+01
-1.487918996314207654e+01 -1.347687699244572634e+01
-1.485172861317793469e+01 -1.397123087369478611e+01
-1.500965173542499542e+01 -1.342662632771027376e+01
-1.491408564150333405e+01 -1.428561315781030849e+01
-1.494521358112494092e+01 -1.406651210784912109e+01
-1.491427456835905652e+01 -1.436057347517747118e+01
-1.492988657951354980e+01 -1.345121686886518475e+01
-1.482745575904846191e+01 -1.438786694942376521e+01
-1.517110545933246613e+01 -1.414188455924009702e+01
-1.508028610547383686e+01 -1.439780269524989897e+01
-1.483580356836318970e+01 -1.415474901443872646e+01
-1.487799406548341175e+01 -1.389299426934657866e+01
-1.508346140384674072e+01 -1.423480268625112721e+01
-1.509714350104331970e+01 -1.405015165377885822e+01
-1.505990909536679645e+01 -1.437495419917962458e+01
-1.493776336312294006e+01 -1.412677791791084481e+01
-1.507458971937497516e+01 -1.380733494880871959e+01
-1.510541469852129559e+01 -1.380285397554055216e+01
-1.503062271078427692e+01 -1.431553410261105341e+01
-1.487253437439600567e+01 -1.393962307465382189e+01
-1.519523269931475262e+01 -1.402095958514091301e+01
-1.511816194156805615e+01 -1.398108176695994764e+01
-1.476600954433282276e+01 -1.291465786175850106e+01
-1.522627319395542145e+01 -1.364156255966577724e+01
-1.495661094288031201e+01 -1.313622675186548427e+01
-1.496635493139425854e+01 -1.339664735549535557e+01
-1.515686050057411194e+01 -1.431878498273018074e+01
-1.512200647592544556e+01 -1.385193736736590964e+01
-1.505002750456333160e+01 -1.442522963499411581e+01
-1.477260231971740723e+01 -1.438080459985977555e+01
-1.503480845689773560e+01 -1.447965524135491755e+01
-1.499251981576283832e+01 -1.431448403382912637e+01
-1.518209469318389893e+01 -1.331948451506785780e+01
-1.515493302047252655e+01 -1.325627798911852651e+01
-1.506677422424157520e+01 -1.378558647938263704e+01
-1.506722808380921741e+01 -1.422500637250068856e+01
-1.522131877144177814e+01 -1.389903273949256324e+01
-1.517840709288915058e+01 -1.372703305268898966e+01
-1.515249743064244647e+01 -1.323173725910675813e+01
-1.498863086104393005e+01 -1.374370340200570872e+01
-1.527021871507167816e+01 -1.435148400526780321e+01
-1.515814118087291718e+01 -1.408465096889398005e+01
-1.527804931501547436e+01 -1.411483693734193423e+01
-1.516000182926654816e+01 -1.406733045822534756e+01
-1.512856116394201855e+01 -1.265699907449575612e+01
-1.486332996189594269e+01 -1.307721071976881788e+01
-1.527916503945986371e+01 -1.408931243113982390e+01
-1.546749046444892883e+01 -1.395308968959710505e+01
-1.508720105389753918e+01 -1.442681591327373880e+01
-1.524872296055158039e+01 -1.405072094843937869e+01
-1.512900224328041077e+01 -1.334065425090300749e+01
-1.514696231981118579e+01 -1.417031598702455142e+01
-1.518040796617666821e+01 -1.442325242360433002e+01
-1.521087572971979718e+01 -1.412935349880120661e+01
-1.495760984718799591e+01 -1.411732879051795386e+01
-1.530598164598147015e+01 -1.374390066587007908e+01
-1.527555516362190247e+01 -1.416116594656919858e+01
-1.528693876167138477e+01 -1.337207319797613714e+01
-1.516293708483378033e+01 -1.418361724951328462e+01
-1.564428113400936127e+01 -1.404325519463954741e+01
-1.528666702906290631e+01 -1.434704159467648310e+01
-1.536415023605028729e+01 -1.307841137127998543e+01
-1.532618529597918133e+01 -1.408239354842748448e+01
-1.520636040469010730e+01 -1.444416980254344374e+01
-1.551481669147809406e+01 -1.412962793692564389e+01
-1.519005588193734546e+01 -1.390409004993927766e+01
-1.543331793944040875e+01 -1.400154057527199747e+01
-1.505186336735884289e+01 -1.405338874230018043e+01
-1.521479197839895825e+01 -1.411583007910312837e+01
-1.525922046105066876e+01 -1.430126659686748880e+01
-1.549996645251909833e+01 -1.353720814142471696e+01
-1.528199779987335205e+01 -1.381661512912848089e+01
-1.533354854583740234e+01 -1.450589845119378474e+01
-1.537692132592201233e+01 -1.232804640745505331e+01
-1.536169052620728870e+01 -1.418123071621625897e+01
-1.546737948060035706e+01 -1.432265279231927302e+01
-1.550432694454987903e+01 -1.387997527000231557e+01
-1.506517476836840252e+01 -1.372878258044903177e+01
-1.521850497523943524e+01 -1.420075563284066966e+01
-1.553450902303059955e+01 -1.363755306830772973e+01
-1.524191894630591015e+01 -1.397058499165070344e+01
-1.528664093216260333e+01 -1.375565775846823691e+01
-1.538313756883144379e+01 -1.216374710278633309e+01
-1.532832060754299164e+01 -1.388247167147122951e+01
-1.546662804484367371e+01 -1.433771646939791111e+01
-1.543087866902351379e+01 -1.335245215587126921e+01
-1.541981211304664612e+01 -1.388932589995555311e+01
-1.554423580567041974e+01 -1.379665171794402312e+01
-1.570457775890827179e+01 -1.419177950345552830e+01
-1.542631150782108307e+01 -1.400719048426701541e+01
-1.563364261885484119e+01 -1.418503396939008709e+01
-1.547267894446849823e+01 -1.272141547080797963e+01
-1.561344390114148517e+01 -1.391442450498923300e+01
-1.549090673526128192e+01 -1.334972562545385166e+01
-1.554538587232430835e+01 -1.451629362350855068e+01
-1.540221699575583081e+01 -1.426899802379119109e+01
-1.568529085814952850e+01 -1.404387244200095175e+01
-1.572304708262284656e+01 -1.402142825493445777e+01
-1.556082067886988263e+01 -1.326723754100310515e+01
-1.567048733433087726e+01 -1.443024799151298332e+01
-1.550077709058920483e+01 -1.440961830432598489e+01
-1.561130787928899188e+01 -1.436115861550355532e+01
-1.545242520173390766e+01 -1.413577771798158267e+01
-1.569786108036836048e+01 -1.305793013939490699e+01
-1.564934162795543671e+01 -1.429872713333521084e+01
-1.572929252684116364e+01 -1.455077633490929223e+01
-1.548533909519513507e+01 -1.425082172491611665e+01
-1.579425637423992157e+01 -1.441503925812550158e+01
-1.557874951263268848e+01 -1.435209919856144900e+01
-1.563305060068766217e+01 -1.335503949874486729e+01
-1.536502228677272797e+01 -1.400001163971729845e+01
-1.566470512747764587e+01 -1.406922176556709481e+01
-1.545079573492209057e+01 -1.449338768690060419e+01
-1.551390843590100665e+01 -1.327342275472787669e+01
-1.572555289665857892e+01 -1.436398694454095271e+01
-1.551259909073511700e+01 -1.424693075815836529e+01
-1.581132161120573620e+01 -1.452197035765036581e+01
-1.569526004294554333e+01 -1.420355474031888576e+01
-1.567801515261332135e+01 -1.353995494353465467e+01
-1.544243733088175397e+01 -1.355684515146108815e+01
-1.549156443277994732e+01 -1.445998473045153432e+01
-1.566927020748456378e+01 -1.428663129072922899e+01
-1.595867545902729034e+01 -1.430332914988199811e+01
-1.572125082214673419e+01 -1.407145945231119732e+01
-1.541871354977289776e+01 -1.465562976934971040e+01
-1.557708422342936139e+01 -1.447940171070587922e+01
-1.571997075776259045e+01 -1.451389926519149398e+01
-1.574389959375063519e+01 -1.352331963563576700e+01
-1.570157205561796765e+01 -1.441218236776498607e+01
-1.561935086548328400e+01 -1.470468670282608414e+01
-1.612510646879673004e+01 -1.429205593696007348e+01
-1.546570030848185162e+01 -1.358439875871707159e+01
-1.562411585946877857e+01 -1.427692019633757781e+01
-1.560873542229334454e+01 -1.456905201153877449e+01
-1.590970500806967358e+01 -1.427053725413787078e+01
-1.573226249217987061e+01 -1.446540098923903273e+01
-1.580893784264723401e+01 -1.417892813071226499e+01
-1.535568625728289227e+01 -1.399201789269080543e+01
-1.574933286507924457e+01 -1.428607845306396484e+01
-1.579996149241924286e+01 -1.440459696451822857e+01
-1.595804460346698761e+01 -1.427111735710730933e+01
-1.552438443402449231e+01 -1.402512782659286117e+01
-1.604091984530289849e+01 -1.415860596681252481e+01
-1.593579897284507751e+01 -1.362832487546480564e+01
-1.593162260452906231e+01 -1.391541992089687163e+01
-1.558609073360761066e+01 -1.432009550241323659e+01
-1.577436952292919159e+01 -1.397816728934263608e+01
-1.597947557767232318e+01 -1.413841748848939517e+01
-1.560385420918464661e+01 -1.414572302500406842e+01
-1.590816153585910797e+01 -1.391546205373910716e+01
-1.583091468612352948e+01 -1.437023189740303231e+01
-1.593576918045679669e+01 -1.429834908705491259e+01
-1.574560918907324414e+01 -1.399834610865666384e+01
-1.596607477466265301e+01 -1.394339155539488218e+01
-1.568975953757762909e+01 -1.468956367786114114e+01
-1.594507894416650196e+01 -1.420148010742970079e+01
-1.568957586089769940e+01 -1.336970781668638608e+01
-1.556419700384140015e+01 -1.340976101312881852e+01
-1.591126375397046466e+01 -1.438402129442263799e+01
-1.606834562619527063e+01 -1.418827061775403209e+01
-1.587948285043239594e+01 -1.396005307711087795e+01
-1.566619012256463428e+01 -1.398677857716878314e+01
-1.568058610955874066e+01 -1.321913129855424884e+01
-1.593374601006507874e+01 -1.446454253563514136e+01
-1.582329049209753613e+01 -1.269525726024921042e+01
-1.573130398492018323e+01 -1.343607819386017610e+01
-1.590887931485970874e+01 -1.380587071638840868e+01
-1.571018033723036389e+01 -1.390314767299554255e+01
-1.598016883929570575e+01 -1.415850531749236296e+01
-1.597648345927397351e+01 -1.434705450595953558e+01
-1.590422441065311432e+01 -1.374732888050568391e+01
-1.597423899173736572e+01 -1.434515075194529921e+01
-1.574966080486774445e+01 -1.387050146934313588e+01
-1.607229332129160682e+01 -1.393430663377810674e+01
-1.596427656213442425e+01 -1.440353792141645428e+01
-1.607150204976399621e+01 -1.436045932769775391e+01
-1.616625297069549561e+01 -1.446884974455222128e+01
-1.607441643873850623e+01 -1.436300128545516586e+01
-1.616607146461804589e+01 -1.436779638437124440e+01
-1.600764471292495728e+01 -1.399757399925818824e+01
-1.594975868364175220e+01 -1.391112968249198723e+01
-1.620896799365679541e+01 -1.434573171077630427e+01
-1.604664316276709357e+01 -1.430187472318991659e+01
-1.613095070918400964e+01 -1.424485294635479349e+01
-1.589832050601641278e+01 -1.377238716223301118e+01
-1.595451581974824329e+01 -1.423931774726280786e+01
-1.592490860323111157e+01 -1.442300564203506852e+01
-1.623631425698598107e+01 -1.407337645995311171e+01
-1.615615819891293725e+01 -1.463830747359838291e+01
-1.603416482607523719e+01 -1.396914619054549789e+01
-1.619101241727669915e+01 -1.402436657440968126e+01
-1.630631559093793115e+01 -1.413332782647548491e+01
-1.607671721776326379e+01 -1.449763378730187036e+01
-1.599421076476573944e+01 -1.430205332927214812e+01
-1.587256585558255573e+01 -1.318592981191781810e+01
-1.603250905871391296e+01 -1.426341328254112817e+01
-1.582193534076213837e+01 -1.346487514789287943e+01
-1.598412003616491894e+01 -1.355295557853503041e+01
-1.610260013242562493e+01 -1.338887706169715308e+01
-1.593200179437796216e+01 -1.475681451650766185e+01
-1.621409370501836023e+01 -1.382730696751521116e+01
-1.595827004313468933e+01 -1.393600605695675654e+01
-1.620035227636496344e+01 -1.444163537636781314e+01
-1.634252320726712426e+01 -1.415495461684006884e+01
-1.638671801984310150e+01 -1.440606863070756916e+01
-1.629144507149855414e+01 -1.243403781988681978e+01
-1.607718048493067542e+01 -1.367529316437550158e+01
-1.601633259157339850e+01 -1.424425768240904233e+01
-1.608670157690842828e+01 -1.380630617875319288e+01
-1.613498166203498840e+01 -1.454841088025997919e+01
-1.607079457243283471e+01 -1.402072879595634269e+01
-1.614044986168543616e+01 -1.417763286981827164e+01
-1.616844260195891181e+01 -1.442133018298026848e+01
-1.614427493512630463e+01 -1.431732148390549852e+01
-1.616919316351413727e+01 -1.345859239040276911e+01
-1.594329539934794049e+01 -1.364063157790746494e+01
-1.621091451744238654e+01 -1.446829441266182137e+01
-1.645482114454110345e+01 -1.378443776644193264e+01
-1.619308497508366784e+01 -1.433853738735883709e+01
-1.597691333293914795e+01 -1.338347317622258181e+01
-1.631594961881637573e+01 -1.442559322944054223e+01
-1.638020302355289459e+01 -1.345189444224039654e+01
-1.612640643616517266e+01 -1.401531967749962426e+01
-1.612581793467203894e+01 -1.345585390237661549e+01
-1.618268179396788398e+01 -1.410082716819567494e+01
-1.593792146444320679e+01 -1.335316379253680807e+01
-1.638758466641108313e+01 -1.415448286594488714e+01
-1.632168313860893250e+01 -1.458773955320700644e+01
-1.629360431929429254e+01 -1.371497102884145924e+01
-1.585031528770923615e+01 -1.451548111744416047e+01
-1.615236897269884864e+01 -1.429203500503148838e+01
-1.622706392904122552e+01 -1.274006633269481092e+01
-1.624304170906543732e+01 -1.402799669901529889e+01
-1.625093184908230981e+01 -1.454976590474446674e+01
-1.626758122940858087e+01 -1.383499108828031154e+01
-1.622749802966912469e+01 -1.443531831105550189e+01
-1.617014249662558356e+01 -1.395129915384145924e+01
-1.637887042264143744e+01 -1.309044703459128378e+01
-1.623688559730847558e+01 -1.424353452829214284e+01
-1.610896879931290826e+01 -1.407354335295848280e+01
-1.645795979102452478e+01 -1.449189675159943391e+01
-1.648085199793179711e+01 -1.406074100885635758e+01
-1.613223152359326562e+01 -1.334230674841465181e+01
-1.603528423607349396e+01 -1.420799267597687532e+01
-1.640045555432637414e+01 -1.450145163902869605e+01
-1.653631797929604730e+01 -1.453570228967911149e+01
-1.644560701648394385e+01 -1.433182369134364897e+01
-1.621130808691183844e+01 -1.239465099725967789e+01
-1.622391548752784729e+01 -1.209404715513571738e+01
-1.616971832017103949e+01 -1.328830594282883837e+01
-1.610815440615018090e+01 -1.456676925756992524e+01
-1.603325981895129004e+01 -1.412989699534880828e+01
-1.599776801466941833e+01 -1.439334959861559682e+01
-1.643874039252598962e+01 -1.430436141674335104e+01
-1.606706664959589759e+01 -1.417537853045341301e+01
-1.613812569777170935e+01 -1.361692294096335409e+01
-1.635926741361618042e+01 -1.369963751083765224e+01
-1.642456103364626685e+01 -1.371239393185346600e+01
-1.623801160355408868e+01 -1.417829205439640994e+01
-1.641675467292467872e+01 -1.409370221847142979e+01
-1.636026135087013245e+01 -1.421639241927709385e+01
-1.609066275755564490e+01 -1.460288908542730901e+01
-1.637998186051845551e+01 -1.427005926767984967e+01
-1.647615759074687958e+01 -1.412129015800280385e+01
-1.648313345015048981e+01 -1.433628422174698258e+01
-1.625227314730485162e+01 -1.365652624766031842e+01
-1.651793770492076874e+01 -1.441705170655861856e+01
-1.634860208630561829e+01 -1.446360996441963387e+01
-1.638236691057682037e+01 -1.435533543122120470e+01
-1.611500383416811744e+01 -1.429685521737123111e+01
-1.639764841894308844e+01 -1.438119797828870006e+01
-1.652546321849028388e+01 -1.417193371210342789e+01
-1.629621887703736505e+01 -1.431738679836957928e+01
-1.648038853208224097e+01 -1.436258827111659819e+01
-1.637480827669302741e+01 -1.382904977064866259e+01
-1.643635940055052558e+01 -1.423076976873935884e+01
-1.635201057295004645e+01 -1.386130166665101626e+01
-1.636369988818963250e+01 -1.426432074033296971e+01
-1.643765980501969537e+01 -1.383025426131028368e+01
-1.636929673949877539e+01 -1.444534208835699651e+01
-1.642994186778863153e+01 -1.447580577165652471e+01
-1.644326980412006378e+01 -1.462240475874680712e+01
-1.656935703754425049e+01 -1.446040821075439453e+01
-1.628218535582224646e+01 -1.426870272709773069e+01
-1.636494659384091577e+01 -1.467472435877873416e+01
-1.644245238105456153e+01 -1.291425756307748607e+01
-1.655656296014785767e+01 -1.419901341658372118e+01
-1.618755599359671393e+01 -1.442349810478014760e+01
-1.646638070046901703e+01 -1.412659698877579117e+01
-1.650544399519761285e+01 -1.386701500721466829e+01
-1.633322778344154358e+01 -1.423214988219432264e+01
-1.643704259892304620e+01 -1.449573445931459048e+01
-1.641387638449668884e+01 -1.394824859423515129e+01
-1.662725778917471686e+01 -1.422582217974540519e+01
-1.633993182579676429e+01 -1.418612555968455702e+01
-1.643080431719620904e+01 -1.433171172019762807e+01
-1.662445308764775476e+01 -1.430659015362079245e+01
-1.616285087664921960e+01 -1.382252218784430120e+01
-1.640352725485960761e+01 -1.383099284538855933e+01
-1.641202444831530372e+01 -1.412869649055676646e+01
-1.651987298329671106e+01 -1.454242723416059491e+01
-1.651446819802125177e+01 -1.415609156779753874e+01
-1.658239948252836982e+01 -1.387996991475423236e+01
-1.659458436071872711e+01 -1.437968151385967630e+01
-1.669035320977370063e+01 -1.420105298360188861e+01
-1.651369924346606055e+01 -1.416454884944817927e+01
-1.654043191174666205e+01 -1.357829152620755764e+01
-1.610977956652641296e+01 -1.300952190007918929e+01
-1.623658344149589539e+01 -1.415825173793694880e+01
-1.660669911404450616e+01 -1.405406247652494045e+01
-1.670419510205586633e+01 -1.424410167107215308e+01
-1.652227080861727515e+01 -1.425013979887351034e+01
-1.654306266208489617e+01 -1.365761940295879739e+01
-1.656533874571323395e+01 -1.395547380202855869e+01
-1.665119901299476624e+01 -1.421533271593925285e+01
-1.650847809016704559e+01 -1.352594607915633773e+01
-1.651911375423272332e+01 -1.438988617138984871e+01
-1.687517111003398895e+01 -1.394256056272066502e+01
-1.654202650487422943e+01 -1.415943534557635886e+01
-1.685535371303558350e+01 -1.412624806624192431e+01
-1.649401582777500153e+01 -1.419885547344501120e+01
-1.646417636672655860e+01 -1.327026037069467357e+01
-1.655491566161314765e+01 -1.434757269345796971e+01
-1.655798711379368982e+01 -1.455469600970928568e+01
-1.662196335196495056e+01 -1.376906011043450739e+01
-1.663856119910876075e+01 -1.420601881467379002e+01
-1.672720935444037238e+01 -1.327857790237817959e+01
-1.672594706217448035e+01 -1.417568487998766713e+01
-1.658262780308723450e+01 -1.340831614763308721e+01
-1.643542582790056983e+01 -1.394664135957375528e+01
-1.665898515284061432e+01 -1.453968627636249167e+01
-1.671543962756792823e+01 -1.394765181419176869e+01
-1.645353018740813056e+01 -1.447127383794540023e+01
-1.669977705677350244e+01 -1.439589703388703157e+01
-1.657682890693346778e+01 -1.428582369975554656e+01
-1.682962030669053277e+01 -1.404124920184795755e+01
-1.673813936114311218e+01 -1.425526711879632380e+01
-1.655386408170064172e+01 -1.357661633613782115e+01
-1.652297122776508331e+01 -1.415445983104216765e+01
-1.654091509183247766e+01 -1.430927305955153273e+01
-1.650932224094867706e+01 -1.441907347165621189e+01
-1.648139128585656366e+01 -1.417914510384584048e+01
-1.654242142041524133e+01 -1.436595356770050813e+01
-1.668021790186564246e+01 -1.447139138441819384e+01
-1.631352756420771399e+01 -1.403855966910337827e+01
-1.689686082303524017e+01 -1.446376265012300877e+01
-1.679043086369832238e+01 -1.442960827167217630e+01
-1.675071565310160437e+01 -1.445713573847061539e+01
-1.684608313937981805e+01 -1.431007534418350602e+01
-1.667609019577503204e+01 -1.392951720800155258e+01
-1.664371794462203979e+01 -1.361209920736459544e+01
-1.687909094989299774e+01 -1.389721376467973712e+01
-1.683152440190315247e+01 -1.405048160063914686e+01
-1.672151786585648736e+01 -1.420465562282464411e+01
-1.683687419692675391e+01 -1.421196795732547002e+01
-1.680541297793388367e+01 -1.378360948807153896e+01
-1.683358091612656793e+01 -1.422803150079189116e+01
-1.622572464744250098e+01 -1.410453686347374536e+01
-1.651549669106801232e+01 -1.341451241419865603e+01
-1.643643406033515930e+01 -1.429534745827699282e+01
-1.687658972541491309e+01 -1.432443080804286772e+01
-1.680228311320145806e+01 -1.409065975287021821e+01
-1.664484408001105109e+01 -1.398417536417643170e+01
-1.677850995461146155e+01 -1.402574160160162542e+01
-1.687556468943754950e+01 -1.434737946436955447e+01
-1.666523188849290094e+01 -1.376880217821170049e+01
-1.685232784847418586e+01 -1.374598212119860463e+01
-1.684108060101668158e+01 -1.428017173669277007e+01
-1.658966284493605414e+01 -1.357858129648061940e+01
-1.666027829051017761e+01 -1.398083816430507476e+01
-1.681474544604619226e+01 -1.396090534405830574e+01
-1.666714569429556647e+01 -1.451410963596441839e+01
-1.696207182109355927e+01 -1.392497473496657179e+01
-1.658512307703495026e+01 -1.367886411226712795e+01
-1.667489297688007355e+01 -1.415689585759089475e+01
-1.621337175865967950e+01 -1.350092212970440286e+01
-1.690270042916138848e+01 -1.387462877615904233e+01
-1.682011401653289795e+01 -1.414537816169934459e+01
-1.660772524774074554e+01 -1.450532690684000592e+01
-1.692484123011429986e+01 -1.452488150963416480e+01
-1.683519920706748962e+01 -1.417275827358930584e+01
-1.698777262866497040e+01 -1.424153508895482823e+01
-1.666784589489300927e+01 -1.451768816434420017e+01
-1.676392433047294617e+01 -1.446889561873215868e+01
-1.680743162830670556e+01 -1.350016410534198386e+01
-1.667115543782711029e+01 -1.334065730755145651e+01
-1.659484089414278785e+01 -1.402202840951772878e+01
-1.689752589662869653e+01 -1.341064959305983351e+01
-1.662206929425398627e+01 -1.385280254559639168e+01
-1.684842716157436371e+01 -1.434584331512451172e+01
-1.709229950110117713e+01 -1.387698740836901479e+01
-1.684593916436036309e+01 -1.427716252742669489e+01
-1.674842404325803003e+01 -1.429606782473050686e+01
-1.690836685895919800e+01 -1.395614907680413630e+01
-1.668559035658836365e+01 -1.450372595664782338e+01
-1.670978531738122186e+01 -1.419382503705146981e+01
-1.703827074666817865e+01 -1.399867537082769964e+01
-1.693678369621435920e+01 -1.385783941317827228e+01
-1.696243726213772973e+01 -1.347665525094056704e+01
-1.699326953788598260e+01 -1.453491159585806081e+01
-1.700500751038392266e+01 -1.431601336063482854e+01
-1.682221245268980780e+01 -1.454969841394668961e+01
-1.720128268500169000e+01 -1.437246405772673796e+01
-1.710381143291791162e+01 -1.382276777120736888e+01
-1.689833452800909797e+01 -1.447340006706042104e+01
-1.672060851752758026e+01 -1.421900524237217134e+01
-1.704734368125597754e+01 -1.423705264849540519e+01
-1.688926941156387329e+01 -1.417926685626690286e+01
-1.689552004635334015e+01 -1.419593123900584608e+01
-1.699770150581995765e+01 -1.421383407788398934e+01
-1.667515467107295990e+01 -1.431874468387701604e+01
-1.676322089135646820e+01 -1.384266031705416111e+01
-1.701543821891148767e+01 -1.364807620415320777e+01
-1.714608981708685675e+01 -1.441809974572597319e+01
-1.700413239995638648e+01 -1.347556972503662109e+01
-1.707601491610209266e+01 -1.391229834923377418e+01
-1.697008762260277948e+01 -1.412041703248635294e+01
-1.671670357386271277e+01 -1.380894951942639537e+01
-1.693748181064923486e+01 -1.445854531801663967e+01
-1.705997038880984107e+01 -1.436680744855831904e+01
-1.700201595822970191e+01 -1.334811328007624631e+01
-1.720641476412614068e+01 -1.415771924532376858e+01
-1.703856239219506463e+01 -1.422546325585780913e+01
-1.697089136640230933e+01 -1.408665539668156619e+01
-1.665291524926821509e+01 -1.411610106932811171e+01
-1.710325196385383606e+01 -1.409626232049403960e+01
-1.689791629215081414e+01 -1.396771198663956071e+01
-1.682270462314287940e+01 -1.402522678864307970e+01
-1.686210695902506629e+01 -1.428218501653426742e+01
-1.712843606372674188e+01 -1.422734419504801373e+01
-1.717228576044241706e+01 -1.431500623165032771e+01
-1.694467406471570214e+01 -1.431370439284887119e+01
-1.709526089330514154e+01 -1.391398598597599978e+01
-1.692525822917620459e+01 -1.434787623087565045e+01
-1.704334736863772193e+01 -1.419483444018241691e+01
-1.716655021905899048e+01 -1.432010168906969838e+01
-1.700479411085446557e+01 -1.413383740645188524e+01
-1.704570732017358026e+01 -1.403818362798446273e+01
-1.702594719827175140e+01 -1.414789899190266986e+01
-1.711460414528846741e+01 -1.432713315425774958e+01
-1.702027474840481958e+01 -1.443839708964029889e+01
-1.705036016305287561e+01 -1.444361650026761623e+01
-1.723972922563552856e+01 -1.406764230972681240e+01
-1.718859984477360925e+01 -1.442866909809601594e+01
-1.664250687758127967e+01 -1.414717104496100042e+01
-1.696870256463686744e+01 -1.390551228400988393e+01
-1.695826261242230615e+01 -1.407417162870749472e+01
-1.703661289314429084e+01 -1.425712196643535989e+01
-1.701646989583969116e+01 -1.441273843325101467e+01
-1.684748792151610175e+01 -1.423218201368283076e+01
-1.716638748347759247e+01 -1.446367867787679096e+01
-1.700699443121751031e+01 -1.369560511906941791e+01
-1.708336415886878967e+01 -1.351883675501896853e+01
-1.710805115103721619e+01 -1.416023442684075739e+01
-1.679101188480854034e+01 -1.426754638476249504e+01
-1.708081621925036231e+01 -1.395681821382962795e+01
-1.700606832901636878e+01 -1.433662766676682665e+01
-1.707122715810934821e+01 -1.382462076040414622e+01
-1.711886469026406488e+01 -1.398876598553779793e+01
-1.715328783790270606e+01 -1.385082335349840932e+01
-1.672056282063325128e+01 -1.430633180569379803e+01
-1.725328516463438788e+01 -1.422719943217742156e+01
-1.696152053773403168e+01 -1.424289052914350506e+01
-1.694527523219585419e+01 -1.406958741408127977e+01
-1.701998842755953589e+01 -1.422144170907827565e+01
-1.687796187897523126e+01 -1.375782269697922899e+01
-1.703573049108187476e+01 -1.381510825034899526e+01
-1.683713353673617164e+01 -1.379016947134947202e+01
-1.701531484723091125e+01 -1.401478823637351034e+01
-1.706482587258021155e+01 -1.411888342637282179e+01
-1.732056240240732947e+01 -1.375291447761731334e+01
-1.719230867922306061e+01 -1.384288910107734871e+01
-1.702500135203202447e+01 -1.430333827092097287e+01
-1.715057911475499353e+01 -1.424547630701309586e+01
-1.704037068784236908e+01 -1.413218593597412109e+01
-1.696110219260056695e+01 -1.438571560688507844e+01
-1.726395024855931482e+01 -1.420930769504644964e+01
-1.714414009948571405e+01 -1.393646401625413134e+01
-1.723073987166086951e+01 -1.453310707287910652e+01
-1.733020453155040741e+01 -1.402357309292524334e+01
-1.701513412594795227e+01 -1.414565113263252449e+01
-1.717703990141550818e+01 -1.396975123576628874e+01
-1.705826272070407867e+01 -1.376040355975811380e+01
-1.708853438993294915e+01 -1.405684642302684217e+01
-1.705340779821078101e+01 -1.406940215673202133e+01
-1.704286776979764184e+01 -1.395611420655861856e+01
-1.719680073857307434e+01 -1.438349489065316966e+01
-1.705089585979779443e+01 -1.430488229409242251e+01
-1.722186852494875708e+01 -1.430378478612655258e+01
-1.716494572659333429e+01 -1.388639276455610272e+01
-1.711679671704769135e+01 -1.416552037459153368e+01
-1.714232237637042999e+01 -1.405563638149163630e+01
-1.719238363206386566e+01 -1.425780990796211434e+01
-1.729621572792530060e+01 -1.389794874191284180e+01
-1.717971069614092627e+01 -1.424753802861922836e+01
-1.715229775011539459e+01 -1.381755732267330927e+01
-1.696781038244565210e+01 -1.412206659561548427e+01
-1.728393818438053131e+01 -1.408238765520927238e+01
-1.719247016807397088e+01 -1.437674510173308562e+01
-1.713649791479110718e+01 -1.449475111105503267e+01
-1.724895519514878472e+01 -1.425591148474277681e+01
-1.680602714916070184e+01 -1.378383839436066438e+01
-1.709534414609273156e+01 -1.404926683963873479e+01
-1.709630011022090912e+01 -1.389161309217795370e+01
-1.743774636089801788e+01 -1.408160363710843654e+01
-1.714268851280212402e+01 -1.359002200151101114e+01
-1.699364441633224487e+01 -1.411367585108830447e+01
-1.728549315035343170e+01 -1.445625887161646084e+01
-1.742813603083292762e+01 -1.439650851029616163e+01
-1.679321702818075934e+01 -1.431185922867212490e+01
-1.727814989288647851e+01 -1.387751114674103547e+01
-1.719312812387943268e+01 -1.243507443941556545e+01
-1.666399095455805579e+01 -1.424845069494002914e+01
-1.726083089411258698e+01 -1.430367658077142146e+01
-1.720073561867078027e+01 -1.440978607764610864e+01
-1.712885537246863166e+01 -1.424745007050343126e+01
-1.725261440873146057e+01 -1.419044583883041000e+01
-1.718868631621201715e+01 -1.390305230556390192e+01
-1.702411683400471887e+01 -1.407121318425887679e+01
-1.743001951773961267e+01 -1.407055896367782211e+01
-1.739093715449174127e+01 -1.412395482185559459e+01
-1.710840860009193420e+01 -1.412559670668381884e+01
-1.703574655950069427e+01 -1.416918082114977651e+01
-1.728431836764017859e+01 -1.423180020161164094e+01
-1.719735852877299109e+01 -1.401005290104792600e+01
-1.710962339242299279e+01 -1.253341738382975201e+01
-1.735266508658726892e+01 -1.404645440517327692e+01
-1.724913363655408105e+01 -1.400092435494447329e+01
-1.706945470472176751e+01 -1.298322966159918401e+01
-1.699936567246913910e+01 -1.424930680103791047e+01
-1.750000203152497491e+01 -1.354547803829877850e+01
-1.725619385639826575e+01 -1.383755615430000496e+01
-1.714866704245408258e+01 -1.372027817750588419e+01
-1.755727700889110565e+01 -1.414421152457212827e+01
-1.746198776861031732e+01 -1.418199446262457464e+01
-1.725475029647350311e+01 -1.406350556398049356e+01
-1.708580425878365716e+01 -1.410161390060033604e+01
-1.722285396854082862e+01 -1.442441964760804751e+01
-1.743874995410442352e+01 -1.405900250948392483e+01
-1.727523246904214105e+01 -1.462564732478215213e+01
-1.707217893004417419e+01 -1.424742031097412109e+01
-1.724139151473839959e+01 -1.434116615393222993e+01
-1.716793925563494483e+01 -1.402331344897930521e+01
-1.710758942365646362e+01 -1.394663593096610832e+01
-1.717403124769528588e+01 -1.412564656673333552e+01
-1.722320951024691382e+01 -1.427098790193215372e+01
-1.717667905489603797e+01 -1.397834812066493804e+01
-1.716807368397712708e+01 -1.385607847800621606e+01
-1.722738665839036187e+01 -1.410056904034736824e+01
-1.734124143421649933e+01 -1.424160707913912205e+01
-1.738065519432226935e+01 -1.427526168334178358e+01
-1.720670760174592218e+01 -1.404670233604235463e+01
-1.717557132244110107e+01 -1.398571158678103643e+01
-1.728596578538417816e+01 -1.390068509028508181e+01
-1.717402115960915765e+01 -1.356909744556133646e+01
-1.715931241214275360e+01 -1.452518133016732982e+01
-1.733233527839183807e+01 -1.405423824603741068e+01
-1.721840822696685791e+01 -1.429160274603428071e+01
-1.735963952044646064e+01 -1.404250420056856541e+01
-1.716089958945910254e+01 -1.401167761973845671e+01
-1.711166595419247827e+01 -1.400577613634940910e+01
-1.707255886495113373e+01 -1.387587224520169826e+01
-1.752921558419863501e+01 -1.379546419779459576e+01
-1.754122677445411682e+01 -1.428001636113875961e+01
-1.724523300925890723e+01 -1.408300786140637584e+01
-1.739510762691497803e+01 -1.414879163106282611e+01
-1.729098424812157830e+01 -1.397584915161132812e+01
-1.733656863868236542e+01 -1.333627683688432697e+01
-1.704046719769636908e+01 -1.396948709243383213e+01
-1.741166625916957855e+01 -1.401316777253762247e+01
-1.741899441679318628e+01 -1.398365879058837891e+01
-1.719738628963629523e+01 -1.331902687366192239e+01
-1.726743064324061194e+01 -1.359879680780264088e+01
-1.721865839759508887e+01 -1.372166398855356029e+01
-1.706403921047846595e+01 -1.350962778238149831e+01
-1.726548402011394501e+01 -1.405563616141294858e+01
-1.749286301930745324e+01 -1.447015106983673860e+01
-1.751626651485760888e+01 -1.355613796527569193e+01
-1.755955814818541327e+01 -1.387147810520269964e+01
-1.730739904940128326e+01 -1.250573346553704646e+01
-1.726818463206291199e+01 -1.428714089515881724e+01
-1.740195342401663581e+01 -1.401451626802102091e+01
-1.681682827075322351e+01 -1.434748439299754530e+01
-1.745391211907069007e+01 -1.408306733155861856e+01
-1.755117883781592170e+01 -1.420842280754676246e+01
-1.737443651755650720e+01 -1.427100196251502418e+01
-1.725768918792406836e+01 -1.379121707035944944e+01
-1.737757221857706824e+01 -1.416272080250275422e+01
-1.721402725080649176e+01 -1.370402974348801806e+01
-1.723458749055862427e+01 -1.347935314667530626e+01
-1.725511580705642700e+01 -1.385926926441681672e+01
-1.745859609047571936e+01 -1.370741834395971104e+01
-1.733922497928142548e+01 -1.425687929300161549e+01
-1.749162686367829522e+01 -1.406923000629131693e+01
-1.740667217969894409e+01 -1.382762999412340932e+01
-1.762405806779861450e+01 -1.398752024234869573e+01
-1.732509819666544715e+01 -1.449846370403583151e+01
-1.743591288725535193e+01 -1.367939699613130955e+01
-1.762368698914845666e+01 -1.400957041520338819e+01
-1.736142233014106750e+01 -1.356840431995880891e+01
-1.745680923759937286e+01 -1.399178703014667136e+01
-1.742502492666244507e+01 -1.420274977806286998e+01
-1.734140588839848718e+01 -1.379760913359813124e+01
-1.765866961081822595e+01 -1.286219858511900327e+01
-1.747504791120688239e+01 -1.429733158991887088e+01
-1.723440174758434296e+01 -1.401676953144562532e+01
-1.749120512604713440e+01 -1.381546807900453189e+01
-1.755213184158007422e+01 -1.389577809358254434e+01
-1.723326584200064460e+01 -1.394183215116843222e+01
-1.736935030420621118e+01 -1.424369270373613361e+01
-1.732531125346819678e+01 -1.398911982316237257e+01
-1.727964637676874915e+01 -1.382630993769719119e+01
-1.733210876584053040e+01 -1.382298014714167600e+01
-1.767850552995999536e+01 -1.344517865547767066e+01
-1.735632733503977576e+01 -1.420433653317964939e+01
-1.771682050824165344e+01 -1.420262072636530881e+01
-1.749596947431564331e+01 -1.402570404150547212e+01
-1.739466882745425025e+01 -1.384559247432610896e+01
-1.735754637420177460e+01 -1.436933681292411613e+01
-1.762161188820997992e+01 -1.386385939671442991e+01
-1.746911080181598663e+01 -1.390083165046496205e+01
-1.743487999836603919e+01 -1.400967832712026784e+01
-1.739289099474747857e+01 -1.396444110381297499e+01
-1.762244994441668311e+01 -1.419055456992907338e+01
-1.729923439025878906e+01 -1.432184199797801405e+01
-1.719240834812323371e+01 -1.375695700523180776e+01
-1.741801391541957855e+01 -1.403659792435474962e+01
-1.729390416045983514e+01 -1.328959513933230596e+01
-1.764055673281351844e+01 -1.416552707476493644e+01
-1.733061080674330512e+01 -1.425790867438683129e+01
-1.763737278183301171e+01 -1.341962425525371927e+01
-1.773679251968860626e+01 -1.372098216032370566e+01
-1.760718616843223572e+01 -1.412261718358749008e+01
-1.709393770496050635e+01 -1.394376336611234279e+01
-1.739094320436318597e+01 -1.395310003329545978e+01
-1.769273842374483863e+01 -1.402856548015887839e+01
-1.764476681749026099e+01 -1.397882512899545482e+01
-1.773529933889706811e+01 -1.411692643776918032e+01
-1.764240662753582001e+01 -1.415687040182260326e+01
-1.725209585825602332e+01 -1.362472018217429159e+01
-1.737720299263795098e+01 -1.405156937623635294e+01
-1.761764843265215674e+01 -1.415360692831186107e+01
-1.749009638031323632e+01 -1.408486237892737769e+01
-1.763040575881798944e+01 -1.352232421972812837e+01
-1.741511553029219428e+01 -1.369063389606964876e+01
-1.754079932471116265e+01 -1.406685195825038726e+01
-1.714987778663635254e+01 -1.422466534834641649e+01
-1.764416991670926294e+01 -1.397957114684276014e+01
-1.768392225106557092e+01 -1.362965356386624904e+01
-1.731972872217496118e+01 -1.341226567977514073e+01
-1.738660118480523309e+01 -1.428366450774363905e+01
-1.751986141999562463e+01 -1.428410329574193760e+01
-1.768632395068804541e+01 -1.379896415808262056e+01
-1.760999947786331177e+01 -1.409832140115591237e+01
-1.751641476651032647e+01 -1.452271087353046042e+01
-1.759950144588947296e+01 -1.412773022284874536e+01
-1.764657508830229560e+01 -1.401615524291992188e+01
-1.759209965169429779e+01 -1.392459298402835088e+01
-1.755311593413352966e+01 -1.435339646461682506e+01
-1.744515298306941986e+01 -1.419141341478396612e+01
-1.772414235770702362e+01 -1.392746145297319416e+01
-1.756469082832336426e+01 -1.396914406311817736e+01
-1.752330256501833716e+01 -1.328768043029002577e+01
-1.736412641902764520e+01 -1.372868872911502081e+01
-1.701391951243082801e+01 -1.371288331349690814e+01
-1.772347658872604370e+01 -1.370286711668356894e+01
-1.755292772253354272e+01 -1.434928035736083984e+01
-1.764883604645729065e+01 -1.353402042388916016e+01
-1.744157988826433936e+01 -1.416958940946138767e+01
-1.745372524857521057e+01 -1.369770028040959353e+01
-1.752487499515215674e+01 -1.412571185674422836e+01
-1.749834722280502319e+01 -1.421833126361553568e+01
-1.760269346833229065e+01 -1.405793194893078990e+01
-1.775001747409502784e+01 -1.429417033073229604e+01
-1.750784777104854584e+01 -1.391668630257630923e+01
-1.783512553075949469e+01 -1.397856303973075676e+01
-1.756108813484509668e+01 -1.440062738076234439e+01
-1.757058553397655487e+01 -1.379399979420197297e+01
-1.751472320159276208e+01 -1.362213144546899990e+01
-1.730552046994368354e+01 -1.443366247568375016e+01
-1.762505685289700708e+01 -1.377707596314259142e+01
-1.745929375787575921e+01 -1.386279993790846632e+01
-1.736756743987401208e+01 -1.364806938171386719e+01
-1.788438259065151215e+01 -1.451152510520739369e+01
-1.763410695393880090e+01 -1.441805668366261095e+01
-1.755132040381431580e+01 -1.404184832939734839e+01
-1.762948913872241974e+01 -1.416503407404973025e+01
-1.761254110932350159e+01 -1.451517195579333119e+01
-1.757613330582777778e+01 -1.418854349087446209e+01
-1.756931062539418420e+01 -1.371838629551422883e+01
-1.763893133401870728e+01 -1.336846723311986729e+01
-1.771401313940684119e+01 -1.409043798691187099e+01
-1.762944229443867883e+01 -1.340960673796824842e+01
-1.774613867700099945e+01 -1.356217905191274831e+01
-1.757787778476874152e+01 -1.419865750043820185e+01
-1.768548277517159661e+01 -1.393279792100955206e+01
-1.760825420916080475e+01 -1.428288149222349546e+01
-1.754081879059473792e+01 -1.407968310820750624e+01
-1.773500362038612366e+01 -1.399903395237066839e+01
-1.775278478364149848e+01 -1.423099490923759269e+01
-1.761197656393051147e+01 -1.351112343714787478e+01
