# Train Val
9.329144159952799942e-02 -1.480443000793457031e+00
-4.098051846027374268e+00 -6.309379386901855291e+00
-1.206413737932840924e+01 -1.720505332946777344e+01
-1.982178942362467566e+01 -2.208395729064941548e+01
-2.464790479342142859e+01 -2.461177177429199148e+01
-2.565755542119343957e+01 -2.540668411254882741e+01
-2.657498065630595008e+01 -2.458358993530273295e+01
-2.631517442067464074e+01 -2.666918411254882670e+01
-2.707891416549682617e+01 -2.693540534973144673e+01
-2.721727768580118934e+01 -2.513170738220214773e+01
-2.660198100407918176e+01 -2.741289634704589773e+01
-2.700756303469340125e+01 -2.762559814453124929e+01
-2.775130089124043664e+01 -2.662692489624023295e+01
-2.753622372945149621e+01 -2.612108192443847798e+01
-2.751588193575541297e+01 -2.773068084716796733e+01
-2.798585104942321777e+01 -2.718310508728027486e+01
-2.800381660461425781e+01 -2.774506988525390483e+01
-2.793160732587178430e+01 -2.735133209228515483e+01
-2.814584946632385254e+01 -2.781639747619628977e+01
-2.795439585049946984e+01 -2.805206604003906179e+01
-2.801163132985432824e+01 -2.765272903442382812e+01
-2.802306032180786133e+01 -2.729185142517089702e+01
-2.764976088205973426e+01 -2.709541320800781250e+01
-2.782763028144836426e+01 -2.716253929138183665e+01
-2.813360714912414551e+01 -2.706529846191406108e+01
-2.804374885559082031e+01 -2.814477386474609233e+01
-2.838082186381022254e+01 -2.784231071472168040e+01
-2.833389671643574914e+01 -2.772655525207519389e+01
-2.810102534294128418e+01 -2.808976860046386648e+01
-2.817006945610046387e+01 -2.777969703674316548e+01
-2.820216894149780273e+01 -2.796438751220703267e+01
-2.832218098640441895e+01 -2.778290672302246023e+01
-2.786963494618733606e+01 -2.723546028137207031e+01
-2.811497839291890344e+01 -2.723257598876953267e+01
-2.841332515080769738e+01 -2.805782699584960938e+01
-2.824920845031738281e+01 -2.686702957153320170e+01
-2.836683996518452844e+01 -2.805297698974609233e+01
-2.806085840861002723e+01 -2.784094009399414205e+01
-2.790794912974039832e+01 -2.781931953430175852e+01
-2.849751933415730676e+01 -2.679416961669921804e+01
-2.816170183817545691e+01 -2.803540725708007741e+01
-2.832087357838948449e+01 -2.745222396850585866e+01
-2.820582620302836219e+01 -2.714585113525390625e+01
-2.826449918746948242e+01 -2.767381553649902415e+01
-2.828643878300984582e+01 -2.804462738037109304e+01
-2.774997385342915734e+01 -2.774343566894531321e+01
-2.805301054318745813e+01 -2.750187377929687571e+01
-2.847813447316487512e+01 -2.752625961303710866e+01
-2.800538969039916992e+01 -2.797571296691894460e+01
-2.827832849820454797e+01 -2.778274917602539062e+01
-2.886630709966023645e+01 -2.792396392822265483e+01
-2.871570475896199426e+01 -2.744125099182128835e+01
-2.826273949940999231e+01 -2.692849502563476705e+01
-2.857094232241312781e+01 -2.711576652526855469e+01
-2.869447215398152551e+01 -2.777106552124023509e+01
-2.842955088615417480e+01 -2.707814826965331889e+01
-2.846827332178751746e+01 -2.765361747741699361e+01
-2.858816536267598352e+01 -2.781846847534179545e+01
-2.870854846636454383e+01 -2.813480148315429830e+01
-2.859417645136515418e+01 -2.764973258972167969e+01
-2.818407408396403113e+01 -2.804246177673339702e+01
-2.855923144022623816e+01 -2.720199203491210938e+01
-2.869479974110921106e+01 -2.759065589904785298e+01
-2.882093588511149207e+01 -2.751683616638183594e+01
-2.888043204943339148e+01 -2.772346534729003764e+01
-2.848315803209940711e+01 -2.785248298645019460e+01
-2.864561335245768348e+01 -2.789013938903808665e+01
-2.856469289461771766e+01 -2.777512626647949290e+01
-2.772490612665812293e+01 -2.763987655639648366e+01
-2.859985184669494629e+01 -2.779686737060546875e+01
-2.847469091415405273e+01 -2.791513214111328267e+01
-2.892265566190083703e+01 -2.771581878662109233e+01
-2.884436400731404504e+01 -2.779592399597168040e+01
-2.875732199350992957e+01 -2.784161872863769460e+01
-2.870114127794901648e+01 -2.786883239746093821e+01
-2.907630260785420617e+01 -2.764474258422851705e+01
-2.852636313438415527e+01 -2.707024612426757670e+01
-2.866364280382792273e+01 -2.632233619689941406e+01
-2.825000580151875695e+01 -2.743469619750976562e+01
-2.865953954060872277e+01 -2.790386505126953054e+01
-2.886196756362915039e+01 -2.770543556213378977e+01
-2.899989914894104004e+01 -2.584908866882324219e+01
-2.824328517913818359e+01 -2.787219085693359233e+01
-2.845634031295776367e+01 -2.797996063232421804e+01
-2.880782175064086914e+01 -2.792205543518066335e+01
-2.889615273475646973e+01 -2.692030410766601634e+01
-2.875714222590128699e+01 -2.756616935729980611e+01
-2.829500842094421387e+01 -2.743130760192871165e+01
-2.876912514368693152e+01 -2.739814224243163920e+01
-2.851656659444173059e+01 -2.749032325744628835e+01
-2.883315197626749793e+01 -2.766081657409667827e+01
-2.910359509785969934e+01 -2.738134117126464773e+01
-2.872225419680277625e+01 -2.687118682861328267e+01
-2.849902860323588172e+01 -2.718977279663085866e+01
-2.875764600435892859e+01 -2.799997825622558523e+01
-2.892170302073160926e+01 -2.728553390502929688e+01
-2.818045894304911414e+01 -2.741740570068359517e+01
-2.869227608044942102e+01 -2.805129814147949219e+01
-2.871873601277669152e+01 -2.782857055664062429e+01
-2.904807877540588379e+01 -2.765701370239257884e+01
-2.903547024726867676e+01 -2.796720542907714702e+01
-2.906857498486836633e+01 -2.753371543884277273e+01
-2.867275540033976355e+01 -2.762926673889160156e+01
-2.815756567319234094e+01 -2.778855323791503906e+01
-2.877437114715576172e+01 -2.789291419982910014e+01
-2.886581969261169434e+01 -2.735690650939941548e+01
-2.884625458717346191e+01 -2.780536956787109304e+01
-2.911980160077412805e+01 -2.648157730102538920e+01
-2.845939493179321289e+01 -2.670329971313476491e+01
-2.874716107050577918e+01 -2.799590187072753977e+01
-2.884896739323933801e+01 -2.729600143432617188e+01
-2.859519481658935547e+01 -2.759972229003906108e+01
-2.871386456489562988e+01 -2.704762191772460866e+01
-2.900868089993794641e+01 -2.704216079711914134e+01
-2.906737860043843469e+01 -2.790918579101562358e+01
-2.921096372604370117e+01 -2.754294586181640625e+01
-2.919694646199544152e+01 -2.761049232482910298e+01
-2.908028594652811805e+01 -2.763713989257812642e+01
-2.906195958455403527e+01 -2.804587020874023295e+01
-2.920097661018371582e+01 -2.795822105407714986e+01
-2.881811364491780481e+01 -2.709450531005859375e+01
-2.927304259936014930e+01 -2.759902877807617116e+01
-2.910753750801086426e+01 -2.729989814758300781e+01
-2.914449683825175086e+01 -2.758401794433593679e+01
-2.845074152946472168e+01 -2.668850631713867116e+01
-2.912970829010009766e+01 -2.739528503417968608e+01
-2.904911859830220422e+01 -2.747438125610351634e+01
-2.913173643747965613e+01 -2.688354415893554616e+01
-2.893270691235860070e+01 -2.788002395629882812e+01
-2.900314084688822547e+01 -2.791659355163574219e+01
-2.903225390116373816e+01 -2.758064155578613352e+01
-2.903421084086100379e+01 -2.758505859374999858e+01
-2.918843324979146203e+01 -2.674869155883789062e+01
-2.924896915753682336e+01 -2.739176750183105469e+01
-2.884863384564717492e+01 -2.621042709350586009e+01
-2.920581920941670617e+01 -2.787867317199707173e+01
-2.930189108848571777e+01 -2.738922996520996023e+01
-2.936962143580118934e+01 -2.792181587219238281e+01
-2.940330402056376258e+01 -2.775867843627929688e+01
-2.921475752194722375e+01 -2.751030960083007670e+01
-2.913101490338643274e+01 -2.725972442626953196e+01
-2.881632542610168457e+01 -2.779558906555175923e+01
-2.938035639127095422e+01 -2.755216560363769673e+01
-2.939227255185445031e+01 -2.767906532287597798e+01
-2.904752651850382605e+01 -2.710486602783203125e+01
-2.922749169667561731e+01 -2.769313659667968608e+01
-2.927847679456074914e+01 -2.757249298095702983e+01
-2.911046751340230188e+01 -2.703598022460937500e+01
-2.914455445607503137e+01 -2.758819389343261719e+01
-2.935538204511006555e+01 -2.733737602233886577e+01
-2.908270152409871301e+01 -2.795477981567382741e+01
-2.891946887969970703e+01 -2.667951202392578125e+01
-2.906832909584045410e+01 -2.768511276245117259e+01
-2.924945664405822754e+01 -2.766636848449707031e+01
-2.908495720227559289e+01 -2.753682899475097656e+01
-2.936636249224345008e+01 -2.766975593566894531e+01
-2.959284257888793945e+01 -2.780974807739257670e+01
-2.953426861763000488e+01 -2.793446578979492045e+01
-2.965714359283447266e+01 -2.744134368896484233e+01
-2.959864966074625769e+01 -2.761227111816406321e+01
-2.942860047022501746e+01 -2.758795127868652486e+01
-2.913568369547526160e+01 -2.754148712158202983e+01
-2.927947950363159180e+01 -2.725392341613769531e+01
-2.917865498860676965e+01 -2.765636749267578054e+01
-2.941455459594726562e+01 -2.735109710693359375e+01
-2.933643356959025184e+01 -2.769694290161132955e+01
-2.977827501296997070e+01 -2.756409492492675639e+01
-2.963717277844746789e+01 -2.741842460632324219e+01
-2.919633825620015344e+01 -2.751638450622558452e+01
-2.966243243217468262e+01 -2.775576820373535014e+01
-2.953753439585367957e+01 -2.711097946166992045e+01
-2.902538927396138391e+01 -2.693776893615722656e+01
-2.907822362581888953e+01 -2.701449089050293040e+01
-2.947596343358357629e+01 -2.760319404602050852e+01
-2.938085254033406457e+01 -2.750089111328124858e+01
-2.954187091191609582e+01 -2.760455589294433665e+01
-2.956177822748820105e+01 -2.761117820739746165e+01
-2.924228374163309851e+01 -2.746640014648437500e+01
-2.969369149208068848e+01 -2.750422744750976634e+01
-2.955130902926127234e+01 -2.749411010742187500e+01
-2.921994662284851074e+01 -2.702638282775878764e+01
-2.966226824124654016e+01 -2.759186592102050639e+01
-2.927590044339497766e+01 -2.698782539367675781e+01
-2.935879445075988770e+01 -2.735008583068847798e+01
-2.933445358276367188e+01 -2.737310752868652486e+01
-2.931162405014038086e+01 -2.760584449768066406e+01
-2.941467531522114953e+01 -2.815019493103027415e+01
-2.991063332557678223e+01 -2.665154609680175923e+01
-2.962027939160664758e+01 -2.750193748474121236e+01
-2.963785584767659387e+01 -2.769675369262695241e+01
-2.968889220555623254e+01 -2.659855842590332031e+01
-2.932409962018330774e+01 -2.753657150268554688e+01
-2.993500383694966516e+01 -2.756975669860839773e+01
-2.981898474693298340e+01 -2.746221771240234233e+01
-2.987338042259216309e+01 -2.708639945983886577e+01
-2.947047797838846961e+01 -2.742156257629394389e+01
-2.991225894292195520e+01 -2.744629364013671946e+01
-3.001312073071797570e+01 -2.725476570129394460e+01
-2.987205950419108191e+01 -2.736668701171874929e+01
-2.992871983846028527e+01 -2.733564147949218892e+01
-2.995948036511738977e+01 -2.735140991210937500e+01
-2.936840565999348840e+01 -2.660929985046386648e+01
-2.937225715319315711e+01 -2.752750320434570241e+01
-2.958707189559936523e+01 -2.740531578063964702e+01
-2.968775916099548340e+01 -2.609149742126464844e+01
-2.964152113596598426e+01 -2.716141052246093679e+01
-2.964050865173339844e+01 -2.738576545715331889e+01
-3.000102917353312293e+01 -2.691421432495117116e+01
-2.980933117866516113e+01 -2.727844161987304616e+01
-2.979491639137268066e+01 -2.718996047973632812e+01
-2.943472297986348352e+01 -2.717268257141113352e+01
-2.916737095514933387e+01 -2.751304855346679545e+01
-2.939927673339843750e+01 -2.725787696838379048e+01
-2.961013356844584266e+01 -2.724749145507812642e+01
-3.001176460584004602e+01 -2.756461753845214702e+01
-3.002060413360595703e+01 -2.749980621337890696e+01
-3.011316967010498047e+01 -2.753556518554687571e+01
-2.956321191787719727e+01 -2.658845901489257812e+01
-2.995389286677042762e+01 -2.672059440612792969e+01
-2.975030128161112586e+01 -2.750666732788085866e+01
-2.983002901077270508e+01 -2.743925743103027415e+01
-3.005881285667419434e+01 -2.748140068054199148e+01
-2.984129818280537805e+01 -2.724482078552246023e+01
-2.997950315475463867e+01 -2.731358261108398366e+01
-2.946534450848897180e+01 -2.708395767211914062e+01
-3.013726496696472168e+01 -2.695953025817870952e+01
-2.979401167233784875e+01 -2.724098091125488352e+01
-3.009285561243693152e+01 -2.744131851196289062e+01
-2.950377694765726844e+01 -2.733360328674316264e+01
-2.939646363258361816e+01 -2.755762214660644460e+01
-2.964714463551839074e+01 -2.744704895019531321e+01
-2.992281746864318848e+01 -2.740366249084472727e+01
-3.011926952997843543e+01 -2.740332412719726562e+01
-2.945495041211446008e+01 -2.695041198730468679e+01
-2.997736724217732629e+01 -2.704708595275878835e+01
-2.978246013323466101e+01 -2.694666786193847585e+01
-2.946200966835021973e+01 -2.723271179199218750e+01
-2.978094871838887414e+01 -2.752283744812011790e+01
-2.985430439313252649e+01 -2.752256889343261648e+01
-3.000132783253987512e+01 -2.741450691223144531e+01
-2.942735830942789832e+01 -2.686489067077636861e+01
-2.991738979021708289e+01 -2.738924713134765554e+01
-3.006470870971679688e+01 -2.744916954040527202e+01
-3.019197408358256141e+01 -2.741003494262695384e+01
-3.032218186060587684e+01 -2.681966171264648580e+01
-3.020683431625366211e+01 -2.736975402832031179e+01
-3.004405848185221473e+01 -2.728002357482910156e+01
-3.016363517443339148e+01 -2.749692993164062571e+01
-3.007682307561238488e+01 -2.748520240783691548e+01
-2.997714932759602746e+01 -2.687966423034668040e+01
-2.981270686785380164e+01 -2.736628532409667969e+01
-2.983525856335957727e+01 -2.735972976684570312e+01
-3.041678579648335656e+01 -2.711557044982910014e+01
-3.031444724400838098e+01 -2.737790641784668111e+01
-3.043198410669962684e+01 -2.730393676757812571e+01
-3.022008490562438965e+01 -2.745321502685546733e+01
-2.985164316495259484e+01 -2.739309425354003835e+01
-3.042216817537943641e+01 -2.737747802734374858e+01
-3.033476368586222449e+01 -2.736955528259277415e+01
-3.027762325604756555e+01 -2.734411506652832102e+01
-2.987077887852986535e+01 -2.749483337402343608e+01
-2.970647700627644738e+01 -2.752873725891113210e+01
-3.006399210294087609e+01 -2.729433059692382812e+01
-3.050396283467610559e+01 -2.714018783569336080e+01
-2.981390643119812012e+01 -2.711791381835937642e+01
-2.989811070760091027e+01 -2.748754463195800923e+01
-3.032482512791951379e+01 -2.713619346618652273e+01
-3.051955461502075195e+01 -2.721338500976562358e+01
-3.020641128222147742e+01 -2.733749847412109446e+01
-3.025213901201884070e+01 -2.746626548767089915e+01
-3.020988066991170129e+01 -2.721212158203125142e+01
-3.048703853289286414e+01 -2.720756340026855469e+01
-3.031786235173543176e+01 -2.733741035461425639e+01
-3.053463975588480750e+01 -2.681085777282714844e+01
-3.027599970499674598e+01 -2.748185691833496236e+01
-3.007126530011494836e+01 -2.701565170288085938e+01
-3.070249549547831336e+01 -2.707577247619628835e+01
-3.004598164558410645e+01 -2.670995979309082102e+01
-2.979922898610432824e+01 -2.701399421691894531e+01
-3.029044397672017297e+01 -2.705559654235839773e+01
-3.043413035074869910e+01 -2.689046287536621094e+01
-2.984715255101521691e+01 -2.703300514221191264e+01
-3.027204076449076453e+01 -2.720326957702636861e+01
-3.018790713946024695e+01 -2.742549057006835866e+01
-3.043496251106262207e+01 -2.711354866027831889e+01
-3.029578749338785926e+01 -2.731988677978515767e+01
-3.049887800216674805e+01 -2.720774536132812571e+01
-3.011811876296997070e+01 -2.698375778198242259e+01
-3.067238362630208215e+01 -2.723489532470703267e+01
-3.056797019640604773e+01 -2.708284454345703196e+01
-3.026493843396504602e+01 -2.737090644836425923e+01
-3.063096316655476770e+01 -2.726736221313476705e+01
-3.053412969907124719e+01 -2.698281478881835938e+01
-3.068400136629740516e+01 -2.725222358703613423e+01
-3.056577475865681848e+01 -2.732007026672363281e+01
-3.053703165054321289e+01 -2.696637992858886790e+01
-3.018632880846659461e+01 -2.660256576538085938e+01
-2.992395440737406531e+01 -2.707575340270996023e+01
-2.997905747095743934e+01 -2.722287139892578267e+01
-3.051544984181721887e+01 -2.714672966003417898e+01
-3.084103377660115441e+01 -2.665411682128906179e+01
-3.066913326581319055e+01 -2.690816268920898580e+01
-3.062862507502238074e+01 -2.719916152954101562e+01
-3.059578450520833215e+01 -2.713363761901855398e+01
-3.038140734036763391e+01 -2.717314300537109517e+01
-3.087078205744425574e+01 -2.734936103820800923e+01
-3.089136266708374023e+01 -2.706041183471679545e+01
-3.075342114766438684e+01 -2.703342666625976420e+01
-3.088350033760070801e+01 -2.707436523437500142e+01
-3.078202676773071289e+01 -2.693883628845214773e+01
-3.106777938206990441e+01 -2.708909339904785085e+01
-3.085859163602193078e+01 -2.695745658874511719e+01
-3.084146062533060828e+01 -2.704087638854980469e+01
-3.073760104179382324e+01 -2.733143005371093892e+01
-3.085092878341674805e+01 -2.727595138549804688e+01
-3.081980117162068566e+01 -2.737954597473144602e+01
-3.068522802988688269e+01 -2.667101249694824361e+01
-3.066177137692769250e+01 -2.727452430725097798e+01
-3.092903121312459191e+01 -2.709289970397949077e+01
-3.086877655982971191e+01 -2.716586189270019602e+01
-3.036226034164428711e+01 -2.692326889038086080e+01
-3.097461946805318078e+01 -2.687647285461425639e+01
-3.083760746320088586e+01 -2.724098892211913991e+01
-3.076583623886108398e+01 -2.671191291809082102e+01
-3.069620362917582312e+01 -2.686091461181640483e+01
-3.033617893854777137e+01 -2.627928962707519389e+01
-3.067056258519490441e+01 -2.718059883117675923e+01
-3.068626364072163781e+01 -2.727227134704589773e+01
-3.080389531453450402e+01 -2.691805992126464986e+01
-3.109186395009358606e+01 -2.647903556823730398e+01
-3.024053740501403809e+01 -2.730011863708496023e+01
-3.120036951700846473e+01 -2.682312240600585795e+01
-3.095123561223347863e+01 -2.629592666625976705e+01
-3.024938774108886719e+01 -2.704097671508788991e+01
-3.067177422841389856e+01 -2.678456001281738352e+01
-3.116237592697143555e+01 -2.585536766052246094e+01
-3.066078742345174035e+01 -2.675742073059081960e+01
-3.115935222307841101e+01 -2.657727432250976562e+01
-3.079415361086527625e+01 -2.702839317321777202e+01
-3.098159186045328894e+01 -2.692855682373046733e+01
-3.062395699818928918e+01 -2.726078224182128906e+01
-3.117379164695739746e+01 -2.698155021667480469e+01
-3.120472804705302039e+01 -2.693106193542480398e+01
-3.061819394429524621e+01 -2.688073425292968821e+01
-3.120156828562418738e+01 -2.702625274658203125e+01
-3.112604808807373047e+01 -2.706960067749023580e+01
-3.113433686892191687e+01 -2.723256568908691477e+01
-3.117391777038574219e+01 -2.702399711608886790e+01
-3.145807409286499023e+01 -2.698239860534668111e+01
-3.082444882392883301e+01 -2.701585464477539134e+01
-3.098623617490132531e+01 -2.543991737365722727e+01
-2.983171963691711426e+01 -2.706121673583984233e+01
-3.126522509256998816e+01 -2.685461921691894460e+01
-3.140966574350992957e+01 -2.676730690002441548e+01
-3.129060101509094238e+01 -2.703797836303710866e+01
-3.130159497261047363e+01 -2.688716125488281250e+01
-3.116706132888793945e+01 -2.685001487731933523e+01
-3.137916700045267859e+01 -2.687436981201171804e+01
-3.146716992060343543e+01 -2.708909835815429545e+01
-3.142832239468892297e+01 -2.678535499572753764e+01
-3.123233866691589355e+01 -2.665576782226562358e+01
-3.139783891042073449e+01 -2.670741958618163991e+01
-3.136848068237304688e+01 -2.656089859008789134e+01
-3.066865873336791992e+01 -2.697953605651855469e+01
-3.148795652389526367e+01 -2.684191207885742259e+01
-3.140948772430419922e+01 -2.680019187927246094e+01
-3.115563766161600867e+01 -2.693203773498535014e+01
-3.148765428860982141e+01 -2.702630271911620952e+01
-3.166086435317993164e+01 -2.697637443542480540e+01
-3.163454357782999793e+01 -2.682921447753906108e+01
-3.154242436091105262e+01 -2.666317443847656321e+01
-3.128192941347758094e+01 -2.674945793151855611e+01
-3.149074641863505164e+01 -2.680433158874511790e+01
-3.132464639345804969e+01 -2.655056457519531321e+01
-3.092397602399190149e+01 -2.635865249633788920e+01
-3.128100911776224891e+01 -2.693865509033203054e+01
-3.129407739639282227e+01 -2.607394180297851705e+01
-3.114241361618041992e+01 -2.648306121826171733e+01
-3.153769032160441199e+01 -2.646818046569824290e+01
-3.123337809244791785e+01 -2.671957588195800781e+01
-3.138941844304402551e+01 -2.680540275573730469e+01
-3.121022542317708215e+01 -2.615446014404296804e+01
-3.083199270566304406e+01 -2.617383041381835795e+01
-3.131193200747172156e+01 -2.708766212463378764e+01
-3.147447307904561242e+01 -2.662731628417968821e+01
-3.062642637888590613e+01 -2.672795333862304545e+01
-3.168609627087910852e+01 -2.691887016296386648e+01
-3.163760328292846680e+01 -2.672024879455566548e+01
-3.196105146408081055e+01 -2.659635124206543111e+01
-3.140846633911132812e+01 -2.662965583801269531e+01
-3.208378338813781738e+01 -2.696930122375488281e+01
-3.184274943669636926e+01 -2.710924491882324361e+01
-3.155457456906636438e+01 -2.675124015808105327e+01
-3.175171128908793250e+01 -2.708187599182128835e+01
-3.188432947794596473e+01 -2.691358032226562358e+01
-3.225353264808654785e+01 -2.667417907714843750e+01
-3.171682365735371789e+01 -2.704025421142578267e+01
-3.176881631215413293e+01 -2.676383628845214702e+01
-3.200393684705098707e+01 -2.640573120117187500e+01
-3.176727525393168250e+01 -2.677668800354003764e+01
-3.186681350072224816e+01 -2.702107582092285298e+01
-3.136861928304036340e+01 -2.628792610168456889e+01
-3.148035542170206824e+01 -2.688535270690918111e+01
-3.135908953348795691e+01 -2.671189117431640625e+01
-3.193737459182739258e+01 -2.699062652587890554e+01
-3.141735474268595496e+01 -2.678230514526367045e+01
-3.202484663327535230e+01 -2.669381675720214986e+01
-3.205112028121948242e+01 -2.673810119628906179e+01
-3.114373373985290527e+01 -2.647559165954589844e+01
-3.099065176645914832e+01 -2.605123252868652273e+01
-3.159904336929321289e+01 -2.651211662292480398e+01
-3.195203463236491004e+01 -2.696360893249511648e+01
-3.213966870307922363e+01 -2.689966392517089844e+01
-3.197257908185322961e+01 -2.660215415954589702e+01
-3.149739599227905273e+01 -2.653097496032714986e+01
-3.188587864240010461e+01 -2.678851699829101562e+01
-3.195399872461954871e+01 -2.680646705627441406e+01
-3.214096903800964355e+01 -2.638575477600097585e+01
-3.196032023429870605e+01 -2.667850189208984446e+01
-3.169159205754597863e+01 -2.682277526855468608e+01
-3.236195985476175707e+01 -2.655796661376952983e+01
-3.220270299911499023e+01 -2.666069984436035156e+01
-3.234584752718607348e+01 -2.662763290405273509e+01
-3.199130908648173133e+01 -2.634052772521972585e+01
-3.170492736498514930e+01 -2.655744209289550639e+01
-3.212802076339721680e+01 -2.661239509582519602e+01
-3.167449871699015418e+01 -2.679465522766113139e+01
-3.231307681401570875e+01 -2.678743286132812429e+01
-3.232611187299092848e+01 -2.652266044616699148e+01
-3.155465292930603027e+01 -2.663274955749511719e+01
-3.251492293675740797e+01 -2.668484344482421733e+01
-3.191131599744160852e+01 -2.692664146423339844e+01
-3.197661940256754676e+01 -2.657170753479003977e+01
-3.203471295038858813e+01 -2.662742767333984517e+01
-3.270131786664327223e+01 -2.657795944213867045e+01
-3.243331519762674731e+01 -2.653786239624023580e+01
-3.227017521858215332e+01 -2.615910224914550852e+01
-3.210358548164367676e+01 -2.643753051757812500e+01
-3.241142352422078687e+01 -2.680496520996093679e+01
-3.234192331631978590e+01 -2.646710662841796946e+01
-3.218207414944966871e+01 -2.672760124206542898e+01
-3.215324989954630297e+01 -2.635155868530273438e+01
-3.203617628415425855e+01 -2.683267707824706960e+01
-3.235203337669372559e+01 -2.682788543701171946e+01
-3.242741640408834058e+01 -2.646109352111816548e+01
-3.225788545608520508e+01 -2.663670883178711080e+01
-3.260900648434957105e+01 -2.638754730224609446e+01
-3.279992349942525465e+01 -2.655937423706054545e+01
-3.223733870188394945e+01 -2.690544242858886648e+01
-3.247876985867818433e+01 -2.628643951416015767e+01
-3.209686366717020434e+01 -2.656423454284668040e+01
-3.239876476923624438e+01 -2.692638473510742259e+01
-3.257814224561055738e+01 -2.661876907348632670e+01
-3.194906870524088660e+01 -2.675086593627929688e+01
-3.241241335868835449e+01 -2.607451934814453054e+01
-3.201141595840454102e+01 -2.664067955017089773e+01
-3.246732441584268969e+01 -2.669698524475097656e+01
-3.228209384282430250e+01 -2.627061233520507955e+01
-3.213092660903930664e+01 -2.641498374938964844e+01
-3.182902439435322961e+01 -2.645499038696289062e+01
-3.259573086102803785e+01 -2.609046974182128764e+01
-3.152531258265177527e+01 -2.585777168273925852e+01
-3.251192084948221606e+01 -2.643857536315918111e+01
-3.239991792043050367e+01 -2.636220664978027273e+01
-3.262015994389852125e+01 -2.657306938171386790e+01
-3.290570084253946703e+01 -2.638106079101562429e+01
-3.282168634732564527e+01 -2.654641838073730398e+01
-3.261902268727620680e+01 -2.660286788940429759e+01
-3.307439160346984863e+01 -2.665374145507812642e+01
-3.222062754631042480e+01 -2.660521736145019389e+01
-3.259138798713684082e+01 -2.632449188232421733e+01
-3.268040386835733813e+01 -2.654258575439452983e+01
-3.306159512201944750e+01 -2.641381263732910156e+01
-3.253825092315673828e+01 -2.653294601440429545e+01
-3.273140080769857008e+01 -2.618506622314453125e+01
-3.227063035964965820e+01 -2.676756515502929545e+01
-3.285328825314839918e+01 -2.662843475341797017e+01
-3.271732989947000902e+01 -2.607101898193359446e+01
-3.253613924980163574e+01 -2.640143928527832173e+01
-3.246201340357462328e+01 -2.619927368164062642e+01
-3.280847732226053637e+01 -2.596010017395019531e+01
-3.154562457402547082e+01 -2.596431045532226634e+01
-3.241605814297994215e+01 -2.642416534423828267e+01
-3.300005054473876953e+01 -2.638420867919921875e+01
-3.259233919779459399e+01 -2.588193626403808523e+01
-3.284594917297363281e+01 -2.663774337768554545e+01
-3.318995221455892164e+01 -2.655332641601562571e+01
-3.296549916267395020e+01 -2.637362823486328267e+01
-3.314995153745015699e+01 -2.608927955627441264e+01
-3.270905741055806715e+01 -2.620890197753906392e+01
-3.309059413274129469e+01 -2.607478981018066477e+01
-3.303843585650125902e+01 -2.618348731994628764e+01
-3.246179350217183668e+01 -2.647330093383789062e+01
-3.328378701210021973e+01 -2.653456192016601634e+01
-3.314439853032430250e+01 -2.639744834899902415e+01
-3.319897357622782152e+01 -2.638401679992675852e+01
-3.289615869522094727e+01 -2.636110267639160298e+01
-3.281701127688089770e+01 -2.622034339904785227e+01
-3.307231028874715406e+01 -2.624462127685546875e+01
-3.326941212018331129e+01 -2.611922302246093608e+01
-3.254896473884582520e+01 -2.640479087829589844e+01
-3.326449998219808180e+01 -2.636560859680175639e+01
-3.269867197672525805e+01 -2.642633514404296946e+01
-3.345271889368692797e+01 -2.615528793334960866e+01
-3.270706049601236742e+01 -2.648914222717285227e+01
-3.294533642133077223e+01 -2.614514465332031179e+01
-3.356348403294881422e+01 -2.615469627380371165e+01
-3.282166226704915601e+01 -2.646529693603515554e+01
-3.283278075853983324e+01 -2.572718544006347585e+01
-3.283020234107971191e+01 -2.617108154296875000e+01
-3.349052190780639648e+01 -2.624037666320800710e+01
-3.293314178784688551e+01 -2.625468940734863210e+01
-3.244291353225708008e+01 -2.592321548461914205e+01
-3.246918980280558031e+01 -2.636945304870605611e+01
-3.274940005938211840e+01 -2.584313087463378977e+01
-3.263957889874776441e+01 -2.644664497375488210e+01
-3.289526534080505371e+01 -2.638265037536621094e+01
-3.310000991821289062e+01 -2.629647521972656321e+01
-3.345247491200765211e+01 -2.656480865478515696e+01
-3.333809820810953539e+01 -2.626912231445312429e+01
-3.322657950719197828e+01 -2.636001129150390554e+01
-3.330594674746195238e+01 -2.581294784545898580e+01
-3.259561880429586012e+01 -2.603061866760253906e+01
-3.277650451660156250e+01 -2.654477691650390625e+01
-3.359711297353108961e+01 -2.605019454956054759e+01
-3.350554633140563965e+01 -2.644594421386718608e+01
-3.345197741190592211e+01 -2.656921081542968821e+01
-3.267508371671041090e+01 -2.664121513366699290e+01
-3.312397225697835523e+01 -2.611133842468261790e+01
-3.297110239664713305e+01 -2.596877212524413991e+01
-3.309134006500244141e+01 -2.571887741088867330e+01
-3.244257338841756422e+01 -2.626658248901367188e+01
-3.387001816431681078e+01 -2.664524917602539134e+01
-3.370194864273071289e+01 -2.633778953552246094e+01
-3.367121259371439379e+01 -2.668252105712890554e+01
-3.324159097671508789e+01 -2.627369308471679688e+01
-3.275106199582418043e+01 -2.606896171569824361e+01
-3.350692590077718336e+01 -2.602139511108398295e+01
-3.344117689132690430e+01 -2.583700218200683452e+01
-3.380304861068725586e+01 -2.574688568115234233e+01
-3.378959520657857496e+01 -2.516849212646484446e+01
-3.241882212956746656e+01 -2.632034835815429830e+01
-3.358688147862752515e+01 -2.628013229370117188e+01
-3.343927772839864332e+01 -2.621386260986328054e+01
-3.332869291305541992e+01 -2.576538009643554616e+01
-3.314649740854898852e+01 -2.578155784606933665e+01
-3.310650936762491625e+01 -2.610173034667968750e+01
-3.376303100585937500e+01 -2.627451972961425852e+01
-3.349989064534505445e+01 -2.620019874572754048e+01
-3.362829303741455078e+01 -2.640419616699218608e+01
-3.322482061386108398e+01 -2.652505340576171733e+01
-3.365806563695272047e+01 -2.616598892211914062e+01
-3.380282481511434156e+01 -2.600775337219238281e+01
-3.324701722462972242e+01 -2.632702903747558665e+01
-3.373894008000691969e+01 -2.633447265625000000e+01
-3.410192171732584399e+01 -2.598953933715820241e+01
-3.356631175676981371e+01 -2.648889617919921946e+01
-3.343177779515584547e+01 -2.621571273803710866e+01
-3.379556679725646973e+01 -2.614806175231933594e+01
-3.366090520222982008e+01 -2.603467521667480611e+01
-3.342766618728637695e+01 -2.568010330200195312e+01
-3.362650259335836012e+01 -2.581887397766113423e+01
-3.339286645253499586e+01 -2.586810989379882741e+01
-3.402513265609741211e+01 -2.633244514465332031e+01
-3.390139118830362719e+01 -2.631447563171386861e+01
-3.433359940846761305e+01 -2.605176620483398509e+01
-3.410078446070352953e+01 -2.612375297546386577e+01
-3.422496811548868578e+01 -2.606157913208007670e+01
-3.373066790898641187e+01 -2.622105674743652415e+01
-3.398156468073526781e+01 -2.641278991699218892e+01
-3.392104736963907641e+01 -2.570229110717773580e+01
-3.387023321787516039e+01 -2.639176826477050852e+01
-3.340484285354614258e+01 -2.617309379577636719e+01
-3.399684604008992750e+01 -2.583428077697753977e+01
-3.367334953943888110e+01 -2.609420852661132884e+01
-3.440239795049031812e+01 -2.623669967651367330e+01
-3.434427165985107422e+01 -2.626743812561035085e+01
-3.423745282491048414e+01 -2.584649391174316335e+01
-3.441522089640299242e+01 -2.640406265258788920e+01
-3.410218493143717211e+01 -2.613044662475585866e+01
-3.386852598190307617e+01 -2.610815200805664205e+01
-3.427090485890706617e+01 -2.586454887390136648e+01
-3.438023503621419508e+01 -2.580274200439453125e+01
-3.308689006169637281e+01 -2.598292083740234304e+01
-3.369857438405355055e+01 -2.603145980834960938e+01
-3.427822717030843336e+01 -2.628278999328613352e+01
-3.456810156504312914e+01 -2.596484642028808665e+01
-3.404181973139444750e+01 -2.607670593261718750e+01
-3.413121477762857836e+01 -2.619605636596679688e+01
-3.376164293289184570e+01 -2.643444786071777486e+01
-3.450924603144327563e+01 -2.615063285827636719e+01
-3.416056124369303149e+01 -2.592303695678710795e+01
-3.275351230303446215e+01 -2.595438880920410085e+01
-3.459869718551635742e+01 -2.585451202392578196e+01
-3.410801188151041430e+01 -2.603983840942382955e+01
-3.404000266393025953e+01 -2.595590934753418111e+01
-3.383426809310913086e+01 -2.579181976318359304e+01
-3.463261906305948656e+01 -2.591519889831543111e+01
-3.391711751619974535e+01 -2.553848686218261577e+01
-3.399896351496378344e+01 -2.603635902404785085e+01
-3.443102391560872633e+01 -2.616329154968261861e+01
-3.463323354721069336e+01 -2.553909034729003835e+01
-3.464685455958048266e+01 -2.619346618652343750e+01
-3.443699487050374586e+01 -2.635206222534179688e+01
-3.462351663907369215e+01 -2.547586212158203267e+01
-3.410713593165079516e+01 -2.586141929626464986e+01
-3.359378401438394945e+01 -2.620334510803222727e+01
-3.474425935745239258e+01 -2.601244773864745952e+01
-3.451584847768148023e+01 -2.581621627807617259e+01
-3.468503983815511305e+01 -2.612665596008300639e+01
-3.462922684351602953e+01 -2.590251579284667827e+01
-3.452330811818440992e+01 -2.606600265502929759e+01
-3.312224229176839430e+01 -2.609299430847168111e+01
-3.425091727574666578e+01 -2.610412521362304616e+01
-3.476550976435343188e+01 -2.604724159240722514e+01
-3.480002371470133227e+01 -2.594863128662109375e+01
-3.439728466669718188e+01 -2.561012115478515483e+01
-3.386495780944824219e+01 -2.582739219665527486e+01
-3.337287775675455492e+01 -2.606222190856933452e+01
-3.470062573750814039e+01 -2.634530372619628835e+01
-3.495979992548624438e+01 -2.578348808288574290e+01
-3.441343466440836352e+01 -2.542205581665039205e+01
-3.452268346150716383e+01 -2.574399909973144673e+01
-3.400348091125488281e+01 -2.592281112670898580e+01
-3.465252908070882398e+01 -2.595735473632812429e+01
-3.320195921262105543e+01 -2.594836425781250000e+01
-3.420248953501383227e+01 -2.635553207397460795e+01
-3.449951219558715820e+01 -2.613534088134765554e+01
-3.489491542180379469e+01 -2.541057434082031108e+01
-3.456799729665120680e+01 -2.572794837951660085e+01
-3.444851160049438477e+01 -2.552685737609863281e+01
-3.437408065795898438e+01 -2.605962677001953054e+01
-3.486702394485473633e+01 -2.613519859313964844e+01
-3.496229092280069750e+01 -2.627566642761230398e+01
-3.453996737798055250e+01 -2.574703178405761861e+01
-3.528913640975952148e+01 -2.557891082763671875e+01
-3.511333036422729492e+01 -2.605980186462402415e+01
-3.451010417938232422e+01 -2.571156425476074148e+01
-3.382495307922363281e+01 -2.602157516479492116e+01
-3.458560005823770922e+01 -2.595002059936523509e+01
-3.476565965016683180e+01 -2.566124000549316264e+01
-3.486454661687215406e+01 -2.586470947265625142e+01
-3.483052698771158617e+01 -2.580175361633300923e+01
-3.473434845606485766e+01 -2.602150115966797017e+01
-3.393463182449340820e+01 -2.571389808654785014e+01
-3.391965897878011305e+01 -2.585431556701660227e+01
-3.525547154744466383e+01 -2.556145019531249929e+01
-3.436191813151041430e+01 -2.542443428039550923e+01
-3.449959659576416016e+01 -2.540504531860351634e+01
-3.442745415369669360e+01 -2.571449356079101634e+01
-3.409460727373758715e+01 -2.577012557983398366e+01
-3.513324785232543945e+01 -2.597670631408691477e+01
-3.487744681040445727e+01 -2.543618698120117116e+01
-3.430135377248128492e+01 -2.589044799804687358e+01
-3.452537369728088379e+01 -2.552381668090820455e+01
-3.431797186533609789e+01 -2.585841407775878764e+01
-3.503040091196695727e+01 -2.601428222656250000e+01
-3.416931764284769457e+01 -2.614264183044433665e+01
-3.431006844838460523e+01 -2.637839202880859446e+01
-3.470387363433837891e+01 -2.579557189941406392e+01
-3.478637234369913500e+01 -2.594063644409179759e+01
-3.480923891067504883e+01 -2.586827735900878977e+01
-3.481933768590291578e+01 -2.564891052246093750e+01
-3.494438807169596117e+01 -2.556952819824218892e+01
-3.463438844680786133e+01 -2.543235397338867188e+01
-3.430495738983154297e+01 -2.615341110229492116e+01
-3.501309172312418383e+01 -2.559939079284668040e+01
-3.498551511764526367e+01 -2.593085937500000071e+01
-3.493697325388590258e+01 -2.572244834899902344e+01
-3.527845207850138110e+01 -2.577845687866210866e+01
-3.460298776626586914e+01 -2.567036857604980327e+01
-3.556038045883178711e+01 -2.609724540710449148e+01
-3.539391851425170898e+01 -2.591343612670898366e+01
-3.545564142862955492e+01 -2.586683425903320455e+01
-3.488246202468872070e+01 -2.603546066284179616e+01
-3.504120699564615649e+01 -2.592294502258300781e+01
-3.516709645589192945e+01 -2.570340538024902344e+01
-3.495570739110311109e+01 -2.580999298095703054e+01
-3.487390327453613281e+01 -2.587067680358886790e+01
-3.529434299468994141e+01 -2.546143531799316406e+01
-3.534285656611124438e+01 -2.569281730651855611e+01
-3.538047011693318922e+01 -2.613131446838378835e+01
-3.476394430796305102e+01 -2.574778747558593750e+01
-3.430380821228027344e+01 -2.583922348022461080e+01
-3.511684513092041016e+01 -2.549383926391601562e+01
-3.506564108530680102e+01 -2.582894706726074219e+01
-3.542420037587483961e+01 -2.562231445312500000e+01
-3.526033862431844312e+01 -2.559451103210449219e+01
