# Train Val
-5.492794580378775215e+00 -8.260892887910207705e+00
-8.248015844215780490e+00 -8.230539679527282715e+00
-8.256817320645865266e+00 -8.253519197305044131e+00
-8.363471047352936338e+00 -8.295080443223318056e+00
-8.375565694550337170e+00 -8.346567153930664062e+00
-8.359408693798517476e+00 -8.313242177168527647e+00
-8.367823160300821073e+00 -8.279084483782449766e+00
-8.391405727903721967e+00 -8.355475445588430361e+00
-8.401611461477765275e+00 -8.332400659720102354e+00
-8.445107868162251563e+00 -8.399322748184204102e+00
-8.447954476889917075e+00 -8.272904594739278750e+00
-8.459997270066859087e+00 -8.297002156575521425e+00
-8.516004647238780478e+00 -8.477622568607330322e+00
-8.563694945836472172e+00 -8.400499602158864931e+00
-8.606898077463698726e+00 -8.555696030457815127e+00
-8.600261308379092640e+00 -8.671165823936462402e+00
-8.737546306545452168e+00 -8.563419103622436523e+00
-8.742728370731159160e+00 -8.850528120994567871e+00
-8.956235635078559909e+00 -9.025275329748788877e+00
-9.024597224542649343e+00 -8.939562320709228516e+00
-9.046104055340007832e+00 -8.898574153582254453e+00
-9.016375521482046906e+00 -8.669338782628377871e+00
-9.197506831864179944e+00 -9.277761975924173399e+00
-9.196188280137919335e+00 -9.336705207824707031e+00
-9.336241786762819572e+00 -8.758084138234456972e+00
-9.369462154679379040e+00 -8.695164163907369570e+00
-9.507940748990591828e+00 -9.554630041122436523e+00
-9.526578858747321021e+00 -9.281918863455453916e+00
-9.571271682189681940e+00 -9.443112393220266298e+00
-9.705445625014224476e+00 -9.075654665629068418e+00
-9.820590382915431960e+00 -9.880796690781911806e+00
-9.940205477051815564e+00 -9.991520206133523985e+00
-9.853816145557468431e+00 -9.898065169652303652e+00
-1.009924988827462933e+01 -1.008480155467987061e+01
-1.021066920636063990e+01 -7.973906000455220244e+00
-1.026012659072875977e+01 -1.013186995188395123e+01
-1.032686154317047666e+01 -9.915991783142089844e+00
-1.026368506075972142e+01 -8.563668390115102724e+00
-1.038401058972892166e+01 -1.017707534631093402e+01
-1.029750630815150458e+01 -1.009090773264566998e+01
-1.046921642756058013e+01 -1.054015600681304932e+01
-1.072467229325892646e+01 -1.065442005793253522e+01
-1.077420018891156772e+01 -1.057178306579589844e+01
-1.077663862907280290e+01 -1.046472950776418109e+01
-1.081940511929786730e+01 -1.092463898658752441e+01
-1.104732296830516702e+01 -6.997993806997935273e+00
-1.091213345527648926e+01 -1.108895456790924072e+01
-1.128737099696013857e+01 -1.134329537550608258e+01
-1.128249966087987843e+01 -1.092582086722056012e+01
-1.119311679419824657e+01 -8.076006253560384707e+00
-1.099675864688420646e+01 -1.007732284069061279e+01
-1.145872053857577022e+01 -1.175338224569956402e+01
-1.108088965335134723e+01 -1.146423153082529645e+01
-1.174095323530294088e+01 -1.073645790417989154e+01
-1.166329810578944404e+01 -1.145419514179229736e+01
-1.181512582908242415e+01 -9.089520335197448730e+00
-1.180511856079101562e+01 -1.190299149354298969e+01
-1.214616133803028220e+01 -1.169758315881093402e+01
-1.202499876992177086e+01 -1.201066637039184570e+01
-1.220168062791985975e+01 -1.201650015513102154e+01
-1.224723069950685606e+01 -1.157650144894917865e+01
-1.232646727157851352e+01 -1.122042012214660645e+01
-1.214684463759600064e+01 -1.101414151986440082e+01
-1.218939234846729391e+01 -1.250400614738464355e+01
-1.224393110760187753e+01 -1.150571330388387103e+01
-1.256757332914966696e+01 -1.208235633373260498e+01
-1.251661960149215425e+01 -1.195944273471832275e+01
-1.273205857357736370e+01 -1.218084537982940674e+01
-1.280547436213089263e+01 -1.241721860567728619e+01
-1.275333425554178568e+01 -1.164271720250447650e+01
-1.286849127785634117e+01 -1.267418015003204346e+01
-1.306083115076614654e+01 -1.126860328515370746e+01
-1.251489627967446516e+01 -1.272437814871470074e+01
-1.270606513750755262e+01 -1.266368667284647564e+01
-1.312934553825249040e+01 -1.283039546012878418e+01
-1.308313466734805353e+01 -1.158377687136332135e+01
-1.326490685091180310e+01 -1.304133991400400738e+01
-1.308328677031953369e+01 -1.208076270421346088e+01
-1.324586288807755885e+01 -1.318111217021942139e+01
-1.325797711388539390e+01 -1.310475039482116699e+01
-1.318609903626522772e+01 -1.271832497914632221e+01
-1.336979697114330179e+01 -1.113782282670339008e+01
-1.340611723722037674e+01 -1.273687072594960590e+01
-1.342936237787796294e+01 -1.186262392997741699e+01
-1.340987272585852708e+01 -1.272336777051289936e+01
-1.324946658894167051e+01 -1.125654510656992535e+01
-1.344776400873216460e+01 -1.347166879971822162e+01
-1.355656277123144093e+01 -1.304096686840057373e+01
-1.358516584816625539e+01 -1.228887959321339984e+01
-1.368521065631155231e+01 -1.142030258973439594e+01
-1.350776880878513175e+01 -9.564270019531250000e+00
-1.304377996315390398e+01 -1.273795604705810547e+01
-1.390691945512416083e+01 -1.368613970279693604e+01
-1.387285710997500665e+01 -1.312773613135019879e+01
-1.401030250323020887e+01 -1.317065676053365131e+01
-1.400867509033720459e+01 -1.294912278652191162e+01
-1.402256855722201045e+01 -1.276943429311116596e+01
-1.401332930387076736e+01 -1.363658265272776227e+01
-1.413801844645354677e+01 -1.291493082046508789e+01
-1.411690589128914475e+01 -1.325068807601928711e+01
-1.409320989705748417e+01 -1.357382678985595703e+01
-1.419970296601117710e+01 -1.384742689132690430e+01
-1.389238319558612389e+01 -1.259781881173451801e+01
-1.355825923661054233e+01 -1.286013778050740619e+01
-1.420739853584160173e+01 -1.016307826836903949e+01
-1.387428332183320556e+01 -1.247551445166269879e+01
-1.423464667595039046e+01 -1.315240104993184467e+01
-1.404067646446874562e+01 -1.309400614102681537e+01
-1.461239973165221073e+01 -1.203506286938985248e+01
-1.425789722345643185e+01 -1.406193776925404926e+01
-1.421029579841484392e+01 -1.388831094900766949e+01
-1.459213160660307373e+01 -1.368354825178782086e+01
-1.457973611960976790e+01 -1.389627981185913086e+01
-1.453766558534007913e+01 -1.403141311804453473e+01
-1.451981892020015330e+01 -1.384915431340535541e+01
-1.423922202546717841e+01 -1.244598456223805805e+01
-1.478658878197104265e+01 -1.409259148438771625e+01
-1.397824849920757728e+01 -1.094507177670796771e+01
-1.428795182502875960e+01 -1.101897346973419189e+01
-1.408966226901038254e+01 -1.220672734578450580e+01
-1.453230945942765651e+01 -1.349944380919138531e+01
-1.429994617074222951e+01 -1.291693178812662701e+01
-1.470718307818396653e+01 -1.311495204766591449e+01
-1.507064145298327418e+01 -1.297145577271779437e+01
-1.466751220670797018e+01 -1.335343182086944580e+01
-1.480739859403190017e+01 -1.366286770502726178e+01
-1.439879128084344373e+01 -1.207107313474019428e+01
-1.500947102045608794e+01 -1.342297867933909039e+01
-1.451305014400158910e+01 -1.377666660149892230e+01
-1.473539940785553526e+01 -1.170505197842915912e+01
-1.440396308898925781e+01 -1.143845387299855609e+01
-1.501608867968543137e+01 -1.365422085920969586e+01
-1.487904496920310926e+01 -1.275025872389475445e+01
-1.474830705836667910e+01 -1.345491798718770404e+01
-1.497433311656370059e+01 -1.435266522566477398e+01
-1.470782812571121489e+01 -1.361451562245686908e+01
-1.517861838259939411e+01 -1.442983448505401611e+01
-1.547467123451879445e+01 -1.226025625069936176e+01
-1.487367638895067046e+01 -1.208594369888305664e+01
-1.505527448654174805e+01 -1.313152595361073871e+01
-1.513408043424961846e+01 -1.364148489634195904e+01
-1.535914875289141079e+01 -1.178833285967508893e+01
-1.514306188033799039e+01 -1.207240943113962750e+01
-1.497343593532756145e+01 -1.390648849805196186e+01
-1.481150086451384951e+01 -1.362910910447438617e+01
-1.504402233382402798e+01 -1.171124382813771625e+01
-1.515209072727268058e+01 -1.406508175532023053e+01
-1.495330308655561069e+01 -1.172157291571299176e+01
-1.508167014687748342e+01 -1.406090092658996582e+01
-1.521941517975370850e+01 -1.336413005987803082e+01
-1.511869571976742499e+01 -1.417017487684885602e+01
-1.536259555816650391e+01 -1.359811548391977887e+01
-1.518780954005354467e+01 -1.367774923642476459e+01
-1.457730378134776039e+01 -1.367120289802551270e+01
-1.505531100095328689e+01 -1.366402681668599506e+01
-1.470869871721429334e+01 -1.428503962357839008e+01
-1.559177014787318427e+01 -1.407392362753550152e+01
-1.563212454521049821e+01 -1.359235262870788574e+01
-1.541871352923118543e+01 -1.364766653378804584e+01
-1.548707980624699942e+01 -1.296075987815856934e+01
-1.520567741232403236e+01 -1.250018421808878522e+01
-1.517936121407201711e+01 -1.412403861681620221e+01
-1.546609986838647899e+01 -1.361471621195475201e+01
-1.567759100865509581e+01 -1.189300624529520611e+01
-1.496145439147949219e+01 -1.411905602614084820e+01
-1.536478323855642536e+01 -1.243950804074605365e+01
-1.530498132059129546e+01 -1.418707327047983746e+01
-1.547890726186461308e+01 -1.386020056406656842e+01
-1.554688353457693317e+01 -1.376742601394653320e+01
-1.532661137338411983e+01 -1.382282872994740863e+01
-1.557139439502004841e+01 -1.338213431835174561e+01
-1.578341083203331863e+01 -1.306669231255849262e+01
-1.557337302676701896e+01 -1.191791387399037738e+01
-1.497926583532559697e+01 -1.426960035165151019e+01
-1.595780165720794130e+01 -1.411296081542968750e+01
-1.518639558856770222e+01 -1.291490884621938129e+01
-1.484796874806032285e+01 -1.317304491996765137e+01
-1.521417563648547144e+01 -1.023574618498484234e+01
-1.572130723726951551e+01 -1.432724531491597553e+01
-1.565335443464376119e+01 -1.409835489590962787e+01
-1.542213465803760641e+01 -1.429981458187103271e+01
-1.529729630583423727e+01 -1.235824092229207416e+01
-1.570877319271281536e+01 -1.383104757467905621e+01
-1.572200124546632871e+01 -1.401275392373402973e+01
-1.593723129822035922e+01 -1.341148058573404889e+01
-1.534411192748506103e+01 -1.403011163075765033e+01
-1.593698556544416967e+01 -1.369986895720163922e+01
-1.602777912657139581e+01 -1.444243768850962262e+01
-1.589447997788251499e+01 -1.403655123710632324e+01
-1.630155887442120033e+01 -1.391169977188110352e+01
-1.565450668334960938e+01 -1.186504018306732178e+01
-1.566767665087166428e+01 -1.439378980795542340e+01
-1.537373422364057163e+01 -1.405352330207824707e+01
-1.572491810685497171e+01 -1.464427673816680908e+01
-1.608017590086338799e+01 -1.096966860691706280e+01
-1.568390067149016787e+01 -1.440868532657623291e+01
-1.603415193396099525e+01 -1.340363574028015137e+01
-1.572565908755286301e+01 -1.356770904858907123e+01
-1.631392834550243265e+01 -1.334678268432617188e+01
-1.592388853784334835e+01 -1.131646811962127686e+01
-1.565013366634562786e+01 -1.249555075168609619e+01
-1.608901484537932802e+01 -1.435786787668863873e+01
-1.620913172576387140e+01 -1.365145440896352191e+01
-1.586128937187841359e+01 -1.413783331712087055e+01
-1.594145227690874478e+01 -1.373047558466593365e+01
-1.605231586553282597e+01 -1.443495444456736188e+01
-1.575589076543258393e+01 -1.438186840216318707e+01
-1.599579276876934486e+01 -1.180459849039713482e+01
-1.539961131144378115e+01 -1.478348728020985980e+01
-1.654335292719178341e+01 -1.361192206541697125e+01
-1.601088387279187231e+01 -1.196666268507639508e+01
-1.594224593598963935e+01 -1.085119279225667377e+01
-1.609115302360664046e+01 -1.306316161155700684e+01
-1.644556321127939924e+01 -1.432378578186035156e+01
-1.600055157128026906e+01 -1.391038199265797992e+01
-1.620990793583756684e+01 -1.465314126014709473e+01
-1.583772841954635346e+01 -1.323471875985463519e+01
-1.638710044602216342e+01 -1.389044578870137592e+01
-1.678349724462476900e+01 -1.392254543304443359e+01
-1.608761784181756482e+01 -1.182690954208374023e+01
-1.645959029763431758e+01 -1.403740561008453369e+01
-1.659699021355580584e+01 -1.445195960998535156e+01
-1.613531533742355251e+01 -1.362210607528686523e+01
-1.626350348682726832e+01 -1.148100968201955219e+01
-1.606554127547700617e+01 -1.466235935688018799e+01
-1.678886603500883368e+01 -1.417488678296407123e+01
-1.587399108531111303e+01 -1.231967290242513080e+01
-1.643354966276783102e+01 -1.338458605607350727e+01
-1.667801797187934554e+01 -1.420753022034963031e+01
-1.687754055605096326e+01 -1.381306461493174176e+01
-1.627960798295877609e+01 -1.413152798016866107e+01
-1.642116049588736715e+01 -1.481657290458679199e+01
-1.702417239496263335e+01 -1.384469846884409527e+01
-1.647173957501427566e+01 -1.468374669551849365e+01
-1.680433071265786538e+01 -1.225397038459777832e+01
-1.643118621535220214e+01 -1.210855722427368164e+01
-1.645303522530248586e+01 -1.462862976392110248e+01
-1.675001611547954994e+01 -1.389945038159688373e+01
-1.675215666172868012e+01 -1.408972942829132080e+01
-1.651058470192602101e+01 -1.394638939698537250e+01
-1.585345897028001616e+01 -1.052229877312978168e+01
-1.626818742590435463e+01 -1.353126116593678852e+01
-1.672492594638113417e+01 -1.327916995684305768e+01
-1.683958603163896939e+01 -1.478457983334859271e+01
-1.665041660050214389e+01 -1.443475488821665387e+01
-1.663152062690864241e+01 -1.284387934207916260e+01
-1.692133775808043339e+01 -1.306815600395202637e+01
-1.672879162481275728e+01 -1.471764739354451557e+01
-1.681880125756991262e+01 -1.486686174074808697e+01
-1.688398898658105907e+01 -1.353344933191935162e+01
-1.688824914673627475e+01 -1.413736840089162250e+01
-1.673134984000254377e+01 -1.396440442403157611e+01
-1.678299390663534751e+01 -1.458013029893239398e+01
-1.701932856996180732e+01 -1.413433635234832764e+01
-1.665904557502875960e+01 -1.400344161192576031e+01
-1.734054157289407883e+01 -1.448358535766601562e+01
-1.645154099545236193e+01 -1.399413152535756488e+01
-1.657504699189784247e+01 -1.411976357301076312e+01
-1.688033604217788053e+01 -1.426735150814056396e+01
-1.697389823299343448e+01 -1.431612618764241596e+01
-1.749128597873752256e+01 -1.389467362562815289e+01
-1.706194213285284533e+01 -1.524254047870635986e+01
-1.627364945007582975e+01 -1.394927124182383160e+01
-1.673987857366012477e+01 -1.420121904214223285e+01
-1.675804657047077839e+01 -1.277619087696075439e+01
-1.683494990558947535e+01 -1.485001889864603619e+01
-1.727822032217251902e+01 -1.405932092666625977e+01
-1.669826783164072737e+01 -1.450708289941151996e+01
-1.720776536101001852e+01 -1.351252285639444928e+01
-1.676586314379158793e+01 -1.479914665222167969e+01
-1.739817232196613972e+01 -1.408631122112274170e+01
-1.695509371515047903e+01 -1.390275220076243023e+01
-1.728961528357812938e+01 -1.305691858132680316e+01
-1.659165646666187399e+01 -1.490343896547953229e+01
-1.689993012153496110e+01 -1.469589523474375348e+01
-1.673699915611137712e+01 -1.425123751163482666e+01
-1.706153225494643522e+01 -1.302295664946238141e+01
-1.693433875552678458e+01 -1.438163944085439105e+01
-1.754314172065864241e+01 -1.343360682328542133e+01
-1.742226047030949942e+01 -1.289195545514424701e+01
-1.739610182228734914e+01 -1.481476000944773297e+01
-1.725765161999201425e+01 -1.310913876692453961e+01
-1.727938236624507695e+01 -1.450104475021362305e+01
-1.735987638214887241e+01 -1.423694797356923480e+01
-1.646966696593721124e+01 -1.321059187253316303e+01
-1.758587451708518756e+01 -1.433721967538197894e+01
-1.703004624479908102e+01 -1.408452037970224957e+01
-1.757487687418016264e+01 -1.442474170525868793e+01
-1.719741585295079034e+01 -1.428042201201120953e+01
-1.698634506484209439e+01 -1.382207647959391217e+01
-1.717928108118348263e+01 -1.273669401804606061e+01
-1.693914314851922498e+01 -1.370748817920684814e+01
-1.751471994690976075e+01 -1.169678485393524170e+01
-1.685366464065293002e+01 -1.390450195471445660e+01
-1.767180097709267983e+01 -1.407211168607076068e+01
-1.694739793518842319e+01 -1.441248067220052143e+01
-1.694564209146014733e+01 -1.434068651994069477e+01
-1.727108657158027327e+01 -1.421510883172353168e+01
-1.718416616472147140e+01 -1.210929310321807861e+01
-1.726250132059646702e+01 -1.328641311327616314e+01
-1.745106832859879731e+01 -1.509608622392018695e+01
-1.675518921674308004e+01 -1.526451007525126080e+01
-1.744279711933459254e+01 -1.448075381914774518e+01
-1.767078059406603785e+01 -1.483599694569905658e+01
-1.753851610119059856e+01 -1.462514356772104840e+01
-1.763356203952078260e+01 -1.519935580094655414e+01
-1.773514674073558695e+01 -1.429923895994822125e+01
-1.737395019046330802e+01 -1.405652137597401996e+01
-1.743575039556471040e+01 -1.422441256046295166e+01
-1.729182289414486817e+01 -1.375823195775349994e+01
-1.768214978201914533e+01 -1.226946810881296734e+01
-1.782155203415175748e+01 -1.464652180671691895e+01
-1.775923664286985115e+01 -1.410572564601898193e+01
-1.738105075642214103e+01 -1.253645888964335064e+01
-1.720221917103912901e+01 -1.429055360953013043e+01
-1.751230449999793137e+01 -1.319808705647786518e+01
-1.766046208042209287e+01 -1.461955972512563129e+01
-1.701954592688608869e+01 -1.461990904808044434e+01
-1.722312296043008217e+01 -1.366435341040293316e+01
-1.727644690012527562e+01 -1.506662742296854596e+01
-1.763691385721756077e+01 -1.431311504046122174e+01
-1.783420112577535477e+01 -1.342454644044240375e+01
-1.733229517532607389e+01 -1.296528569857279400e+01
-1.818420507948277276e+01 -1.420926789442698102e+01
-1.741760668512118215e+01 -1.478582906723022461e+01
-1.731832083201004124e+01 -1.521464113394419293e+01
-1.808716716604717689e+01 -1.385035451253255268e+01
-1.728211802951360099e+01 -1.417908569176991840e+01
-1.822874578378968380e+01 -1.419062153498331647e+01
-1.773493201853865386e+01 -1.325217644373575787e+01
-1.712404958272384548e+01 -1.452102430661519428e+01
-1.791382286912303812e+01 -1.452104691664377789e+01
-1.744502842628349626e+01 -1.407230834166208844e+01
-1.774433831845299636e+01 -1.388013080755869488e+01
-1.763816721156491951e+01 -1.369053280353546143e+01
-1.838954455973738433e+01 -1.420341571172078510e+01
-1.823624671515771922e+01 -1.339234578609466553e+01
-1.773461760504770979e+01 -1.473222966988881488e+01
-1.714665192264621396e+01 -1.363610712687174420e+01
-1.746434954465445699e+01 -1.315705764293670654e+01
-1.777718597347453411e+01 -1.285982131958007812e+01
-1.748127714254088261e+01 -1.360621591409047504e+01
-1.801170883340350670e+01 -1.365830222765604596e+01
-1.774316091860755051e+01 -1.444760735829671283e+01
-1.726710258095951289e+01 -1.489838667710622211e+01
-1.797425474554805547e+01 -1.480108722050984760e+01
-1.820191074629961392e+01 -1.329795149962107281e+01
-1.813998557753481933e+01 -1.469248930613199811e+01
-1.788868818444720787e+01 -1.394558032353719135e+01
-1.744120373968350535e+01 -1.455984791119893451e+01
-1.823382489155914854e+01 -1.432024327913920025e+01
-1.768716109809228954e+01 -1.412103219827016254e+01
-1.773272061752060580e+01 -1.434476586182912250e+01
-1.731291067802299821e+01 -1.452608847618103027e+01
-1.820271509784762998e+01 -1.308807456493377686e+01
-1.743225294048503216e+01 -1.444932802518208881e+01
-1.840038601018614628e+01 -1.421570368607839008e+01
-1.789865782301304620e+01 -1.476949540774027447e+01
-1.846295480404869949e+01 -1.442037991682688336e+01
-1.709481034036410207e+01 -1.424913438161214252e+01
-1.814428571119146838e+01 -1.428076020876566510e+01
-1.768941926956176758e+01 -1.390010539690653424e+01
-1.764050996909707436e+01 -1.441308716932932477e+01
-1.807159482018422381e+01 -1.524448668956756592e+01
-1.765848727145437635e+01 -1.393671492735544781e+01
-1.771612504377203479e+01 -1.416578741868337055e+01
-1.821002095432604762e+01 -1.443750230471293072e+01
-1.826850914551040006e+01 -1.480450518925984760e+01
-1.824277516542855082e+01 -1.405305647850036621e+01
-1.781053109896384967e+01 -1.495017151037851910e+01
-1.798074344053106799e+01 -1.420485691229502301e+01
-1.800759493294408742e+01 -1.480522159735361676e+01
-1.823100870746677060e+01 -1.460003753503163715e+01
-1.866831899901567837e+01 -1.330652145544687848e+01
-1.847984412565069690e+01 -1.336901438236236572e+01
-1.807666266974756297e+01 -1.421401369571685791e+01
-1.835489869521835971e+01 -1.386076168219248395e+01
-1.776729081040721780e+01 -1.340615709622701068e+01
-1.869758724762221647e+01 -1.522818092505137066e+01
-1.838306608038433509e+01 -1.470501856009165387e+01
-1.827344986543817029e+01 -1.397446119785308838e+01
-1.799155684648934184e+01 -1.188979252179463764e+01
-1.782191848754882812e+01 -1.307248822848002057e+01
-1.770145136623059301e+01 -1.383219921588897705e+01
-1.752682423995712924e+01 -1.408764739831288715e+01
-1.793819796836982405e+01 -1.400803172588348389e+01
-1.803333898318015827e+01 -1.385761853059132953e+01
-1.834415956270896686e+01 -1.474379181861877441e+01
-1.846056137246600670e+01 -1.482290526231130023e+01
-1.853781108532921706e+01 -1.411599079767862897e+01
-1.822136482141785763e+01 -1.456680281956990619e+01
-1.804363104448480115e+01 -1.343789629141489606e+01
-1.839891328650005775e+01 -1.471409479777018170e+01
-1.767555842157137747e+01 -1.462875660260518451e+01
-1.824934091406353431e+01 -1.409571603933970074e+01
-1.826248269161935411e+01 -1.476963647206624408e+01
-1.816348664235260557e+01 -1.459286391735076904e+01
-1.810540328591556758e+01 -1.369121805826822857e+01
-1.822182823439775845e+01 -1.480880713462829590e+01
-1.879261842824644901e+01 -1.453606565793355365e+01
-1.843530458514973347e+01 -1.362467340628306012e+01
-1.817133541430457200e+01 -1.396008865038553814e+01
-1.820420472904787346e+01 -1.456206623713175397e+01
-1.777290406469571238e+01 -1.419065805276235004e+01
-1.856974196029921842e+01 -1.407792599995931049e+01
-1.819279049210629395e+01 -1.174051189422607422e+01
-1.839844441009780240e+01 -1.445088020960489850e+01
-1.809902811050415039e+01 -1.373968998591105084e+01
-1.913616516630528253e+01 -1.492561713854471783e+01
-1.854465794967392611e+01 -1.449807997544606586e+01
-1.796179191944962739e+01 -1.515286469459533691e+01
-1.854965154195236110e+01 -1.469286036491394043e+01
-1.853063845230361295e+01 -1.424429158369700055e+01
-1.832201379840656941e+01 -1.430432180563608746e+01
-1.867249093621463985e+01 -1.447642497221628766e+01
-1.842693587480965434e+01 -1.488213558991750141e+01
-1.827641023215601024e+01 -1.498180886109670062e+01
-1.780663270465398185e+01 -1.376473792394002338e+01
-1.861138391494750977e+01 -1.357217061519622803e+01
-1.872732752460544248e+01 -1.426670428117116352e+01
-1.896656626361911435e+01 -1.377893495559692383e+01
-1.880692475529040308e+01 -1.432015987237294574e+01
-1.808294411028845872e+01 -1.489144170284271240e+01
-1.872243083533594188e+01 -1.277239680290222168e+01
-1.788108503212362876e+01 -1.443239935239156146e+01
-1.850363291724253401e+01 -1.458838880062103271e+01
-1.912635151814606260e+01 -1.399326014518737793e+01
-1.816077030311196694e+01 -1.447004004319508930e+01
-1.900317399784670158e+01 -1.449726804097493549e+01
-1.866000426825830516e+01 -1.468150122960408588e+01
-1.845065291453216005e+01 -1.405793408552805523e+01
-1.865226239673161857e+01 -1.145370217164357562e+01
-1.842649259405621009e+01 -1.429251277446746826e+01
-1.855994392653643033e+01 -1.359015540281931500e+01
-1.891776148747589659e+01 -1.340298080444335938e+01
-1.828355953248880539e+01 -1.376535546779632568e+01
-1.829145989983768672e+01 -1.500076150894165039e+01
-1.915794312751899398e+01 -1.465641729036966900e+01
-1.942024025674593801e+01 -1.449516467253367047e+01
-1.861729423070358180e+01 -1.308135394255320172e+01
-1.866656027810048357e+01 -1.240276304880777936e+01
-1.800093004259012375e+01 -1.302888500690460205e+01
-1.886445875491126145e+01 -1.334956081708272357e+01
-1.813812963033126735e+01 -1.380106461048126221e+01
-1.899838767617435664e+01 -1.450301186243692975e+01
-1.921358695272671824e+01 -1.447737423578898053e+01
-1.910653521650928610e+01 -1.162261037031809430e+01
-1.867556953430175781e+01 -1.380648926893869977e+01
-1.873065251819157950e+01 -1.417833753426869769e+01
-1.864011548737348178e+01 -1.443213486671447754e+01
-1.868092600773956846e+01 -1.360430788993835449e+01
-1.920729842428433543e+01 -1.371982006231943707e+01
-1.868388303659730099e+01 -1.456856632232666016e+01
-1.886363175763922229e+01 -1.477257597446441650e+01
-1.843663062887676674e+01 -1.487127069632212262e+01
-1.871719651303048693e+01 -1.310216510295867920e+01
-1.834385796724739848e+01 -1.477069071928660016e+01
-1.861486596576238028e+01 -1.426488538583119769e+01
-1.891695038746979307e+01 -1.397943405310312848e+01
-1.893110912129030510e+01 -1.339086858431498150e+01
-1.912161229020458109e+01 -1.507718980312347412e+01
-1.880745380207643791e+01 -1.471125149726867676e+01
-1.844823103435969003e+01 -1.411805502573649029e+01
-1.831677607358512105e+01 -1.284284456570943256e+01
-1.935940362639346191e+01 -1.492597055435180664e+01
-1.923101171396546505e+01 -1.335805237293243408e+01
-1.878301526732363769e+01 -1.506829957167307477e+01
-1.940731674937878637e+01 -1.465066289901733398e+01
-1.857250953932939908e+01 -1.456364723046620746e+01
-1.875175281298362506e+01 -1.464647515614827533e+01
-1.872503427731788861e+01 -1.516186761856079102e+01
-1.878424260575892646e+01 -1.337638338406880756e+01
-1.914516929044561877e+01 -1.290864217281341553e+01
-1.913043405241885253e+01 -1.379167342185974121e+01
-1.845911529508687821e+01 -1.464101179440816303e+01
-1.868498229172270086e+01 -1.452396519978841205e+01
-1.870543313430527377e+01 -1.369011767705281635e+01
-1.883842076285410627e+01 -1.300753096739451031e+01
-1.909194344989323966e+01 -1.412507065137227436e+01
-1.882073183382971848e+01 -1.474635159969329834e+01
-1.919311057106923357e+01 -1.446919659773508648e+01
-1.899933680841478179e+01 -1.458680971463521381e+01
-1.893574742947594558e+01 -1.462013792991638184e+01
-1.884487919888253771e+01 -1.403417130311330219e+01
-1.880870544304281822e+01 -1.509719753265380859e+01
-1.922473720776832806e+01 -1.472034498055776019e+01
-1.868277247477385927e+01 -1.521690054734547992e+01
-1.925093376838554704e+01 -1.486543174584706684e+01
-1.876829360703290561e+01 -1.475896481672922711e+01
-1.959675562583793962e+01 -1.366652576128641705e+01
-1.851135922286470148e+01 -1.496056210994720459e+01
-1.891383302817910561e+01 -1.224519256750742535e+01
-1.871010544340489190e+01 -1.339491740862528424e+01
-1.938494409140893993e+01 -1.435087354977925678e+01
-1.921434205265368433e+01 -1.444598293304443359e+01
-1.913284750308020676e+01 -1.331701640288035016e+01
-1.864568023358361160e+01 -1.372173456350962262e+01
-1.863577252727444034e+01 -1.408493419488271137e+01
-1.942180892168465434e+01 -1.473343745867411236e+01
-1.906829760438304788e+01 -1.411364177862803082e+01
-1.965487075256088900e+01 -1.545086375872294049e+01
-1.949067760726152798e+01 -1.402982342243194580e+01
-1.912626837067685059e+01 -1.336732443173726459e+01
-1.911132024506391147e+01 -1.396668398380279541e+01
-1.831656787355067451e+01 -1.544486371676127057e+01
-1.912852461055173592e+01 -1.318537481625874896e+01
-1.931599744699769161e+01 -1.447578954696655273e+01
-1.863564275482953647e+01 -1.256115345160166363e+01
-1.921339672702853818e+01 -1.434075975418090820e+01
-1.912975212679070935e+01 -1.434924729665120502e+01
-1.840767284975213514e+01 -1.510205380121866803e+01
-1.899782917863231546e+01 -1.221052797635396381e+01
-1.921767716488595568e+01 -1.409638027350107770e+01
-1.962653216669114897e+01 -1.145058123270670514e+01
-1.923083108158434840e+01 -1.420893176396687885e+01
-1.946859014640420327e+01 -1.408489894866943359e+01
-1.920424628661850619e+01 -1.448603200912475586e+01
-1.932051877652184402e+01 -1.333317959308624268e+01
-1.896043751603465921e+01 -1.471985534826914410e+01
-1.947385841304972942e+01 -1.330955557028452496e+01
-1.919036891096729391e+01 -1.475472998619079590e+01
-1.921309267464330617e+01 -1.338310511906941791e+01
-1.927363230818409079e+01 -1.453050029277801514e+01
-1.935970110004231159e+01 -1.533384795983632465e+01
-1.933373740567999377e+01 -1.451119041442871094e+01
-1.931408240431446188e+01 -1.471095430850982666e+01
-1.944126963211318326e+01 -1.377306981881459613e+01
-1.905955085916034264e+01 -1.501857594648996930e+01
-1.955184996330131852e+01 -1.447214591503143311e+01
-1.928649819907495555e+01 -1.376858627796173096e+01
-1.948912557504944942e+01 -1.472799042860666852e+01
-1.917474843687930175e+01 -1.514555291334787945e+01
-1.983114156884662194e+01 -1.477241162459055523e+01
-1.946816403987044097e+01 -1.442686939239501953e+01
-1.962796138504804233e+01 -1.330595993995666504e+01
-1.925482569710683123e+01 -1.438386607170104980e+01
-1.813436110545012880e+01 -1.309862001736958881e+01
-1.824844779806621986e+01 -1.432044442494710346e+01
-1.934118129439272948e+01 -1.332075941562652588e+01
-1.967115585682755707e+01 -1.424495816230773926e+01
-1.933329587871745403e+01 -1.444711371262868305e+01
-1.927399995771505203e+01 -1.444370758533477783e+01
-1.994709249270164264e+01 -1.409646467367807965e+01
-1.908688713332353970e+01 -1.372540970643361469e+01
-1.944993103964853987e+01 -1.477029812335968018e+01
-1.962218743663723330e+01 -1.291052655378977398e+01
-1.900453708939633302e+01 -1.200658317406972309e+01
-1.891098660129611631e+01 -1.413164110978444477e+01
-1.893694210860688898e+01 -1.474485743045806885e+01
-1.919127380241781822e+01 -1.404381430149078369e+01
-1.893839728630195296e+01 -1.495869628588358502e+01
-1.828890212915711544e+01 -1.433094024658203125e+01
-1.910494942584280409e+01 -1.508699691295623779e+01
-1.965716767715195346e+01 -1.500636525948842426e+01
-1.921708749512494663e+01 -1.451908695697784424e+01
-1.959969446214578781e+01 -1.400082035859425922e+01
-1.869001668186511012e+01 -1.515760382016499896e+01
-1.907462691452543524e+01 -1.414553590615590473e+01
-1.945731536412643337e+01 -1.488341001669565777e+01
-1.896006819353265271e+01 -1.466266004244486432e+01
-2.006499311479471359e+01 -1.504039657115936279e+01
-1.928501875925872255e+01 -1.474878656864166260e+01
-1.995744978371313039e+01 -1.389854101339975934e+01
-1.962184639300330247e+01 -1.261034933725992779e+01
-1.945355463836152765e+01 -1.137746699651082416e+01
-1.912094816110901974e+01 -1.198944199085235596e+01
-1.881040510080628536e+01 -1.497331619262695312e+01
-1.946978101891986412e+01 -1.344995538393656354e+01
-1.919245479874691895e+01 -1.295889059702555279e+01
-1.950945492114050950e+01 -1.489409971237182617e+01
-1.988923257084216090e+01 -1.458759224414825439e+01
-1.943577470617779213e+01 -1.469539852937062641e+01
-1.984426312527413927e+01 -1.435719740390777588e+01
-1.885368886236416941e+01 -1.256285711129506488e+01
-1.963774474192473818e+01 -1.488208659489949603e+01
-2.001749001519154803e+01 -1.342215541998545270e+01
-1.865901611619076661e+01 -1.292746424674987793e+01
-1.938815839411848785e+01 -1.442275551954905133e+01
-1.989186311172226596e+01 -1.389723865191141705e+01
-1.977073485164319067e+01 -1.379506190617879291e+01
-2.009336054527153337e+01 -1.227951471010843854e+01
-1.979666080313213783e+01 -1.436137489477793316e+01
-1.937457356210482473e+01 -1.418090856075286865e+01
-1.963695639270846982e+01 -1.477823547522226910e+01
-1.904527000653541791e+01 -1.405433483918507953e+01
-1.989939718731379159e+01 -1.472045636177062988e+01
-1.998448625661558964e+01 -1.486936549345652203e+01
-1.961348308951167851e+01 -1.529290131727854352e+01
-2.020984038660081694e+01 -1.504681360721588135e+01
-1.939202248039892140e+01 -1.455862434705098529e+01
-1.942081163697323731e+01 -1.464889283974965473e+01
-2.007651619992013536e+01 -1.470968830585479736e+01
-2.013414912304635607e+01 -1.436305085817972760e+01
-1.921836889396279702e+01 -1.441350893179575543e+01
-1.955733703354657749e+01 -1.385788524150848389e+01
-1.998010816412456947e+01 -1.279240914185841937e+01
-1.955780641103195094e+01 -1.466785919666290283e+01
-1.947190041461233534e+01 -1.466240763664245605e+01
-1.964834260132353094e+01 -1.324775028228759766e+01
-1.970155939813387747e+01 -1.471942222118377686e+01
-1.948220756498433914e+01 -1.390542884667714496e+01
-1.984977478091999714e+01 -1.481744690736134906e+01
-1.911122530597751279e+01 -1.423404443264007568e+01
-1.983938323845297447e+01 -1.333878453572591205e+01
-1.887708495835126499e+01 -1.397703222433725934e+01
-1.967507857791447989e+01 -1.460649605592091937e+01
-1.952428499318785526e+01 -1.443233990669250488e+01
-1.929773932796413760e+01 -1.464752467473348041e+01
-2.015910287630759967e+01 -1.497403359413146973e+01
-2.048427040294065193e+01 -1.391657725969950299e+01
-2.012290337126133721e+01 -1.422307475407918353e+01
-1.989166611332004209e+01 -1.418026296297709088e+01
-1.987410810438253250e+01 -1.494963391621907611e+01
-1.953427643695120253e+01 -1.503293037414550781e+01
-2.012060820854316390e+01 -1.398874600728352924e+01
-1.996483088347871515e+01 -1.426194345951080322e+01
-1.947714823383395810e+01 -1.426960595448811908e+01
-1.984819292618056608e+01 -1.448592956860860248e+01
-1.960943583310660543e+01 -1.498768373330434223e+01
-2.013872212878728263e+01 -1.354781639575958252e+01
-1.971845809483932399e+01 -1.424115145206451416e+01
-1.905870859501725434e+01 -1.503869390487670898e+01
-1.969005728576142999e+01 -1.429528248310089111e+01
-1.958979654312133789e+01 -1.364069370428721051e+01
-1.959371405940945010e+01 -1.515793808301289936e+01
-1.982726539999751836e+01 -1.502506124973297119e+01
-1.975741546436891838e+01 -1.178408292929331402e+01
-1.922066383846735604e+01 -1.507574260234832764e+01
-2.028743137747554570e+01 -1.382134254773457904e+01
-2.010911826764122878e+01 -1.424383552869161029e+01
-2.019205794900150508e+01 -1.423872391382853131e+01
-1.965900999812756567e+01 -1.475683875878651996e+01
-1.997494254677982539e+01 -1.460908699035644531e+01
-2.038326172909494005e+01 -1.501309243837992291e+01
-1.952037391016038725e+01 -1.465622842311859131e+01
-2.053994269290213026e+01 -1.461136547724405865e+01
-2.008889714742111110e+01 -1.353586479028066059e+01
-1.856606337175530896e+01 -1.422421046098073383e+01
-1.968486296120336476e+01 -1.428157015641530414e+01
-2.037720725495936591e+01 -1.490585422515869141e+01
-2.041858172012587858e+01 -1.415605958302815814e+01
-2.036386756573693191e+01 -1.324907537301381488e+01
-1.947650195784487792e+01 -1.480242602030436139e+01
-1.903518180523888503e+01 -1.374723502000172992e+01
-1.899474614353503199e+01 -1.430498913923899273e+01
-2.028108964532108516e+01 -1.430608606338500977e+01
-1.997625223256773808e+01 -1.453228179613749127e+01
-1.983900241528527175e+01 -1.416028336683909039e+01
-1.992479689646575380e+01 -1.397087148825327496e+01
-1.998464378259949825e+01 -1.387173187732696533e+01
-2.039804364867129394e+01 -1.327597788969675641e+01
-2.005292051929538388e+01 -1.404028987884521484e+01
-1.992828078189138807e+01 -1.459797489643096924e+01
-2.009466700634713732e+01 -1.375923609733581543e+01
-2.030560719764838851e+01 -1.448649740219116211e+01
-2.038014376365532243e+01 -1.493752785523732562e+01
-2.043119008662337066e+01 -1.429193754990895648e+01
-2.018320032701653943e+01 -1.418216184775034527e+01
-1.981808978420193057e+01 -1.474504097302754779e+01
-1.983880481073411772e+01 -1.421888180573781391e+01
-2.019399211366297919e+01 -1.306334837277730365e+01
-2.034466389478263082e+01 -1.432693338394165039e+01
-2.036579164408021114e+01 -1.430481056372324566e+01
-2.021435160556082167e+01 -1.393675072987874408e+01
-1.969364001387256735e+01 -1.471208477020263672e+01
-2.034484261173312802e+01 -1.503043293952941895e+01
-1.977060812610690732e+01 -1.445018061002095600e+01
-2.023569507922156419e+01 -1.417106493314107318e+01
-2.041967010498046875e+01 -1.422287166118621826e+01
-2.019226381334207687e+01 -1.465938119093577008e+01
-1.982074145947472488e+01 -1.439501579602559467e+01
-1.943771645982386786e+01 -1.333929022153218646e+01
-1.899850693395582368e+01 -1.458308855692545514e+01
-1.994276993153458832e+01 -1.395190767447153668e+01
-2.067448305679580045e+01 -1.449124622344970703e+01
-1.991442812903452619e+01 -1.325752007961273193e+01
-2.055654989662816945e+01 -1.482486701011657715e+01
-2.015219466969118400e+01 -1.509329116344451904e+01
-2.074516349727824505e+01 -1.433928040663401227e+01
-2.041442363545046135e+01 -1.370132056872049908e+01
-2.003691307973053526e+01 -1.359811655680338482e+01
-2.000172993288201795e+01 -1.424566845099131207e+01
-2.004451984470173542e+01 -1.337406786282857318e+01
-1.950642307734085179e+01 -1.308451728026072125e+01
-1.967441635616755136e+01 -1.484074449539184570e+01
-1.980697345733642578e+01 -1.472381869951883893e+01
-2.040383537745071507e+01 -1.462229371070861816e+01
-2.064220703254311928e+01 -1.421118545532226562e+01
-2.061747137166685917e+01 -1.443923127651214600e+01
-2.033423616118350097e+01 -1.395402769247690777e+01
-2.006193035739963193e+01 -1.492809800306955914e+01
-2.029997995344259110e+01 -1.471056294441223145e+01
-1.858063383425696458e+01 -1.341344225406646729e+01
-1.986517644332626986e+01 -1.502764252821604352e+01
-2.017958469714148606e+01 -1.369233922163645367e+01
-1.942719756950766197e+01 -1.402760712305704693e+01
-2.079093590429273775e+01 -1.462166750431060791e+01
-2.008813875004396721e+01 -1.335597399870554547e+01
-2.055200148436982843e+01 -1.363907889525095563e+01
-2.063885801929538388e+01 -1.432950154940287213e+01
-2.023920717077740150e+01 -1.481797806421915631e+01
-2.051470257064043423e+01 -1.241916410128275494e+01
-2.042247637247634984e+01 -1.436414114634195904e+01
-2.076427941403146349e+01 -1.414977796872456928e+01
-2.034308210469908573e+01 -1.431687764326731305e+01
-2.030034411155571306e+01 -1.481071325143178363e+01
-2.041450941764702165e+01 -1.504876148700714111e+01
-2.047233107938604846e+01 -1.377212830384572406e+01
-2.042001632108526721e+01 -1.415141069889068604e+01
-2.026466135251320111e+01 -1.186070156097412109e+01
-2.022661949416338345e+01 -1.456982199350992779e+01
-2.067473704936140777e+01 -1.315985933939615826e+01
-1.930543359659485958e+01 -1.389931468168894391e+01
-2.043084012047719256e+01 -1.464569572607676129e+01
-2.047241794456869712e+01 -1.338766165574391742e+01
-2.043247072575455903e+01 -1.378795802593231201e+01
-2.031544085680428324e+01 -1.422557087739308734e+01
-2.026043303538176943e+01 -1.519262448946634869e+01
-2.061420859320688947e+01 -1.415404927730560303e+01
-2.066417365963176067e+01 -1.269260640939076801e+01
-1.983227985188112541e+01 -1.447042977809906006e+01
-2.050850999153266585e+01 -1.387941269079844098e+01
-2.036562149403458832e+01 -1.278374890486399273e+01
-2.042038388171438612e+01 -1.455407786369323730e+01
-1.983910547676732961e+01 -1.279321571191151996e+01
-1.987323348805055900e+01 -1.418055208524068256e+01
-2.045731909800383974e+01 -1.464921665191650391e+01
-2.026748826140064352e+01 -1.437741736570994000e+01
-2.038781954878467673e+01 -1.321028816699981689e+01
-2.006369766946566457e+01 -1.338347152868906598e+01
-2.023457943382909718e+01 -1.128404442469278912e+01
-1.954886682154768707e+01 -1.353693644205729107e+01
-2.017590808868408203e+01 -1.399741148948669434e+01
-2.076560799550201963e+01 -1.403318301836649518e+01
-2.046723318908174249e+01 -1.495102206865946393e+01
-2.047500746128922700e+01 -1.444747233390808105e+01
-2.032759769892288304e+01 -1.483617118994394879e+01
-2.104657313783290107e+01 -1.492112040519714355e+01
-2.099546603833214675e+01 -1.493716796239217182e+01
-2.049678146232992759e+01 -1.437735414505004883e+01
-2.100904973886780880e+01 -1.384078951676686664e+01
-2.065219672251555849e+01 -1.464105904102325439e+01
-2.083431206719350115e+01 -1.420378645261128803e+01
-2.071907547772940816e+01 -1.481151652336120605e+01
-2.071015275534936961e+01 -1.435650142033894916e+01
-2.021343299089852152e+01 -1.353675254185994525e+01
-2.035868766752340164e+01 -1.365230290095011334e+01
-2.031547551235910021e+01 -1.492919353644053082e+01
-2.061797699685824270e+01 -1.456063477198282818e+01
-2.079547641236903388e+01 -1.461830898125966449e+01
-2.090104402121851024e+01 -1.448490973313649555e+01
-2.074380208678164550e+01 -1.407477704683939557e+01
-2.084317994521835971e+01 -1.371739602088928223e+01
-2.013566773624743433e+01 -1.467486306031545062e+01
-1.991967873654122911e+01 -1.357511663436889648e+01
-2.072440754357030812e+01 -1.246064877510070801e+01
-2.047310171288959069e+01 -1.300005861123402973e+01
-2.063568991321628232e+01 -1.381410272916158100e+01
-2.039877718586032529e+01 -1.460003538926442523e+01
-2.027090660192198612e+01 -1.392196142673492432e+01
-2.056441764508263503e+01 -1.421804976463317871e+01
-2.086225655119297784e+01 -1.333864867687225342e+01
-1.967228231591693444e+01 -1.409002657731374164e+01
-2.039795731689970282e+01 -1.378322231769561768e+01
-2.095094928094896147e+01 -1.425042076905568500e+01
-2.046305606324794013e+01 -1.426366202036539654e+01
-2.104982614517211914e+01 -1.458613026142120361e+01
-2.032873090647034786e+01 -1.308127482732137103e+01
-2.066397810790498468e+01 -1.371752663453420062e+01
-2.130515525300624091e+01 -1.347776544094085693e+01
-2.012010424015885590e+01 -1.408563458919525146e+01
-2.116146551552465382e+01 -1.427190470695495605e+01
-2.115069177595235672e+01 -1.284129321575164795e+01
-2.116044031563451711e+01 -1.326456832885742188e+01
-2.072228614354537868e+01 -1.387285431226094623e+01
-2.108339333938339877e+01 -1.303593671321868896e+01
-1.970246243880966830e+01 -1.459721867243448834e+01
-2.090509623188083310e+01 -1.467211651802062988e+01
-2.126345256223516955e+01 -1.438513203461964984e+01
-2.071963672314659988e+01 -1.475501215457916260e+01
-2.029503358420679149e+01 -1.398480546474456787e+01
-2.042500423980971647e+01 -1.447459888458251953e+01
-2.139544921810344036e+01 -1.451433507601420025e+01
-2.079690336776992154e+01 -1.468440659840901752e+01
-2.107364963272870639e+01 -1.366155807177225689e+01
-2.081841828459400290e+01 -1.477580730120340924e+01
-2.105563157291735621e+01 -1.468597137928009033e+01
-2.097852336754232994e+01 -1.394240395228067975e+01
-2.077377526234772276e+01 -1.304413799444834332e+01
-2.070251207028405105e+01 -1.477840391794840436e+01
-2.085922184637037446e+01 -1.502255066235860248e+01
-2.094103279760328462e+01 -1.480767822265625000e+01
-2.002177442938594609e+01 -1.319013945261637311e+01
-2.109299798739158405e+01 -1.421571485201517682e+01
-2.132633537357136433e+01 -1.413244465986887555e+01
-2.098778582427461359e+01 -1.444548241297403912e+01
-2.074356011212882223e+01 -1.355727680524190326e+01
-2.128638254585912648e+01 -1.404749806722005268e+01
-2.101325345443466830e+01 -1.448232122262318988e+01
-2.109097660194009194e+01 -1.466852386792500873e+01
-2.137622270745746178e+01 -1.465722453594207764e+01
-2.077485067561521248e+01 -1.501096502939859967e+01
-2.100182055618803290e+01 -1.428916378815968891e+01
-2.105500463712013470e+01 -1.389278797308603863e+01
-2.050373633433196474e+01 -1.473804672559102436e+01
-2.082760059227377525e+01 -1.430952541033426861e+01
-2.096055113259008351e+01 -1.344800945123036762e+01
-2.054261049981844778e+01 -1.360886335372924805e+01
-2.123308690927796505e+01 -1.497145295143127441e+01
-2.088660299980034196e+01 -1.481227568785349469e+01
-2.023656894392886230e+01 -1.426286474863688092e+01
-2.087860144599009260e+01 -1.414942391713460346e+01
-2.022193661382642915e+01 -1.445290203889211078e+01
-2.114652487383050428e+01 -1.411735379695892334e+01
-2.076050671076370335e+01 -1.414728609720865826e+01
-2.080348034228308762e+01 -1.485848430792490582e+01
-2.131402634766142157e+01 -1.476299619674682617e+01
-2.087879269810046168e+01 -1.406649692853291889e+01
-2.067517188443975940e+01 -1.440502417087554932e+01
-2.097461068428168929e+01 -1.379828083515167236e+01
-2.122653199858584472e+01 -1.399706355730692486e+01
-2.096189034995386180e+01 -1.337654018402099609e+01
-2.101731773958367810e+01 -1.360180405775705914e+01
-2.133823237984867305e+01 -1.421454815069834332e+01
-2.129052327042919046e+01 -1.393470509847005268e+01
-2.078719294273247087e+01 -1.442931703726450543e+01
-2.112484775963476125e+01 -1.431746387481689453e+01
-2.058797328755007072e+01 -1.326414664586385150e+01
-2.100719577983274178e+01 -1.333155484994252582e+01
-2.122983098434189486e+01 -1.477925658226013184e+01
-2.042827112391843514e+01 -1.465672294298807721e+01
-2.151451843067751213e+01 -1.424934180577596088e+01
-2.062866401672363281e+01 -1.484696122010548969e+01
-2.071809669268333209e+01 -1.329602130254109760e+01
-2.080360582319356766e+01 -1.349083109696706195e+01
-2.138247148869401215e+01 -1.433267585436503033e+01
-2.135011863708496094e+01 -1.441086324055989643e+01
-2.149881330587096073e+01 -1.383779140313466449e+01
-2.065488420906713429e+01 -1.380292101701100727e+01
-2.118222458079709725e+01 -1.436606331666310687e+01
-2.148023897914563207e+01 -1.393579975763956647e+01
-2.159795151726674334e+01 -1.480267580350240131e+01
-2.124477158562611834e+01 -1.346749532222747803e+01
-2.130116764973785948e+01 -1.409113661448160748e+01
-2.004472203173880018e+01 -1.352501952648162842e+01
-2.111274307057009025e+01 -1.403382555643717389e+01
-2.096754698025978314e+01 -1.460750468571980853e+01
-2.100205634812177280e+01 -1.308607256412506104e+01
-2.095094526420205483e+01 -1.263235719998677631e+01
-2.156361896708860115e+01 -1.456950000921885113e+01
-2.108566311658438863e+01 -1.414443234602610211e+01
-2.046035364118673172e+01 -1.445390931765238385e+01
-2.115625001616396972e+01 -1.394907367229461670e+01
-2.052479338241835904e+01 -1.376441462834676166e+01
-2.092264206126584725e+01 -1.433136991659800152e+01
-2.125569101107322467e+01 -1.415842509269714355e+01
-2.136416271985587301e+01 -1.422995265324910541e+01
-2.140494078296725888e+01 -1.456475571791330914e+01
-2.079623111627869747e+01 -1.105963524182637592e+01
-2.101083635879775358e+01 -1.421662445863088031e+01
-2.121935010360459017e+01 -1.437460756301879883e+01
-2.126602271451788440e+01 -1.431154632568359375e+01
-2.139732795650676067e+01 -1.367800239721933941e+01
-2.106299621775998787e+01 -1.444582899411519428e+01
-2.088413733142917295e+01 -1.433219997088114361e+01
-2.129683423446396517e+01 -1.449989183743794818e+01
-2.120808074433924872e+01 -1.261158549785614014e+01
-1.985598726595862473e+01 -1.483644143740336041e+01
-2.023012219445180193e+01 -1.238622351487477680e+01
-2.108571215807381449e+01 -1.397213029861450195e+01
-2.128522630465232623e+01 -1.451730084419250488e+01
-2.167953636686680596e+01 -1.428189897537231445e+01
-2.114358725790249949e+01 -1.489213780562082867e+01
-2.107689539052672245e+01 -1.433797458807627301e+01
-2.147675746982380574e+01 -1.329152695337931256e+01
-2.148357575626696558e+01 -1.425410024325052838e+01
-2.181621260562185682e+01 -1.413400733470916748e+01
-2.101267027450820279e+01 -1.440086134274800678e+01
-2.137396886793233719e+01 -1.465966522693634033e+01
-2.128961782940363534e+01 -1.433742817242940326e+01
-2.179033743324926320e+01 -1.444169123967488666e+01
-2.095335782584497508e+01 -1.351886733373006244e+01
-2.150144914853370892e+01 -1.424805680910746197e+01
-2.139692822149244478e+01 -1.447756421566009521e+01
-2.153792371588238197e+01 -1.427146275838216205e+01
-2.177004411665059891e+01 -1.466675523916880231e+01
-2.198803268044681758e+01 -1.405728709697723389e+01
-2.126205441103143201e+01 -1.451414744059244732e+01
-2.096782273761296622e+01 -1.378883477052052875e+01
-2.083354886911683224e+01 -1.395474215348561664e+01
-2.112936162948608398e+01 -1.431117967764536481e+01
-2.091414296424995101e+01 -1.386739166577657123e+01
-2.124693023552328697e+01 -1.449212857087453266e+01
-2.114383231179188982e+01 -1.473659455776214600e+01
-2.082062338166317872e+01 -1.431683905919392963e+01
-2.144449693065578799e+01 -1.441816433270772357e+01
-2.136240289979062013e+01 -1.366255180040995221e+01
-2.088485537545155779e+01 -1.432562204202016254e+01
-2.147124322794251583e+01 -1.341620250542958637e+01
-2.117887708696268234e+01 -1.383864259719848633e+01
-2.122765486119157075e+01 -1.452835083007812500e+01
-2.113543872509972488e+01 -1.352124404907226562e+01
-2.111906570499226277e+01 -1.422606567541758160e+01
-2.087532090332548407e+01 -1.399916255474090576e+01
-2.112908706018480132e+01 -1.447508573532104492e+01
-2.172853556325880220e+01 -1.459409113725026508e+01
-2.156255183785648555e+01 -1.458618732293446918e+01
-2.177124530986203865e+01 -1.455937051773071289e+01
-2.159844820378190278e+01 -1.466030538082122803e+01
-2.206473298800193561e+01 -1.427708407243092914e+01
-2.144920218192924821e+01 -1.415504344304402728e+01
-2.052183923478854055e+01 -1.317292586962381939e+01
-2.095108423394671959e+01 -1.444591093063354492e+01
-2.165573548462431219e+01 -1.398321056365966797e+01
-2.024870863607374361e+01 -1.423352217674255371e+01
-2.092017105878409566e+01 -1.435773320992787738e+01
-2.186837661872475991e+01 -1.429111146926879883e+01
-2.129055878267449842e+01 -1.417834806442260742e+01
-2.085071038391630438e+01 -1.400669260819753070e+01
-2.155472340018062383e+01 -1.413954230149587055e+01
-2.064189709647227033e+01 -1.440753626823425293e+01
-2.199740794553595080e+01 -1.250782267252604107e+01
-2.118478571358373586e+01 -1.373991461594899555e+01
-2.147425913406630826e+01 -1.419141062100728412e+01
-2.140458569284212942e+01 -1.383612179756164551e+01
-2.097153828507762796e+01 -1.466969358921051025e+01
-2.142320060729980469e+01 -1.419295005003611188e+01
-2.214796231156688577e+01 -1.472190741697947125e+01
-2.175554657790620539e+01 -1.449606319268544574e+01
-2.158315020092463143e+01 -1.443568801879882812e+01
-2.158041941109350148e+01 -1.430072335402170758e+01
-2.212889474125231715e+01 -1.380987485249837299e+01
-2.210860928034378148e+01 -1.432195250193277936e+01
-2.145366801245737776e+01 -1.464343277613321881e+01
-2.136275406207068528e+01 -1.255600595474243164e+01
-1.976194426164788709e+01 -1.413980869452158551e+01
-2.129918112997281199e+01 -1.467279299100240131e+01
-2.172079182479341242e+01 -1.484298221270243268e+01
-2.080145121428926203e+01 -1.463080557187398334e+01
-2.153483583159365722e+01 -1.378712860743204693e+01
-2.134707037069029667e+01 -1.476217250029245953e+01
-2.148015478101827469e+01 -1.384323902924855609e+01
-2.139852066363318528e+01 -1.448509029547373395e+01
-2.185081244323213312e+01 -1.401065925757090191e+01
-2.191547495631848363e+01 -1.447409383455912213e+01
-2.161481981762385018e+01 -1.391062192122141461e+01
-2.149748800568661622e+01 -1.372564280033111572e+01
-2.179905771805068326e+01 -1.466589844226837158e+01
-2.240929653684971612e+01 -1.415597760677337646e+01
-2.137211549080024398e+01 -1.471945822238922119e+01
-2.160653028649798912e+01 -1.447140510876973529e+01
-2.135175024452856007e+01 -1.351372726758321186e+01
-2.136396597199520997e+01 -1.433817648887634277e+01
-2.127203971248562198e+01 -1.432852077484130859e+01
-2.151378489348848078e+01 -1.464892125129699707e+01
-2.201356443308167599e+01 -1.428276765346527100e+01
-2.147183539503711813e+01 -1.468880716959635357e+01
-2.199665527020470535e+01 -1.412031284968058209e+01
-2.204265864420745302e+01 -1.425889019171396832e+01
-2.169731098110392864e+01 -1.439501559734344482e+01
-2.174382945238533793e+01 -1.338795280456542969e+01
-2.169320654464980436e+01 -1.427281900246938129e+01
-2.176716943514549030e+01 -1.411372594038645367e+01
-2.146279459484552987e+01 -1.363247990608215332e+01
-2.207824057239596982e+01 -1.445049452781677246e+01
-2.086892139305502525e+01 -1.434515142440795898e+01
-2.163211034516156772e+01 -1.430949227015177350e+01
-2.137969670053255911e+01 -1.457176744937896729e+01
-2.105562873614036334e+01 -1.490321791172027588e+01
-2.125737956418829455e+01 -1.440549957752227783e+01
-2.176004925420728853e+01 -1.463138536612192731e+01
-2.169684987148995958e+01 -1.424512044588724713e+01
-2.157804802716788473e+01 -1.456677325566609760e+01
-2.184685841253248384e+01 -1.322036703427632709e+01
-2.129308624590857590e+01 -1.456500613689422607e+01
-2.138278458482128030e+01 -1.457943407694498639e+01
-2.126149685908172060e+01 -1.409599081675211529e+01
-2.183127624705686287e+01 -1.360791651407877545e+01
-2.136573710684048777e+01 -1.454932773113250732e+01
-2.224977806867179098e+01 -1.432433962821960449e+01
-2.214991139557401922e+01 -1.438837194442749023e+01
-2.133308661186088884e+01 -1.411004177729288678e+01
-2.203931824635651182e+01 -1.303525245189666748e+01
-2.155033766213109914e+01 -1.432876741886138916e+01
-2.143725086470781704e+01 -1.463696356614430805e+01
-2.093747888985326711e+01 -1.343345892429351807e+01
-2.130371822745113164e+01 -1.357757723331451416e+01
-2.165517257431806186e+01 -1.471978457768758197e+01
-2.154012938677254496e+01 -1.211451319853464703e+01
-2.176201608625509110e+01 -1.434606297810872455e+01
-2.245942141646045798e+01 -1.446897037823995014e+01
-2.156879924515546421e+01 -1.472125724951426129e+01
-2.183899990986969541e+01 -1.436745738983154297e+01
-2.211599406549485991e+01 -1.429388308525085449e+01
-2.180648292929439336e+01 -1.389578334490458111e+01
-2.163020799927792481e+01 -1.321288776397705078e+01
-2.140761391591217588e+01 -1.395067258675893207e+01
-2.258881384639416723e+01 -1.434698919455210309e+01
-2.123034747172210146e+01 -1.240084306399027447e+01
-2.126472725302486211e+01 -1.445450818538665771e+01
-2.220466263011350350e+01 -1.502085371812184711e+01
-2.222422016273110756e+01 -1.430753580729166607e+01
