# Train Val
1.221583147843678718e+00 -2.757333993911743164e+00
-4.633435130119323730e+00 -6.529905319213867188e+00
-7.456077933311462402e+00 -8.523718261718750355e+00
-9.401087522506713867e+00 -1.016817760467529297e+01
-1.023889648914337158e+01 -1.022172145843505930e+01
-1.031857558091481586e+01 -1.044987678527832031e+01
-1.038556392987569232e+01 -1.041939697265624964e+01
-1.032007559140523334e+01 -1.029669456481933665e+01
-1.046486663818359375e+01 -1.062357387542724574e+01
-1.049278434117635150e+01 -1.055844402313232422e+01
-1.052626415093739887e+01 -1.062291717529296875e+01
-1.051451047261556049e+01 -1.064725875854492188e+01
-1.055362780888875385e+01 -1.066606712341308594e+01
-1.057254354159037213e+01 -1.066438732147216761e+01
-1.051909335454305072e+01 -1.052221298217773438e+01
-1.052550737063089947e+01 -1.079014663696289134e+01
-1.062336782614389996e+01 -1.072074756622314418e+01
-1.062271702289581299e+01 -1.073302593231201207e+01
-1.067593216896057129e+01 -1.084362831115722692e+01
-1.068178419272104840e+01 -1.072394657135009766e+01
-1.066005853811899762e+01 -1.084526309967040980e+01
-1.068026677767435650e+01 -1.080881671905517649e+01
-1.069821751117706299e+01 -1.070705833435058629e+01
-1.068026101589202881e+01 -1.078798198699951172e+01
-1.074857020378112793e+01 -1.079269981384277344e+01
-1.071343751748402973e+01 -1.078209819793701207e+01
-1.070309301217397113e+01 -1.084471282958984339e+01
-1.075325250625610352e+01 -1.075685119628906250e+01
-1.072940166791280170e+01 -1.083472938537597585e+01
-1.076113887627919574e+01 -1.081077842712402415e+01
-1.075670925776163678e+01 -1.085600242614746058e+01
-1.074352101484934430e+01 -1.080490322113037038e+01
-1.077150352795918842e+01 -1.083336772918701207e+01
-1.077921839555104633e+01 -1.084876689910888636e+01
-1.078239933649698834e+01 -1.085057449340820312e+01
-1.081792398293813129e+01 -1.084658088684082067e+01
-1.077102216084798236e+01 -1.080290393829345774e+01
-1.080737908681233783e+01 -1.075806751251220739e+01
-1.077264618873596191e+01 -1.076169338226318395e+01
-1.077608577410379986e+01 -1.076869831085205043e+01
-1.078221515814463238e+01 -1.089927463531494212e+01
-1.080606408913930316e+01 -1.096498794555663991e+01
-1.078510260581970215e+01 -1.072681789398193430e+01
-1.076694699128468891e+01 -1.084347057342529297e+01
-1.083025705814361572e+01 -1.075369148254394602e+01
-1.079475156466166119e+01 -1.077230224609374964e+01
-1.075633561611175537e+01 -1.080717353820800852e+01
-1.083022570610046387e+01 -1.080020027160644602e+01
-1.082263847192128559e+01 -1.085028209686279332e+01
-1.082516519228617291e+01 -1.091601486206054616e+01
-1.084397073586781879e+01 -1.083919696807861399e+01
-1.085775550206502338e+01 -1.086942367553711009e+01
-1.087301377455393414e+01 -1.086873245239257812e+01
-1.085681962966918945e+01 -1.085573101043701172e+01
-1.086856555938720703e+01 -1.068069152832031321e+01
-1.086106812953948975e+01 -1.085103168487548864e+01
-1.084728618462880512e+01 -1.079561500549316477e+01
-1.090056320031484027e+01 -1.083582248687744176e+01
-1.089843543370564838e+01 -1.084376544952392507e+01
-1.089516615867614746e+01 -1.090643692016601562e+01
-1.090600581963857074e+01 -1.090568141937255930e+01
-1.091117405891418457e+01 -1.079312591552734446e+01
-1.086740855375925641e+01 -1.091479339599609411e+01
-1.078546790281931500e+01 -1.082754344940185476e+01
-1.091666964689890484e+01 -1.093486671447753977e+01
-1.101903470357259174e+01 -1.082523326873779368e+01
-1.089728188514709473e+01 -1.092258205413818395e+01
-1.098694733778635602e+01 -1.097761535644531250e+01
-1.101149459679921527e+01 -1.098568344116210938e+01
-1.107474426428476910e+01 -1.095792217254638601e+01
-1.107138303915659527e+01 -1.068742713928222621e+01
-1.083471850554148297e+01 -1.048934974670410192e+01
-1.091668454806009869e+01 -1.092562103271484375e+01
-1.109195462862650494e+01 -1.094246673583984375e+01
-1.115078596274057965e+01 -1.096147041320800852e+01
-1.108613912264505963e+01 -1.064768524169921804e+01
-1.117363488674163818e+01 -1.093703365325927734e+01
-1.117728833357493023e+01 -1.092009601593017543e+01
-1.120154114564259906e+01 -1.085828170776367152e+01
-1.107884800434112549e+01 -1.090317287445068395e+01
-1.130235433578491211e+01 -1.086894054412841726e+01
-1.105761353174845318e+01 -1.051209068298339844e+01
-1.125325739383697510e+01 -1.103692436218261719e+01
-1.120218471686045270e+01 -1.097372074127197195e+01
-1.147776051362355609e+01 -1.093695201873779332e+01
-1.153803769747416119e+01 -1.110001392364501882e+01
-1.139572791258494000e+01 -1.079203472137451136e+01
-1.121084582805633545e+01 -1.095624580383300817e+01
-1.151934953530629535e+01 -1.104621829986572301e+01
-1.129008567333221436e+01 -1.094047889709472621e+01
-1.135446290175119977e+01 -1.112102661132812464e+01
-1.159346258640289307e+01 -1.117378311157226634e+01
-1.141523377100626568e+01 -1.091331043243408239e+01
-1.141397861639658551e+01 -1.095110282897949183e+01
-1.155010147889455219e+01 -1.073128967285156321e+01
-1.159075542291005512e+01 -1.076411876678466761e+01
-1.151726754506429096e+01 -1.088803329467773473e+01
-1.164210343360900879e+01 -1.097597732543945348e+01
-1.177272164821624756e+01 -1.110269241333007884e+01
-1.165239127477010150e+01 -1.106940059661865305e+01
-1.188685202598571777e+01 -1.086487903594970739e+01
-1.187386778990427594e+01 -1.085972194671630930e+01
-1.180680636564890484e+01 -1.094372558593750000e+01
-1.182497445742289166e+01 -1.103584823608398402e+01
-1.202897330125172992e+01 -1.094027023315429759e+01
-1.201901312669118305e+01 -1.092808303833007777e+01
-1.202254100640614887e+01 -1.097409095764160192e+01
-1.191135462125142475e+01 -1.118521900177001882e+01
-1.190429675579071045e+01 -1.049075736999511754e+01
-1.171518941720326801e+01 -1.071760215759277379e+01
-1.199295294284820557e+01 -1.097251701354980469e+01
-1.201346806685129742e+01 -1.096053390502929759e+01
-1.182126271724700928e+01 -1.049494972229003942e+01
-1.211697284380594830e+01 -1.097667503356933594e+01
-1.199169806639353375e+01 -1.053101863861084020e+01
-1.212256737550099750e+01 -1.090849723815918004e+01
-1.212331477801004986e+01 -1.055896587371826101e+01
-1.224006442228952984e+01 -1.082122478485107386e+01
-1.209394697348276715e+01 -1.082757091522216797e+01
-1.236356723308563232e+01 -1.074425449371337926e+01
-1.216211334864298443e+01 -1.074399662017822266e+01
-1.213499224185943604e+01 -1.090107841491699148e+01
-1.234276608626047711e+01 -1.088024520874023438e+01
-1.236595805486043353e+01 -1.071362667083740305e+01
-1.186661899089813232e+01 -1.083677825927734339e+01
-1.191990987459818463e+01 -1.084029922485351527e+01
-1.232814300060272217e+01 -1.031759548187255859e+01
-1.237103581428527832e+01 -1.078299388885498011e+01
-1.209136001269022564e+01 -1.019796257019043040e+01
-1.241597978274027447e+01 -1.047157230377197301e+01
-1.232559478282928467e+01 -1.040843791961669851e+01
-1.213869861761728863e+01 -1.090533142089843821e+01
-1.215235010782877545e+01 -1.096904430389404261e+01
-1.250611130396525006e+01 -1.075936546325683629e+01
-1.231292049090067486e+01 -1.070874423980712820e+01
-1.240520898501078229e+01 -1.074695568084716868e+01
-1.245996681849161725e+01 -1.085915699005126989e+01
-1.171821924050649066e+01 -1.120840950012206960e+01
-1.219396658738454242e+01 -1.102163276672363246e+01
-1.251168489456176758e+01 -1.051752204895019460e+01
-1.256329464912414551e+01 -1.085306949615478445e+01
-1.258641068140665631e+01 -1.095694446563720703e+01
-1.257106888294219971e+01 -1.027616462707519496e+01
-1.254441400369008441e+01 -1.072093830108642543e+01
-1.247018651167551617e+01 -1.079875755310058594e+01
-1.253428900241851807e+01 -1.087996387481689453e+01
-1.264397644996643066e+01 -1.062728462219238246e+01
-1.266278314590454102e+01 -1.090309619903564453e+01
-1.263097774982452393e+01 -1.061248741149902308e+01
-1.267118549346923828e+01 -1.097071228027343714e+01
-1.270285344123840332e+01 -1.039255695343017649e+01
-1.241292476654052734e+01 -1.045557231903076101e+01
-1.213611686229705811e+01 -1.091854209899902273e+01
-1.284649801254272461e+01 -1.057032966613769531e+01
-1.272787280877431293e+01 -1.072248382568359304e+01
-1.273124901453653912e+01 -1.019055500030517614e+01
-1.263837945461273193e+01 -1.041752929687499929e+01
-1.212862551212310791e+01 -1.028853626251220632e+01
-1.253389056523641010e+01 -1.098988075256347585e+01
-1.271058003107706647e+01 -1.117879085540771555e+01
-1.267567880948384662e+01 -1.045983238220214773e+01
-1.266980389753977398e+01 -1.095917968750000071e+01
-1.283282363414764404e+01 -1.066468067169189382e+01
-1.286546524365743061e+01 -1.064884643554687571e+01
-1.259251717726389508e+01 -1.050185699462890554e+01
-1.252732753753662109e+01 -1.034742317199706996e+01
-1.288313563664754291e+01 -1.060932083129882741e+01
-1.277896662553151508e+01 -1.083988723754882777e+01
-1.280768263339996338e+01 -1.079312839508056676e+01
-1.274321683247884174e+01 -1.030205745697021413e+01
-1.282916835943857770e+01 -1.105271224975586009e+01
-1.293077389399210553e+01 -1.068810691833496129e+01
-1.246692224343617816e+01 -1.083432769775390625e+01
-1.272533210118611713e+01 -1.073746166229248011e+01
-1.269250098864237408e+01 -1.052221946716308665e+01
-1.289117320378621478e+01 -1.084091892242431676e+01
-1.258740985393524170e+01 -1.118489055633544993e+01
-1.279296056429545025e+01 -1.058041496276855398e+01
-1.306606284777323346e+01 -1.062586669921875071e+01
-1.294215703010559082e+01 -1.049028034210205007e+01
-1.304727923870086670e+01 -1.092147903442382884e+01
-1.284240285555521588e+01 -1.090635223388671804e+01
-1.300868058204650879e+01 -1.055175342559814489e+01
-1.305697552363077740e+01 -1.027339458465576172e+01
-1.287309837341308594e+01 -1.067473907470703054e+01
-1.306083027521769147e+01 -1.074428710937499964e+01
-1.311414798100789447e+01 -1.046278915405273402e+01
-1.323484400908152203e+01 -1.040946197509765625e+01
-1.317848269144693951e+01 -1.079366855621337962e+01
-1.294402237733205219e+01 -1.018679008483886683e+01
-1.311427088578542133e+01 -1.032258243560790945e+01
-1.312050203482309918e+01 -1.042752876281738317e+01
-1.315576199690500836e+01 -1.092416515350341832e+01
-1.325473638375600238e+01 -1.081475315093994105e+01
-1.321508431434631348e+01 -1.087311439514160227e+01
-1.311306027571360211e+01 -1.077841053009033168e+01
-1.300370665391286273e+01 -1.062588005065918040e+01
-1.315448129177093506e+01 -1.089516754150390554e+01
-1.294898569583892822e+01 -1.056201515197753871e+01
-1.299962762991587262e+01 -1.086120929718017614e+01
-1.314879095554351807e+01 -1.084370803833007812e+01
-1.312685048580169678e+01 -1.077674980163574148e+01
-1.314426092306772809e+01 -1.103289394378662180e+01
-1.316138207912445068e+01 -1.027890090942382884e+01
-1.223324263095855713e+01 -1.089573764801025391e+01
-1.303813664118448834e+01 -1.092607307434082031e+01
-1.296265161037445068e+01 -1.097081470489501953e+01
-1.317810014883677106e+01 -1.062382335662841726e+01
-1.288798483212788959e+01 -1.147469177246093786e+01
-1.318958699703216553e+01 -1.102891864776611364e+01
-1.341720334688822369e+01 -1.091511478424072301e+01
-1.339578930536905865e+01 -1.085693969726562536e+01
-1.312422823905944824e+01 -1.100551738739013707e+01
-1.326424725850423236e+01 -1.075905780792236399e+01
-1.334397578239440918e+01 -1.069312839508056712e+01
-1.328008818626403809e+01 -1.033394145965576172e+01
-1.325362435976664166e+01 -1.076523857116699290e+01
-1.346607458591461182e+01 -1.064801216125488281e+01
-1.330219697952270508e+01 -1.135671100616455043e+01
-1.349439207712809186e+01 -1.071461563110351634e+01
-1.328244185447692871e+01 -1.115959243774414134e+01
-1.340938242276509662e+01 -1.049163761138916051e+01
-1.306479148070017438e+01 -1.093425350189209055e+01
-1.359870998064676861e+01 -1.063658809661865234e+01
-1.339558275540669818e+01 -9.779711914062499289e+00
-1.269717673460642438e+01 -1.093219432830810511e+01
-1.331386200586954693e+01 -1.082000770568847692e+01
-1.320809261004129986e+01 -1.045023670196533239e+01
-1.302305066585540771e+01 -1.039597682952880930e+01
-1.334514518578847309e+01 -1.089374790191650355e+01
-1.341521167755126953e+01 -1.072272377014160227e+01
-1.341146973768869977e+01 -1.075673332214355504e+01
-1.358778786659240723e+01 -1.080072460174560511e+01
-1.326458772023518939e+01 -1.045662956237793040e+01
-1.315160532792409320e+01 -1.123490276336669957e+01
-1.362545041243235211e+01 -1.097925472259521484e+01
-1.372256080309549908e+01 -1.090552406311035227e+01
-1.342365519205729107e+01 -1.104467067718505824e+01
-1.377196156978607178e+01 -1.087597141265869105e+01
-1.331905094782511334e+01 -1.080800151824951172e+01
-1.344093648592630963e+01 -1.082844276428222585e+01
-1.366022292772928814e+01 -1.055118465423583984e+01
-1.341310087839762311e+01 -1.068321189880371058e+01
-1.374822715918223004e+01 -1.070826358795165945e+01
-1.293251824378967285e+01 -1.051048316955566442e+01
-1.314248454570770264e+01 -1.081179466247558629e+01
-1.362871507803598981e+01 -1.025290660858154368e+01
-1.304920128981272320e+01 -1.109804611206054759e+01
-1.357411082585652728e+01 -1.040200195312499964e+01
-1.358269246419270893e+01 -1.082020416259765661e+01
-1.378986422220865826e+01 -1.063491458892822195e+01
-1.374939835071563721e+01 -1.078572044372558558e+01
-1.383747430642445941e+01 -1.117411479949951136e+01
-1.367067817846933941e+01 -1.062922954559326172e+01
-1.362939341862996478e+01 -1.064156284332275426e+01
-1.361674118041992188e+01 -1.079158210754394531e+01
-1.362046190102895160e+01 -1.074999828338622976e+01
-1.375712724526723285e+01 -9.483095932006836648e+00
-1.330673873424530029e+01 -1.113630428314209020e+01
-1.347531294822692871e+01 -1.063783931732177734e+01
-1.394408067067464252e+01 -1.082814636230468786e+01
-1.393554278214772602e+01 -1.089232463836669851e+01
-1.380518364906311035e+01 -1.038615303039550852e+01
-1.369226137797037701e+01 -1.073547344207763743e+01
-1.347525755564371686e+01 -1.078500480651855398e+01
-1.361642924944559674e+01 -1.079145011901855433e+01
-1.394173713525136371e+01 -1.087138595581054723e+01
-1.379514153798421283e+01 -1.091631546020507848e+01
-1.384023793538411518e+01 -1.090649700164794922e+01
-1.385272971789042096e+01 -1.072211704254150355e+01
-1.385149641831715961e+01 -1.079733524322509730e+01
-1.384902306397756000e+01 -1.049335670471191406e+01
-1.360080218315124512e+01 -1.081275329589843714e+01
-1.373081493377685547e+01 -1.053365478515624964e+01
-1.363114420572916607e+01 -1.084091949462890625e+01
-1.388258580366770367e+01 -1.071907787322998118e+01
-1.388328985373179059e+01 -1.076965103149414027e+01
-1.401597658793131451e+01 -1.019517650604248082e+01
-1.337806169191996197e+01 -1.088752269744873047e+01
-1.340556979179382324e+01 -1.057060279846191442e+01
-1.360253481070200543e+01 -1.063405990600585938e+01
-1.339739835262298584e+01 -1.038546333312988246e+01
-1.351982760429382324e+01 -1.070652503967285085e+01
-1.394075242678324322e+01 -1.038779659271240163e+01
-1.409017101923624615e+01 -1.058109798431396520e+01
-1.396602511405944824e+01 -1.075362739562988246e+01
-1.346997670332590680e+01 -1.120357265472412145e+01
-1.389647646745046039e+01 -1.051876201629638707e+01
-1.374050863583882709e+01 -1.013654022216796946e+01
-1.402426413695017438e+01 -1.103992938995361328e+01
-1.409227410952250104e+01 -1.061496467590331960e+01
-1.401614622275034527e+01 -1.058926944732666087e+01
-1.372768402099609375e+01 -1.111805038452148509e+01
-1.397556861241658588e+01 -1.054693660736083949e+01
-1.393731037775675397e+01 -1.103400135040283203e+01
-1.393553531169891357e+01 -1.065225410461425781e+01
-1.373607679208119769e+01 -9.703789329528808238e+00
-1.344088288148244281e+01 -1.044993114471435547e+01
-1.382717994848887066e+01 -1.079907550811767614e+01
-1.390798048178354840e+01 -1.081848640441894460e+01
-1.383683605988820453e+01 -1.088475341796874929e+01
-1.363082424799601178e+01 -1.042722358703613317e+01
-1.395112220446268658e+01 -1.061135234832763707e+01
-1.422324852148691754e+01 -1.052640113830566371e+01
-1.383667997519175152e+01 -1.074797229766845774e+01
-1.426613883177439313e+01 -1.048462944030761790e+01
-1.394451133410135846e+01 -1.034390201568603551e+01
-1.359353280067443848e+01 -1.081826229095458913e+01
-1.383308370908101459e+01 -1.076773872375488317e+01
-1.420306030909220318e+01 -1.027487087249755859e+01
-1.396394932270050049e+01 -1.036205253601074183e+01
-1.369365092118581195e+01 -1.064461288452148402e+01
-1.333804122606913189e+01 -1.069427108764648438e+01
-1.378874107201894184e+01 -1.051873226165771413e+01
-1.407448550065358539e+01 -9.914930343627929688e+00
-1.390703463554382324e+01 -1.066536579132080043e+01
-1.412360020478566547e+01 -1.036852703094482386e+01
-1.423721635341644287e+01 -1.061195373535156250e+01
-1.427958246072133441e+01 -9.575597953796386008e+00
-1.398515220483144184e+01 -1.036175174713134695e+01
-1.392706958452860455e+01 -1.097332649230957102e+01
-1.423366554578145404e+01 -1.071439533233642649e+01
-1.410051079591115375e+01 -1.052970199584961009e+01
-1.430840595563252826e+01 -1.054362297058105469e+01
-1.428376781940460205e+01 -1.064807929992675817e+01
-1.442120925585428814e+01 -1.077394638061523402e+01
-1.424632056554158588e+01 -1.034277820587158203e+01
-1.404899291197458844e+01 -1.059981746673583913e+01
-1.437809733549753766e+01 -1.015612449645996129e+01
-1.422108391920725445e+01 -1.045682239532470703e+01
-1.442203096548716168e+01 -9.965015602111815696e+00
-1.450774296124776264e+01 -1.093083438873290980e+01
-1.389427534739176373e+01 -1.032570610046386683e+01
-1.410930426915486713e+01 -1.070578498840331960e+01
-1.453223196665445904e+01 -1.057531661987304616e+01
-1.449705219268798828e+01 -1.061086559295654297e+01
-1.442542668183644672e+01 -1.023188781738281250e+01
-1.457154941558837891e+01 -1.050559635162353445e+01
-1.441957132021586041e+01 -1.053690662384033239e+01
-1.304687003294626813e+01 -1.105754203796386648e+01
-1.423205693562825580e+01 -1.004229354858398438e+01
-1.426552104949951172e+01 -1.072047348022460866e+01
-1.448804517587026019e+01 -1.038897361755371129e+01
-1.445861482620239258e+01 -1.075707530975341797e+01
-1.444009967645009418e+01 -1.039029922485351598e+01
-1.431130290031433105e+01 -1.026190357208252024e+01
-1.460527288913726807e+01 -1.057728118896484304e+01
-1.443983419736226459e+01 -1.038043842315673793e+01
-1.413414478302001953e+01 -1.040419521331787145e+01
-1.460864675045013428e+01 -1.008043308258056570e+01
-1.448295414447784424e+01 -1.016079120635986399e+01
-1.417960234483083148e+01 -1.015513210296630930e+01
-1.457322061061859131e+01 -1.022242469787597585e+01
-1.381958699226379395e+01 -1.074332942962646520e+01
-1.430151069164276123e+01 -1.023229618072509695e+01
-1.438148836294809918e+01 -1.049228553771972727e+01
-1.473305916786193848e+01 -1.024872856140136790e+01
-1.471424678961435895e+01 -9.509884834289550781e+00
-1.410869411627451520e+01 -1.053007850646972621e+01
-1.457818627357482910e+01 -1.035436668395996129e+01
-1.434264469146728516e+01 -1.054367313385009730e+01
-1.465406552950541119e+01 -1.039061241149902415e+01
-1.468336602052052875e+01 -1.027909545898437571e+01
-1.427253460884094238e+01 -1.046125736236572301e+01
-1.438616637388865094e+01 -1.039662303924560582e+01
-1.441029902299245258e+01 -1.055272979736328054e+01
-1.409665207068125348e+01 -1.037507038116455149e+01
-1.453527732690175434e+01 -1.014577808380126989e+01
-1.466805386543273926e+01 -1.056839294433593679e+01
-1.457066186269124408e+01 -9.752877807617187145e+00
-1.454767219225565533e+01 -1.002997016906738281e+01
-1.423990035057067871e+01 -1.001220092773437464e+01
-1.399633713563283344e+01 -1.069391460418701101e+01
-1.438696555296579938e+01 -1.058700122833251989e+01
-1.431330255667368512e+01 -1.028196563720703161e+01
-1.430053810278574566e+01 -1.039580259323120082e+01
-1.461255896091461182e+01 -1.031448974609375036e+01
-1.476262108484903912e+01 -9.883931159973144531e+00
-1.458965090910593609e+01 -1.035907230377197230e+01
-1.457027161121368408e+01 -1.017474117279052770e+01
-1.481667097409566303e+01 -1.016924896240234411e+01
-1.482932325204213519e+01 -1.022230796813964915e+01
-1.472675271828969379e+01 -9.799907875061034446e+00
-1.462059458096822162e+01 -1.027181110382080043e+01
-1.490119230747222900e+01 -9.815203094482422230e+00
-1.441008214155832867e+01 -9.963924598693846946e+00
-1.510353207588195801e+01 -1.035281372070312500e+01
-1.490823078155517578e+01 -1.030773315429687464e+01
-1.506686564286549945e+01 -9.723487567901610618e+00
-1.476031235853830914e+01 -9.894820022583008523e+00
-1.446761349836985211e+01 -1.022454814910888743e+01
-1.495713790257771869e+01 -1.040011901855468679e+01
-1.501218171914418598e+01 -1.002188491821289062e+01
-1.477173268795013428e+01 -1.017000579833984375e+01
-1.507709757486979107e+01 -1.021784801483154226e+01
-1.489380617936452289e+01 -1.049265708923339879e+01
-1.475235549608866314e+01 -1.022602138519287074e+01
-1.503209833304087262e+01 -1.023340091705322230e+01
-1.521289368470509906e+01 -9.907552337646484020e+00
-1.503804632027943988e+01 -9.248229789733887429e+00
-1.408845376968383789e+01 -9.854259109497069957e+00
-1.463326621055603027e+01 -1.045460243225097585e+01
-1.469909254709879498e+01 -1.011548995971679688e+01
-1.473023263613382916e+01 -9.867919540405273082e+00
-1.455968594551086426e+01 -1.040246868133544922e+01
-1.482639463742574115e+01 -1.006161918640136754e+01
-1.541454160213470459e+01 -9.697236251831053977e+00
-1.521862053871154785e+01 -1.026096572875976598e+01
-1.520232534408569336e+01 -9.500004005432128196e+00
-1.487791923681894879e+01 -9.847851562500000711e+00
-1.460176297028859516e+01 -9.861517333984375355e+00
-1.511669965585072894e+01 -9.906756782531738637e+00
-1.434037919839223285e+01 -8.886625289916992188e+00
-1.361418437957763672e+01 -9.746998405456542613e+00
-1.486247928937276264e+01 -1.018885135650634766e+01
-1.525267271200815777e+01 -9.917144012451171164e+00
-1.513591774304707904e+01 -1.006487674713134695e+01
-1.534792550404866596e+01 -1.000104179382324254e+01
-1.524240974585215191e+01 -9.658129882812499289e+00
-1.496763515472412109e+01 -1.002539978027343714e+01
-1.521026019255320172e+01 -9.848379135131835938e+00
-1.510723610719045062e+01 -1.016447563171386648e+01
-1.503921326001485248e+01 -9.901458358764648082e+00
-1.456125056743621826e+01 -9.549716377258301137e+00
-1.409736041227976422e+01 -9.888665199279785156e+00
-1.493508899211883545e+01 -1.015121631622314524e+01
-1.512537038326263428e+01 -1.002622756958007777e+01
-1.501572763919830322e+01 -1.047854843139648473e+01
-1.527292609214782715e+01 -9.821387863159179332e+00
-1.516822485129038434e+01 -9.476195335388183594e+00
-1.439118643601735492e+01 -9.612968254089356179e+00
-1.472888541221618652e+01 -1.008462257385253835e+01
-1.506250778834025006e+01 -9.634344291687011008e+00
-1.495295655727386475e+01 -1.014192752838134837e+01
-1.452062761783599854e+01 -1.006080551147460866e+01
-1.508310087521870990e+01 -1.013961238861083913e+01
-1.530218589305877686e+01 -9.960210227966308949e+00
-1.555017459392547607e+01 -9.879982566833495738e+00
-1.546802043914794922e+01 -9.736997985839844105e+00
-1.550751256942749023e+01 -9.811012458801268821e+00
-1.516360632578531842e+01 -9.914362144470214133e+00
-1.509078554312388043e+01 -9.780077362060547230e+00
-1.459390568733215332e+01 -1.042742881774902308e+01
-1.475480834643046002e+01 -1.004248580932617152e+01
-1.514523589611053467e+01 -9.655940246582030539e+00
-1.529704586664835553e+01 -9.912768173217774148e+00
-1.534069852034250836e+01 -9.545970535278319957e+00
-1.553702505429585834e+01 -9.891125297546386363e+00
-1.495605560143788715e+01 -1.006771717071533168e+01
-1.532479139169057269e+01 -1.016238346099853551e+01
-1.482494997978210449e+01 -9.963928031921387429e+00
-1.534556365013122559e+01 -9.699496650695801137e+00
-1.524324878056844135e+01 -1.017134227752685582e+01
-1.559410754839579205e+01 -1.008280334472656214e+01
-1.547139402230580707e+01 -9.884683227539062145e+00
-1.565342712402343750e+01 -9.813991928100586293e+00
-1.568599124749501605e+01 -9.369965171813964488e+00
-1.565031301975250244e+01 -9.859260749816893821e+00
-1.565487941106160541e+01 -9.428821754455565696e+00
-1.568920044104258160e+01 -9.998204612731933949e+00
-1.528210930029551129e+01 -1.001462383270263601e+01
-1.492836189270019531e+01 -8.952233695983887074e+00
-1.479866607983907123e+01 -9.955946731567383523e+00
-1.550564018885294537e+01 -9.793640136718750000e+00
-1.548648059368133545e+01 -9.980910682678223012e+00
-1.546851762135823627e+01 -9.610591125488280539e+00
-1.525050715605417828e+01 -1.021851348876953125e+01
-1.554777459303537945e+01 -1.022001724243164134e+01
-1.553758366902669330e+01 -9.918835830688475852e+00
-1.534682071208953857e+01 -1.043852615356445312e+01
-1.541297733783721924e+01 -1.004144973754882741e+01
-1.535717455546061139e+01 -1.011622791290283274e+01
-1.501596315701802631e+01 -1.006397476196289098e+01
-1.496216901143391986e+01 -9.789017295837401988e+00
-1.546796182791391949e+01 -1.038287734985351562e+01
-1.511325720945994000e+01 -1.004000205993652273e+01
-1.558218204975128174e+01 -9.666704368591307883e+00
-1.570244709650675397e+01 -9.586155128479003196e+00
-1.555873580773671527e+01 -9.920064926147460938e+00
-1.558118156592051129e+01 -9.409992980957031961e+00
-1.518357066313425641e+01 -1.015180225372314382e+01
-1.576160848140716553e+01 -9.938796997070312500e+00
-1.550649309158325195e+01 -9.877043342590331676e+00
-1.560366721947987934e+01 -9.658663558959961648e+00
-1.551476101080576520e+01 -9.926968955993652699e+00
-1.541483759880065918e+01 -9.769728279113769176e+00
-1.558481661478678326e+01 -9.518114089965820312e+00
-1.539277406533559223e+01 -9.993187904357910156e+00
-1.571079405148824115e+01 -9.599229812622070312e+00
-1.530505875746409039e+01 -1.010404090881347727e+01
-1.536211196581522564e+01 -1.003405284881591797e+01
-1.566820681095123291e+01 -1.039694004058837962e+01
-1.565913911660512348e+01 -9.908664703369140625e+00
-1.538433710734049420e+01 -9.826229858398438211e+00
-1.509845805168151855e+01 -9.652045822143554332e+00
-1.545479194323221783e+01 -9.241934013366698508e+00
-1.532928188641866107e+01 -9.961626243591307883e+00
-1.585123046239217182e+01 -9.912488365173340199e+00
-1.586031496524810791e+01 -9.719994926452637074e+00
-1.552475289503733258e+01 -9.930299568176270242e+00
-1.586001129945119281e+01 -1.011914844512939382e+01
-1.586013507843017578e+01 -9.340038871765136363e+00
-1.560711685816446881e+01 -9.903454399108886363e+00
-1.544432953993479352e+01 -9.795123481750488637e+00
-1.565973540147145648e+01 -1.001858386993408168e+01
-1.543234241008758545e+01 -9.933733367919922230e+00
-1.620402407646179199e+01 -9.558629798889160867e+00
-1.585555128256479840e+01 -9.756710243225096946e+00
-1.598717069625854492e+01 -1.018381023406982422e+01
-1.568215922514597516e+01 -1.014954490661621023e+01
-1.564264070987701416e+01 -9.753679656982422230e+00
-1.577061438560485840e+01 -9.832511520385741832e+00
-1.601356792449951172e+01 -9.798960304260253551e+00
-1.566866898536682129e+01 -9.397637557983397727e+00
-1.558898226420084576e+01 -9.616606330871581676e+00
-1.583650000890096088e+01 -9.364339828491210938e+00
-1.442681344350179096e+01 -9.843883132934569957e+00
-1.571496113141377826e+01 -9.846107864379883168e+00
-1.614101624488830566e+01 -1.006805858612060511e+01
-1.633425486087799072e+01 -9.743120574951172230e+00
-1.623339553674061975e+01 -9.698831367492676492e+00
-1.617115255196889123e+01 -9.649662017822265625e+00
-1.568583150704701801e+01 -1.025076065063476527e+01
-1.592936015129089355e+01 -1.002418918609619070e+01
-1.594260787963867188e+01 -9.830813980102538707e+00
-1.552166688442230225e+01 -9.897772407531737926e+00
-1.584472807248433490e+01 -9.849011611938475852e+00
-1.487975974877675434e+01 -9.630736541748046164e+00
-1.540974199771881104e+01 -9.635296249389648793e+00
-1.614950223763783654e+01 -9.885179710388182883e+00
-1.627781359354655066e+01 -9.611010932922363637e+00
-1.605911962191263953e+01 -9.891868782043456321e+00
-1.569548650582631488e+01 -1.009559307098388636e+01
-1.576074091593424420e+01 -9.836081695556639914e+00
-1.597017610073089600e+01 -1.010960006713867188e+01
-1.589652033646901508e+01 -1.038669490814208984e+01
-1.624659963448842248e+01 -9.867370033264160512e+00
-1.569842688242594342e+01 -1.011528816223144567e+01
-1.580193662643432617e+01 -9.844142913818359375e+00
-1.639187363783518592e+01 -9.604627418518067117e+00
-1.617646455764770508e+01 -8.974299812316894887e+00
-1.539596176147460938e+01 -9.383740615844725852e+00
-1.572668214639027973e+01 -1.002392883300781179e+01
-1.592169173558553119e+01 -9.646188735961914062e+00
-1.620150434970855713e+01 -9.605859756469726562e+00
-1.634824363390604773e+01 -9.865411376953124645e+00
-1.626374030113220215e+01 -9.625698089599609375e+00
-1.609743932882944861e+01 -1.001211986541748011e+01
-1.608292714754740516e+01 -9.974801254272460227e+00
-1.621929204463958740e+01 -9.961909675598144887e+00
-1.660662229855855188e+01 -9.728040313720702770e+00
-1.649977080027262488e+01 -9.889843559265136363e+00
-1.638889737923939904e+01 -9.855795669555664773e+00
-1.629344093799591064e+01 -9.660684013366699574e+00
-1.585355222225189209e+01 -9.590538597106933238e+00
-1.582109407583872418e+01 -9.830161476135254262e+00
-1.617758552233378211e+01 -9.958546447753906961e+00
-1.635690287748972693e+01 -9.702435111999511363e+00
-1.612231846650441369e+01 -9.496281623840332031e+00
-1.633909845352172852e+01 -9.746017837524414418e+00
-1.646949231624603271e+01 -9.552485084533691051e+00
-1.626042405764262000e+01 -9.707696723937988992e+00
-1.626766339937845984e+01 -9.573687362670899148e+00
-1.600929713249206543e+01 -9.711616325378418679e+00
-1.643841147422790527e+01 -9.569668197631836293e+00
-1.636049362023671350e+01 -1.003302936553955149e+01
-1.631742370128631592e+01 -9.869834518432616832e+00
-1.654172380765279016e+01 -9.967412757873535867e+00
-1.643717229366302490e+01 -9.338358879089355469e+00
-1.639011840025584021e+01 -9.773872566223143821e+00
-1.663870708147684851e+01 -9.327038955688475852e+00
-1.605502835909525672e+01 -9.572340774536133523e+00
-1.648439606030781945e+01 -9.773972511291503906e+00
-1.653075806299845496e+01 -9.634314537048339844e+00
-1.638329891363779822e+01 -9.931143760681152344e+00
-1.632526083787282190e+01 -9.554137802124023082e+00
-1.614171870549519738e+01 -9.916326713562011008e+00
-1.590066142876943012e+01 -9.591726493835448508e+00
-1.639782555898030481e+01 -9.261182594299317117e+00
-1.668561387062072754e+01 -9.852710914611815696e+00
-1.622405072053273400e+01 -9.583618927001953836e+00
-1.642252707481384277e+01 -9.523798942565917969e+00
-1.608185370763142785e+01 -9.966664505004882102e+00
-1.600593821207682410e+01 -9.354287719726562145e+00
-1.609933964411417762e+01 -1.002828311920166016e+01
-1.613246838251749793e+01 -9.830752944946288707e+00
-1.675872635841369629e+01 -9.561894607543944602e+00
-1.652721881866455078e+01 -9.560852241516112571e+00
-1.645916346708933631e+01 -9.357587051391600852e+00
-1.691466585795084754e+01 -9.559990501403808238e+00
-1.664307355880737305e+01 -9.468290138244629617e+00
-1.632009780406951904e+01 -9.494721031188964488e+00
-1.697084887822468957e+01 -9.977495956420899148e+00
-1.674397118886311731e+01 -9.585233497619629617e+00
-1.649442950884501258e+01 -9.361786079406737571e+00
-1.602719028790791711e+01 -9.638362312316894887e+00
-1.686011954148610315e+01 -9.994814491271972301e+00
-1.625914227962493896e+01 -9.977740097045899148e+00
-1.648143287499745568e+01 -9.949827384948729758e+00
-1.683040380477905273e+01 -9.754693984985351562e+00
-1.687045228481292725e+01 -9.728873252868652344e+00
-1.682345497608184814e+01 -9.997529411315918324e+00
-1.690216052532196045e+01 -9.611016082763672586e+00
-1.690106721719105920e+01 -9.333338546752930398e+00
-1.689870536327362061e+01 -1.016929187774658239e+01
-1.630866412321726600e+01 -9.882074069976805930e+00
-1.654009024302164832e+01 -9.711008071899414062e+00
-1.678951092561085900e+01 -9.380400276184081676e+00
-1.688347105185190955e+01 -9.697816658020020242e+00
-1.696075256665547570e+01 -9.427069091796875355e+00
-1.627219605445861816e+01 -9.687639045715332742e+00
-1.629016363620758057e+01 -1.017177658081054759e+01
-1.603916867574055871e+01 -9.608407783508301492e+00
-1.667481215794881066e+01 -8.878136062622070668e+00
-1.633192054430643836e+01 -9.487147712707519887e+00
-1.688963127136230469e+01 -9.373591804504394887e+00
-1.602125728130340576e+01 -9.373729515075684304e+00
-1.588811127344767193e+01 -9.486015319824218750e+00
-1.696406586964925012e+01 -9.752728652954100852e+00
-1.701407154401143274e+01 -9.771543693542479758e+00
-1.705639882882435998e+01 -9.494401931762695312e+00
-1.712872727711995324e+01 -9.441486740112305043e+00
-1.614564836025238037e+01 -9.062668991088866477e+00
-1.623137648900349816e+01 -9.664748573303223012e+00
-1.701575744152069092e+01 -9.073880767822265270e+00
-1.716047135988871375e+01 -9.536923217773438211e+00
-1.725283225377400598e+01 -9.423015975952148793e+00
-1.688391347726185998e+01 -9.587001991271971946e+00
-1.636761188507080078e+01 -9.009612178802489879e+00
-1.631904510656992713e+01 -9.632358360290528054e+00
-1.670399876435597619e+01 -9.127219772338866832e+00
-1.654626731077830115e+01 -9.403020286560058949e+00
-1.699548470973968506e+01 -9.575406074523925781e+00
-1.657607309023539344e+01 -9.936142349243164418e+00
-1.656092071533203125e+01 -9.688537597656250000e+00
-1.738928707440694055e+01 -9.287771034240723367e+00
-1.700760817527770996e+01 -9.264695930480957742e+00
-1.667461005846659461e+01 -9.527223777770995383e+00
-1.680909331639607629e+01 -9.457246017456053977e+00
-1.692938959598541260e+01 -9.645172882080078836e+00
-1.637220827738444129e+01 -9.498147392272949574e+00
-1.698513201872507850e+01 -9.173692512512207742e+00
-1.727923242251078406e+01 -9.609473991394043679e+00
-1.701166065533955774e+01 -9.707768249511719461e+00
-1.684871872266133508e+01 -9.311466407775878196e+00
-1.750983357429504395e+01 -9.599468421936034446e+00
-1.630968312422434607e+01 -9.312002182006835938e+00
-1.630905071894327918e+01 -9.491300582885742188e+00
-1.724265352884928504e+01 -9.393830490112303977e+00
-1.668214007218678674e+01 -9.729393196105956321e+00
-1.653202958901723107e+01 -9.810225486755371094e+00
-1.721270640691121301e+01 -9.719396400451660867e+00
-1.633665867646535119e+01 -9.965777969360351207e+00
-1.693112889925638953e+01 -9.429036521911621449e+00
-1.704148268699645996e+01 -9.402778625488281250e+00
-1.656657155354817590e+01 -9.737086105346680398e+00
-1.722378893693288049e+01 -9.344652175903320312e+00
-1.657288213570912561e+01 -9.435635185241698863e+00
-1.723512721061706543e+01 -9.435385227203369141e+00
-1.671929124991099158e+01 -9.343794250488281605e+00
-1.714499727884928504e+01 -9.729536819458008523e+00
-1.747544280687968055e+01 -9.250299453735351562e+00
-1.768988700707753381e+01 -9.518744373321533558e+00
-1.702212270100911340e+01 -9.549097824096680398e+00
-1.673707803090413293e+01 -9.453718566894531605e+00
-1.710318116346995154e+01 -9.329614067077637074e+00
-1.713923780123392859e+01 -9.533404254913330433e+00
-1.723908444245656213e+01 -9.349630928039550426e+00
-1.695128146807352820e+01 -9.169797515869140270e+00
-1.706251180171966553e+01 -9.136990165710448863e+00
-1.737116173903147498e+01 -9.503495025634766336e+00
-1.736826503276824951e+01 -9.346740913391112571e+00
-1.721267827351887902e+01 -9.282054805755615590e+00
-1.717551314830780029e+01 -9.498372268676757102e+00
-1.705199484030405799e+01 -9.438438701629639382e+00
-1.722969496250152588e+01 -9.298414802551269176e+00
-1.771465182304382324e+01 -9.299435234069823863e+00
-1.747301054000854492e+01 -9.448243904113770242e+00
-1.643329862753550330e+01 -9.643814659118651988e+00
-1.660383121172587195e+01 -9.484420585632324929e+00
-1.718904829025268555e+01 -9.568714523315430043e+00
-1.684166228771209717e+01 -1.020259857177734375e+01
-1.713932629426320275e+01 -9.178422355651855824e+00
-1.625062433878580848e+01 -9.493434333801269887e+00
-1.701450820763905725e+01 -9.041251754760741832e+00
-1.704454477628071984e+01 -9.375615501403808949e+00
-1.733644151687622070e+01 -9.134381771087646484e+00
-1.738512309392293176e+01 -9.125482559204101562e+00
-1.722861703236897668e+01 -8.675831031799315696e+00
-1.667542469501495361e+01 -9.713983726501464133e+00
-1.757324059804280481e+01 -9.111585617065429688e+00
-1.734143626689910889e+01 -9.539069747924804332e+00
-1.703066941102345666e+01 -9.644160842895507457e+00
-1.719634338219960412e+01 -9.411582565307616832e+00
-1.701183271408081055e+01 -9.707174682617187855e+00
-1.756188503901163855e+01 -9.173929023742676492e+00
-1.761498117446899414e+01 -9.466573619842529652e+00
-1.762855847676594934e+01 -9.210099887847899680e+00
-1.741533605257670203e+01 -9.352100753784180043e+00
-1.742171907424926758e+01 -9.541809654235839488e+00
-1.736057225863138953e+01 -9.188153266906738281e+00
-1.782281025250752649e+01 -9.276328849792481179e+00
-1.723763970534006873e+01 -9.306018829345703125e+00
-1.774580748875935754e+01 -9.247813796997069957e+00
-1.716353539625803748e+01 -9.055844116210938211e+00
-1.671032941341400146e+01 -9.316292381286620738e+00
-1.709085925420125207e+01 -9.264834213256836648e+00
-1.762368599573771277e+01 -9.219565391540527344e+00
-1.768417827288309851e+01 -9.578340721130370383e+00
-1.740128819147745887e+01 -9.324561500549316762e+00
