# Train Val
3.154765168825785504e-01 -2.929549598693847567e+00
-5.506735891103744507e+00 -7.039021015167236328e+00
-7.624669591585795381e+00 -7.894886970520019531e+00
-7.892759124437968232e+00 -7.921863174438476207e+00
-7.932771046956379912e+00 -7.918203258514404652e+00
-7.893620828787486055e+00 -7.926005363464355469e+00
-7.911094228426615693e+00 -7.931740093231200994e+00
-7.959857622782389619e+00 -7.934668922424316762e+00
-7.930063803990681670e+00 -7.921119117736816762e+00
-7.936596552530924775e+00 -7.971505641937255859e+00
-7.948700567086537383e+00 -7.924220085144042969e+00
-7.986940403779347442e+00 -7.998032283782959162e+00
-7.998562554518382051e+00 -7.943629932403564631e+00
-8.022235413392385439e+00 -8.008166122436524148e+00
-8.030363162358602480e+00 -8.039582824707030895e+00
-8.031778514385223389e+00 -8.077909946441650391e+00
-8.057934840520223574e+00 -8.080941677093505859e+00
-8.033985455830892519e+00 -8.055219173431396484e+00
-8.024068137009939150e+00 -8.075646018981933238e+00
-8.099865198135375977e+00 -8.124300384521484730e+00
-8.074392418066659971e+00 -8.156100845336913707e+00
-8.077647109826406435e+00 -8.094438171386718395e+00
-8.097770154476165771e+00 -8.150837135314940696e+00
-8.108273466428121523e+00 -8.113188457489012961e+00
-8.097347815831502871e+00 -8.110826492309570312e+00
-8.102816979090372129e+00 -8.124839878082275035e+00
-8.093186418215433164e+00 -8.123945903778075461e+00
-8.041247149308523134e+00 -7.999988365173339666e+00
-8.067921082178751035e+00 -8.121919727325439098e+00
-8.108228425184885069e+00 -8.110706615447998757e+00
-8.100242575009664492e+00 -8.111246109008789062e+00
-8.134798268477121397e+00 -8.162958335876464133e+00
-8.102854132652282715e+00 -8.081762218475342152e+00
-8.083511034647623106e+00 -8.168997764587402344e+00
-8.116707424322763487e+00 -8.158143615722655895e+00
-8.137148638566335634e+00 -8.182499980926513317e+00
-8.157219727834066347e+00 -8.089941406250000355e+00
-8.125859498977661133e+00 -8.204276943206787465e+00
-8.161674996217092470e+00 -8.146940231323242188e+00
-8.143811583518981934e+00 -8.210186195373534446e+00
-8.148393809795379639e+00 -8.166564655303954368e+00
-8.143331487973531679e+00 -8.232392215728760121e+00
-8.193043092886606260e+00 -8.210005378723144176e+00
-8.161588311195373535e+00 -8.079830169677734375e+00
-8.156856258710226015e+00 -8.210777282714843750e+00
-8.230178117752075195e+00 -8.237946987152099609e+00
-8.174047390619913145e+00 -8.098200321197509766e+00
-8.231418430805206299e+00 -8.155067062377929332e+00
-8.188724497954050108e+00 -8.251898670196533558e+00
-8.188294887542724609e+00 -8.276496791839599965e+00
-8.212462027867635683e+00 -8.260163784027099609e+00
-8.268209417661031679e+00 -8.306510448455810547e+00
-8.233893374601999327e+00 -8.080344581604004262e+00
-8.317175865173339844e+00 -8.290717792510985618e+00
-8.361044744650522276e+00 -8.442161655426025035e+00
-8.264321545759836241e+00 -8.361633110046387429e+00
-8.349191566308340029e+00 -8.389069843292237039e+00
-8.409859299659729004e+00 -8.281468772888183949e+00
-8.340313871701559023e+00 -8.047146987915038352e+00
-8.193066418170928955e+00 -8.357781696319580789e+00
-8.397286355495452881e+00 -8.505691623687743785e+00
-8.471337993939718203e+00 -8.394360828399658914e+00
-8.364137371381124453e+00 -8.205591392517089133e+00
-8.226917584737142519e+00 -8.436478805541991477e+00
-8.465598523616790771e+00 -8.362310314178467152e+00
-8.427105486392974854e+00 -8.398136043548584340e+00
-8.462506870428720518e+00 -8.432785034179687500e+00
-8.522063732147216797e+00 -8.232766437530518289e+00
-8.542856514453887939e+00 -8.645238494873046520e+00
-8.590601583321889834e+00 -8.318942356109619851e+00
-8.613046606381734804e+00 -8.604072761535643821e+00
-8.672310829162597656e+00 -8.711242961883545632e+00
-8.760786354541778564e+00 -8.284277057647704723e+00
-8.607667267322540283e+00 -8.513574981689453480e+00
-8.585994640986124082e+00 -8.199514961242675426e+00
-8.606855730215707823e+00 -8.655151271820068715e+00
-8.725990811983743711e+00 -7.860720825195312678e+00
-8.598272124926248594e+00 -8.563499259948731179e+00
-8.671237448851266905e+00 -8.725076484680176492e+00
-8.823416868845621153e+00 -8.555727767944336648e+00
-8.732827345530191465e+00 -8.572051525115966797e+00
-8.756135106086730957e+00 -8.764959716796875355e+00
-8.770604689915975527e+00 -8.692834854125976562e+00
-8.806513170401254698e+00 -8.383719730377197976e+00
-8.593820234139760927e+00 -8.377965259552002664e+00
-8.721629003683725401e+00 -8.505798625946045632e+00
-8.927518804868062929e+00 -8.528745079040527699e+00
-8.963768939177194639e+00 -8.711606693267821555e+00
-8.567677736282348633e+00 -8.775966930389405007e+00
-8.705754856268564268e+00 -8.745438766479491477e+00
-8.943207581837972597e+00 -8.626081657409667258e+00
-8.693985819816589355e+00 -8.311330127716065164e+00
-8.796995341777801514e+00 -8.782979393005371449e+00
-9.057066241900125547e+00 -8.534880447387696023e+00
-8.849295914173126221e+00 -8.765094852447509410e+00
-8.833524465560913086e+00 -8.817285919189453480e+00
-8.838905354340871767e+00 -8.743391036987304688e+00
-9.031285325686136289e+00 -8.404376506805419922e+00
-9.012440760930379824e+00 -8.433775138854979758e+00
-9.008569558461507754e+00 -8.512403869628906605e+00
-9.042654474576314882e+00 -8.534794425964355113e+00
-8.997038741906484560e+00 -8.651459980010987039e+00
-9.185038487116495176e+00 -8.677682685852051492e+00
-9.136370698610940977e+00 -8.703959846496582387e+00
-9.185462355613708496e+00 -8.481751346588135121e+00
-9.107541938622793154e+00 -8.508902549743652344e+00
-9.285169045130411192e+00 -8.732671546936035867e+00
-9.063921749591827393e+00 -8.725875663757324929e+00
-8.918813844521841006e+00 -8.417600345611571555e+00
-9.186805049578348203e+00 -8.656145095825195312e+00
-9.318461537361145020e+00 -8.615161895751953125e+00
-9.181693832079568907e+00 -8.152762603759764914e+00
-9.019239564736684756e+00 -8.708380889892577414e+00
-9.166447798411050840e+00 -8.549057006835937500e+00
-9.201913356781005859e+00 -8.797546005249023082e+00
-9.488762855529785156e+00 -8.866224098205567117e+00
-9.507630825042724609e+00 -8.827068138122559304e+00
-9.449942549069723086e+00 -8.898230552673339844e+00
-9.389723579088846250e+00 -8.661820983886718395e+00
-9.138929347197214170e+00 -8.065383434295654297e+00
-9.419982274373372988e+00 -9.005427932739257457e+00
-9.469423194726308779e+00 -8.732816123962402699e+00
-9.392314692338308291e+00 -8.721081829071044567e+00
-9.484218120574951172e+00 -8.968443202972412820e+00
-9.502674976984659239e+00 -8.667239475250244851e+00
-9.440362493197122618e+00 -8.591432285308837180e+00
-9.510387778282165527e+00 -8.853691101074218750e+00
-9.534173448880514101e+00 -8.475505924224853160e+00
-9.591345349947610899e+00 -9.077653312683105824e+00
-9.479173024495443300e+00 -8.755383872985840199e+00
-9.549745758374532656e+00 -8.723896598815917613e+00
-9.521257917086282774e+00 -8.881426239013672230e+00
-9.643901387850442930e+00 -9.039426898956298473e+00
-9.652844111124673887e+00 -8.861313533782958274e+00
-9.706812739372253418e+00 -8.877091884613037109e+00
-9.685131311416625977e+00 -8.646118354797362571e+00
-9.644477367401123047e+00 -8.730072879791260121e+00
-9.715650320053100586e+00 -8.096977519989014382e+00
-9.458939909934997559e+00 -9.040536308288574574e+00
-9.443480094273885683e+00 -8.776225090026855469e+00
-9.562258760134378477e+00 -8.588024330139159446e+00
-9.668824791908264160e+00 -8.336757469177246804e+00
-9.590828299522399902e+00 -7.946044635772705256e+00
-9.520776569843292236e+00 -9.041547489166259055e+00
-9.780161023139953613e+00 -8.691238212585449929e+00
-9.842617829640706972e+00 -8.584607315063475852e+00
-9.448895454406738281e+00 -9.002389049530028942e+00
-9.948489228884378477e+00 -9.202161121368408914e+00
-9.983302235603332520e+00 -8.855088043212891336e+00
-9.931949496269226074e+00 -8.484658527374268289e+00
-9.958331267038980528e+00 -8.802388381958007102e+00
-1.000403837362925152e+01 -9.064407348632812500e+00
-1.001585511366526227e+01 -8.527215385437012074e+00
-9.961617350578308105e+00 -8.742082786560057883e+00
-9.893430987993875547e+00 -8.867423820495606179e+00
-1.004076349735260010e+01 -8.765684032440185902e+00
-1.006702351570129395e+01 -8.945886039733887074e+00
-1.004854162534078021e+01 -8.759202957153320312e+00
-9.936558425426483154e+00 -8.117001056671142578e+00
-9.828821539878845215e+00 -8.662309932708740945e+00
-9.910349527994791075e+00 -8.965148544311523082e+00
-1.013250148296356201e+01 -9.033482360839844461e+00
-1.012646162509918213e+01 -8.858949279785155895e+00
-1.008712669213612934e+01 -9.068779182434081321e+00
-9.800007541974386172e+00 -7.803049373626708807e+00
-9.958481748898824648e+00 -9.070382022857666371e+00
-1.001976029078165631e+01 -8.973675346374511363e+00
-1.001837031046549420e+01 -8.788106918334960938e+00
-9.803927342096963926e+00 -8.267440700531006215e+00
-1.004240898291269879e+01 -9.059008979797363637e+00
-9.940691669782003359e+00 -9.173847389221190696e+00
-9.920995712280273438e+00 -7.827571773529053090e+00
-9.518212358156839414e+00 -9.030028915405273082e+00
-1.010050439834594727e+01 -8.239556980133055930e+00
-9.922252694765726133e+00 -8.862676525115967152e+00
-1.002066051959991455e+01 -8.716422653198241832e+00
-1.025328179200490375e+01 -7.945212173461913885e+00
-1.009587808450063129e+01 -9.059872627258300781e+00
-1.020767267545064350e+01 -8.819841194152832742e+00
-1.020361272493998150e+01 -9.225156211853027699e+00
-1.040841980775197406e+01 -9.005430221557617188e+00
-1.050635071595509906e+01 -8.467043876647949219e+00
-1.034201769034067731e+01 -9.064178657531737571e+00
-1.034096189339955707e+01 -8.654448318481446023e+00
-1.038592207431793213e+01 -8.869828319549560192e+00
-1.051818863550821881e+01 -8.897109794616699929e+00
-1.037101578712463379e+01 -8.917500495910644531e+00
-9.926159262657165527e+00 -8.813219070434570312e+00
-9.856222669283548399e+00 -9.050381278991698863e+00
-1.021572744846343994e+01 -9.165182495117187855e+00
-1.035162703196207623e+01 -8.930570220947265270e+00
-1.039712456862131695e+01 -8.756352329254150746e+00
-9.872904181480407715e+00 -9.299118518829345703e+00
-1.051017828782399555e+01 -8.869693756103515625e+00
-1.045323212941487689e+01 -9.184756278991699219e+00
-1.052368934949239154e+01 -9.190299892425537465e+00
-1.043155531088511090e+01 -9.093524074554443004e+00
-1.019488962491353412e+01 -8.768168830871582387e+00
-1.056387794017791748e+01 -8.500220870971679332e+00
-1.051693212985992432e+01 -9.177899551391600852e+00
-1.047211575508117676e+01 -9.073217773437500355e+00
-1.052621424198150635e+01 -9.168536281585693004e+00
-1.053911356131235699e+01 -9.014568996429442649e+00
-1.046076726913452148e+01 -8.905633544921874645e+00
-1.079061337312062641e+01 -8.995289993286132102e+00
-1.042650890350341797e+01 -8.714216041564942117e+00
-1.030206628640492816e+01 -9.239630317687987926e+00
-1.054789201418558697e+01 -9.056925678253174183e+00
-1.058969775835672955e+01 -9.131078147888183949e+00
-1.006651906172434430e+01 -8.988769149780273082e+00
-1.064158407847086529e+01 -9.099653244018554688e+00
-1.065572412808736225e+01 -8.114853000640868785e+00
-1.022239895661672016e+01 -9.338079738616944070e+00
-1.072629499435424805e+01 -9.112737274169921520e+00
-1.058167401949564557e+01 -8.656768798828125000e+00
-1.050398433208465576e+01 -8.891624641418456321e+00
-1.007676182190577130e+01 -9.414910507202147727e+00
-1.016882266600926776e+01 -9.037866306304930930e+00
-1.062377687295277973e+01 -8.810038280487059836e+00
-1.079494293530782123e+01 -9.195973396301269531e+00
-1.073965768019358258e+01 -9.486012268066406961e+00
-1.061226308345794678e+01 -9.310349273681641336e+00
-1.072484115759531598e+01 -9.230037307739257457e+00
-1.062348512808481793e+01 -8.972795009613037109e+00
-1.078067052364349365e+01 -8.627765178680419922e+00
-1.053956878185272217e+01 -9.152668190002440696e+00
-1.093673110008239746e+01 -9.283949851989746094e+00
-1.085715711116790771e+01 -9.012163352966307883e+00
-1.053102664152781109e+01 -8.127187347412109020e+00
-1.086150499184926410e+01 -8.911047744750977273e+00
-1.091274984677632709e+01 -8.857448291778563743e+00
-1.089438752333323102e+01 -9.123627662658691406e+00
-1.102731351057688336e+01 -9.349465942382812145e+00
-1.111025659243265729e+01 -9.175649929046631570e+00
-1.101594706376393695e+01 -9.191300582885741477e+00
-1.101768469810485840e+01 -9.417581367492676492e+00
-1.097209751605987549e+01 -9.273366451263427734e+00
-1.112536076704660992e+01 -9.315104103088378551e+00
-1.103265396753946881e+01 -9.004091644287109730e+00
-1.097225371996561627e+01 -9.084347534179688211e+00
-1.087902772426605225e+01 -8.990097427368164418e+00
-1.121009337902069092e+01 -9.118927001953125000e+00
-1.093150444825490375e+01 -9.219759750366211648e+00
-1.127880632877349854e+01 -9.133322429656981711e+00
-1.126208794116973877e+01 -9.222418975830077414e+00
-1.092066264152526855e+01 -9.135597991943360086e+00
-1.052112424373626709e+01 -9.222776031494140270e+00
-1.075167508920033832e+01 -9.483173370361328125e+00
-1.131723610560099225e+01 -8.811467075347900746e+00
-1.111028075218200684e+01 -9.312081336975097656e+00
-1.117836169401804547e+01 -9.436497879028319602e+00
-1.120108600457509418e+01 -9.054414653778076527e+00
-1.110483849048614502e+01 -9.543787097930907848e+00
-1.124679386615753174e+01 -9.782704639434815164e+00
-1.133216329415639301e+01 -9.459204292297362926e+00
-1.145667084058125873e+01 -8.924535369873046520e+00
-1.158659128348032574e+01 -9.261472034454346414e+00
-1.160055474440256695e+01 -9.487346649169921875e+00
-1.149016960461934467e+01 -8.999743270874024148e+00
-1.150269456704457660e+01 -9.236435890197753906e+00
-1.127905547618865967e+01 -9.155611801147461648e+00
-1.110655081272125244e+01 -9.347430038452149148e+00
-1.163315335909525494e+01 -9.220549964904785512e+00
-1.118108550707499127e+01 -8.940843391418457742e+00
-1.148396019140879254e+01 -9.392016029357909801e+00
-1.140192663669586182e+01 -9.447570228576660512e+00
-1.113896159331003766e+01 -8.995931053161621449e+00
-1.150483043988545795e+01 -9.416444969177245383e+00
-1.102280771732330322e+01 -9.385824203491210938e+00
-1.160584684213002582e+01 -9.470782661437988637e+00
-1.176575330893198590e+01 -9.289566230773925071e+00
-1.135606729984283447e+01 -9.093713283538818359e+00
-1.163395325342814068e+01 -9.125357818603514914e+00
-1.170571724573771100e+01 -9.235190200805664773e+00
-1.144140998522440533e+01 -9.028642654418945312e+00
-1.103510920206705670e+01 -7.374869728088379262e+00
-1.085470132033030133e+01 -9.125389671325683238e+00
-1.135346845785776715e+01 -9.396332263946533203e+00
-1.136343268553415875e+01 -9.090401458740235086e+00
-1.160839056968688965e+01 -9.374260139465331321e+00
-1.156221417586008648e+01 -9.293446922302246449e+00
-1.179766527811686139e+01 -9.207335090637206676e+00
-1.144288122653961182e+01 -9.784271049499512429e+00
-1.170098010698954205e+01 -9.525432586669921875e+00
-1.181171762943267822e+01 -9.537440681457519887e+00
-1.153309245904286762e+01 -9.464405059814453125e+00
-1.176348098119099994e+01 -9.499889183044434304e+00
-1.187749652067820172e+01 -9.488270854949950817e+00
-1.161418942610422711e+01 -8.170431423187256570e+00
-1.095419669151306152e+01 -8.696190643310547586e+00
-1.130811051527659039e+01 -9.454769515991211293e+00
-1.174666619300842285e+01 -9.384462928771972301e+00
-1.188852659861246686e+01 -9.250731182098387961e+00
-1.160304975509643555e+01 -9.609285163879395242e+00
-1.183452121416727643e+01 -9.253071022033690696e+00
-1.195968544483184814e+01 -9.345997619628906961e+00
-1.205497483412424664e+01 -9.753300285339355113e+00
-1.195066213607788086e+01 -9.384920501708984730e+00
-1.205339237054189105e+01 -9.425630950927734730e+00
-1.136741463343302350e+01 -8.883031272888183949e+00
-1.140781939029693604e+01 -9.563335800170898793e+00
-1.219530081748962402e+01 -9.444295501708984020e+00
-1.215054217974344830e+01 -9.646118164062500000e+00
-1.189284602801004986e+01 -9.829759788513182883e+00
-1.178654440244038959e+01 -9.271471977233886719e+00
-1.212678631146748920e+01 -9.184876060485839488e+00
-1.215533785025278668e+01 -9.383640861511230113e+00
-1.197829159100850482e+01 -9.303936481475830078e+00
-1.199042356014251709e+01 -9.011759376525878551e+00
-1.191675607363382916e+01 -9.411684226989745383e+00
-1.206213037172953229e+01 -9.032019805908202414e+00
-1.205741651852925678e+01 -9.110811996459961648e+00
-1.206973775227864643e+01 -9.555770301818848012e+00
-1.248889044920603375e+01 -9.040862655639648082e+00
-1.200153609116872211e+01 -9.519237899780273793e+00
-1.225158830483754535e+01 -9.647047805786133523e+00
-1.210576307773590088e+01 -9.267657089233399148e+00
-1.230141842365264893e+01 -8.997237205505371094e+00
-1.162903940677642822e+01 -9.914390754699706321e+00
-1.208260611693064313e+01 -9.774713706970214133e+00
-1.254684007167816162e+01 -9.317702388763427379e+00
-1.223969757556915283e+01 -9.608279609680176137e+00
-1.175682222843170166e+01 -8.731897735595703480e+00
-1.201502287387847900e+01 -9.527295303344725852e+00
-1.260412915547688861e+01 -8.756409263610839488e+00
-1.252436975638071637e+01 -9.476489448547363637e+00
-1.238697119553883930e+01 -9.299156379699706321e+00
-1.222163546085357666e+01 -9.608298873901366832e+00
-1.223479783535003662e+01 -9.630200386047363281e+00
-1.232389414310455322e+01 -9.731400299072266336e+00
-1.218600181738535504e+01 -9.569617843627929332e+00
-1.215092412630716900e+01 -9.680646705627442117e+00
-1.251944470405578613e+01 -9.568133926391601207e+00
-1.263498552640279193e+01 -9.639914131164550426e+00
-1.284663224220275879e+01 -9.485766983032226207e+00
-1.222231988112131695e+01 -9.382198524475096946e+00
-1.209994840621948242e+01 -9.640147781372069957e+00
-1.216050390402475934e+01 -9.277939510345458274e+00
-1.225846016407012939e+01 -8.989695835113526101e+00
-1.235926024119059186e+01 -9.373753929138183949e+00
-1.222383066018422504e+01 -8.788400268554687145e+00
-1.189438434441884418e+01 -8.828579998016357067e+00
-1.193927121162414551e+01 -9.337770366668701527e+00
-1.245969140529632568e+01 -9.324457931518555398e+00
-1.244326786200205426e+01 -9.479807281494140980e+00
-1.240314197540283203e+01 -8.536108779907227273e+00
-1.243875833352406879e+01 -9.374074745178223367e+00
-1.249247463544209857e+01 -9.322470664978027344e+00
-1.231863558292388916e+01 -9.275263786315917969e+00
-1.264392058054606061e+01 -9.326961231231688743e+00
-1.224766576290130615e+01 -9.494861602783203125e+00
-1.265094153086344342e+01 -9.141132545471190696e+00
-1.240561568737030029e+01 -8.963913249969483132e+00
-1.294319772720336914e+01 -9.468052673339844461e+00
-1.295221531391143799e+01 -9.437263107299804332e+00
-1.295116790135701557e+01 -9.206645011901855469e+00
-1.274189666906992535e+01 -9.087583541870117188e+00
-1.280908131599426270e+01 -9.752942371368408914e+00
-1.304503774642944336e+01 -9.241158008575439453e+00
-1.290293935934702496e+01 -9.437568855285643821e+00
-1.281538776556650738e+01 -9.439073944091797230e+00
-1.304710872968037982e+01 -9.678286552429199219e+00
-1.283302056789398193e+01 -9.557701492309570668e+00
-1.280279747645060162e+01 -9.383864593505858664e+00
-1.293803389867146869e+01 -8.302538585662841086e+00
-1.253788240750630756e+01 -9.767125320434569602e+00
-1.275313925743103027e+01 -8.966579914093017578e+00
-1.303337788581848145e+01 -9.339777374267578480e+00
-1.287770167986551861e+01 -9.254160881042480469e+00
-1.292434517542521100e+01 -9.459340572357177734e+00
-1.308037106196085553e+01 -9.369739723205565696e+00
-1.299670835336049457e+01 -8.933574676513671875e+00
-1.193753115336100201e+01 -9.462104606628418679e+00
-1.320627562204996686e+01 -9.382897853851318359e+00
-1.323242155710856061e+01 -9.363543891906738637e+00
-1.324738601843515973e+01 -9.110468292236328480e+00
-1.221063609917958637e+01 -9.459507560729980113e+00
-1.314013874530792236e+01 -9.192409706115721946e+00
-1.298936692873636822e+01 -8.840778732299805043e+00
-1.312929570674896240e+01 -8.977708816528320312e+00
-1.281790852546691895e+01 -9.366143131256103871e+00
-1.215364698568979840e+01 -8.478729629516601918e+00
-1.269642384847005268e+01 -8.492311096191405895e+00
-1.256815719604492188e+01 -9.306326770782471058e+00
-1.325538714726766010e+01 -8.687359428405761363e+00
-1.239582661787668805e+01 -9.427560234069824574e+00
-1.314486793677012066e+01 -9.064623451232909801e+00
-1.294815079371134381e+01 -9.268950653076171164e+00
-1.289168433348337750e+01 -9.564690780639647727e+00
-1.330121151606241803e+01 -9.593934345245362039e+00
-1.286723975340525250e+01 -9.608305931091308594e+00
-1.282631818453470807e+01 -8.935942268371581676e+00
-1.299383803208669086e+01 -9.214539146423339488e+00
-1.301596152782440186e+01 -9.605344200134277699e+00
-1.307643600304921527e+01 -9.287259674072265270e+00
-1.353171062469482422e+01 -9.123398590087891336e+00
-1.317150505383809467e+01 -9.064620494842529297e+00
-1.344988973935445209e+01 -9.161282539367675781e+00
-1.347576836744944195e+01 -9.336331176757813211e+00
-1.318950239817301373e+01 -9.338472652435303445e+00
-1.329834850629170795e+01 -9.201294136047362571e+00
-1.351504226525624652e+01 -9.342614841461180930e+00
-1.329540582497914691e+01 -9.321324729919433949e+00
-1.369946841398874859e+01 -9.344556999206542258e+00
-1.298390253384908100e+01 -8.772930049896240590e+00
-1.287271563212076764e+01 -8.923943233489989524e+00
-1.257504598299662213e+01 -7.744699478149414062e+00
-1.230553332964579205e+01 -8.872716712951660867e+00
-1.342864227294921875e+01 -9.476095581054687855e+00
-1.365739611784617047e+01 -9.270530891418456321e+00
-1.355935768286387066e+01 -9.773741245269775391e+00
-1.356311388810475727e+01 -8.816750717163085227e+00
-1.304609839121500592e+01 -8.797810554504394531e+00
-1.332218706607818604e+01 -9.482896327972412109e+00
-1.357758561770121197e+01 -9.177254962921143289e+00
-1.352646640936533551e+01 -9.094771575927733664e+00
-1.357674487431844135e+01 -9.197572803497314098e+00
-1.339679300785064697e+01 -9.451479530334472301e+00
-1.365968517462412457e+01 -9.220125961303711648e+00
-1.364498500029245953e+01 -8.583542060852050071e+00
-1.356591304143269916e+01 -9.242527389526367543e+00
-1.308751602967580219e+01 -8.933364295959473012e+00
-1.346231273810068707e+01 -9.151682472229003551e+00
-1.250443967183431049e+01 -9.341332626342772727e+00
-1.336256535847981830e+01 -9.196185684204101207e+00
-1.358958983421325684e+01 -9.161888694763183238e+00
-1.351710204283396344e+01 -8.319347763061523793e+00
-1.289663255214691162e+01 -9.347801017761231179e+00
-1.335580575466156006e+01 -9.410895061492919211e+00
-1.392178459962209125e+01 -9.129440307617187500e+00
-1.408409821987152100e+01 -9.318953704833983664e+00
-1.389701763788858990e+01 -9.313200950622558594e+00
-1.398928141593933105e+01 -9.316231632232666371e+00
-1.345131532351175885e+01 -9.154168415069580789e+00
-1.336427652835845947e+01 -8.557624530792235618e+00
-1.295599106947580914e+01 -9.422885894775390625e+00
-1.229137877623240094e+01 -9.209373664855956321e+00
-1.334482208887735943e+01 -9.044690608978271484e+00
-1.392030624548594098e+01 -9.215886306762694602e+00
-1.411023640632629395e+01 -8.189339542388916371e+00
-1.374837998549143414e+01 -8.494328784942627664e+00
-1.326710542043050189e+01 -8.620463657379151101e+00
-1.313593685626983643e+01 -9.252298927307128551e+00
-1.346905624866485596e+01 -9.273611831665039773e+00
-1.377107886473337750e+01 -9.238090515136718750e+00
-1.405797823270162006e+01 -9.145765876770019176e+00
-1.415853122870127301e+01 -9.082011604309082387e+00
-1.367106088002522846e+01 -9.154321861267089133e+00
-1.369017016887664795e+01 -9.402690219879151101e+00
-1.388953427473703961e+01 -9.074958419799804332e+00
-1.384621743361155133e+01 -9.117582893371581676e+00
-1.431458417574564557e+01 -8.846021652221679688e+00
-1.405930761496225934e+01 -8.743126678466797586e+00
-1.363754642009735107e+01 -8.842428684234619141e+00
-1.386615852514902691e+01 -8.630312347412109730e+00
-1.426379756132761578e+01 -8.956264209747313743e+00
-1.445306917031606098e+01 -9.237707901000977273e+00
-1.414868048826853375e+01 -9.103496742248534446e+00
-1.402100018660227398e+01 -8.622422599792480824e+00
-1.308652643362681012e+01 -9.190038108825683949e+00
-1.368988688786824603e+01 -9.000583267211913707e+00
-1.418229818344116211e+01 -9.120709800720215199e+00
-1.436754914124806781e+01 -8.975158977508545632e+00
-1.405777494112650494e+01 -9.003294563293456676e+00
-1.366335483392079730e+01 -9.534210872650145774e+00
-1.380522684256235699e+01 -8.910703849792479758e+00
-1.457922156651814838e+01 -9.190320396423340199e+00
-1.477911126613616943e+01 -9.156743812561035867e+00
-1.410122577349344830e+01 -8.553108024597168679e+00
-1.406704246997833252e+01 -8.885385131835937145e+00
-1.449075615406036377e+01 -9.046479892730712180e+00
-1.393484600385030170e+01 -8.722316932678221946e+00
-1.464568487803141217e+01 -8.797029113769530895e+00
-1.464789044857025146e+01 -8.611858749389648793e+00
-1.373792362213134766e+01 -9.121908760070800426e+00
-1.415056176980336566e+01 -8.770285224914550426e+00
-1.431778283913930316e+01 -8.908066463470458274e+00
-1.485743232568105121e+01 -9.326380538940430398e+00
-1.501268831888834576e+01 -8.703280162811278586e+00
-1.443417108058929443e+01 -8.481470584869384766e+00
-1.427441636721293072e+01 -8.767261219024657493e+00
-1.414441645145416260e+01 -8.692346572875976562e+00
-1.473911134401957135e+01 -8.579965305328368430e+00
-1.383299752076466937e+01 -8.626002883911132457e+00
-1.358618370691935162e+01 -8.183644104003906961e+00
-1.383608114719390869e+01 -8.755475616455077770e+00
-1.439679964383443256e+01 -8.780754566192626953e+00
-1.481814877192179303e+01 -8.661714363098145242e+00
-1.500717004140218158e+01 -8.701468372344971058e+00
-1.450971599419911762e+01 -8.241358566284180398e+00
-1.408402780691782574e+01 -8.555524826049804688e+00
-1.467507282892862897e+01 -9.032881164550781605e+00
-1.427669103940328021e+01 -8.823863029479980469e+00
-1.502908134460449219e+01 -8.638857650756836648e+00
-1.433116813500722309e+01 -8.710530281066894531e+00
-1.359603520234425922e+01 -8.307414340972901101e+00
-1.388335748513539691e+01 -8.549938869476317649e+00
-1.388034248352050781e+01 -9.111858844757080078e+00
-1.493794806798299213e+01 -8.273611640930175426e+00
-1.391348723570505719e+01 -9.026408958435059304e+00
-1.512631428241729736e+01 -9.350979804992675781e+00
-1.500567011038462262e+01 -9.566399955749512074e+00
-1.435135094324747662e+01 -8.536403083801269887e+00
-1.500943171977996826e+01 -9.032926559448242188e+00
-1.386630964279174805e+01 -7.872274971008300426e+00
-1.325458327929178814e+01 -8.727768135070800071e+00
-1.466866425673166852e+01 -8.737623596191406605e+00
-1.478423913319905658e+01 -8.839151954650878551e+00
-1.411977771917978863e+01 -7.697726821899413707e+00
-1.353330278396606445e+01 -8.809414958953857067e+00
-1.459588162104288678e+01 -8.819129562377929332e+00
-1.488382669289906879e+01 -8.689781856536864524e+00
-1.467191370328267475e+01 -8.449343585968017933e+00
-1.451372830073038678e+01 -8.916838359832762961e+00
-1.475355390707651715e+01 -8.858178901672363992e+00
-1.483777713775634766e+01 -8.008565235137940164e+00
-1.428813012440999408e+01 -8.083723449707031605e+00
-1.450007514158884625e+01 -8.471864128112793324e+00
-1.498561382293701172e+01 -8.510218715667724254e+00
-1.500197494029998779e+01 -8.911732101440430043e+00
-1.509088440736134906e+01 -8.557271766662598367e+00
-1.500304547945658307e+01 -8.628992652893066051e+00
-1.502344087759653668e+01 -8.627728843688965199e+00
-1.552779940764109234e+01 -8.591031742095946555e+00
-1.517420009771982770e+01 -8.764755153656006215e+00
-1.537769385178883930e+01 -8.490034675598144176e+00
-1.560751370588938336e+01 -8.847066116333007102e+00
-1.413177541891733746e+01 -7.317171859741210760e+00
-1.412022272745768170e+01 -8.820860290527344105e+00
-1.540864904721578021e+01 -9.117360877990723367e+00
-1.553922144571940045e+01 -8.912302684783934836e+00
-1.548295625050862689e+01 -8.740791797637939453e+00
-1.479943792025248150e+01 -8.783785820007324219e+00
-1.486818953355153461e+01 -8.275731468200683949e+00
-1.435994648933410645e+01 -8.416491508483886719e+00
-1.429212117195129395e+01 -8.693121910095214844e+00
-1.533432253201802631e+01 -9.145817375183105113e+00
-1.534288203716278076e+01 -8.947150421142577414e+00
-1.515168535709381104e+01 -8.840558242797850852e+00
-1.548482461770375629e+01 -8.849323081970215554e+00
-1.510109142462412457e+01 -8.475160694122314098e+00
-1.545699608325958252e+01 -8.722758960723876243e+00
-1.528837235768636127e+01 -8.874152851104735618e+00
-1.580051883061726947e+01 -8.488001060485839133e+00
-1.498610985279083252e+01 -8.726334095001220703e+00
-1.452073613802591900e+01 -8.866167354583740945e+00
-1.536972443262735943e+01 -8.381021690368651633e+00
-1.493825972080230713e+01 -8.320930385589599965e+00
-1.519611970583597760e+01 -8.743129730224609375e+00
-1.601346703370412072e+01 -8.486838722229004262e+00
-1.574972907702128033e+01 -8.835008811950682883e+00
-1.555052240689595600e+01 -8.657818508148192649e+00
-1.499501669406890869e+01 -8.945253372192382812e+00
-1.589046132564544678e+01 -8.664940357208251953e+00
-1.535658629735310932e+01 -8.499220085144042258e+00
-1.551635396480560303e+01 -8.596082496643067117e+00
-1.475384350617726703e+01 -9.230324840545653942e+00
-1.515571852525075336e+01 -8.543212318420410512e+00
-1.565970571835835834e+01 -8.639311504364012961e+00
-1.505310579140981098e+01 -8.848057842254638317e+00
-1.589823722839355469e+01 -8.771597194671631570e+00
-1.611366275946299353e+01 -8.871259689331054688e+00
-1.579533898830413818e+01 -8.370365619659423828e+00
-1.594842664400736432e+01 -8.425253486633300426e+00
-1.589623407522837262e+01 -8.836630058288573508e+00
-1.588667968908945660e+01 -8.666401386260986328e+00
-1.582428284486134906e+01 -8.105347919464112039e+00
-1.507671797275543213e+01 -8.688839721679688211e+00
-1.557586697737375836e+01 -8.707230377197266336e+00
-1.576139855384826660e+01 -8.428806018829344993e+00
-1.515724229812622070e+01 -8.603165912628174539e+00
-1.578002134958902936e+01 -9.182024478912353516e+00
-1.596456817785898785e+01 -8.603051376342772727e+00
-1.562921285629272461e+01 -8.975508975982666726e+00
-1.442735660076141357e+01 -8.719832324981689808e+00
-1.581224791208902936e+01 -8.682981395721435902e+00
-1.572071651617685895e+01 -8.783722782135010121e+00
-1.548153316974639893e+01 -8.682535171508789062e+00
-1.573050602277120014e+01 -8.644867229461670632e+00
-1.530294295152028461e+01 -8.552898979187011363e+00
-1.562562012672424316e+01 -8.720780467987060192e+00
-1.602725648880004883e+01 -8.630355453491210582e+00
-1.614271553357442102e+01 -8.687900257110594993e+00
-1.629720123608906945e+01 -8.653318595886229758e+00
-1.624413367112477502e+01 -8.509136104583740590e+00
-1.568551258246103863e+01 -8.307801342010497692e+00
-1.568693180878957172e+01 -8.530488395690918324e+00
-1.550701193014780621e+01 -8.186010360717773438e+00
-1.493651370207468609e+01 -8.594900035858154652e+00
-1.627836346626281738e+01 -8.722175216674804332e+00
-1.645179768403371057e+01 -8.871834087371826882e+00
-1.659483488400777063e+01 -8.583571434020996094e+00
-1.605287770430247107e+01 -8.573925113677978160e+00
-1.619012828667958459e+01 -8.378507804870604758e+00
-1.618497467041015625e+01 -8.662464809417723899e+00
-1.652659372488657752e+01 -8.662170791625976918e+00
-1.602667689323425293e+01 -8.648275947570800426e+00
-1.589626896381378174e+01 -8.692592620849609375e+00
-1.616289937496185303e+01 -8.637495422363281605e+00
-1.556769732634226422e+01 -8.587204074859618785e+00
-1.600055436293284217e+01 -8.513511657714843750e+00
-1.667013700803120813e+01 -7.969655323028564275e+00
-1.582753618558247943e+01 -8.332288742065429688e+00
-1.603075528144836426e+01 -8.876764202117920277e+00
-1.619768122831980506e+01 -8.620816326141357067e+00
-1.596178468068440814e+01 -8.247398471832275035e+00
-1.584865669409433941e+01 -8.149337387084960582e+00
-1.547875022888183594e+01 -8.327167701721190696e+00
-1.599802895387013812e+01 -8.737005710601806641e+00
-1.626650142669677734e+01 -8.735675048828124289e+00
-1.666377679506937781e+01 -8.457780647277832742e+00
-1.540848441918691059e+01 -8.561508846282958274e+00
-1.622250676155090332e+01 -8.897561740875243430e+00
-1.673667673269907752e+01 -8.570539379119873402e+00
-1.582895747820536236e+01 -8.784190082550049183e+00
-1.654185458024342736e+01 -8.625912094116211293e+00
-1.666323963801066199e+01 -8.565487098693846946e+00
-1.611893725395202637e+01 -8.416525459289550426e+00
-1.558206530412038227e+01 -7.487609672546386541e+00
-1.533623035748799701e+01 -8.112360382080078480e+00
-1.486300047238667865e+01 -8.767342567443847656e+00
-1.570394074916839600e+01 -8.554010009765624645e+00
-1.591571354866027832e+01 -8.022565937042235973e+00
-1.454599106311798096e+01 -8.438281631469726207e+00
-1.596449422836303711e+01 -8.457532215118408914e+00
-1.572616533438364606e+01 -8.740774345397948508e+00
-1.685600733757019043e+01 -8.056260967254639027e+00
-1.637755588690439978e+01 -8.580079841613770242e+00
-1.650649646917979041e+01 -8.259846305847167613e+00
-1.623710982004801551e+01 -8.670599079132079723e+00
-1.715425407886505127e+01 -8.714284610748290305e+00
-1.679143091042836389e+01 -8.657828235626221058e+00
-1.580681184927622418e+01 -8.417294311523438211e+00
-1.634925532341003418e+01 -8.493209266662598012e+00
-1.645860874652862549e+01 -8.349403381347656250e+00
-1.615128533045450965e+01 -8.603117656707762961e+00
-1.555216566721598248e+01 -8.459431266784667613e+00
-1.677073323726654053e+01 -8.677513408660889382e+00
-1.701491208871205529e+01 -8.322572612762451527e+00
-1.690849558512369910e+01 -8.476713371276854758e+00
-1.670334712664286414e+01 -8.433513164520263672e+00
-1.678306857744852820e+01 -8.068755245208739879e+00
-1.604684893290201941e+01 -7.660033798217773082e+00
-1.600790890057881555e+01 -8.689388561248780007e+00
-1.620139567057291785e+01 -8.358588790893554332e+00
-1.620687309900919715e+01 -9.015542602539062145e+00
-1.659047480424245080e+01 -8.712161827087403054e+00
-1.576147294044494629e+01 -8.566595172882079723e+00
-1.620018561681111535e+01 -8.523889636993407848e+00
-1.576149551073710064e+01 -8.318173980712890270e+00
-1.620618049303690711e+01 -8.579887008666991832e+00
-1.665302912394205848e+01 -8.579395866394042613e+00
-1.658786276976267615e+01 -8.214591598510741832e+00
-1.649020902315775672e+01 -8.203860473632811789e+00
-1.638944315910339355e+01 -8.202034091949462535e+00
-1.694339867432912072e+01 -8.347616481781006570e+00
-1.683741418520609656e+01 -8.327065944671630859e+00
-1.631649148464202881e+01 -8.751712036132811789e+00
-1.687572912375132361e+01 -8.646724128723144887e+00
-1.661393813292185584e+01 -8.584450244903564453e+00
-1.605116454760233680e+01 -8.002541542053222656e+00
-1.704088604450225830e+01 -8.366249370574951882e+00
-1.705421392122904578e+01 -8.461149978637696023e+00
-1.623068980375925818e+01 -8.667975521087646129e+00
-1.656173018614451209e+01 -8.708716964721679332e+00
-1.629939683278401574e+01 -8.116070556640625711e+00
-1.711621475219726562e+01 -8.364692497253418679e+00
-1.707586721579233924e+01 -8.188157272338866477e+00
-1.646075348059336463e+01 -7.916121387481689808e+00
-1.690324068069458008e+01 -7.659418678283691051e+00
-1.471400026480356793e+01 -8.655640220642089488e+00
-1.670226907730102539e+01 -8.408500671386718750e+00
-1.714159591992696008e+01 -8.250887298583984730e+00
-1.736802220344543457e+01 -8.432246303558349254e+00
-1.734932458400726318e+01 -8.932420825958251598e+00
-1.680108443895975867e+01 -8.601671600341797230e+00
-1.721785223484039307e+01 -8.409835433959960582e+00
-1.446008241176605225e+01 -8.256687545776367543e+00
-1.544390606880187988e+01 -8.503015232086180930e+00
-1.423046620686849018e+01 -8.549707221984863992e+00
-1.692266496022542199e+01 -8.622122001647948508e+00
-1.769177949428558350e+01 -8.344002723693847656e+00
-1.713687411944071570e+01 -8.266509532928466797e+00
-1.636736587683359900e+01 -8.448400211334227805e+00
-1.680999970436096191e+01 -8.180342388153075461e+00
-1.699061048030853271e+01 -8.767665958404540660e+00
-1.678997166951497277e+01 -8.339592170715331321e+00
-1.696136871973673621e+01 -7.890783786773681641e+00
-1.723287169138590613e+01 -8.629247760772704723e+00
-1.718985176086425781e+01 -7.818741607666015447e+00
-1.669662821292877197e+01 -8.890748596191405895e+00
-1.777437742551167688e+01 -8.509563446044921875e+00
-1.781120856602986535e+01 -8.128417873382568715e+00
-1.648161192735036096e+01 -7.555147552490234730e+00
-1.579607431093851666e+01 -8.692917823791503906e+00
-1.777426171302795410e+01 -8.369172191619872692e+00
-1.695210707187652588e+01 -8.041515159606934304e+00
-1.746550238132476807e+01 -8.113440227508544211e+00
-1.747412403424580774e+01 -8.499724388122558594e+00
-1.740586769580841064e+01 -8.333870506286620738e+00
-1.727298319339752197e+01 -8.291030502319335582e+00
-1.654867887496948242e+01 -8.068347358703613637e+00
-1.641902510325114051e+01 -8.297787952423096414e+00
-1.719034775098164758e+01 -8.815721321105957742e+00
-1.753610829512278357e+01 -8.189209365844726918e+00
-1.724101400375366211e+01 -8.220481872558593750e+00
-1.748013961315155029e+01 -8.203851699829101562e+00
-1.624057026704152307e+01 -8.728837299346924539e+00
-1.707695706685383996e+01 -8.647972106933593750e+00
-1.691633240381876746e+01 -8.284556102752684836e+00
-1.601439869403839111e+01 -8.307420825958251598e+00
-1.750957012176513672e+01 -8.641297149658203836e+00
-1.753066786130269250e+01 -8.318095397949218039e+00
-1.724492438634236535e+01 -8.103190326690674183e+00
-1.664545023441314697e+01 -8.448750495910644531e+00
-1.692931254704793176e+01 -8.757401275634766336e+00
-1.737106529871622840e+01 -8.460766887664794567e+00
-1.707812909285227576e+01 -8.291050338745117543e+00
-1.690702891349792480e+01 -8.481585121154784801e+00
-1.740978296597798547e+01 -8.488133049011230113e+00
-1.720254377524058143e+01 -8.638977241516112571e+00
-1.758871054649353027e+01 -8.363199901580809836e+00
-1.768109265963236609e+01 -8.674885177612305043e+00
-1.732463276386260986e+01 -8.358356475830078125e+00
-1.806091856956481934e+01 -8.627022457122802024e+00
-1.741606398423512658e+01 -8.657303237915039418e+00
-1.747454396883646766e+01 -8.405398750305176137e+00
-1.534519986311594586e+01 -7.747579765319824396e+00
-1.669365425904591760e+01 -8.755855083465576172e+00
-1.777453184127807617e+01 -8.637547492980957031e+00
-1.696949736277262488e+01 -8.653578186035156605e+00
-1.675342313448588172e+01 -8.629749965667723899e+00
-1.733406070868174353e+01 -8.394614791870116832e+00
-1.707931812604268274e+01 -8.413022994995117188e+00
-1.721210058530171594e+01 -8.187903785705566762e+00
-1.747554516792297363e+01 -8.234522438049316051e+00
-1.752156956990559777e+01 -8.692917919158935192e+00
-1.789684597651163855e+01 -8.484900093078612926e+00
-1.785261392593383789e+01 -8.423166179656982777e+00
-1.769320400555928430e+01 -8.164304065704346414e+00
-1.670772377649943152e+01 -8.658363342285156250e+00
-1.760138471921284875e+01 -8.343560123443603871e+00
-1.799890649318695068e+01 -7.746422004699707209e+00
-1.734738882382710656e+01 -8.141191673278807883e+00
-1.746889162063598633e+01 -8.012374114990233664e+00
-1.668425552050272742e+01 -8.565420246124267223e+00
-1.759370819727579871e+01 -8.736962032318114524e+00
-1.732569813728332520e+01 -8.347837734222412820e+00
-1.732763910293579102e+01 -8.229086303710937855e+00
-1.759071719646453857e+01 -8.695592689514160867e+00
-1.836750499407450476e+01 -8.396846580505371804e+00
-1.736613726615905762e+01 -8.353173828124999645e+00
-1.743329250812530518e+01 -8.302618789672852273e+00
-1.791228270530700684e+01 -8.533931446075438743e+00
-1.826945892969767371e+01 -8.295202541351319070e+00
-1.803960386912028113e+01 -8.576727104187011008e+00
-1.648042853673299035e+01 -7.984389209747314808e+00
-1.627316904067993164e+01 -7.994024372100829723e+00
-1.720200192928314209e+01 -8.653637218475342507e+00
-1.656139655907948693e+01 -8.830250644683838246e+00
-1.732754778861999512e+01 -8.245612525939941762e+00
-1.809012460708618164e+01 -8.482208538055420632e+00
-1.704154439767201623e+01 -8.279096984863281605e+00
-1.657298096021016320e+01 -8.409687995910644531e+00
-1.766024708747863770e+01 -7.863661670684814808e+00
-1.546284210681915283e+01 -8.256181526184082742e+00
-1.713640626271565637e+01 -8.538981246948242898e+00
-1.766299641132354736e+01 -8.471767425537109375e+00
-1.796772015094757080e+01 -8.261002349853516336e+00
-1.763961295286814490e+01 -8.095842361450195312e+00
-1.763582332928975305e+01 -8.252895927429198863e+00
-1.725245443979899207e+01 -8.453471851348876243e+00
-1.765245922406514367e+01 -8.560294342041014914e+00
-1.829766837755839148e+01 -8.811892032623291016e+00
-1.799305629730224609e+01 -8.947389411926270242e+00
-1.800708830356597900e+01 -7.982765865325927912e+00
-1.795762475331624231e+01 -8.775186157226562145e+00
-1.825256200631459436e+01 -8.984293937683105469e+00
-1.786902292569478234e+01 -7.948596763610839666e+00
-1.707568474610646447e+01 -8.119578933715819957e+00
-1.757457407315571984e+01 -8.131514167785644176e+00
-1.704549761613209924e+01 -8.438465404510498757e+00
-1.750536302725474158e+01 -8.450062179565430043e+00
-1.615000569820404053e+01 -8.013542270660400035e+00
-1.775062620639801025e+01 -8.495423698425293324e+00
-1.837650012969970703e+01 -8.409101200103759055e+00
-1.735742286841074744e+01 -8.670775508880614879e+00
-1.832947731018066406e+01 -8.417627143859863992e+00
-1.824346717198689660e+01 -8.705131816864014382e+00
-1.776395567258198938e+01 -8.399695682525635476e+00
-1.749515533447265625e+01 -8.872726535797118785e+00
-1.804742773373921594e+01 -8.350726604461669922e+00
-1.778321560223897180e+01 -8.267961978912353516e+00
-1.788809251785278320e+01 -7.614512348175049183e+00
-1.723811515172322473e+01 -8.256692123413085227e+00
-1.781629888216654578e+01 -8.251170444488526101e+00
-1.789568674564361572e+01 -8.131661033630370738e+00
-1.766256550947825232e+01 -7.925243473052978160e+00
-1.773687378565470496e+01 -8.291855144500733132e+00
-1.795675754547119141e+01 -8.100345706939696910e+00
-1.672606555620829383e+01 -7.119579792022705078e+00
-1.739532403151194373e+01 -8.173435211181640625e+00
-1.823553411165873328e+01 -8.350211906433106179e+00
-1.813824347654978553e+01 -8.430991554260254262e+00
-1.774576230843861779e+01 -8.639464855194091797e+00
-1.856795422236124793e+01 -8.556493949890136008e+00
-1.829929335912068566e+01 -8.441170120239258168e+00
-1.893478457132975379e+01 -8.398853302001953125e+00
-1.854706366856892785e+01 -8.321154403686524148e+00
-1.662230296929677209e+01 -8.415651416778564098e+00
-1.573822152614593506e+01 -8.464298725128173828e+00
-1.783668216069539270e+01 -8.623221397399902344e+00
-1.791792277495066443e+01 -8.432527351379395242e+00
-1.817592358589172363e+01 -8.384666633605956321e+00
-1.773997406164805213e+01 -7.974812602996825817e+00
-1.746411085128784180e+01 -8.457918739318847301e+00
-1.801165199279785156e+01 -8.260319519042969461e+00
-1.831872288386027137e+01 -8.311004447937012429e+00
-1.842686855792999268e+01 -8.416034126281738637e+00
-1.823955508073170861e+01 -8.349669265747071023e+00
