# Train Val
-6.483830461899439124e-01 -4.451154184341430842e+00
-5.991074234247207642e+00 -7.346545314788818004e+00
-7.734641313552856445e+00 -7.890912723541259943e+00
-7.893039107322692871e+00 -7.938836669921874645e+00
-7.929025173187255859e+00 -7.948078727722167613e+00
-7.949809928735096953e+00 -7.957420349121093750e+00
-7.918697973092396758e+00 -7.981500339508056818e+00
-7.942269921302795410e+00 -7.952544116973877308e+00
-7.972355047861735322e+00 -8.007845306396484730e+00
-8.007983485857645078e+00 -7.970296001434325817e+00
-7.954189181327819824e+00 -7.989311599731445668e+00
-7.941173017024993896e+00 -8.031325626373291726e+00
-8.034264087677001953e+00 -8.045248603820800426e+00
-8.071591337521871523e+00 -8.059028720855712535e+00
-8.054658750693002744e+00 -8.081439208984374289e+00
-8.048511326313018799e+00 -8.006281280517578480e+00
-8.058833599090576172e+00 -8.108632755279540305e+00
-8.064817706743875547e+00 -8.108880424499512074e+00
-8.055598874886831240e+00 -7.991380405426025568e+00
-8.013651768366495176e+00 -8.087183666229247336e+00
-8.092621028423309326e+00 -8.063212203979492898e+00
-8.085220356782278017e+00 -8.113798713684081676e+00
-8.097230633099874453e+00 -8.160711956024169211e+00
-8.065159638722738222e+00 -8.134841251373291726e+00
-8.058604578177133604e+00 -8.027809429168701882e+00
-8.107764720916748047e+00 -8.158425712585449574e+00
-8.131483753522237734e+00 -8.153014945983887429e+00
-8.048501789569854736e+00 -7.934597873687744496e+00
-8.066917459170023008e+00 -8.042354202270507457e+00
-8.116523524125417666e+00 -8.110659122467041016e+00
-8.107896169026693300e+00 -8.147270202636718750e+00
-8.116183420022329287e+00 -8.147460269927979226e+00
-8.126812517642974854e+00 -8.077153968811035867e+00
-8.097966134548187256e+00 -8.151561069488526101e+00
-8.120133141676584287e+00 -8.169408702850342152e+00
-8.140473981698354677e+00 -8.206063175201416371e+00
-8.132877449194589659e+00 -8.169548988342285156e+00
-8.175141096115112305e+00 -8.111758327484130504e+00
-8.158050517241159483e+00 -8.206837463378906961e+00
-8.226131121317544981e+00 -8.228543472290038352e+00
-8.182474315166473389e+00 -8.145591735839843750e+00
-8.213910082976022764e+00 -8.254261589050292613e+00
-8.130037844181060791e+00 -8.191264343261718039e+00
-8.225624680519104004e+00 -8.269852828979491477e+00
-8.296016653378805117e+00 -8.229681396484375355e+00
-8.332198758920034365e+00 -8.181160259246826882e+00
-8.360486865043640137e+00 -8.046550846099853160e+00
-8.270418643951416016e+00 -8.338007831573486683e+00
-8.305726548035940127e+00 -8.514990043640136008e+00
-8.464051107565561338e+00 -8.469886779785156250e+00
-8.496216177940368652e+00 -8.420880508422850852e+00
-8.602824151515960693e+00 -8.675611305236817117e+00
-8.725109140078226133e+00 -8.771109008789062855e+00
-8.841229279836019472e+00 -8.911499404907226918e+00
-8.676292618115743593e+00 -8.697543144226074219e+00
-8.856760799884796143e+00 -8.899562072753905539e+00
-9.038941363493600889e+00 -8.729315376281737926e+00
-8.877755661805471377e+00 -9.093785667419433949e+00
-8.920331120491027832e+00 -8.286002349853514914e+00
-9.041793862978616758e+00 -8.235938072204589844e+00
-9.216091076532999082e+00 -9.133539772033691051e+00
-9.006315509478250547e+00 -9.219582939147949574e+00
-9.129849672317504883e+00 -9.127195167541504617e+00
-9.160952528317769961e+00 -9.114489364624024148e+00
-9.400409817695617676e+00 -8.661561584472655895e+00
-9.461187163988748594e+00 -9.385207366943358664e+00
-9.506803313891092344e+00 -8.840193843841552379e+00
-9.576147695382436709e+00 -9.659681320190429688e+00
-9.737942417462667422e+00 -9.074057197570800426e+00
-9.748021006584167480e+00 -9.323386192321777344e+00
-9.776654322942098574e+00 -9.225049972534179688e+00
-9.214574615160623594e+00 -9.154589462280274148e+00
-9.436251223087310791e+00 -8.717181587219238637e+00
-9.958915948867797852e+00 -9.525741767883300071e+00
-9.966473778088888125e+00 -8.766196060180664773e+00
-9.546040038267770811e+00 -9.674896812438964488e+00
-1.008660614490509033e+01 -9.274298858642577414e+00
-9.929956356684366270e+00 -9.707915115356446023e+00
-1.000056405862172504e+01 -9.389648056030273082e+00
-9.948136607805887266e+00 -9.722775840759277699e+00
-1.018923981984456439e+01 -9.583179283142090554e+00
-1.000361512104670147e+01 -9.255521297454833984e+00
-9.819629311561584473e+00 -9.364788055419921875e+00
-9.984409530957540468e+00 -8.674896049499512429e+00
-1.011281536022822003e+01 -9.732847404479979758e+00
-1.007422804832458496e+01 -9.359808921813964844e+00
-1.042213511466979980e+01 -8.293248653411865234e+00
-1.031382207075754742e+01 -9.865904808044433594e+00
-1.026098978519439697e+01 -9.517837715148925071e+00
-1.055988788604736328e+01 -9.713689613342285867e+00
-1.062291379769643207e+01 -9.328691864013672230e+00
-1.018163029352823834e+01 -8.406293582916259055e+00
-9.940638502438863711e+00 -9.877626991271972301e+00
-1.035108923912048340e+01 -9.624057960510253196e+00
-1.034575057029724121e+01 -8.869413757324219105e+00
-1.066346979141235352e+01 -9.925405311584473367e+00
-1.054712990919748883e+01 -9.873627281188964488e+00
-1.054320955276489258e+01 -1.000757236480712820e+01
-1.022362621625264545e+01 -9.842848205566406605e+00
-1.082260708014170270e+01 -1.000059852600097621e+01
-1.085366272926330566e+01 -9.827610015869140625e+00
-1.086847201983133893e+01 -9.738707733154296164e+00
-1.054245913028717041e+01 -9.924066734313964133e+00
-1.062216536204020123e+01 -9.255213737487792969e+00
-1.071883197625478168e+01 -1.010315437316894460e+01
-1.040911551316579242e+01 -6.902047252655028942e+00
-9.914832234382629395e+00 -9.818157196044921875e+00
-1.092013184229532818e+01 -9.811283493041992543e+00
-1.054038890202840228e+01 -9.833924674987793324e+00
-1.048178541660308838e+01 -1.004528903961181641e+01
-1.098889390627543072e+01 -9.942800331115723367e+00
-1.102835424741109271e+01 -1.008842830657959055e+01
-1.087880225976308246e+01 -9.761637306213378551e+00
-1.081538351376851459e+01 -9.636508178710936789e+00
-1.131398387749989887e+01 -9.249350547790527344e+00
-1.106458528836568256e+01 -9.709294319152832031e+00
-1.100111726919809918e+01 -9.596209335327149148e+00
-1.053096111615498920e+01 -1.023325767517089879e+01
-1.084356892108917236e+01 -9.758699798583984730e+00
-1.102158570289611816e+01 -1.001591300964355469e+01
-1.125773648420969586e+01 -9.711351394653320312e+00
-1.086108577251434326e+01 -9.458564376831054332e+00
-1.121688155333201031e+01 -1.021609554290771449e+01
-1.130748760700225830e+01 -9.997821426391601207e+00
-1.139098167419433594e+01 -9.696755790710449574e+00
-1.131429576873779297e+01 -8.943118667602538707e+00
-1.079248205820719342e+01 -9.620656204223632102e+00
-1.155000833670298199e+01 -1.010410861968994212e+01
-1.159382891654968262e+01 -9.772254562377929332e+00
-1.148623164494832416e+01 -9.579714202880859730e+00
-1.126133426030476947e+01 -9.991225814819335582e+00
-1.070529925823211670e+01 -8.276268672943114524e+00
-1.094462033112843891e+01 -1.028542175292968786e+01
-1.148088888327280621e+01 -9.487541961669922586e+00
-1.125407858689626117e+01 -9.688010597229004262e+00
-1.146664043267568012e+01 -9.867499542236327414e+00
-1.161396944522857666e+01 -9.815926551818847656e+00
-1.162870661417643170e+01 -9.965299797058104758e+00
-1.130633374055226703e+01 -8.183607482910156605e+00
-1.036514413356781006e+01 -9.480821990966797230e+00
-1.145640659332275391e+01 -9.970231819152832742e+00
-1.097027075290679932e+01 -1.011981277465820384e+01
-1.167013514041900635e+01 -1.024714622497558558e+01
-1.178353548049926758e+01 -9.818072128295899148e+00
-1.169876245657602887e+01 -9.638100814819335227e+00
-1.176955374081929584e+01 -9.160988330841064453e+00
-1.170021979014078717e+01 -9.526631164550781961e+00
-1.182390848795572857e+01 -9.200174236297607777e+00
-1.211387550830841064e+01 -9.859383583068847656e+00
-1.200839265187581439e+01 -1.024403114318847585e+01
-1.154508419831593891e+01 -9.976605796813965199e+00
-1.148267106215159039e+01 -9.509773349761962535e+00
-1.204962758223215680e+01 -9.901700592041015270e+00
-1.216060670216878314e+01 -9.053425216674805043e+00
-1.205107359091440777e+01 -1.015986995697021555e+01
-1.209334031740824322e+01 -9.971838188171386008e+00
-1.227087903022766113e+01 -1.011894645690918004e+01
-1.211259377002716064e+01 -1.019837455749511790e+01
-1.244390948613484760e+01 -9.799155998229981179e+00
-1.239495503902435303e+01 -1.026748428344726527e+01
-1.199005838235219379e+01 -9.519156169891356711e+00
-1.134648855527242084e+01 -9.528471183776854758e+00
-1.158319000403086285e+01 -1.013973598480224680e+01
-1.217052626609802246e+01 -1.000349807739257812e+01
-1.208873422940572162e+01 -9.663150787353515625e+00
-1.200680939356485943e+01 -1.003399162292480540e+01
-1.196230769157409668e+01 -8.624088382720946910e+00
-1.181410368283589740e+01 -9.912343215942382102e+00
-1.231165119012196918e+01 -1.024727058410644531e+01
-1.245915079116821289e+01 -9.921895790100098367e+00
-1.250644874572753906e+01 -8.941002464294433238e+00
-1.244372872511545758e+01 -9.526025009155272727e+00
-1.249203348159790039e+01 -9.601633262634276633e+00
-1.251555709044138531e+01 -1.015124130249023438e+01
-1.286799065272013287e+01 -9.518011093139648438e+00
-1.228006517887115479e+01 -9.400003337860107777e+00
-1.194775358835856061e+01 -8.996441268920898793e+00
-1.238984743754068951e+01 -1.014853706359863317e+01
-1.260084581375122070e+01 -1.024167957305908239e+01
-1.276248125235239606e+01 -1.010966873168945312e+01
-1.273861551284790039e+01 -1.037987041473388672e+01
-1.260793979962666889e+01 -1.062059116363525391e+01
-1.303975927829742432e+01 -1.061804046630859411e+01
-1.317463668187459369e+01 -1.001626377105712962e+01
-1.277098019917806049e+01 -9.557292175292968039e+00
-1.293475969632466693e+01 -9.089034461975098012e+00
-1.227921911080678363e+01 -9.403770637512206321e+00
-1.228664167722066303e+01 -1.051750183105468750e+01
-1.317320215702056885e+01 -1.019950809478759801e+01
-1.320358109474182129e+01 -9.065966224670409801e+00
-1.260294532775878906e+01 -1.011046028137207031e+01
-1.297478326161702533e+01 -1.071542263031005859e+01
-1.284750560919443707e+01 -9.816793632507323508e+00
-1.214311850070953369e+01 -9.814748001098632102e+00
-1.337209590276082416e+01 -1.012876834869384801e+01
-1.257486478487650494e+01 -9.222383022308349609e+00
-1.284087113539377789e+01 -1.058038311004638743e+01
-1.301617530981699566e+01 -1.023001670837402344e+01
-1.297306247552235980e+01 -9.122249031066894887e+00
-1.232428026199340820e+01 -1.042998809814453054e+01
-1.291153260072072406e+01 -1.076383457183837855e+01
-1.260933848222096820e+01 -1.030988807678222585e+01
-1.296171410878499408e+01 -9.870143318176269887e+00
-1.299906897544860840e+01 -1.035469264984130788e+01
-1.327663421630859375e+01 -9.482229804992675426e+00
-1.271035452683766742e+01 -1.058740234375000000e+01
-1.342315491040547748e+01 -1.055189476013183558e+01
-1.360850286483764648e+01 -9.260428524017333629e+00
-1.260545098781585693e+01 -9.762333869934082031e+00
-1.273935429255167584e+01 -1.059164657592773473e+01
-1.349548673629760742e+01 -1.010471801757812571e+01
-1.373894433180491070e+01 -1.028478317260742259e+01
-1.381946440537770648e+01 -1.034295406341552770e+01
-1.324800018469492535e+01 -9.808272171020508523e+00
-1.339128120740254779e+01 -1.033372917175293004e+01
-1.322671385606130023e+01 -1.084179029464721644e+01
-1.360645469029744525e+01 -8.207354640960693004e+00
-1.340673247973124127e+01 -9.936978340148925781e+00
-1.371479435761769672e+01 -1.085962047576904332e+01
-1.375733860333760639e+01 -1.054883651733398509e+01
-1.318740578492482562e+01 -9.926608467102051137e+00
-1.344558775424957275e+01 -1.027071590423583913e+01
-1.368460985024770160e+01 -1.024348125457763636e+01
-1.409270970026651959e+01 -1.068193016052246058e+01
-1.390819648901621441e+01 -1.010103282928466761e+01
-1.364405989646911621e+01 -1.059768466949462962e+01
-1.367014443874359131e+01 -1.039874057769775462e+01
-1.380365475018819232e+01 -1.060097274780273402e+01
-1.316313989957173725e+01 -9.049854755401611328e+00
-1.287642463048299213e+01 -1.071725521087646449e+01
-1.391402947902679443e+01 -1.040090427398681605e+01
-1.399729963143666644e+01 -1.042477684020996165e+01
-1.348363010088602643e+01 -1.057271461486816477e+01
-1.396056095759073834e+01 -1.048024311065673864e+01
-1.360457317034403424e+01 -1.035913858413696254e+01
-1.378945918877919574e+01 -1.014468250274658168e+01
-1.434436364968617816e+01 -9.094098663330077770e+00
-1.298755665620168109e+01 -1.039632339477538991e+01
-1.377920301755269428e+01 -1.012596683502197337e+01
-1.385580639044443707e+01 -1.073820419311523366e+01
-1.383984831968943219e+01 -1.028535709381103480e+01
-1.363654994964599609e+01 -9.663817024230956676e+00
-1.383566260337829590e+01 -1.022771091461181570e+01
-1.383566057682037354e+01 -1.031320533752441371e+01
-1.339750858147939105e+01 -9.543713760375975852e+00
-1.312640182177225689e+01 -9.739244461059570312e+00
-1.360114041964212994e+01 -1.055227584838867116e+01
-1.421160272757212262e+01 -1.022694931030273402e+01
-1.395735434691111188e+01 -1.109797086715698278e+01
-1.329555034637451172e+01 -9.959247398376465554e+00
-1.313520884513854980e+01 -1.019079742431640589e+01
-1.353890156745910645e+01 -1.118702316284179688e+01
-1.398817340532938580e+01 -1.048516883850097692e+01
-1.427585442860921283e+01 -9.780568981170654652e+00
-1.348201044400533100e+01 -1.083185138702392614e+01
-1.403263115882873535e+01 -1.054024124145507812e+01
-1.308579234282175641e+01 -1.026181507110595703e+01
-1.365170466899871826e+01 -9.849355506896973367e+00
-1.392720154921213727e+01 -9.981124114990233664e+00
-1.420530601342519184e+01 -1.070200843811035085e+01
-1.416155219078063965e+01 -1.008297109603881836e+01
-1.418168926239013672e+01 -1.065630302429199183e+01
-1.428398982683817486e+01 -1.076449565887451243e+01
-1.422785337766011615e+01 -1.066941661834716726e+01
-1.400903733571370502e+01 -1.018811836242675817e+01
-1.420927663644154926e+01 -1.068612461090087962e+01
-1.424044859409332275e+01 -9.793582344055176137e+00
-1.427455484867095947e+01 -1.060170154571533274e+01
-1.361314801375071148e+01 -1.068179397583007884e+01
-1.414502986272176166e+01 -1.029027481079101491e+01
-1.425556902090708356e+01 -1.028132724761962891e+01
-1.450103489557901959e+01 -1.068688030242919851e+01
-1.407885094483693500e+01 -1.060843696594238317e+01
-1.460643192132314105e+01 -1.042002792358398366e+01
-1.483070194721221924e+01 -1.068706932067871129e+01
-1.445886488755544086e+01 -9.653871536254882812e+00
-1.412614512443542480e+01 -9.931235694885254262e+00
-1.384589850902557373e+01 -1.083051910400390661e+01
-1.457902654012044330e+01 -1.018123760223388707e+01
-1.461541434129079242e+01 -1.071353034973144602e+01
-1.462250244617462158e+01 -1.009585723876953089e+01
-1.470205855369567871e+01 -1.096849117279052699e+01
-1.487875235080718994e+01 -1.050498638153076136e+01
-1.462098495165506939e+01 -1.040254878997802734e+01
-1.434260018666585346e+01 -1.024072990417480433e+01
-1.473651913801828961e+01 -1.036024055480956996e+01
-1.444915147622426410e+01 -1.037231769561767614e+01
-1.479984462261199951e+01 -9.552832031250000355e+00
-1.455155467987060547e+01 -1.003494071960449219e+01
-1.473324040571848492e+01 -1.074944782257080078e+01
-1.401392678419748883e+01 -1.096400508880615199e+01
-1.282669123013814350e+01 -1.101534099578857351e+01
-1.466982265313466449e+01 -1.033765964508056712e+01
-1.454243147373199463e+01 -1.031633167266845774e+01
-1.468162663777669330e+01 -1.036046199798584055e+01
-1.465240891774495502e+01 -9.949848365783690696e+00
-1.456750762462615967e+01 -9.482521438598633168e+00
-1.395929944515228271e+01 -1.088755912780761648e+01
-1.440136746565500836e+01 -1.005165863037109375e+01
-1.398196844259897809e+01 -1.039424896240234375e+01
-1.426632817586263080e+01 -1.082498817443847727e+01
-1.521702877680460553e+01 -1.084728469848632848e+01
-1.499750137329101562e+01 -1.039009132385253942e+01
-1.511527188618977924e+01 -1.020646553039550852e+01
-1.477325948079427143e+01 -1.088779754638671804e+01
-1.519640775521596332e+01 -1.054680986404418874e+01
-1.530980169773101807e+01 -1.018078174591064489e+01
-1.519495224952697754e+01 -1.091069355010986364e+01
-1.498612364133199115e+01 -1.061118450164794957e+01
-1.485445388158162494e+01 -9.565916252136229758e+00
-1.512110237280527691e+01 -1.041450462341308558e+01
-1.521754157543182373e+01 -1.031791896820068288e+01
-1.521750124295552631e+01 -1.022561988830566371e+01
-1.490653546651204486e+01 -1.072106590270996129e+01
-1.522064057985941510e+01 -9.364444160461426137e+00
-1.450924026966094971e+01 -1.058285026550293040e+01
-1.401767122745513916e+01 -9.594632720947265270e+00
-1.409690765539805035e+01 -9.938641548156738281e+00
-1.434907793998718262e+01 -1.050336551666259766e+01
-1.478117950757344623e+01 -1.068083572387695312e+01
-1.493321418762207031e+01 -1.053843631744384801e+01
-1.544254926840464215e+01 -1.050240726470947195e+01
-1.517267251014709473e+01 -1.092326049804687571e+01
-1.550081590811411481e+01 -1.087755012512207031e+01
-1.465386422475179096e+01 -1.040122013092041087e+01
-1.485274219512939453e+01 -9.721300125122070312e+00
-1.451882847150166889e+01 -1.064691295623779332e+01
-1.472389336427052875e+01 -8.882719993591308594e+00
-1.441386246681213379e+01 -1.073985748291015696e+01
-1.399716325600942035e+01 -1.021921005249023473e+01
-1.373679383595784564e+01 -1.027046546936035121e+01
-1.448958893616994281e+01 -1.057927246093749929e+01
-1.538976724942525287e+01 -1.033231601715087855e+01
-1.536600669225057025e+01 -1.032901458740234446e+01
-1.537415969371795654e+01 -1.072999401092529226e+01
-1.515513193607330322e+01 -1.057807540893554688e+01
-1.375450249512990375e+01 -1.031896572113037180e+01
-1.493001687526702881e+01 -9.665429973602295277e+00
-1.457324167092641254e+01 -1.051366500854492259e+01
-1.566431470712026019e+01 -1.064691162109375000e+01
-1.532355054219563861e+01 -1.090680484771728587e+01
-1.510187784830729107e+01 -1.092582645416259801e+01
-1.550482328732808490e+01 -1.055230941772460973e+01
-1.548543886343638043e+01 -1.009596023559570277e+01
-1.534283185005187988e+01 -1.000075149536132812e+01
-1.541232506434122662e+01 -9.679045104980469105e+00
-1.498230322202046771e+01 -1.036226539611816477e+01
-1.436255403359731098e+01 -9.764258956909179332e+00
-1.475342055161794086e+01 -1.073006362915038991e+01
-1.536137839158376117e+01 -1.028089752197265661e+01
-1.502786648273468018e+01 -1.030235633850097621e+01
-1.492448465029398541e+01 -1.007344112396240199e+01
-1.490558306376139264e+01 -1.067646484375000071e+01
-1.502551734447479248e+01 -1.058771858215331996e+01
-1.506095898151397705e+01 -1.031076145172119141e+01
-1.448048329353332520e+01 -9.937850570678710582e+00
-1.393413992722829242e+01 -9.370919799804687145e+00
-1.463397268454233746e+01 -9.910154914855956676e+00
-1.564517478148142438e+01 -1.047259502410888743e+01
-1.559903860092163086e+01 -1.039462490081787038e+01
-1.537904544671376605e+01 -1.037259731292724574e+01
-1.512550155321756939e+01 -9.012347412109374289e+00
-1.480000400543212891e+01 -9.850031471252441051e+00
-1.564741249879201312e+01 -1.069037084579467844e+01
-1.570795325438181500e+01 -1.075564651489257884e+01
-1.564204386870066266e+01 -1.019529581069946289e+01
-1.556586591402689557e+01 -1.042254447937011719e+01
-1.515955682595570941e+01 -1.031054553985595668e+01
-1.443497411410013775e+01 -1.016298122406005788e+01
-1.532825744152069092e+01 -1.056839008331298757e+01
-1.548307069142659564e+01 -1.042519798278808629e+01
-1.552691388130187988e+01 -1.080676250457763743e+01
-1.490398351351420025e+01 -1.064461994171142578e+01
-1.530709147453308105e+01 -1.030838432312011754e+01
-1.578613857428232770e+01 -1.105899047851562500e+01
-1.498760735988616943e+01 -1.050198402404785192e+01
-1.488349866867065430e+01 -9.812931060791015625e+00
-1.568107036749521832e+01 -1.020436553955078196e+01
-1.553985631465911865e+01 -1.053383827209472656e+01
-1.590336147944132428e+01 -1.063277606964111399e+01
-1.452448022365570068e+01 -1.029734897613525391e+01
-1.605939126014709473e+01 -1.044364376068115163e+01
-1.524287045001983643e+01 -1.069459609985351634e+01
-1.610868938763936242e+01 -1.050444545745849645e+01
-1.575941205024719238e+01 -1.034254817962646555e+01
-1.577629172801971436e+01 -1.071332969665527379e+01
-1.590222350756327252e+01 -9.828157997131347301e+00
-1.537424425284067731e+01 -1.080222778320312571e+01
-1.563988272349039654e+01 -9.710349464416504262e+00
-1.420959742863973041e+01 -1.014829425811767649e+01
-1.555230244000752826e+01 -9.880084419250488637e+00
-1.520189229647318463e+01 -1.073995609283447195e+01
-1.543271605173746686e+01 -1.038161029815673864e+01
-1.397730366388956647e+01 -1.024976577758789098e+01
-1.481194504102071186e+01 -9.796023750305176137e+00
-1.505057271321614643e+01 -1.017105770111083984e+01
-1.563734638690948486e+01 -1.068896751403808665e+01
-1.516099870204925537e+01 -1.062526206970214915e+01
-1.599015037218729596e+01 -1.067247314453124929e+01
-1.490409982204437256e+01 -9.571722698211669211e+00
-1.552937893072764020e+01 -1.039222278594970739e+01
-1.553775648276011090e+01 -9.681258773803710582e+00
-1.488569466272989850e+01 -1.113538074493408203e+01
-1.551359713077545166e+01 -1.053394947052001918e+01
-1.521116304397583008e+01 -1.011121902465820277e+01
-1.574755076567331891e+01 -1.080056343078613246e+01
-1.608578618367512902e+01 -9.869510173797607422e+00
-1.563538297017415424e+01 -1.060557079315185547e+01
-1.605235958099365234e+01 -1.039638652801513707e+01
-1.594563456376393695e+01 -1.048896369934081996e+01
-1.517553603649139404e+01 -8.100953674316405895e+00
-1.403729701042175293e+01 -9.407777404785155895e+00
-1.552762146790822406e+01 -9.946932983398436789e+00
-1.463566986719767193e+01 -9.632418060302734730e+00
-1.477193800608316998e+01 -9.254048061370848899e+00
-1.503271969159444232e+01 -1.044832267761230504e+01
-1.595080252488454242e+01 -1.030226993560791016e+01
-1.535022966066996197e+01 -1.063092975616455149e+01
-1.571887016296386719e+01 -9.751074218750000355e+00
-1.607751675446828088e+01 -1.020676126480102575e+01
-1.551038833459218402e+01 -1.074430198669433523e+01
-1.585169633229573627e+01 -1.078044357299804723e+01
-1.556018213431040387e+01 -1.046717147827148509e+01
-1.516557780901590924e+01 -9.989483833312988281e+00
-1.609701248009999475e+01 -1.031550483703613352e+01
-1.605912804603576660e+01 -1.017838191986083984e+01
-1.632554268836975098e+01 -1.073371791839599609e+01
-1.537600763638814350e+01 -1.048576030731201136e+01
-1.630222650369008264e+01 -9.861815834045410512e+00
-1.632441838582356652e+01 -9.171062374114990590e+00
-1.551491455237070660e+01 -1.079211578369140589e+01
-1.560324970881144147e+01 -1.061575145721435476e+01
-1.553962612152099609e+01 -1.042905006408691371e+01
-1.563548167546590228e+01 -1.073035316467285227e+01
-1.614955699443817139e+01 -1.027715148925781286e+01
-1.645391976833343506e+01 -1.061190757751464808e+01
-1.607425971825917443e+01 -1.036440448760986399e+01
-1.578006585439046283e+01 -9.875219917297362926e+00
-1.573908269405364990e+01 -1.050232563018798793e+01
-1.664741988976796350e+01 -1.046401710510253835e+01
-1.627899849414825439e+01 -1.058495082855224645e+01
-1.654039573669433594e+01 -1.059126510620117223e+01
-1.511858387788136859e+01 -1.042473468780517543e+01
-1.608558070659637451e+01 -1.028289413452148438e+01
-1.640462907155354699e+01 -1.043284301757812571e+01
-1.633072348435719690e+01 -1.048049354553222656e+01
-1.569134887059529682e+01 -1.015653228759765625e+01
-1.649544088045756141e+01 -1.078810844421386683e+01
-1.601825674374898156e+01 -1.046072120666503835e+01
-1.560869030157724957e+01 -1.071398353576660156e+01
-1.592910464604695697e+01 -1.073145256042480433e+01
-1.654102512200673303e+01 -1.018410644531249964e+01
-1.676159846782684326e+01 -1.020186328887939453e+01
-1.572253390153249164e+01 -1.079407463073730433e+01
-1.589504162470499615e+01 -1.014887390136718714e+01
-1.660961488882700721e+01 -9.909922218322753551e+00
-1.664376028378804406e+01 -1.024976291656494176e+01
-1.586622901757558246e+01 -1.054240703582763672e+01
-1.528941980997721295e+01 -1.044263801574706996e+01
-1.652110171318054199e+01 -9.738892745971678977e+00
-1.660950684547424316e+01 -1.046006698608398366e+01
-1.647843325138092041e+01 -1.086012001037597585e+01
-1.631706619262695312e+01 -1.022939605712890554e+01
-1.565048583348592182e+01 -1.032946338653564489e+01
-1.611058823267618934e+01 -9.559818649291992543e+00
-1.533754571278890033e+01 -1.074344615936279368e+01
-1.581914472579956055e+01 -1.097415752410888601e+01
-1.593886323769887348e+01 -1.092149257659912109e+01
-1.584748280048370361e+01 -1.068818321228027379e+01
-1.577162031332651715e+01 -1.080637149810791087e+01
-1.557609085241953473e+01 -1.013640499114990234e+01
-1.587565946578979492e+01 -1.062918701171875036e+01
-1.577317011356353760e+01 -9.265908050537110086e+00
-1.577981992562611957e+01 -1.047970199584960938e+01
-1.611849955717722693e+01 -1.016844062805175852e+01
-1.636920317014058313e+01 -1.055982494354248047e+01
-1.655588285128275672e+01 -1.088293304443359411e+01
-1.580014363924662213e+01 -1.065658760070800781e+01
-1.594794833660125732e+01 -1.048871326446533203e+01
-1.615762686729431152e+01 -9.628945541381835227e+00
-1.656485942999522010e+01 -1.050322551727294851e+01
-1.693736926714579383e+01 -1.049130554199218679e+01
-1.693546160062154016e+01 -1.041426906585693324e+01
-1.668007210890452185e+01 -1.002268791198730469e+01
-1.616292341550191125e+01 -1.043589134216308523e+01
-1.706712949275970459e+01 -1.062812576293945277e+01
-1.679588174819946289e+01 -9.316497421264648082e+00
-1.621718867619832238e+01 -1.043147678375244070e+01
-1.666328485806782922e+01 -1.058969326019287038e+01
-1.658658627669016639e+01 -1.027789554595947230e+01
-1.576643256346384625e+01 -1.045182704925537109e+01
-1.681841103235880652e+01 -1.034512672424316371e+01
-1.659899655977885047e+01 -1.031246738433837962e+01
-1.641561599572499475e+01 -1.070161590576171839e+01
-1.645403305689493934e+01 -1.043909282684326101e+01
-1.677551694711049279e+01 -1.019846267700195241e+01
-1.655553146203358850e+01 -9.152660655975342507e+00
-1.610592452685038367e+01 -9.589157867431641336e+00
-1.488017578919728656e+01 -1.096881790161132741e+01
-1.631754926840464393e+01 -1.032110786437988281e+01
-1.594386037190755268e+01 -1.024449853897094798e+01
-1.607740322748820105e+01 -9.534446525573731179e+00
-1.557812758286794086e+01 -1.061714286804199148e+01
-1.676130596796671668e+01 -1.036964015960693430e+01
-1.690686364968617639e+01 -1.021436557769775355e+01
-1.674058870474497596e+01 -1.036509780883789134e+01
-1.670288852850596228e+01 -1.084062519073486364e+01
-1.682651551564534387e+01 -1.032937831878662038e+01
-1.656938656171162805e+01 -1.054230537414550817e+01
-1.614766192436218262e+01 -1.046939849853515625e+01
-1.617684841156005859e+01 -1.039408092498779368e+01
-1.626034776369730750e+01 -1.031568889617919993e+01
-1.634459936618804932e+01 -1.025093574523925710e+01
-1.632078806559244910e+01 -1.086909465789794993e+01
-1.693366026878356934e+01 -1.117932224273681641e+01
-1.686804409821828088e+01 -9.965923500061034446e+00
-1.645705711841583252e+01 -1.047904987335205007e+01
-1.684713979562123498e+01 -9.739680290222167969e+00
-1.667070309321085730e+01 -1.002736644744873118e+01
-1.637193397680918494e+01 -1.059670886993408168e+01
-1.739571626981099328e+01 -1.027511444091796911e+01
-1.734721859296162805e+01 -1.057762165069580007e+01
-1.712516140937805176e+01 -1.063422508239746023e+01
-1.659767937660217285e+01 -1.033970794677734339e+01
-1.732617616653442383e+01 -1.065455322265625071e+01
-1.744805558522542199e+01 -1.034179439544677770e+01
-1.688106103738148889e+01 -9.632444572448729758e+00
-1.565568677584330182e+01 -1.048661575317382777e+01
-1.706038566430409631e+01 -9.327360057830810902e+00
-1.454746119181315045e+01 -9.676318740844726207e+00
-1.604018902778625488e+01 -1.018020725250244141e+01
-1.732916673024495324e+01 -1.074038009643554759e+01
-1.665542058149973670e+01 -1.024283409118652344e+01
-1.695899462699890137e+01 -9.793470191955567117e+00
-1.667045386632283410e+01 -1.049952106475830149e+01
-1.680521420637766639e+01 -1.063233165740966868e+01
-1.696138270696004113e+01 -1.057993144989013601e+01
-1.759037550290425500e+01 -1.016193218231201101e+01
-1.709922055403391639e+01 -9.848650169372557883e+00
-1.738587021827697754e+01 -1.035665855407714808e+01
-1.722710863749186316e+01 -1.014826068878173793e+01
-1.736899411678314209e+01 -1.069008235931396555e+01
-1.761289676030476770e+01 -1.109074897766113210e+01
-1.702861698468526086e+01 -1.026576499938964915e+01
-1.740544533729553223e+01 -1.009336376190185547e+01
-1.692742415269215783e+01 -1.056370849609374929e+01
-1.719771774609883508e+01 -1.053294696807861364e+01
-1.647043836116790771e+01 -9.821792030334473012e+00
-1.636759622891743859e+01 -9.086670303344726918e+00
-1.591950595378875732e+01 -1.054389152526855433e+01
-1.638682536284128943e+01 -1.074088783264160085e+01
-1.678720823923746863e+01 -1.093566970825195384e+01
-1.708593293031056604e+01 -1.034991817474365305e+01
-1.767480413118998328e+01 -1.059633388519287145e+01
-1.677465800444285193e+01 -1.075578498840332031e+01
-1.672428321838378906e+01 -9.159256553649901988e+00
-1.674291602770487586e+01 -1.040989646911621058e+01
-1.733313163121541223e+01 -1.047639045715331996e+01
-1.674518549442291260e+01 -1.058689613342285085e+01
-1.636937757333119592e+01 -1.024989738464355504e+01
-1.583756351470947266e+01 -9.945253753662109730e+00
-1.588313996791839600e+01 -1.071819400787353516e+01
-1.625730725129445275e+01 -1.073190212249755859e+01
-1.685330899556477746e+01 -1.030008487701416087e+01
-1.773710576693217078e+01 -9.881559181213379617e+00
-1.733937791983286658e+01 -1.037859458923339773e+01
-1.752252713839213172e+01 -1.042105560302734446e+01
-1.731878554821014404e+01 -1.025941238403320277e+01
-1.718592341740925988e+01 -1.106382503509521520e+01
-1.657505838076273719e+01 -1.051349143981933665e+01
-1.521290294329325299e+01 -1.017722625732421804e+01
-1.638349910577138147e+01 -1.016219234466552734e+01
-1.531428201993306537e+01 -1.121192550659179688e+01
-1.474858240286509137e+01 -1.078791561126709020e+01
-1.759201788902282715e+01 -1.023458271026611399e+01
-1.703589646021525184e+01 -1.034305114746093679e+01
-1.740863045056660852e+01 -1.076657505035400320e+01
-1.784355004628499231e+01 -1.092400569915771413e+01
-1.740003705024719238e+01 -1.054282836914062571e+01
-1.763170893987019738e+01 -1.084531822204589879e+01
-1.761647975444793701e+01 -1.041311874389648473e+01
-1.706351721286773682e+01 -1.054418506622314489e+01
-1.668533968925476074e+01 -1.040475063323974680e+01
-1.750141644477844238e+01 -1.077604627609252930e+01
-1.752976318200429162e+01 -1.059022731781005788e+01
-1.697941335042317590e+01 -1.001625366210937429e+01
-1.566887549559275250e+01 -1.006624870300293040e+01
-1.677079359690348426e+01 -9.835896301269531961e+00
-1.696928711732228479e+01 -9.719582748413085227e+00
-1.652234991391499719e+01 -1.098668708801269567e+01
-1.788500754038492957e+01 -1.060455837249755895e+01
-1.779311879475911340e+01 -1.048936481475830007e+01
-1.754444495836893836e+01 -1.055349655151367116e+01
-1.720746310551961145e+01 -9.452630043029785156e+00
-1.717206033070882043e+01 -1.026360225677490234e+01
-1.744893030325571814e+01 -1.065042972564697266e+01
-1.696450376510620117e+01 -9.773465728759765270e+00
-1.778709975878397742e+01 -1.071537704467773366e+01
-1.740958150227864465e+01 -1.079365444183349609e+01
-1.799373952547709266e+01 -1.041967487335205078e+01
-1.766525379816691199e+01 -8.700747108459472301e+00
-1.576035924752553363e+01 -1.041925277709960973e+01
-1.751617916425069055e+01 -1.051766395568847656e+01
-1.693895220756530762e+01 -9.752839279174803977e+00
-1.676317246754964074e+01 -1.067128410339355504e+01
-1.722820985317230225e+01 -1.049162235260009801e+01
-1.799541743596394738e+01 -1.040219116210937500e+01
-1.792773373921712121e+01 -1.026161079406738352e+01
-1.691142614682515344e+01 -1.053715419769287109e+01
-1.770914224783579627e+01 -1.019974250793456960e+01
-1.707412131627400598e+01 -9.957547569274902699e+00
-1.697383292516072473e+01 -9.483245658874512429e+00
-1.666800304253895959e+01 -1.002015151977539098e+01
-1.753977648417155066e+01 -1.035158996582031321e+01
-1.770278294881184777e+01 -1.060340557098388636e+01
-1.698185873031616211e+01 -1.051969203948974574e+01
-1.777996567885081092e+01 -9.878436851501465554e+00
-1.697606162230173865e+01 -9.090336799621582031e+00
-1.537350229422251324e+01 -1.069747714996337962e+01
-1.783931843439738074e+01 -1.046689605712890625e+01
-1.773205240567525109e+01 -1.030652942657470739e+01
-1.771682810783386230e+01 -1.033457012176513601e+01
-1.767770719528198242e+01 -1.084046401977539098e+01
-1.756352535883585730e+01 -1.058655815124511790e+01
-1.826081347465515137e+01 -1.042599048614501989e+01
-1.769351661205291748e+01 -9.752890205383300426e+00
-1.735326298077901086e+01 -1.065715370178222621e+01
-1.777569385369618615e+01 -1.042148323059081960e+01
-1.794108120600382605e+01 -1.019373302459716868e+01
-1.720583772659301758e+01 -1.030416564941406321e+01
-1.790737080574035645e+01 -1.033951301574706960e+01
-1.784447399775187293e+01 -1.027494850158691442e+01
-1.689717789491017541e+01 -1.015957069396972656e+01
-1.801994287967681885e+01 -1.027151432037353551e+01
-1.718807494640350342e+01 -9.992349433898926492e+00
-1.748647288481394568e+01 -1.013808689117431605e+01
-1.762800252437591553e+01 -1.054826259613037109e+01
-1.789942987759907922e+01 -1.021587829589843821e+01
-1.866431005795796594e+01 -1.037354125976562536e+01
-1.730381544431050500e+01 -1.039242820739746165e+01
-1.721894121170043945e+01 -1.033043136596679723e+01
-1.711262559890747070e+01 -1.033283329010009766e+01
-1.737404624621073523e+01 -8.792939090728760121e+00
-1.633657085895538330e+01 -9.831963920593262074e+00
-1.708820732434590539e+01 -1.033556022644043004e+01
-1.804397797584533691e+01 -1.101115436553955007e+01
-1.795888582865397254e+01 -1.032205162048339808e+01
-1.831491700808207312e+01 -1.105133857727050817e+01
-1.788606826464335242e+01 -1.057784538269043040e+01
-1.825802008310953894e+01 -1.022257041931152344e+01
-1.809783871968587121e+01 -9.885392189025878906e+00
-1.832203499476115027e+01 -9.801608276367186789e+00
-1.809110649426778039e+01 -1.062739658355712891e+01
-1.842231067021687707e+01 -1.042703018188476527e+01
-1.857573326428731164e+01 -1.052772541046142507e+01
-1.835625036557515344e+01 -1.056638507843017649e+01
-1.810551532109578332e+01 -9.945908164978026988e+00
-1.776992400487263879e+01 -1.060464706420898473e+01
-1.724123756090800086e+01 -1.004004917144775355e+01
-1.621011237303416053e+01 -1.055537910461425710e+01
-1.826871856053670129e+01 -1.009416885375976491e+01
-1.852011179924011230e+01 -9.593562698364257457e+00
-1.812581690152486047e+01 -9.748999404907227273e+00
-1.776092020670573035e+01 -9.991052055358887074e+00
-1.756575783093770227e+01 -1.004849262237548757e+01
-1.737165578206380090e+01 -1.023186473846435618e+01
-1.822746992111206055e+01 -1.006171302795410227e+01
-1.796928779284159461e+01 -9.958472061157227273e+00
-1.760732901096343994e+01 -9.975839233398437145e+00
-1.798930923144022742e+01 -1.114320058822631765e+01
-1.785343074798583984e+01 -9.798895645141602273e+00
-1.589895967642466168e+01 -1.005530471801757741e+01
-1.775630239645640174e+01 -9.761382675170898082e+00
-1.858556977907816687e+01 -1.039525547027587926e+01
-1.847274049123128137e+01 -1.033187313079833913e+01
-1.805639362335205078e+01 -1.010426158905029226e+01
-1.784667305151621619e+01 -9.490725326538086648e+00
-1.763385383288065711e+01 -1.012754058837890625e+01
-1.777082180976867676e+01 -1.071412239074706996e+01
-1.728246982892354211e+01 -9.869198417663573863e+00
-1.776708912849426270e+01 -1.022451190948486399e+01
-1.820398600896199426e+01 -1.039112873077392507e+01
-1.769931224981943885e+01 -9.870793628692627664e+00
-1.759449752171834191e+01 -9.919042587280273438e+00
-1.835761976242065430e+01 -9.611190032958983664e+00
-1.745484105745951453e+01 -1.023778972625732386e+01
-1.638163467248280725e+01 -1.052819671630859411e+01
-1.808678738276163855e+01 -1.051036014556884801e+01
-1.758780109882354736e+01 -9.735262489318847301e+00
-1.768274939060211182e+01 -1.044648590087890661e+01
-1.807967162132263184e+01 -1.012574758529663121e+01
-1.821427957216898719e+01 -1.015093460083007848e+01
-1.772234360376993934e+01 -1.070624046325683665e+01
-1.802251088619232178e+01 -1.108516378402709890e+01
-1.842618330319722375e+01 -9.826445960998535512e+00
-1.659658459822336951e+01 -1.036632843017578054e+01
-1.740273904800415039e+01 -1.055614223480224645e+01
-1.829556488990783691e+01 -1.053211021423339844e+01
-1.825379816691080848e+01 -9.582117843627930398e+00
-1.827561601003010949e+01 -1.066533546447753977e+01
-1.881639258066813269e+01 -1.061672477722168040e+01
-1.791581992308298865e+01 -1.004728355407714879e+01
-1.641195563475291053e+01 -1.072454242706298899e+01
-1.823683555920918664e+01 -1.016505393981933558e+01
-1.867305254936218262e+01 -1.056057586669921911e+01
-1.710602792104085168e+01 -9.599761199951171164e+00
-1.733044775327046594e+01 -1.071593551635742259e+01
-1.771169928709666053e+01 -9.630985069274903054e+00
-1.782302216688792029e+01 -1.022036323547363246e+01
-1.816549936930338660e+01 -1.010837574005126882e+01
-1.737821014722188195e+01 -1.005668392181396520e+01
-1.822560095787048340e+01 -9.998658370971678977e+00
-1.781190164883931359e+01 -1.025677938461303640e+01
-1.804863055547078332e+01 -1.010246715545654261e+01
-1.855237372716267785e+01 -9.984724426269531605e+00
-1.837353614966074744e+01 -1.062737884521484411e+01
-1.778631401062011719e+01 -1.046240005493164027e+01
-1.792843190828959266e+01 -1.058485574722289968e+01
-1.885594733556111535e+01 -1.043358440399169851e+01
-1.860088038444519043e+01 -9.501020908355712891e+00
-1.776198856035868445e+01 -9.371233177185057883e+00
-1.802988207340240479e+01 -1.044905586242675710e+01
-1.841653553644816199e+01 -9.613117790222167613e+00
-1.872644639015197754e+01 -1.008418006896972585e+01
-1.848460507392883301e+01 -1.039918785095214915e+01
-1.787924261887868127e+01 -1.054113883972167898e+01
-1.875699909528096399e+01 -1.030808219909667933e+01
-1.826326537132263184e+01 -9.177250671386719461e+00
-1.634454786777496338e+01 -1.041034812927246023e+01
-1.863968936602274695e+01 -9.959523963928223367e+00
-1.816407926877339563e+01 -9.307806205749511008e+00
-1.869940559069315711e+01 -1.001986236572265554e+01
-1.890564576784769812e+01 -9.825016021728515625e+00
-1.920423229535420617e+01 -1.081057357788085938e+01
-1.942619522412617883e+01 -1.021123657226562464e+01
-1.833541703224182129e+01 -1.027283172607421946e+01
-1.694866605599721154e+01 -1.060517330169677663e+01
-1.854924114545186242e+01 -9.887287521362305043e+00
-1.877408258120219031e+01 -9.655787467956542969e+00
-1.842458001772562781e+01 -9.916898727416992188e+00
-1.873014251391093055e+01 -1.040032711029052770e+01
-1.870943919817606726e+01 -1.031243762969970668e+01
-1.883928211530049524e+01 -9.431103706359863281e+00
-1.831365768114725867e+01 -9.873465728759764914e+00
-1.832768130302429199e+01 -1.024077167510986364e+01
-1.895982782046000281e+01 -1.017775440216064453e+01
-1.856373341878255090e+01 -9.840728378295898082e+00
-1.855137888590494910e+01 -9.962457466125488992e+00
-1.815549751122792443e+01 -1.056926498413085902e+01
-1.888334027926127234e+01 -9.947221946716307883e+00
-1.887310894330342492e+01 -9.957129478454589844e+00
-1.836615327994028846e+01 -1.042614231109619105e+01
-1.818112095197041711e+01 -1.027736892700195348e+01
-1.899528368314107141e+01 -1.028760757446289098e+01
-1.892215164502461633e+01 -9.861275863647460227e+00
-1.933034706115722656e+01 -9.939045715332031961e+00
-1.854848742485046387e+01 -1.053729972839355433e+01
-1.890777667363484582e+01 -1.023613300323486364e+01
-1.886547629038492957e+01 -9.332054328918456321e+00
-1.865776602427164832e+01 -9.733681869506835227e+00
-1.882078623771667480e+01 -9.507415962219237571e+00
-1.870272199312845984e+01 -1.007183837890625000e+01
-1.915486836433410645e+01 -1.012308082580566371e+01
-1.925407330195109168e+01 -1.001103363037109339e+01
-1.885835115114847937e+01 -9.878900718688964133e+00
-1.883125106493632117e+01 -9.541740703582764382e+00
-1.904811322689056396e+01 -9.867926216125487926e+00
-1.902181379000345984e+01 -9.858383560180664418e+00
-1.824667469660441199e+01 -9.790417671203613281e+00
-1.865946690241495887e+01 -1.016588878631591797e+01
-1.872076725959777832e+01 -9.630025672912598367e+00
-1.847276965777079383e+01 -1.046643047332763743e+01
-1.851205031077067176e+01 -1.022919673919677663e+01
-1.915099088350931922e+01 -1.002555637359619212e+01
-1.928087735176086426e+01 -1.085088100433349645e+01
-1.927436939875284949e+01 -9.925555229187011719e+00
-1.863136625289916992e+01 -1.064605274200439489e+01
-1.970387053489685059e+01 -1.004556999206542933e+01
-1.950518965721130371e+01 -1.010876884460449254e+01
-1.830036958058675012e+01 -1.005401782989502024e+01
-1.897838060061137000e+01 -9.926998519897461293e+00
-1.904503424962361535e+01 -1.004183197021484375e+01
-1.832185014088948449e+01 -1.003862609863281286e+01
-1.851505589485168457e+01 -9.659914398193359730e+00
-1.805446831385294715e+01 -1.044393844604492116e+01
-1.768750123182932654e+01 -8.910573291778565164e+00
-1.714183032512664795e+01 -9.281800270080566406e+00
-1.765090203285217285e+01 -9.903005027770996449e+00
-1.825423439343770227e+01 -1.019520473480224609e+01
-1.848844623565673828e+01 -1.029100437164306570e+01
-1.796064698696136475e+01 -1.022851390838622976e+01
-1.858677848180134973e+01 -1.058777027130127024e+01
-1.856146224339802941e+01 -9.810996627807616832e+00
-1.754004446665446082e+01 -9.937177658081054688e+00
-1.774309865633646766e+01 -1.024735183715820241e+01
-1.914947056770324707e+01 -1.018648090362548864e+01
-1.740735268592834473e+01 -9.560140991210937855e+00
-1.790118344624837121e+01 -1.019151592254638672e+01
-1.853977497418721399e+01 -9.987635993957519887e+00
-1.856750353177388391e+01 -9.700883102416991477e+00
-1.811989021301269531e+01 -9.964178562164306641e+00
-1.835810788472493371e+01 -9.819988250732421875e+00
-1.921609767278035363e+01 -1.040118141174316335e+01
-1.926218438148498535e+01 -9.866499519348144176e+00
-1.982497835159301758e+01 -9.904168128967285156e+00
-1.915500013033549109e+01 -1.011501636505126989e+01
-1.924903090794881066e+01 -1.002931852340698171e+01
-1.848323138554890832e+01 -9.973709869384766336e+00
-1.858155608177185059e+01 -9.631503677368163707e+00
-1.835344012578328332e+01 -1.012223777770996058e+01
-1.930753135681152344e+01 -9.765443515777587180e+00
-1.956848986943562707e+01 -9.592477035522460227e+00
-1.827105975151062012e+01 -1.035808563232421875e+01
-1.887629834810892859e+01 -9.980052185058593039e+00
-1.924844900767008582e+01 -9.897971534729004262e+00
-1.819546075661977014e+01 -9.936515045166014914e+00
-1.775384632746378699e+01 -1.050732250213622976e+01
-1.772003726164500037e+01 -1.000487251281738210e+01
-1.851270826657613000e+01 -9.593633079528808949e+00
-1.892590848604838172e+01 -1.020158653259277415e+01
-1.951862732569376746e+01 -1.015831432342529261e+01
-1.874659387270609656e+01 -1.036103076934814382e+01
-1.835934114456176758e+01 -1.044373645782470739e+01
-1.869924545288085938e+01 -9.387821006774903054e+00
-1.924003465970357141e+01 -9.645273971557617898e+00
-1.857369609673817834e+01 -1.004134654998779297e+01
-1.838082814216613770e+01 -9.891950035095215199e+00
-1.927971776326497277e+01 -1.011122684478759837e+01
-1.967845026652018348e+01 -1.060642242431640625e+01
-1.887518183390299598e+01 -1.053069095611572337e+01
-1.909429319699605188e+01 -9.943261909484863992e+00
-1.896263527870178223e+01 -9.892384719848632102e+00
-1.923651115099589148e+01 -9.997306823730468750e+00
-1.922188035647074500e+01 -1.015722846984863281e+01
-1.937110686302185059e+01 -9.905045318603516336e+00
-2.006521312395731726e+01 -9.869828796386718395e+00
-1.964995288848876953e+01 -9.906030082702637074e+00
-1.977748711903889856e+01 -9.951169395446777699e+00
-1.778967893123626709e+01 -9.741154289245605113e+00
-1.865924477577209473e+01 -9.651319122314452770e+00
-1.913265856107075891e+01 -1.018333930969238210e+01
-1.884811361630757531e+01 -9.641910552978515625e+00
-1.986951343218485633e+01 -1.008592376708984339e+01
-1.957239143053690711e+01 -9.844667148590087180e+00
-1.949419673283894738e+01 -9.737814712524414773e+00
-1.945937848091125488e+01 -1.013899993896484375e+01
-1.918077921867370605e+01 -8.568800640106200461e+00
-1.875318888823191443e+01 -1.003122005462646449e+01
-1.952590624491373816e+01 -9.946674537658690696e+00
-2.007025822003682336e+01 -9.701905250549316406e+00
-1.946006449063618859e+01 -9.773936080932617898e+00
-1.955500221252441406e+01 -9.335204410552979226e+00
-1.961035466194152832e+01 -9.364558219909667969e+00
-1.904856554667155066e+01 -9.399968338012694602e+00
-1.760796280701955041e+01 -9.920668888092041726e+00
-1.974294519424438477e+01 -9.964890861511230824e+00
-1.900549602508544922e+01 -9.277346038818359730e+00
-1.861257529258728027e+01 -9.959645080566406961e+00
-1.962847097714741906e+01 -1.006547107696533239e+01
-1.966050227483113488e+01 -1.030573663711547816e+01
-1.974221849441528320e+01 -9.542542076110839488e+00
-1.896964156627655029e+01 -9.713497161865234375e+00
-1.996433369318644324e+01 -1.044697875976562429e+01
-1.945429762204488000e+01 -8.947735404968261363e+00
-1.917492890357971191e+01 -8.971495437622071023e+00
-1.947626503308613977e+01 -1.001167068481445277e+01
-1.929952359199523926e+01 -9.492681503295898438e+00
-1.912159065405527869e+01 -9.880195617675781250e+00
-1.957002345720927039e+01 -1.012325496673583913e+01
-1.966748738288879395e+01 -9.197744941711425426e+00
-1.864943269888560096e+01 -9.748995399475097301e+00
-1.978458499908447266e+01 -1.013611373901367152e+01
-1.947539003690083703e+01 -9.772662544250488637e+00
-1.926260232925415039e+01 -9.912744140624999645e+00
-1.933636291821797570e+01 -9.775278663635253551e+00
-1.966962067286173621e+01 -1.050221948623657298e+01
-1.956120395660400391e+01 -9.916267967224120738e+00
-1.857273372014363488e+01 -9.624333572387694602e+00
-1.888487450281779090e+01 -1.038197422027587891e+01
-1.994373909632365027e+01 -1.003930091857910156e+01
-2.012830114364624023e+01 -9.450721549987793679e+00
-2.030723667144775391e+01 -1.006848087310791051e+01
-1.805053643385569373e+01 -8.983135986328125711e+00
-1.767087709903717041e+01 -1.024966011047363246e+01
-1.915317527453104773e+01 -9.864979934692382102e+00
-2.002834367752075195e+01 -9.713938140869140980e+00
-1.890752498308817664e+01 -9.988697814941406961e+00
-1.925783133506774902e+01 -9.951792907714843039e+00
-1.811384562651316443e+01 -9.447573375701903586e+00
-1.903666385014851770e+01 -1.002820301055908203e+01
-1.971003874142964563e+01 -9.826657676696777699e+00
-1.875063339869181434e+01 -9.357858276367187145e+00
-1.960559217135111609e+01 -9.773797225952147727e+00
-1.933735974629719934e+01 -1.009928474426269496e+01
-1.952034473419189453e+01 -1.004230442047119176e+01
-1.824745047092437744e+01 -1.022841014862060582e+01
-1.991800475120544434e+01 -1.011975822448730433e+01
-1.954033025105794152e+01 -9.672450065612792969e+00
-2.034017054239908973e+01 -9.971823501586914773e+00
-1.937163281440734863e+01 -1.007210407257080043e+01
-1.993748696645100793e+01 -9.632941818237304332e+00
-1.965057134628295898e+01 -1.009798908233642578e+01
-1.861183587710062781e+01 -1.016262836456298757e+01
-1.972015062967936316e+01 -9.757510375976561789e+00
-1.923074396451314172e+01 -9.563501167297363992e+00
-2.029850347836812219e+01 -9.878845691680908203e+00
-2.060857232411702356e+01 -9.772021102905274148e+00
-1.998524125417073449e+01 -9.532027244567871094e+00
-2.046140456199645996e+01 -9.782743072509765270e+00
-2.033109839757283410e+01 -9.859387969970702770e+00
-1.987254063288370887e+01 -1.001758670806884766e+01
-2.032048718134562293e+01 -9.958038139343262429e+00
-2.001109568277994910e+01 -9.932787704467774148e+00
-1.987171427408854285e+01 -9.363825225830078480e+00
-1.876786756515502930e+01 -1.016718368530273509e+01
-1.909933853149414062e+01 -9.825879287719725852e+00
-1.978689654668172082e+01 -1.037494440078735281e+01
-1.907467444737752160e+01 -9.374246597290039062e+00
-1.940222851435343543e+01 -1.004588680267334055e+01
-2.015169032414754113e+01 -9.726657104492186789e+00
-1.994191336631774902e+01 -9.811462116241454368e+00
-2.026174100240071496e+01 -9.858052635192871449e+00
-1.992353955904642859e+01 -9.898372268676757457e+00
-1.959802198410034180e+01 -9.536116790771483664e+00
-1.923177119096120080e+01 -9.758425331115722301e+00
-2.007862989107767859e+01 -1.004962644577026332e+01
-2.012424786885579309e+01 -9.925558090209960938e+00
-2.010857327779133996e+01 -9.622788619995116477e+00
-2.028582151730855188e+01 -9.658343124389649148e+00
-2.001127401987711707e+01 -9.701904296875000000e+00
-2.024325640996297082e+01 -9.962293434143067117e+00
-2.008648061752319336e+01 -1.021286182403564524e+01
-2.036883775393168250e+01 -9.977117156982421520e+00
-1.979484852155049524e+01 -9.615556526184082742e+00
-1.983895977338154992e+01 -9.664035415649413707e+00
-1.870924027760823449e+01 -9.401443386077881215e+00
-1.936387372016906738e+01 -9.652016258239745738e+00
-1.921081280708312988e+01 -1.011416168212890554e+01
-1.905475497245788574e+01 -1.002753505706787074e+01
-1.928829924265543738e+01 -9.730898857116699219e+00
-1.968874971071879187e+01 -9.712752532958983664e+00
-1.842482511202494422e+01 -9.410420799255371449e+00
-1.909279851118723670e+01 -9.556127929687500355e+00
-1.989871946970621863e+01 -9.653430747985840554e+00
-1.969535875320434570e+01 -9.618515682220458274e+00
-1.915663425127665320e+01 -9.968981170654297230e+00
-2.026104370752970496e+01 -1.004605426788330114e+01
-1.941554005940755090e+01 -9.309028530120849965e+00
-1.755763347943623742e+01 -9.918529224395751243e+00
-1.969027431805928430e+01 -1.005442714691162109e+01
-1.936721209685007850e+01 -9.959733676910399680e+00
-1.935161328315734863e+01 -9.564858245849610086e+00
-2.074262181917826453e+01 -9.503475379943846946e+00
-2.049729275703430176e+01 -9.908494377136230824e+00
-2.057368032137553016e+01 -1.036489753723144602e+01
-2.022389674186706543e+01 -9.968046665191650391e+00
-1.993462077776591101e+01 -9.443380928039550426e+00
-2.002969940503438195e+01 -9.775512123107910512e+00
-2.005367088317871094e+01 -1.016747016906738210e+01
-2.049950281778971473e+01 -9.689266586303711293e+00
-1.902635558446248254e+01 -1.011180305480957031e+01
-2.032056212425231934e+01 -9.966860580444336648e+00
-1.996732298533121863e+01 -9.788820075988770242e+00
-1.916629250844319543e+01 -9.382748031616211293e+00
-1.883169142405192176e+01 -9.601720237731933949e+00
-1.870611556371052941e+01 -9.596072769165038707e+00
-1.980016644795735559e+01 -9.573825645446778054e+00
-1.937925283114115516e+01 -9.878474998474121804e+00
-2.014128351211547852e+01 -1.004936847686767543e+01
-2.079741263389587402e+01 -9.645801544189453125e+00
-2.046522339185078820e+01 -9.929659080505370383e+00
-2.011280171076456824e+01 -1.035780639648437429e+01
-2.027056860923767090e+01 -9.787203407287597301e+00
-2.085396798451741418e+01 -9.697428321838378551e+00
-2.020593110720316687e+01 -8.874649429321289418e+00
-1.975024978319803992e+01 -1.010363130569458079e+01
-1.914215175310770789e+01 -9.345309448242186789e+00
-1.959318772951762000e+01 -9.816593170166015625e+00
-1.933986687660217285e+01 -9.558769989013672586e+00
-2.060190820693969727e+01 -9.436491394042969105e+00
-1.944065634409586707e+01 -1.013163928985595774e+01
-2.027855523427327356e+01 -9.794411659240722656e+00
-2.011338559786478797e+01 -1.009384860992431676e+01
-2.014703687032063684e+01 -9.788079833984374645e+00
-1.975029555956522742e+01 -9.597106742858887429e+00
-1.969511461257934570e+01 -9.592824363708496449e+00
-2.019770717620849609e+01 -9.576906967163086648e+00
-2.027169378598530969e+01 -9.710852718353271129e+00
-2.036874659856160363e+01 -9.631501388549803977e+00
-2.083323653539021691e+01 -9.994704246520996094e+00
-2.040684445699055871e+01 -9.761576080322265980e+00
-2.049865460395812988e+01 -9.755361938476562855e+00
-1.966585493087768555e+01 -9.726131057739257457e+00
-1.992893815040588379e+01 -9.806003093719482422e+00
-1.924772719542185584e+01 -9.537847900390625355e+00
-2.050261108080546180e+01 -9.829191017150879617e+00
-2.058819603919982910e+01 -1.088366441726684641e+01
-1.950209752718607703e+01 -9.563026428222656250e+00
-1.971823692321777344e+01 -9.353806877136230824e+00
-1.914907511075337609e+01 -9.779893112182616477e+00
-1.896959447860717773e+01 -1.013485221862793040e+01
-1.954374837875366211e+01 -9.687780952453612926e+00
-1.981088884671529016e+01 -1.013580226898193359e+01
-1.974023524920145789e+01 -9.409749412536621449e+00
-2.032017040252685547e+01 -1.002659397125244212e+01
-1.951945050557454309e+01 -9.508525085449218039e+00
-2.000104832649230957e+01 -9.835656929016113992e+00
-1.877268071969350061e+01 -9.857562065124511719e+00
-1.999575002988179406e+01 -9.135550975799560547e+00
-1.989056698481241980e+01 -9.492226982116699574e+00
-2.066493256886800012e+01 -1.013303356170654368e+01
-2.097209493319193641e+01 -9.928762435913085938e+00
-2.103234100341796875e+01 -9.739581871032715554e+00
-2.067102376619974891e+01 -9.710451507568359730e+00
-2.076997272173563758e+01 -9.898085212707519176e+00
-2.086074217160542688e+01 -9.697595405578613992e+00
-2.073573438326517859e+01 -9.748797416687011719e+00
-2.045805382728576660e+01 -9.726173591613768821e+00
-2.090719238917032996e+01 -9.800854682922363281e+00
-1.980835819244384766e+01 -1.004480438232421946e+01
-2.066935388247172156e+01 -9.705950164794922230e+00
-1.964183354377746582e+01 -9.745781898498535156e+00
-1.982024844487508020e+01 -9.665001487731933238e+00
-2.032576131820678711e+01 -9.573277664184569602e+00
-2.021335387229919434e+01 -9.008808135986328125e+00
-1.960112611452738562e+01 -9.310293960571289773e+00
-1.997980856895446777e+01 -9.192540931701660867e+00
-1.926207184791564941e+01 -9.993025302886962891e+00
-2.055070670445759973e+01 -9.609307003021239524e+00
-1.991973153750101844e+01 -9.253844451904296164e+00
-2.095257202784220496e+01 -9.548232460021973012e+00
-2.056613866488138953e+01 -9.664267730712889914e+00
-1.942299691836039344e+01 -1.008337364196777308e+01
-2.032785820960998535e+01 -9.842095375061035156e+00
-2.005433734258015832e+01 -9.521242809295653586e+00
-2.061829447746276855e+01 -9.641310501098633523e+00
-2.109919953346252441e+01 -9.618508148193360086e+00
-1.925842690467834473e+01 -9.577999687194823863e+00
-2.050674621264139930e+01 -1.016269187927246165e+01
-2.075898186365763465e+01 -9.894517993927001598e+00
-2.075319035847981652e+01 -9.430392074584961648e+00
-2.046249111493428430e+01 -9.851549148559570312e+00
-2.062269441286722937e+01 -9.553769683837890270e+00
-2.058100795745849609e+01 -9.584071540832519887e+00
-2.093448710441589355e+01 -9.852602577209472301e+00
-2.049497302373250207e+01 -9.477408790588379262e+00
-2.043385179837544641e+01 -9.918985748291015980e+00
-1.952697698275248328e+01 -9.212742137908936257e+00
-1.981918271382649621e+01 -9.462104797363281250e+00
-2.077864440282185754e+01 -9.339939117431640625e+00
-2.111030292510986328e+01 -1.003727931976318288e+01
-2.097416249910990516e+01 -9.733282279968261008e+00
-2.036361678441365441e+01 -9.814352607727050426e+00
-2.062942115465800086e+01 -1.014296417236328196e+01
-2.153214597702026367e+01 -9.933343219757080789e+00
-2.152049986521403113e+01 -9.659042167663574929e+00
-2.157841277122497559e+01 -9.381332588195800071e+00
-2.032053414980570594e+01 -9.387151908874511008e+00
-1.974920471509297570e+01 -9.809478378295898082e+00
-2.106805316607157508e+01 -9.277858352661132457e+00
-1.983835609753926477e+01 -1.008031349182128977e+01
-2.038636891047159949e+01 -9.380374526977538707e+00
-1.990609534581502160e+01 -9.543157005310058949e+00
-2.024148241678873816e+01 -9.643773078918457031e+00
-2.074208958943684777e+01 -9.724599456787109020e+00
-2.078244455655415734e+01 -1.021444206237793040e+01
-2.070831886927286902e+01 -9.849732112884520774e+00
-2.078997866312662879e+01 -9.783871650695800781e+00
-2.110103027025858680e+01 -9.296972274780273438e+00
-1.966324917475382605e+01 -9.913024711608887429e+00
-1.990954995155334473e+01 -9.810937499999999645e+00
-2.036395557721455774e+01 -9.952210807800293324e+00
-1.898647745450337609e+01 -9.804007339477539773e+00
-2.032628337542216101e+01 -9.754508590698241832e+00
