# Train Val
-5.149942594269911744e+00 -1.051031279563903809e+01
-1.058824384709199329e+01 -1.089598665237426722e+01
-1.086308996876080890e+01 -1.106720538139343191e+01
-1.094361898303031921e+01 -1.095844826698303187e+01
-1.097970675428708454e+01 -1.094570350646972656e+01
-1.100057609875996967e+01 -1.094782199859619176e+01
-1.100025317072868347e+01 -1.103411412239074707e+01
-1.099918286005655865e+01 -1.097550764083862340e+01
-1.103025900324185749e+01 -1.110679316520690918e+01
-1.101114661494890790e+01 -1.107677712440490758e+01
-1.104335212707519531e+01 -1.109714941978454661e+01
-1.104185130198796649e+01 -1.119191493988037145e+01
-1.102712415655454059e+01 -1.102136778831481934e+01
-1.107909605900446515e+01 -1.108595967292785645e+01
-1.109852696458498578e+01 -1.105211157798767019e+01
-1.113166333238283734e+01 -1.118371558189392090e+01
-1.118522695700327496e+01 -1.081963553428649938e+01
-1.127353236079216003e+01 -1.153329815864563024e+01
-1.128162085016568561e+01 -1.153434524536132777e+01
-1.147574697931607624e+01 -1.174173765182495188e+01
-1.177869862318038940e+01 -1.126682820320129430e+01
-1.173805963993072510e+01 -1.172859921455383336e+01
-1.184981682896614075e+01 -1.234980316162109304e+01
-1.206717648108800311e+01 -1.248907785415649485e+01
-1.231427754958470722e+01 -1.163401808738708532e+01
-1.233221594492594342e+01 -1.251727371215820384e+01
-1.267329583565394024e+01 -1.307005906105041504e+01
-1.263316494226455688e+01 -1.301022391319274973e+01
-1.275513272484143634e+01 -1.307383441925048828e+01
-1.284413839379946332e+01 -1.321690788269043004e+01
-1.284530560175577740e+01 -1.334865908622741770e+01
-1.303019350767135620e+01 -1.206267576217651438e+01
-1.293427370985349079e+01 -1.291342682838439870e+01
-1.318182148536046405e+01 -1.359924840927124023e+01
-1.319771284858385663e+01 -1.349652099609375000e+01
-1.311176165938377380e+01 -1.367941670417785716e+01
-1.312830068667729755e+01 -1.375470061302184988e+01
-1.350954859455426593e+01 -1.319199008941650320e+01
-1.328201741973559002e+01 -1.391182041168212891e+01
-1.355418298641840558e+01 -1.333928270339965749e+01
-1.370847729841868023e+01 -1.371583404541015661e+01
-1.342976603905359845e+01 -1.391729993820190359e+01
-1.377996660272280316e+01 -1.426508631706237828e+01
-1.366263885299364667e+01 -1.336620221138000453e+01
-1.368235278129577637e+01 -1.392603011131286550e+01
-1.381989631056785583e+01 -1.418231186866760218e+01
-1.379276997844378094e+01 -1.422193427085876394e+01
-1.393577983975410461e+01 -1.378710861206054616e+01
-1.391332678993543048e+01 -1.446051869392394984e+01
-1.384207640091578106e+01 -1.430280718803405726e+01
-1.407825564344724079e+01 -1.380056238174438477e+01
-1.395731417338053326e+01 -1.422232227325439524e+01
-1.409118419885635376e+01 -1.452048649787902868e+01
-1.425142894188562970e+01 -1.482402882575988734e+01
-1.407274198532104492e+01 -1.432777276039123571e+01
-1.439730985959370990e+01 -1.493325219154357875e+01
-1.415246533354123493e+01 -1.342049946784973180e+01
-1.411488770445187946e+01 -1.359123187065124583e+01
-1.432924291491508484e+01 -1.489660577774047923e+01
-1.445363395412763019e+01 -1.387035851478576731e+01
-1.461181701223055462e+01 -1.404399480819702184e+01
-1.421112891038258930e+01 -1.475832738876342809e+01
-1.456885910034179688e+01 -1.443937520980835032e+01
-1.446795401970545392e+01 -1.461646413803100586e+01
-1.488936630884806256e+01 -1.384824328422546458e+01
-1.445294705033302307e+01 -1.452333331108093262e+01
-1.444318014383316040e+01 -1.519201383590698207e+01
-1.470716851949691772e+01 -1.388816370964050328e+01
-1.464772836367289166e+01 -1.411432380676269460e+01
-1.453372141718864441e+01 -1.486138648986816335e+01
-1.468725874026616474e+01 -1.418906207084655691e+01
-1.433951921264330487e+01 -1.372152376174926758e+01
-1.468894267082214355e+01 -1.521592955589294505e+01
-1.482763208945592304e+01 -1.564220886230468821e+01
-1.496824768185615540e+01 -1.510545372962951660e+01
-1.495188188552856445e+01 -1.543283100128173757e+01
-1.472121005256970783e+01 -1.499580035209655726e+01
-1.504570702711741070e+01 -1.532141013145446706e+01
-1.504709186156590839e+01 -1.515634655952453613e+01
-1.484010074536005597e+01 -1.536851844787597621e+01
-1.519424150387446026e+01 -1.587506628036499023e+01
-1.475285077095031738e+01 -1.292039408683776891e+01
-1.527034167448679547e+01 -1.531427717208862305e+01
-1.469450567166010480e+01 -1.534418840408325124e+01
-1.511562439799308777e+01 -1.549581761360168386e+01
-1.500365462899208069e+01 -1.553667569160461426e+01
-1.541100608309110065e+01 -1.524688358306884695e+01
-1.511524917682011981e+01 -1.584857287406921422e+01
-1.501253379384676556e+01 -1.510374302864074636e+01
-1.526753257711728473e+01 -1.489546942710876465e+01
-1.526542237401008606e+01 -1.514938163757324219e+01
-1.521920448541641235e+01 -1.518236570358276438e+01
-1.548828906814257245e+01 -1.510284099578857386e+01
-1.559293837348620038e+01 -1.455287961959838938e+01
-1.542023788889249225e+01 -1.422607698440551793e+01
-1.520509819189707379e+01 -1.558025050163269043e+01
-1.533684005339940448e+01 -1.319986171722412038e+01
-1.555224127570788006e+01 -1.515179705619812012e+01
-1.519202504555384259e+01 -1.455126137733459402e+01
-1.497773440678914447e+01 -1.407586512565612757e+01
-1.551902726292610168e+01 -1.438148078918456996e+01
-1.536939984560012817e+01 -1.367130837440490687e+01
-1.549642537037531476e+01 -1.628288373947143697e+01
-1.586954173445701599e+01 -1.496731791496276820e+01
-1.566454267501831055e+01 -1.573981595039367676e+01
-1.586653418342272381e+01 -1.523458495140075719e+01
-1.517214228709538837e+01 -1.431034431457519496e+01
-1.558030287424723248e+01 -1.593856296539306605e+01
-1.593635041515032391e+01 -1.527423882484436035e+01
-1.588188595573107342e+01 -1.585250024795532298e+01
-1.587834017475446124e+01 -1.571875200271606410e+01
-1.602866144975026330e+01 -1.599636940956115794e+01
-1.591355104247728924e+01 -1.572246909141540527e+01
-1.588281356294949909e+01 -1.639011297225952291e+01
-1.607886118690172950e+01 -1.590668644905090368e+01
-1.559298690160115619e+01 -1.552494549751281738e+01
-1.567347608009974103e+01 -1.518665690422058034e+01
-1.595606343944867511e+01 -1.626573877334594798e+01
-1.614199795325597009e+01 -1.608879642486572337e+01
-1.585385016600290875e+01 -1.513781566619872976e+01
-1.565342642863591571e+01 -1.444501914978027379e+01
-1.594925951957702637e+01 -1.641555013656616069e+01
-1.606774687767028809e+01 -1.474396634101867676e+01
-1.578138640522956848e+01 -1.556271147727966309e+01
-1.635367875297864160e+01 -1.282021374702453542e+01
-1.567758017778396606e+01 -1.630397334098815776e+01
-1.575191986560821533e+01 -1.598181076049804616e+01
-1.606995570659637451e+01 -1.632529277801513601e+01
-1.623392500480015954e+01 -1.635095148086547923e+01
-1.610570967197418213e+01 -1.402975049018859899e+01
-1.623547888795534888e+01 -1.633400998115539693e+01
-1.617574379841486731e+01 -1.588116998672485281e+01
-1.626870464285214624e+01 -1.642401647567749023e+01
-1.615980574488639832e+01 -1.521522631645202672e+01
-1.580593034625053406e+01 -1.548006563186645579e+01
-1.575206744670867920e+01 -1.604973797798156809e+01
-1.632398501038551331e+01 -1.681687183380126882e+01
-1.666535056630770484e+01 -1.444994807243347168e+01
-1.645204890767733374e+01 -1.544752473831176687e+01
-1.615485421816508094e+01 -1.623687853813171245e+01
-1.629887085159619531e+01 -1.575298109054565465e+01
-1.655242738127708435e+01 -1.610208635330200266e+01
-1.639486615856488427e+01 -1.368115558624267614e+01
-1.626026153564453125e+01 -1.529659266471862722e+01
-1.633089871207873145e+01 -1.588423886299133336e+01
-1.635584875941276550e+01 -1.674909553527832173e+01
-1.623930609226226807e+01 -1.488539719581604004e+01
-1.637966305017471313e+01 -1.223427085876464915e+01
-1.604068105419476709e+01 -1.630407352447509695e+01
-1.655526710549990455e+01 -1.659856438636779785e+01
-1.584927902619043927e+01 -1.571093020439147914e+01
-1.637370956937472144e+01 -1.619392151832580495e+01
-1.660063363114992896e+01 -1.621700468063354350e+01
-1.697367939352989197e+01 -1.652282419204711772e+01
-1.649006438255310059e+01 -1.641080923080444265e+01
-1.661777558922767639e+01 -1.610151147842407227e+01
-1.687208923697471619e+01 -1.491339063644409180e+01
-1.626030335823694983e+01 -1.607710328102111674e+01
-1.693881375590960303e+01 -1.658880448341369629e+01
-1.651668823758761206e+01 -1.667521677017212056e+01
-1.658299302061398706e+01 -1.649539322853088308e+01
-1.632384011149406433e+01 -1.673587365150451589e+01
-1.678119253118832788e+01 -1.634903345108032369e+01
-1.658934317032496253e+01 -1.648041310310363627e+01
-1.677817316850026330e+01 -1.627161326408386088e+01
-1.673809309800465783e+01 -1.574333648681640696e+01
-1.687538832426071167e+01 -1.625478534698486399e+01
-1.672654092311859131e+01 -1.612585334777832102e+01
-1.687026722232500831e+01 -1.481004490852355993e+01
-1.671132748325665673e+01 -1.645659766197204732e+01
-1.677505739529927453e+01 -1.675650324821472026e+01
-1.668622404336929321e+01 -1.519125599861144948e+01
-1.645777466893196106e+01 -1.453912277221679616e+01
-1.668784652153651038e+01 -1.672809419631958150e+01
-1.692634869615237037e+01 -1.696194710731506206e+01
-1.665583358208338538e+01 -1.654432163238525533e+01
-1.673249506950378418e+01 -1.624687447547912456e+01
-1.641137221455574036e+01 -1.608305406570434570e+01
-1.645117795467376709e+01 -1.488271875381469656e+01
-1.673789800206820289e+01 -1.631422057151794291e+01
-1.691012048721313477e+01 -1.704606208801269673e+01
-1.682555746038754663e+01 -1.549635334014892507e+01
-1.689155101776123047e+01 -1.637727479934692454e+01
-1.657747775316238403e+01 -1.712636914253234721e+01
-1.702434831857681274e+01 -1.675037603378295969e+01
-1.730636287728945533e+01 -1.619636330604553365e+01
-1.718287966648737708e+01 -1.656495923995971609e+01
-1.697948639591534814e+01 -1.610755004882812358e+01
-1.696653071045875549e+01 -1.552034196853637660e+01
-1.709736262758572778e+01 -1.668435649871826243e+01
-1.702758503953615943e+01 -1.570480189323425257e+01
-1.654128901163737098e+01 -1.654576129913330007e+01
-1.685638766487439355e+01 -1.690512833595276021e+01
-1.706876720984776696e+01 -1.709749102592468262e+01
-1.691092911362648010e+01 -1.551806201934814489e+01
-1.693983454505602637e+01 -1.693525209426879741e+01
-1.729488456249237061e+01 -1.618839597702026367e+01
-1.711535305778185645e+01 -1.600306129455566406e+01
-1.686213398973147193e+01 -1.514415760040283132e+01
-1.714622322718302527e+01 -1.618715577125549387e+01
-1.732099626461664954e+01 -1.698693690299987935e+01
-1.750277700026829919e+01 -1.647125997543334819e+01
-1.698410633206367493e+01 -1.685673985481262349e+01
-1.740276556213696679e+01 -1.647798385620117045e+01
-1.737840395172436914e+01 -1.572533082962036133e+01
-1.714577431480089942e+01 -1.579938578605651855e+01
-1.705749625960985938e+01 -1.605545282363891602e+01
-1.712658557295799255e+01 -1.677505049705505513e+01
-1.697789589564005652e+01 -1.370189886093139719e+01
-1.716609964768091956e+01 -1.548748760223388743e+01
-1.728953140974044800e+01 -1.552819547653198207e+01
-1.706417949000994483e+01 -1.673799057006835866e+01
-1.707732521494229516e+01 -1.570642476081848216e+01
-1.740763152639071265e+01 -1.681120486259460378e+01
-1.725414701302846154e+01 -1.710671424865722656e+01
-1.760352377096812049e+01 -1.725975828170776438e+01
-1.734217727184295654e+01 -1.679766674041747976e+01
-1.705427816510200500e+01 -1.567807836532592702e+01
-1.653394980231920997e+01 -1.653623294830322266e+01
-1.748208353916804114e+01 -1.707581400871276855e+01
-1.762657348314921180e+01 -1.702013206481933594e+01
-1.757554701964060584e+01 -1.699301095008850027e+01
-1.718684293826420983e+01 -1.629254436492919922e+01
-1.664902008573214331e+01 -1.505074372291564977e+01
-1.753091057141621789e+01 -1.614452109336853169e+01
-1.718652435143788537e+01 -1.673897352218627788e+01
-1.748117373387018958e+01 -1.688604187965393066e+01
-1.705687908331553260e+01 -1.724478416442871165e+01
-1.738049891591072083e+01 -1.540535368919372594e+01
-1.767416500051816186e+01 -1.692743988037109304e+01
-1.722921431064605713e+01 -1.523931956291198730e+01
-1.733711256583531579e+01 -1.704433302879333567e+01
-1.751592252651850501e+01 -1.700815811157226420e+01
-1.746645478407542029e+01 -1.732835292816162109e+01
-1.714479886492093286e+01 -1.670055608749389719e+01
-1.726573582490285119e+01 -1.732778615951538015e+01
-1.719512154658635339e+01 -1.618379120826721262e+01
-1.719891660412152490e+01 -1.672010788917541646e+01
-1.745053815841674805e+01 -1.701831135749817037e+01
-1.743770150343577185e+01 -1.727367324829101491e+01
-1.768002660075823584e+01 -1.640070719718933034e+01
-1.733278284470240393e+01 -1.684423847198486257e+01
-1.744215442736943444e+01 -1.637977786064147878e+01
-1.776793032884597778e+01 -1.663839821815490794e+01
-1.780561132232348243e+01 -1.676264200210571431e+01
-1.795768050352732459e+01 -1.684264411926269389e+01
-1.788915102680524072e+01 -1.695257415771484233e+01
-1.726614340146382531e+01 -1.665881829261779856e+01
-1.700279319286346436e+01 -1.628452520370483469e+01
-1.795257431268692017e+01 -1.551057438850402903e+01
-1.779635075728098670e+01 -1.690349087715149068e+01
-1.781991177797317505e+01 -1.708256850242614888e+01
-1.772925825913747033e+01 -1.701705465316772603e+01
-1.785425004363059998e+01 -1.678334350585937429e+01
-1.780779145161310950e+01 -1.602325758934021138e+01
-1.775915916760762414e+01 -1.683097281455993510e+01
-1.711978833874066552e+01 -1.713171486854553294e+01
-1.808706988890965661e+01 -1.711908965110778880e+01
-1.748171880841255188e+01 -1.731619257926940847e+01
-1.767919762929280481e+01 -1.581309895515441966e+01
-1.770383049050967017e+01 -1.700447072982787944e+01
-1.796654184659321984e+01 -1.666488618850707937e+01
-1.775762059291203698e+01 -1.686824913024902273e+01
-1.754054203629493713e+01 -1.735342869758606099e+01
-1.747127601504325867e+01 -1.443936190605163539e+01
-1.755031704902648926e+01 -1.644907498359680176e+01
-1.787804060180981836e+01 -1.742923083305358745e+01
-1.757277447978655616e+01 -1.741848864555358745e+01
-1.800124589602152625e+01 -1.696865291595458913e+01
-1.818853403131167212e+01 -1.760935964584350444e+01
-1.785841915011405945e+01 -1.681222567558288716e+01
-1.759697170058886329e+01 -1.752713794708251882e+01
-1.736434069275856018e+01 -1.705396199226379395e+01
-1.788479809959729394e+01 -1.626378269195556570e+01
-1.719607981046040734e+01 -1.685614247322082448e+01
-1.814993506669998169e+01 -1.742501268386840962e+01
-1.771270630757014075e+01 -1.695292749404907084e+01
-1.781179994344711304e+01 -1.676192784309387207e+01
-1.814322985212008277e+01 -1.724524950981140137e+01
-1.772772619128227234e+01 -1.456718540191650391e+01
-1.790838266412417212e+01 -1.754813566207885600e+01
-1.802238509058952332e+01 -1.693831043243408274e+01
-1.768473529815673828e+01 -1.489148540496826101e+01
-1.798976668715476990e+01 -1.728443326950073100e+01
-1.827463483810424805e+01 -1.709684009552001882e+01
-1.713008385896682739e+01 -1.730989184379577495e+01
-1.775737784306208411e+01 -1.620247917175293040e+01
-1.752665189901987830e+01 -1.694863815307617116e+01
-1.790365221103032312e+01 -1.662374601364135884e+01
-1.780384066700935364e+01 -1.472850742340087926e+01
-1.812722004453341285e+01 -1.490698347091674769e+01
-1.767822534839312354e+01 -1.776568589210510396e+01
-1.810006108880043030e+01 -1.649944128990173198e+01
-1.840264867742856225e+01 -1.736089706420898438e+01
-1.832822329799334327e+01 -1.470223436355590785e+01
-1.801742476224899292e+01 -1.652103114128112793e+01
-1.797431740164756775e+01 -1.652587428092956401e+01
-1.773197520772616187e+01 -1.601666975021362305e+01
-1.790462294220924377e+01 -1.641111812591552876e+01
-1.791238902012507239e+01 -1.686452507972717285e+01
-1.800891998410224915e+01 -1.761237735748290945e+01
-1.797613620758056641e+01 -1.753632578849792623e+01
-1.767565377553303918e+01 -1.662443685531616211e+01
-1.830273649096488953e+01 -1.637794384956360005e+01
-1.781981649994850159e+01 -1.711321754455566335e+01
-1.794618687033653259e+01 -1.677301888465881419e+01
-1.783467155694961548e+01 -1.721385855674743581e+01
-1.834067170818646630e+01 -1.690698676109314036e+01
-1.810577013095219812e+01 -1.678583149909973216e+01
-1.839451378583908081e+01 -1.752730326652526927e+01
-1.739113102356592933e+01 -1.687180309295654368e+01
-1.844500003258387366e+01 -1.729075832366943288e+01
-1.817496045430501184e+01 -1.733016843795776296e+01
-1.812526700894038001e+01 -1.688278789520263601e+01
-1.841052937507629395e+01 -1.760606322288513326e+01
-1.801121027270952979e+01 -1.754176783561706543e+01
-1.784035748243331909e+01 -1.668414931297302317e+01
-1.802251638968785485e+01 -1.706697201728820801e+01
-1.840374906857808313e+01 -1.643698816299438548e+01
-1.776866200566291809e+01 -1.721396584510803152e+01
-1.849426631132761756e+01 -1.580695848464965891e+01
-1.834162785609563073e+01 -1.680526680946350027e+01
-1.791458641489346704e+01 -1.634543495178222727e+01
-1.826379702488581458e+01 -1.654591999053955220e+01
-1.829425446192423621e+01 -1.658252081871032857e+01
-1.802993235985438147e+01 -1.754586496353149272e+01
-1.836703190207481384e+01 -1.620961604118347310e+01
-1.796072371800740441e+01 -1.725199427604675151e+01
-1.840052415927251062e+01 -1.701152453422546529e+01
-1.832086519400278846e+01 -1.655860223770141459e+01
-1.816392756501833716e+01 -1.684779458045959544e+01
-1.860192139943440637e+01 -1.727239999771118306e+01
-1.839418570200602332e+01 -1.689045968055724956e+01
-1.853103975454966346e+01 -1.356947546005249094e+01
-1.820174138744672021e+01 -1.753167810440063334e+01
-1.778137842814127723e+01 -1.763185267448425364e+01
-1.836870020627975464e+01 -1.747910957336425852e+01
-1.817977793018023291e+01 -1.759557743072509695e+01
-1.839478078484535217e+01 -1.751310935020446635e+01
-1.853244422872861108e+01 -1.737692160606384206e+01
-1.825227776169776917e+01 -1.714591169357299805e+01
-1.874253008762995520e+01 -1.766460189819336080e+01
-1.859202073017756263e+01 -1.661758551597595357e+01
-1.850210189819335938e+01 -1.737193875312805247e+01
-1.853658189376195153e+01 -1.599726848602294993e+01
-1.824534348646799842e+01 -1.732524032592773366e+01
-1.839296146233876428e+01 -1.787048788070678640e+01
-1.870511478185653687e+01 -1.698777780532837056e+01
-1.840290996432304382e+01 -1.742726459503173686e+01
-1.837550922234852990e+01 -1.702729387283325124e+01
-1.824545396367708960e+01 -1.752544951438903809e+01
-1.838286258776982507e+01 -1.694036369323730540e+01
-1.831289757291476050e+01 -1.745546045303344584e+01
-1.828699125846226892e+01 -1.761100339889526367e+01
-1.857733120520909509e+01 -1.699268751144409251e+01
-1.836935526132583618e+01 -1.733890700340270996e+01
-1.856861497958501062e+01 -1.746523637771606374e+01
-1.880938280622164527e+01 -1.744871225357055522e+01
-1.821847485502560815e+01 -1.683719725608825613e+01
-1.869530419508616248e+01 -1.710205101966857910e+01
-1.858166803916295251e+01 -1.762552223205566548e+01
-1.772912297646204749e+01 -1.589819440841674769e+01
-1.855629315972328186e+01 -1.719417805671691823e+01
-1.846034623185793677e+01 -1.739396624565124583e+01
-1.913384046157201013e+01 -1.662811117172241282e+01
-1.824823251366615295e+01 -1.681340808868408132e+01
-1.844788446029027185e+01 -1.759086399078369212e+01
-1.892583477497100830e+01 -1.785364589691162251e+01
-1.839913195371627808e+01 -1.583228850364685059e+01
-1.847038693229357520e+01 -1.700460324287414693e+01
-1.868463832139968872e+01 -1.716113643646240305e+01
-1.836919069290161133e+01 -1.693406996726989888e+01
-1.845300016800562659e+01 -1.653736929893493723e+01
-1.877722962697346887e+01 -1.773135900497436523e+01
-1.870081483324368676e+01 -1.756359210014343120e+01
-1.890953487157821655e+01 -1.691753692626953054e+01
-1.867010909318923950e+01 -1.765543251037597727e+01
-1.855726230144500732e+01 -1.666753821372985911e+01
-1.897340106964111328e+01 -1.727476739883422852e+01
-1.798698528607686242e+01 -1.737995858192443777e+01
-1.890218065182368079e+01 -1.741003994941711497e+01
-1.829634603857994080e+01 -1.758785133361816477e+01
-1.819817110896110535e+01 -1.702379441261291504e+01
-1.818739745020866394e+01 -1.665403971672058248e+01
-1.847294809420903405e+01 -1.753250379562377859e+01
-1.891356197992960730e+01 -1.761142539978027344e+01
-1.849121823906898499e+01 -1.659593973159790181e+01
-1.876303573449452600e+01 -1.723076114654541158e+01
-1.866806916395823279e+01 -1.628769631385803152e+01
-1.846735461552937707e+01 -1.726447763442993022e+01
-1.857413347562154016e+01 -1.696369919776916646e+01
-1.895454615354537964e+01 -1.802545256614684988e+01
-1.882584053277969360e+01 -1.689033007621765137e+01
-1.855014272530873498e+01 -1.502761011123657298e+01
-1.832708895206451416e+01 -1.718737020492553569e+01
-1.820159874359766761e+01 -1.754902806282043315e+01
-1.895533869663874427e+01 -1.733266930580139231e+01
-1.882966788609822473e+01 -1.712934198379516459e+01
-1.852538999915122986e+01 -1.780235834121704031e+01
-1.900806570053100586e+01 -1.600999999046325684e+01
-1.808724557360013208e+01 -1.738949642181396626e+01
-1.821384295821189880e+01 -1.709041228294372416e+01
-1.831559161345164100e+01 -1.590197629928588796e+01
-1.860781341791152954e+01 -1.697120895385742045e+01
-1.877129584550857544e+01 -1.670251908302306987e+01
-1.885273009538650513e+01 -1.726762285232543803e+01
-1.858810865879058838e+01 -1.783015799522399902e+01
-1.896532692511876306e+01 -1.746091032028198242e+01
-1.918769383430480957e+01 -1.747050981521606516e+01
-1.875352297226588050e+01 -1.759954767227172923e+01
-1.884174407521883765e+01 -1.683296604156494070e+01
-1.862089473009109497e+01 -1.665706062316894531e+01
-1.885660714904467383e+01 -1.691585793495178081e+01
-1.919785306851069251e+01 -1.757217249870300435e+01
-1.868652283151944360e+01 -1.693428058624267507e+01
-1.879547488689422607e+01 -1.668758854866027974e+01
-1.873599418997764587e+01 -1.774971580505371094e+01
-1.851424108942349633e+01 -1.766496572494506978e+01
-1.909875577688217163e+01 -1.698176922798156596e+01
-1.867677643895149231e+01 -1.658539819717407227e+01
-1.881599256396293640e+01 -1.779580869674682475e+01
-1.876891395449638367e+01 -1.736252331733703613e+01
-1.901575881242752075e+01 -1.672260398864746023e+01
-1.887712569038073340e+01 -1.725903692245483256e+01
-1.879480622212092200e+01 -1.573530716896057058e+01
-1.891870876153310022e+01 -1.751857905387878489e+01
-1.885351719458897790e+01 -1.771964340209961009e+01
-1.846916258335113525e+01 -1.807647719383239604e+01
-1.903274672230084619e+01 -1.757436857223510884e+01
-1.914662087957064429e+01 -1.777643256187439036e+01
-1.843261095881462097e+01 -1.748763341903686452e+01
-1.895706977446873864e+01 -1.769491906166076589e+01
-1.886180341243743896e+01 -1.779120545387268137e+01
-1.866717053453127662e+01 -1.781370239257812571e+01
-1.873961704969406128e+01 -1.745440721511840820e+01
-1.907798743247985840e+01 -1.749375891685485840e+01
-1.889937291542689124e+01 -1.719637660980224680e+01
-1.882367624839146814e+01 -1.770640120506286763e+01
-1.852513006329536438e+01 -1.784776253700256277e+01
-1.879774706562360009e+01 -1.722253265380859233e+01
-1.901210969686508179e+01 -1.707793164253234863e+01
-1.836849144101142883e+01 -1.713144702911376882e+01
-1.855355462431907654e+01 -1.773925256729125977e+01
-1.911789205670356750e+01 -1.658936643600463867e+01
-1.876906656225522241e+01 -1.660436053276061941e+01
-1.897292280197143555e+01 -1.743874588012695170e+01
-1.873412589232126990e+01 -1.757255563735962056e+01
-1.884899214903513709e+01 -1.712633004188537456e+01
-1.910108427206675330e+01 -1.729704251289367534e+01
-1.883981410662333289e+01 -1.764937682151794363e+01
-1.917962024609247962e+01 -1.665181279182434082e+01
-1.865897540251414100e+01 -1.641833877563476562e+01
-1.887924593687057495e+01 -1.690541038513183736e+01
-1.909893242518107215e+01 -1.756559333801269673e+01
-1.867967920502026757e+01 -1.798744225502014160e+01
-1.897412989536921302e+01 -1.541762804985046387e+01
-1.897884667913119117e+01 -1.752265620231628418e+01
-1.895261875788370887e+01 -1.708641977310180593e+01
-1.894543764988581458e+01 -1.697157053947448802e+01
-1.889370244741439819e+01 -1.609291095733642507e+01
-1.901176599661509314e+01 -1.792178764343261577e+01
-1.937327361106872559e+01 -1.710408716201782298e+01
-1.893365343411763391e+01 -1.645547480583190847e+01
-1.892351131637891015e+01 -1.777079896926879954e+01
-1.909075373411178589e+01 -1.717940287590026927e+01
-1.915687803427378455e+01 -1.734260072708129741e+01
-1.913172367215156555e+01 -1.678102173805236674e+01
-1.904866271217663964e+01 -1.751644620895385884e+01
-1.915327207247416297e+01 -1.755061149597167969e+01
-1.908563085397084436e+01 -1.767826313972473073e+01
-1.845456234614054480e+01 -1.470645103454589808e+01
-1.869580179452896118e+01 -1.749723615646362163e+01
-1.915459269285202026e+01 -1.740492882728576518e+01
-1.891697973012924194e+01 -1.807038860321044993e+01
-1.927178776264190674e+01 -1.670184197425842143e+01
-1.904877948760986328e+01 -1.683446950912475515e+01
-1.838787997762362281e+01 -1.718215279579162669e+01
-1.901475556691487512e+01 -1.694188275337219096e+01
-1.941753079493840417e+01 -1.686490926742553853e+01
-1.904731325308481971e+01 -1.624030785560607981e+01
-1.932855155070622644e+01 -1.781963429450988912e+01
-1.900084631641705712e+01 -1.709748411178588867e+01
-1.924609621365864953e+01 -1.762419223785400391e+01
-1.916236368815104285e+01 -1.761505618095397807e+01
-1.877973552544911584e+01 -1.702610182762145996e+01
-1.914105268319447717e+01 -1.693131160736083984e+01
-1.947301904360453406e+01 -1.706524505615234233e+01
-1.896395226319630822e+01 -1.668289985656738139e+01
-1.926171957453091821e+01 -1.687184195518493723e+01
-1.887264780203501502e+01 -1.762986135482788086e+01
-1.915590573350588599e+01 -1.761139888763427663e+01
-1.944333575169245520e+01 -1.608322286605834961e+01
-1.892293861508369446e+01 -1.635635690689086985e+01
-1.885237554709116736e+01 -1.743101515769958354e+01
-1.852857856949170312e+01 -1.695135321617126323e+01
-1.895507242282231530e+01 -1.646706304550171041e+01
-1.888977031906445703e+01 -1.685140542984008860e+01
-1.884402519464492798e+01 -1.640694751739501811e+01
-1.880599425236384192e+01 -1.751720933914184641e+01
-1.911553732554117957e+01 -1.763315811157226420e+01
-1.927541671196619788e+01 -1.801650705337524272e+01
-1.922495615482330322e+01 -1.753048653602600027e+01
-1.943386464317639550e+01 -1.695165033340454031e+01
-1.901672383149464807e+01 -1.711620831489562988e+01
-1.883963497479756555e+01 -1.636321682929992605e+01
-1.851165069142977515e+01 -1.517016339302062988e+01
-1.909575940171877662e+01 -1.779881911277771067e+01
-1.944814380009968957e+01 -1.766989946365356445e+01
-1.948060597976048669e+01 -1.793288750648498464e+01
-1.897049286961555481e+01 -1.818297243118286133e+01
-1.923484572768211365e+01 -1.624458832740783620e+01
-1.917910835146903992e+01 -1.731968722343444966e+01
-1.946752278010050574e+01 -1.810599989891052175e+01
-1.938019396861394128e+01 -1.622119064331054616e+01
-1.887389091650645057e+01 -1.667249865531921316e+01
-1.890670818090438843e+01 -1.591345310211181641e+01
-1.855881724754969397e+01 -1.716092281341552805e+01
-1.884543516238530358e+01 -1.643236923217773438e+01
-1.908898737033208093e+01 -1.715470395088195943e+01
-1.913933144013087073e+01 -1.558527212142944407e+01
-1.941614955663681030e+01 -1.705060710906982280e+01
-1.927452898025512695e+01 -1.682610287666320659e+01
-1.937265463670094690e+01 -1.753261060714721609e+01
-1.962718484799067298e+01 -1.758860921859741211e+01
-1.975539946556091309e+01 -1.773339815139770437e+01
-1.936298831303914270e+01 -1.768581562042236399e+01
-1.874189190069834510e+01 -1.807239751815795969e+01
-1.926306070884068689e+01 -1.721108541488647603e+01
-1.939002017180125037e+01 -1.811593351364135884e+01
-1.931345927715301514e+01 -1.706593904495239400e+01
-1.961412799358367920e+01 -1.720534429550171041e+01
-1.881547493735949317e+01 -1.803568763732910085e+01
-1.923327317833900452e+01 -1.750300235748290945e+01
-1.926760892073313514e+01 -1.797515058517456055e+01
-1.941243546207745752e+01 -1.738065614700317241e+01
-1.919606712460517883e+01 -1.801646389961242534e+01
-1.903214901685714722e+01 -1.754964513778686452e+01
-1.930965395768483361e+01 -1.762650861740112163e+01
-1.945760579903920373e+01 -1.785472698211669851e+01
-1.932045919696490088e+01 -1.777157688140869141e+01
-1.920984510580698768e+01 -1.739264998435974263e+01
-1.945032894611358643e+01 -1.604949421882629323e+01
-1.936433386802673340e+01 -1.792146611213684082e+01
-1.965546454985936364e+01 -1.736858520507812642e+01
-1.970413736502329627e+01 -1.684563751220703054e+01
-1.925087801615397254e+01 -1.782910490036010742e+01
-1.892675531903902808e+01 -1.445038537979126048e+01
-1.896446972091992578e+01 -1.777872180938720703e+01
-1.957013173898060998e+01 -1.698062949180603098e+01
-1.875912975271542749e+01 -1.660035109519958496e+01
-1.975364853938420495e+01 -1.623943128585815288e+01
-1.959158457318941871e+01 -1.710719604492187429e+01
-1.931486032406489173e+01 -1.779933338165283274e+01
-1.945640915632247925e+01 -1.785110249519348002e+01
-1.978779697418212891e+01 -1.775492548942565918e+01
-1.945927902062733850e+01 -1.802505373954772949e+01
-1.912870949506759644e+01 -1.752176990509033061e+01
-1.947846578558285913e+01 -1.771499757766723704e+01
-1.925482088327407837e+01 -1.724819374084472656e+01
-1.974976160128911218e+01 -1.747365288734436106e+01
-1.929275235533714294e+01 -1.767616553306579519e+01
-1.941946097215016565e+01 -1.743078956604004048e+01
-1.925715698798497399e+01 -1.682908663749694966e+01
-1.909001360336939612e+01 -1.699855437278747416e+01
-1.977232788006464759e+01 -1.782929258346557688e+01
-1.885777752598126611e+01 -1.747308058738708425e+01
-1.949534459908803186e+01 -1.730364522933960103e+01
-1.950976051886876306e+01 -1.762911024093627788e+01
-1.943121476968129357e+01 -1.730994453430175639e+01
-1.957220007975896081e+01 -1.779743213653564382e+01
-1.910444827874501428e+01 -1.717159442901611399e+01
-1.949041642745335778e+01 -1.765072021484375142e+01
-1.950630354881286621e+01 -1.747986240386962820e+01
-1.958113203446070472e+01 -1.669151177406310893e+01
-1.914779764413833618e+01 -1.818864517211914134e+01
-1.958409235874811927e+01 -1.745753650665283274e+01
-1.957168587048848352e+01 -1.733441448211669922e+01
-1.944547877709070960e+01 -1.717487506866455149e+01
-1.964158074061075965e+01 -1.777947988510131694e+01
-1.981985794504483422e+01 -1.715063819885254048e+01
-1.909060609340667725e+01 -1.686093058586120463e+01
-1.929637605945269385e+01 -1.736191368103027344e+01
-1.943862548470497131e+01 -1.685398440361023020e+01
-1.973073778549830237e+01 -1.708527803421020508e+01
-1.933790647983551025e+01 -1.697737884521484375e+01
-1.971889646848042688e+01 -1.756568894386291646e+01
-1.973233340183893958e+01 -1.768102641105651784e+01
-1.893546693523724755e+01 -1.765161666870117330e+01
-1.993747642636299133e+01 -1.779821281433105540e+01
-1.939740100502967834e+01 -1.750393261909484721e+01
-1.933046213785807410e+01 -1.795445599555969096e+01
-1.893521200617154321e+01 -1.692851848602294851e+01
-1.976485788822174072e+01 -1.674316306114196706e+01
-1.922790070374806604e+01 -1.770423889160156250e+01
-1.945152773459752282e+01 -1.759116439819336009e+01
-1.997460965315501014e+01 -1.644667634963989400e+01
-1.890011849006016931e+01 -1.690893082618713450e+01
-1.964810840288798133e+01 -1.741038007736205984e+01
-1.939616346359252930e+01 -1.712384424209594869e+01
-1.971849215030670166e+01 -1.574369459152221751e+01
-1.878647404909133911e+01 -1.664234957695007466e+01
-1.963573193550109863e+01 -1.754587531089782715e+01
-1.959510686000188073e+01 -1.635992131233215474e+01
-1.915696676572163781e+01 -1.744674434661865092e+01
-1.973899887005488196e+01 -1.773850269317626882e+01
-1.955473974347114563e+01 -1.780964312553405904e+01
-1.975988081097602844e+01 -1.767991619110107493e+01
-1.979774016141891479e+01 -1.753479685783386088e+01
-1.963168916106224060e+01 -1.791037068367004537e+01
-1.941032200058301171e+01 -1.816240258216857839e+01
-1.937066410978635034e+01 -1.763529419898986816e+01
-1.978210284312566003e+01 -1.774485282897949290e+01
-1.930002087354660034e+01 -1.791606416702270366e+01
-1.979795098304748535e+01 -1.733686475753784251e+01
-2.008871362606684485e+01 -1.773401269912719869e+01
-1.884135058522224426e+01 -1.630412888526916504e+01
-1.986789253354072571e+01 -1.581306262016296316e+01
-1.981960715850194177e+01 -1.706710414886474680e+01
-1.962415010730425635e+01 -1.738005533218383647e+01
-1.966182639201482019e+01 -1.723929677009582662e+01
-1.977781039476394653e+01 -1.703521175384521413e+01
-1.980898787577946862e+01 -1.671999878883361745e+01
-1.979094547033309937e+01 -1.761638903617858887e+01
-1.996405452489852905e+01 -1.802979383468628072e+01
-1.914644870162010193e+01 -1.699002585411071919e+01
-1.967405945062637329e+01 -1.685887570381164480e+01
-1.901055791974067688e+01 -1.765723500251770162e+01
-1.946103219191233435e+01 -1.744292979240417552e+01
-1.915175588925679406e+01 -1.791482925415039062e+01
-1.964626787106196204e+01 -1.770884552001952983e+01
-2.007821905612945557e+01 -1.753337006568908762e+01
-1.990520747502644738e+01 -1.802262754440307546e+01
-1.984598468740781030e+01 -1.714646725654602122e+01
-1.986449935038884362e+01 -1.740936131477355886e+01
-1.991165728370348731e+01 -1.743589401245117188e+01
-1.963380697369575500e+01 -1.783655085563659526e+01
-1.959144545594851294e+01 -1.748763504028320170e+01
-2.003788584470748901e+01 -1.791660761833190918e+01
-1.996391149361928186e+01 -1.760059084892272807e+01
-1.990537965297698975e+01 -1.792424392700195312e+01
-1.965600446859995643e+01 -1.711765222549438548e+01
-1.978989966710408410e+01 -1.704201650619506836e+01
-1.990794607003529748e+01 -1.715531797409057546e+01
-2.013001352548599243e+01 -1.793746571540832591e+01
-1.995212767521540442e+01 -1.782626771926879883e+01
-1.984531042973200599e+01 -1.770556316375732564e+01
-1.958477128545443335e+01 -1.615663976669311452e+01
-1.915334357817967614e+01 -1.603690557479858469e+01
-2.000192558765411377e+01 -1.782829847335815288e+01
-1.956471474965413293e+01 -1.776413626670837331e+01
-1.973236399888992310e+01 -1.663859314918517995e+01
-1.986131201187769690e+01 -1.778384447097778320e+01
-1.939760223031044006e+01 -1.644896378517150737e+01
-1.991680727402369300e+01 -1.743480911254882670e+01
-1.977476819356282434e+01 -1.719440822601318430e+01
-1.983538458744684974e+01 -1.790192451477050639e+01
-1.957012921571731567e+01 -1.783578920364379883e+01
-1.957178964217503747e+01 -1.777613430023193430e+01
-1.984520451227824012e+01 -1.752494177818298482e+01
-1.999338867266972741e+01 -1.756638836860656738e+01
-1.990758661429087439e+01 -1.638946590423584126e+01
-1.920358572403590003e+01 -1.775050950050354004e+01
-2.009424040714899817e+01 -1.738387508392333913e+01
-1.997920777400334558e+01 -1.722101550102233958e+01
-1.983142942190170288e+01 -1.666644964218139791e+01
-1.910987490415573120e+01 -1.616097979545593333e+01
-1.995182873805363855e+01 -1.827882161140441752e+01
-1.963602480292320251e+01 -1.699773182868957377e+01
-2.000450567404429236e+01 -1.777670106887817525e+01
-2.026655320326487342e+01 -1.722662858963012766e+01
-1.928490111231803894e+01 -1.646086640357971120e+01
-1.931365730365117273e+01 -1.710974116325378347e+01
-1.988010772069295129e+01 -1.788240146636962891e+01
-2.020377556482950965e+01 -1.785585794448852681e+01
-1.964003149668375769e+01 -1.784608435630798340e+01
-1.979434663057327271e+01 -1.736577877998352193e+01
-1.992343741655349731e+01 -1.657185211181640483e+01
-1.954614154497782508e+01 -1.753206815719604350e+01
-1.962191259860992432e+01 -1.785889382362365652e+01
-1.983690562844276428e+01 -1.784065222740173340e+01
-2.029979018370310584e+01 -1.774714956283569478e+01
-1.997902089357376099e+01 -1.778656067848205424e+01
-2.020148654778798303e+01 -1.773091397285461568e+01
-1.975072670976321021e+01 -1.760300664901733469e+01
-2.010942665735880652e+01 -1.761999516487121653e+01
-2.010675781965255737e+01 -1.771447644233703755e+01
-1.993313113848368445e+01 -1.765943102836608958e+01
-1.998028991619746009e+01 -1.692791924476623677e+01
-1.945423420270283899e+01 -1.786316423416137766e+01
-1.982209955652554711e+01 -1.745591287612915110e+01
-2.022103794415791711e+01 -1.748799109458923340e+01
-2.016220742464065552e+01 -1.745720281600952006e+01
-1.935906450947125634e+01 -1.757969584465026713e+01
-1.984421380360921106e+01 -1.740043892860412456e+01
-1.989588383833567420e+01 -1.741640138626098633e+01
-2.010657630364100257e+01 -1.773268375396728658e+01
-2.026681514581044397e+01 -1.785769610404968333e+01
-1.994991125663121423e+01 -1.691055068969726705e+01
-1.926222335298855981e+01 -1.776410646438598562e+01
-2.012384722630183020e+01 -1.631763610839843892e+01
-1.989770364761352539e+01 -1.731812252998351909e+01
-2.042282913128535071e+01 -1.751075692176818777e+01
-1.995237364371617517e+01 -1.705014071464538716e+01
-1.995802426338195801e+01 -1.800956830978393697e+01
-1.983988196651140967e+01 -1.720778789520263530e+01
-2.021737579504648963e+01 -1.759885640144348073e+01
-2.006408528486887732e+01 -1.720254616737365794e+01
-1.982027775049209595e+01 -1.676951065063476420e+01
-1.954025907317797461e+01 -1.643963270187378001e+01
-2.001929249366124353e+01 -1.683746185302734233e+01
-2.008985318740208825e+01 -1.662186956405639648e+01
-2.004239292939503869e+01 -1.780555253028869700e+01
-1.978646577397982398e+01 -1.745886311531067037e+01
-2.045647795995076379e+01 -1.748808269500732493e+01
-1.990825319290161133e+01 -1.724453554153442525e+01
-1.965101585785548011e+01 -1.621118917465209819e+01
-2.012485494216283044e+01 -1.666291737556457520e+01
-1.997475904226303101e+01 -1.720826773643493723e+01
-1.987460996707280358e+01 -1.742106380462646342e+01
-2.037189483642578125e+01 -1.739640073776245188e+01
-2.020926752686500549e+01 -1.719050865173339915e+01
-2.010327039162318030e+01 -1.749667043685913015e+01
-1.972467946012814721e+01 -1.768134837150573802e+01
-1.953325335184733191e+01 -1.782061538696289205e+01
-2.040217526753743371e+01 -1.773593831062316895e+01
-2.039824080467224121e+01 -1.724592757225036621e+01
-2.006030188004175940e+01 -1.774877743721008372e+01
-2.047831038633982459e+01 -1.659519910812377930e+01
-2.009190797805786133e+01 -1.679745144844055105e+01
-2.001234966516494751e+01 -1.763602237701416087e+01
-1.997875496745109558e+01 -1.804202542304992818e+01
-1.972356786330540857e+01 -1.730957884788513113e+01
-2.024780865510304650e+01 -1.785343227386474751e+01
-2.035822516679763794e+01 -1.824434852600097656e+01
-2.043077967564265052e+01 -1.739036369323730469e+01
-2.034547994534174720e+01 -1.685492978096008443e+01
-1.986882289250691613e+01 -1.721684165000915456e+01
-2.006177635987599572e+01 -1.733594918251037598e+01
-2.013298942645390710e+01 -1.758472871780395508e+01
-1.891095282634099206e+01 -1.709730496406555034e+01
-2.011067018906275550e+01 -1.643239860534668040e+01
-2.018673358360926429e+01 -1.738235402107238770e+01
-2.000721220175425330e+01 -1.755718727111816335e+01
-2.040223703781763831e+01 -1.764225955009460378e+01
-2.036747586727142334e+01 -1.624130163192749166e+01
-1.992215389013290405e+01 -1.764859242439269948e+01
-2.045728252331415931e+01 -1.707755265235901021e+01
-2.025353111823399743e+01 -1.770792999267577983e+01
-1.946517982085545739e+01 -1.722946186065673757e+01
-2.014848838249842444e+01 -1.695961785316467285e+01
-2.007588605086008826e+01 -1.645398659706115652e+01
-1.994085486729939660e+01 -1.767462673187255717e+01
-2.013373131553332129e+01 -1.732393994331359721e+01
-2.019031413396199426e+01 -1.749968175888061594e+01
-2.045978816350300988e+01 -1.695866131782531738e+01
-2.035127331813176355e+01 -1.620182995796203684e+01
-2.017833111683527747e+01 -1.780245532989501811e+01
-2.025849886735280236e+01 -1.528892493247985840e+01
-2.050642035404841224e+01 -1.770346941947936870e+01
-2.039295609792073449e+01 -1.693709731101989746e+01
-1.982657724618911743e+01 -1.769017581939697337e+01
-2.008914921681086341e+01 -1.801005525588989187e+01
-2.004104777177174768e+01 -1.699046049118042134e+01
-2.019536666075388709e+01 -1.729939231872558736e+01
-2.029857422908147058e+01 -1.683961911201476980e+01
-2.025285615523656091e+01 -1.684043631553650044e+01
-2.022720593214035034e+01 -1.615928673744201660e+01
-2.007962965965270996e+01 -1.793037686347961568e+01
-2.014911280075709143e+01 -1.649511046409606863e+01
-1.956506975491841516e+01 -1.794117560386657573e+01
-2.025129159291585168e+01 -1.767403502464294363e+01
-2.015896604458491126e+01 -1.745768747329712056e+01
-2.081428035100300988e+01 -1.652364726066589284e+01
-2.058392369747161865e+01 -1.725919103622436523e+01
-2.047482299804687500e+01 -1.720404310226440359e+01
-1.937762121359507361e+01 -1.658756332397461009e+01
-1.997518636782963952e+01 -1.722923164367675852e+01
-2.008893171946207801e+01 -1.742312941551208638e+01
-2.056902158260345459e+01 -1.775450057983398366e+01
-2.007666929562886438e+01 -1.802598671913147044e+01
-1.955287362138430396e+01 -1.690392012596130300e+01
-2.023423248529434204e+01 -1.647070446014404155e+01
-1.997036141157150269e+01 -1.710438923835754466e+01
-2.033311923344929895e+01 -1.735086622238159038e+01
-1.953008803725242615e+01 -1.742455611228943013e+01
-2.055605111519495765e+01 -1.601902675628662109e+01
-2.031118343273798743e+01 -1.795906357765197825e+01
-2.028661364316940308e+01 -1.702673263549804616e+01
-1.996720988551775733e+01 -1.729997415542602468e+01
-1.951214289665222168e+01 -1.724024586677551341e+01
-2.048694658279418945e+01 -1.753618659973144389e+01
-2.052773471673329553e+01 -1.670953140258789205e+01
-2.058531099557876587e+01 -1.753811578750610423e+01
-1.993517273664474487e+01 -1.817337436676025320e+01
-1.988117482264836511e+01 -1.679335446357726980e+01
-2.036271828413009644e+01 -1.693713498115539551e+01
-2.092829648653666297e+01 -1.736036844253539968e+01
-2.051895181337992469e+01 -1.780017051696777486e+01
-2.067222640911738196e+01 -1.743226141929626394e+01
-2.022996592521667480e+01 -1.749037542343139506e+01
-2.042899485429127893e+01 -1.728264284133911133e+01
-2.052874390284220496e+01 -1.760273656845092916e+01
-2.018845281998316565e+01 -1.715186886787414622e+01
-2.079729350407918176e+01 -1.759815793037414622e+01
-2.022835048039754113e+01 -1.629687747955322408e+01
-2.025655804077784339e+01 -1.692948141098022319e+01
-2.008777770400047302e+01 -1.771742773056030273e+01
-2.060843141873677453e+01 -1.764105238914489604e+01
-2.053323066234588623e+01 -1.716211481094360281e+01
-2.057631805539131165e+01 -1.749305467605590891e+01
-2.004234131177266320e+01 -1.754609122276306010e+01
-2.067385365565617761e+01 -1.675485506057739116e+01
-2.042269861698150635e+01 -1.739862599372863627e+01
-1.971002185344696045e+01 -1.598477830886840856e+01
-2.047509833176930627e+01 -1.736218481063842844e+01
-2.043649228413899621e+01 -1.683460226058959819e+01
-2.063710323969523230e+01 -1.558656234741210866e+01
-2.026688402891159058e+01 -1.743016338348388672e+01
-1.954964693387349328e+01 -1.663953080177306987e+01
-2.115111305316289148e+01 -1.711771998405456685e+01
-2.045675808191299438e+01 -1.663529696464538432e+01
-2.067428865035374841e+01 -1.752631864547729634e+01
-2.050852862993876258e+01 -1.684991068840026784e+01
-2.018161922693252563e+01 -1.702852177619934082e+01
-2.005818992853164673e+01 -1.707761235237121511e+01
-2.011835702260335168e+01 -1.764402527809142995e+01
-2.054439496994018555e+01 -1.715616440773010254e+01
-2.062676976124445716e+01 -1.752152380943298482e+01
-1.991964256763458252e+01 -1.676706323623657369e+01
-2.061945120493571082e+01 -1.726232609748840474e+01
-2.051382625102996826e+01 -1.542685942649841380e+01
-2.016279155015945435e+01 -1.777325749397277832e+01
-2.032168060541152954e+01 -1.759217796325683736e+01
-2.059855987628300866e+01 -1.747502794265746928e+01
-2.037091790636380395e+01 -1.677588181495666575e+01
-2.056828987598419189e+01 -1.775819864273071147e+01
-2.044080815712610999e+01 -1.801561136245727468e+01
-2.088951518138249597e+01 -1.749991774559020996e+01
-2.074462610483169556e+01 -1.635609760284423686e+01
-2.030437542994816980e+01 -1.751040792465209961e+01
-2.070828221241633216e+01 -1.776954450607299663e+01
-2.016995500524838647e+01 -1.642351231575012349e+01
-1.978208404779434204e+01 -1.621504225730895854e+01
-2.064094108343124390e+01 -1.668376722335815288e+01
-2.089784671862920007e+01 -1.745720047950744558e+01
-2.041265076398849487e+01 -1.741232624053954936e+01
-2.094197557369868079e+01 -1.652300796508789205e+01
-2.027275502681732178e+01 -1.746769762039184570e+01
-2.099503181378046790e+01 -1.784130053520202708e+01
-2.025044409434000769e+01 -1.581654181480407750e+01
-2.019079848130543908e+01 -1.718550491333007812e+01
-2.024645113945007324e+01 -1.683056936264038228e+01
-2.031203465660412988e+01 -1.555282049179077219e+01
-2.004434516032536706e+01 -1.603126263618469238e+01
-2.001955319444338599e+01 -1.690020709037780833e+01
-2.051106770833333215e+01 -1.681975998878478862e+01
-2.040204840898513794e+01 -1.768217105865478445e+01
-2.081813826163609704e+01 -1.785990543365478445e+01
-2.062427276372909546e+01 -1.636423616409301829e+01
-2.062575348218281945e+01 -1.674756522178649831e+01
-2.051871218283971032e+01 -1.707595849037170410e+01
-2.017404307921727380e+01 -1.709908642768859721e+01
-2.063182584444681922e+01 -1.720677614212036133e+01
-2.080189426740010461e+01 -1.761859960556030202e+01
-2.098360868295033654e+01 -1.704339690208434988e+01
-2.052522206306457520e+01 -1.757498097419738770e+01
-2.054667194684346399e+01 -1.713877682685852122e+01
-2.095223989089329919e+01 -1.773185210227966380e+01
-2.033243578672409058e+01 -1.750231952667236257e+01
-2.092122522989908973e+01 -1.754676799774169993e+01
-2.071735268831253052e+01 -1.755175857543945384e+01
-2.069714365402857581e+01 -1.712158470153808665e+01
-2.061414506038029870e+01 -1.699946355819702148e+01
-2.054367568095524987e+01 -1.741525936126708984e+01
-2.056270225842793664e+01 -1.758448696136474609e+01
-2.011803958813349524e+01 -1.697822942733764506e+01
-2.073619284232457360e+01 -1.789892044067382670e+01
-2.089685930808385095e+01 -1.675542140007019043e+01
-2.067382043600082397e+01 -1.722761445045471262e+01
-2.055082573493321618e+01 -1.749451103210449077e+01
-2.073517588774363318e+01 -1.808994336128234792e+01
-2.077478738625844201e+01 -1.786671476364135813e+01
-2.105522513389587402e+01 -1.787518486976623677e+01
-2.070933310190836707e+01 -1.712844753265380859e+01
-2.057905904452006141e+01 -1.782798767089843750e+01
-2.104609425862630090e+01 -1.762997093200683452e+01
-2.001061568657557288e+01 -1.748899259567260600e+01
-2.082245884339014808e+01 -1.644720444679260396e+01
-2.030813233057657996e+01 -1.528195071220397949e+01
-2.019429061810175696e+01 -1.777364969253540039e+01
-1.990980539719263831e+01 -1.608659629821777415e+01
-2.023990084727605065e+01 -1.732858123779296733e+01
-2.104836189746856689e+01 -1.734150252342224263e+01
-2.016157979766527930e+01 -1.678884730339050435e+01
-2.054716895023981849e+01 -1.666308660507202077e+01
-2.138984922568003455e+01 -1.748469610214233327e+01
-2.093692704041798791e+01 -1.778133172988891531e+01
-2.072919118404388428e+01 -1.678583121299743652e+01
-2.092542845010757446e+01 -1.736656751632690288e+01
-2.067656538883845130e+01 -1.723832502365112163e+01
-2.054946279525756836e+01 -1.734880051612854146e+01
-2.100865741570790490e+01 -1.680881624221801829e+01
-2.089613240957260132e+01 -1.737481031417846822e+01
-2.060730916261672974e+01 -1.716518669128418040e+01
-2.053947920600573340e+01 -1.717356233596801829e+01
-2.073822506268819055e+01 -1.544239487648010289e+01
-2.037657432754834375e+01 -1.745398139953613281e+01
-2.051326717933018884e+01 -1.696856174468994283e+01
-1.988176025946934899e+01 -1.692087340354919434e+01
-2.052345184485117713e+01 -1.745143208503723287e+01
-2.096762528022130212e+01 -1.797026605606079031e+01
-2.119858322540919104e+01 -1.754449648857116628e+01
-2.065337504943211755e+01 -1.772945938110351705e+01
-2.100441720088322839e+01 -1.767531533241271902e+01
-2.014653037985165795e+01 -1.740325183868408132e+01
-2.110158495108286658e+01 -1.711929912567138601e+01
-2.096906087795893470e+01 -1.723579678535461568e+01
-2.063388877113660058e+01 -1.629976091384887837e+01
-2.047328501939773560e+01 -1.746476778984069966e+01
-2.086655239264170447e+01 -1.726399588584899902e+01
-2.082650001843770227e+01 -1.764564433097839213e+01
-2.077473348379135132e+01 -1.759451112747192525e+01
-2.080866581201553345e+01 -1.745594754219055034e+01
-2.062666316827138147e+01 -1.652947740554809641e+01
-2.122350746393203735e+01 -1.736808586120605469e+01
-2.097624343633651733e+01 -1.777731199264526296e+01
-2.092742979526519775e+01 -1.762595200538635254e+01
-2.096390618880589685e+01 -1.712960743904113770e+01
-2.104076917966206750e+01 -1.748616633415222310e+01
-2.081080770492553711e+01 -1.727284865379333567e+01
-2.083756788571675500e+01 -1.765593781471252299e+01
-2.135451334714889526e+01 -1.763008289337158274e+01
-2.096258389949798584e+01 -1.679814434051513672e+01
-2.123811246951420983e+01 -1.768493208885193013e+01
-2.111138109366099158e+01 -1.692631115913390971e+01
-2.102948792775471887e+01 -1.781074895858764506e+01
-2.028492959340413293e+01 -1.739629230499267720e+01
-2.056792769829432288e+01 -1.732039723396301412e+01
-2.089290928840637207e+01 -1.753060469627380513e+01
-2.051774702469507972e+01 -1.769410891532897878e+01
-2.077445123593012610e+01 -1.716904845237731791e+01
-2.033012906710306922e+01 -1.762715964317321848e+01
-2.106613818804423133e+01 -1.738339672088623189e+01
-2.094968265295028687e+01 -1.707955932617187500e+01
-2.137932372093200684e+01 -1.800696005821227885e+01
-2.121966991821924964e+01 -1.754345707893371653e+01
-2.089758696158726892e+01 -1.694890575408935618e+01
-2.104762812455495080e+01 -1.730348429679870748e+01
-2.019290014108021936e+01 -1.684020309448242259e+01
-2.094663508733113488e+01 -1.758410477638244629e+01
-2.083453299601872644e+01 -1.718100256919860769e+01
-2.115840464830398560e+01 -1.725220103263854909e+01
-2.114787272612253943e+01 -1.625733075141906880e+01
-2.070616817474365234e+01 -1.752470984458923198e+01
-2.089994416634241858e+01 -1.777079195976257253e+01
-2.121988435586293420e+01 -1.758806767463683940e+01
-2.074947355190913001e+01 -1.796831870079040527e+01
-2.076616599162419519e+01 -1.791885457038879537e+01
-2.042311817407608032e+01 -1.745896320343017649e+01
-2.067162342866261682e+01 -1.761327843666076731e+01
-2.109712133804957190e+01 -1.744978408813476634e+01
-2.035851476589838782e+01 -1.579214539527893102e+01
-2.075299048423767090e+01 -1.782452559471130371e+01
-2.127516404787699500e+01 -1.744584059715270996e+01
-2.078851453463236609e+01 -1.775640573501586772e+01
-2.116742970546086511e+01 -1.726791448593139577e+01
-2.090692553917567054e+01 -1.741850805282592773e+01
-2.028819484512011329e+01 -1.773825407028198242e+01
-2.106622989972432336e+01 -1.643605775833129812e+01
-2.112364168961842736e+01 -1.716232438087463308e+01
-2.067499365409215173e+01 -1.820465855598449778e+01
-2.085843040545781335e+01 -1.615039596557617330e+01
-2.059101402759552002e+01 -1.743531699180602956e+01
-2.090081842740376672e+01 -1.751589112281799387e+01
-2.127194380760192871e+01 -1.775351448059081960e+01
-2.096396301190058509e+01 -1.745706868171691895e+01
-2.118972512086232385e+01 -1.728563904762268066e+01
-2.074627586205800256e+01 -1.718540577888488841e+01
-2.121056970953941345e+01 -1.774517555236816335e+01
-2.123758812745412072e+01 -1.799926633834838796e+01
-2.083967733383178711e+01 -1.773443722724914551e+01
-2.124511587619781494e+01 -1.726382441520690847e+01
-2.136493704716364661e+01 -1.793948202133178782e+01
-2.100392011801401893e+01 -1.771927876472473073e+01
-2.117865451176961145e+01 -1.724868388175964284e+01
-2.083272753159205237e+01 -1.708892116546631001e+01
-2.094068433841069421e+01 -1.685757408142089986e+01
-2.092488515377044678e+01 -1.767143325805664134e+01
-2.143742114305496216e+01 -1.795165109634399414e+01
-2.116184862454732141e+01 -1.763080854415893484e+01
-2.118611075480778894e+01 -1.667102403640746999e+01
-2.132306478420893470e+01 -1.697813725471496582e+01
-2.089451960722605506e+01 -1.721891198158264302e+01
-2.095278686285018921e+01 -1.613268795013427592e+01
-2.080704534053802490e+01 -1.773566122055053640e+01
-2.103754073381423950e+01 -1.723040971755981587e+01
-2.115082625548044959e+01 -1.725801863670348979e+01
-2.121911791960398475e+01 -1.764272208213806081e+01
-2.070701694488525391e+01 -1.599895896911621129e+01
-2.083833998441696167e+01 -1.780950398445129323e+01
-2.124497034152348718e+01 -1.698591694831848287e+01
-2.102451481421788415e+01 -1.709954366683960103e+01
-2.103681604067484656e+01 -1.742818388938903951e+01
-2.126791262626647949e+01 -1.729658322334289622e+01
-2.054547991355260095e+01 -1.566473693847656179e+01
-2.066436596711476525e+01 -1.776879677772522115e+01
-2.068090464671452722e+01 -1.751064891815185476e+01
-2.098756326238314429e+01 -1.787998642921447612e+01
-2.147903696695963660e+01 -1.782615747451782084e+01
-2.132031559944152832e+01 -1.733078680038452291e+01
-2.078899912039439002e+01 -1.750154824256896902e+01
-2.077321964502334595e+01 -1.728714041709899973e+01
-2.155695029099782190e+01 -1.756167831420898295e+01
-2.128869189818700036e+01 -1.730474381446838450e+01
-2.104923333724339685e+01 -1.642620081901550222e+01
-2.055732101202011108e+01 -1.725623917579650879e+01
-2.150714989503224572e+01 -1.771566104888916016e+01
-2.116378606359164039e+01 -1.768499202728271413e+01
-2.048053395748138428e+01 -1.714252648353576802e+01
-2.027962688853343209e+01 -1.740492801666259837e+01
-2.154933226108551025e+01 -1.727930569648742676e+01
-2.102152431011199951e+01 -1.734343190193176198e+01
-2.082740237315495690e+01 -1.778589763641357280e+01
-2.084728772441546241e+01 -1.612584438323974467e+01
-2.117385166883468628e+01 -1.700658521652221822e+01
-2.143735261758168420e+01 -1.769398417472839213e+01
-2.073736369609832764e+01 -1.690110220909118510e+01
-2.147329266866048059e+01 -1.740662550926208496e+01
-2.125019292036692420e+01 -1.756179451942443848e+01
-2.135139544804890832e+01 -1.697331819534301900e+01
-2.132068222761154175e+01 -1.718422775268554759e+01
-2.105858820676803589e+01 -1.762123489379882812e+01
-2.140832577149073401e+01 -1.785536708831786967e+01
-2.073639172315597534e+01 -1.679454236030578684e+01
-2.122823025782902917e+01 -1.791698694229125977e+01
-2.069639239708582679e+01 -1.722469739913940501e+01
-2.149129901329676429e+01 -1.700302500724792409e+01
-2.063441071907679358e+01 -1.723257417678832937e+01
-2.070923840999603271e+01 -1.775899519920348979e+01
-2.119392528136571130e+01 -1.725866079330444336e+01
-2.120903195937474450e+01 -1.700221247673034597e+01
-2.126745200157165527e+01 -1.709070115089416575e+01
-2.107372840245564660e+01 -1.670476417541503977e+01
-2.117105162143707275e+01 -1.766670455932617045e+01
-2.053101966778437415e+01 -1.624223051071167134e+01
-2.085305343071619788e+01 -1.772611637115478445e+01
-2.156215596199035645e+01 -1.750764079093933034e+01
-2.135812793175379554e+01 -1.755159463882446147e+01
-2.122323260704676429e+01 -1.745908660888671804e+01
-2.103439327081044397e+01 -1.694044766426086568e+01
-2.037850364049275598e+01 -1.751178698539733958e+01
-2.052807508905728540e+01 -1.772723073959350515e+01
-2.112486040592193604e+01 -1.555107951164245605e+01
-2.106482817729314050e+01 -1.766235084533691335e+01
-2.114800542593002319e+01 -1.725256824493408203e+01
-2.125461916128794471e+01 -1.717602157592773438e+01
-2.163541229565938195e+01 -1.788331575393676687e+01
-2.120429702599843225e+01 -1.787856206893921041e+01
-2.157495633761088172e+01 -1.733950228691101003e+01
-2.067760265866915503e+01 -1.735611090660095357e+01
-2.108185416460037231e+01 -1.767844715118408061e+01
-2.133030567566553870e+01 -1.746745576858520366e+01
-2.130405030647913733e+01 -1.759453887939453054e+01
-2.084649988015492639e+01 -1.656759181022643901e+01
-2.088452796141306678e+01 -1.751556429862976216e+01
-2.093781997760136804e+01 -1.567613954544067312e+01
-2.090868437290191650e+01 -1.658226904869079732e+01
-2.143959762652714929e+01 -1.753568520545959331e+01
-2.146794807910919189e+01 -1.771449890136718608e+01
-2.095255004366238794e+01 -1.758908967971801829e+01
-2.158552352587382117e+01 -1.766915874481201243e+01
-2.180174118280410767e+01 -1.737753210067749166e+01
-2.144535650809605798e+01 -1.753765974044799947e+01
-2.122719651460647583e+01 -1.740921864509582662e+01
-2.119806623458862305e+01 -1.717874512672424459e+01
-2.130563175678253174e+01 -1.697117261886596751e+01
-2.078123551607131958e+01 -1.793675589561462402e+01
-2.128838084141413489e+01 -1.621699514389037944e+01
-2.114187439282735070e+01 -1.623587074279785014e+01
-2.135288021961848060e+01 -1.741581773757934570e+01
-2.150107977787653724e+01 -1.772618775367736887e+01
-2.165714065233866492e+01 -1.719298110008239888e+01
-2.104741495847702026e+01 -1.750034847259521342e+01
-2.112091124057769775e+01 -1.713999400138855123e+01
-2.171707340081532678e+01 -1.764215693473816060e+01
-2.133478387196858606e+01 -1.586669883728027308e+01
-2.106767779588699341e+01 -1.759249191284179759e+01
-2.131710702180862427e+01 -1.703255753517150950e+01
-2.094662592808405677e+01 -1.710811467170715261e+01
-2.145532176891962806e+01 -1.742272968292236257e+01
-2.096426657835642615e+01 -1.720815000534057759e+01
-2.103958511352539062e+01 -1.755387701988220073e+01
-2.098195886611938477e+01 -1.649620599746704031e+01
-2.138240436712900916e+01 -1.757565708160400320e+01
-2.097938636938730994e+01 -1.734152765274047781e+01
-2.100860912601153174e+01 -1.766741709709167552e+01
-2.179680530230204383e+01 -1.767356066703796458e+01
-2.166411689917246619e+01 -1.757477626800537251e+01
-2.145945294698079309e+01 -1.737199912071228169e+01
-2.175442872444788733e+01 -1.770627479553222727e+01
-2.141840052604675293e+01 -1.765017147064208913e+01
-2.110605098803837976e+01 -1.766332383155822683e+01
-2.154843926429748535e+01 -1.765205216407775879e+01
-2.110081839561462402e+01 -1.741651811599731303e+01
-2.155823626120885095e+01 -1.753403434753418111e+01
-2.120284211635589600e+01 -1.743623714447021555e+01
-2.075193832317988196e+01 -1.715788068771362163e+01
-2.037846354146798333e+01 -1.770824999809265066e+01
-2.110171552499135217e+01 -1.803300671577453684e+01
-2.142274959882100305e+01 -1.740929703712463450e+01
-2.083915192882220069e+01 -1.550789413452148402e+01
-2.045106479525566101e+01 -1.742200126647949077e+01
-2.116449215014775476e+01 -1.640826292037963796e+01
-2.148607407013575354e+01 -1.748016586303710795e+01
-2.154313717285792151e+01 -1.810305342674255513e+01
-2.147211180130640784e+01 -1.721208448410034109e+01
-2.167215665181477746e+01 -1.668547239303588725e+01
-2.130593128999074182e+01 -1.641595416069030833e+01
-2.114988485972086707e+01 -1.760550775527953959e+01
-2.147013680140177527e+01 -1.781455187797546458e+01
-2.148192367951075354e+01 -1.776671600341796875e+01
-2.060359056790669641e+01 -1.725854692459106587e+01
-2.140332583586375037e+01 -1.697485241889953755e+01
-2.121615767478942871e+01 -1.784815096855163574e+01
-2.159642809629440308e+01 -1.796877355575561452e+01
-2.100167824824650964e+01 -1.729108633995056010e+01
-2.131561903158823768e+01 -1.620910220146179270e+01
-2.110050853093465051e+01 -1.505575942993164062e+01
-2.068952027956644812e+01 -1.740346217155456543e+01
-2.162998531262079993e+01 -1.749431400299072337e+01
-2.183949373165766517e+01 -1.749582548141479421e+01
-2.189324130614598474e+01 -1.744039793014526296e+01
-2.124120791753133020e+01 -1.737663540840149068e+01
-2.158155602216720581e+01 -1.743100047111511230e+01
-2.163033956289291382e+01 -1.651819295883178640e+01
-2.137928942839304725e+01 -1.792779731750488281e+01
-2.123721694946289062e+01 -1.782981429100036763e+01
-2.142727820078532019e+01 -1.747271599769592143e+01
-2.155306808153788367e+01 -1.768118495941162038e+01
-2.146419972181320190e+01 -1.690302581787109304e+01
-2.109187316894531250e+01 -1.743280014991760396e+01
-2.113248552878697595e+01 -1.781262001991272115e+01
-2.142839831113815308e+01 -1.759665312767028666e+01
-2.181606646378834924e+01 -1.775305557250976562e+01
-2.162994164228439331e+01 -1.753079099655151296e+01
-2.165761895974477014e+01 -1.709164462089538716e+01
-2.167816774050394812e+01 -1.768731274604797221e+01
-2.114024075865745544e+01 -1.696475329399108745e+01
-2.177184744675954065e+01 -1.744407463073730469e+01
-2.143185671170552453e+01 -1.751418490409851003e+01
-2.126791306336720666e+01 -1.748167314529418803e+01
-2.171498978137969971e+01 -1.767972559928893972e+01
-2.160067230463027954e+01 -1.706474723815917827e+01
-2.171413608392079553e+01 -1.773693213462829732e+01
-2.179047719637553016e+01 -1.734153132438659739e+01
-2.119449400901794434e+01 -1.797829327583313130e+01
-2.166475035746892175e+01 -1.744262728691101216e+01
-2.120720585187276086e+01 -1.747740249633789134e+01
-2.166204875707626343e+01 -1.796597156524658345e+01
-2.181807712713877478e+01 -1.766990842819213725e+01
-2.178758889436721802e+01 -1.725989360809326101e+01
-2.127881572643915931e+01 -1.734397106170654368e+01
-2.163390932480494300e+01 -1.721045384407043599e+01
-2.151804276307423791e+01 -1.669696722030639791e+01
-2.061882632970809937e+01 -1.762581901550293040e+01
-2.187657211224238196e+01 -1.731945853233337473e+01
-2.150746937592824182e+01 -1.723459272384643626e+01
-2.166623167196909705e+01 -1.692137813568115234e+01
