# Train Val
-5.057279842595259645e+00 -1.015798664093017578e+01
-1.057627105712890625e+01 -1.077697734832763743e+01
-1.081578303376833539e+01 -1.099083313941955531e+01
-1.095700337489446063e+01 -1.106003117561340332e+01
-1.098396239678064923e+01 -1.097286925315856898e+01
-1.095352485775947571e+01 -1.103829698562622141e+01
-1.101987260580062866e+01 -1.100143413543701243e+01
-1.101883817712465863e+01 -1.098797512054443359e+01
-1.101817183693250080e+01 -1.101839237213134837e+01
-1.103164567550023456e+01 -1.104143404960632324e+01
-1.103726701935132404e+01 -1.103923578262329031e+01
-1.103129080931345563e+01 -1.107115893363952708e+01
-1.106210633118947406e+01 -1.117257151603698695e+01
-1.105297890305519104e+01 -1.120739040374755824e+01
-1.105815170208613019e+01 -1.104998655319213796e+01
-1.104150099555651288e+01 -1.110188207626342738e+01
-1.106586858630180359e+01 -1.113099384307861328e+01
-1.103441674510637860e+01 -1.104662289619445836e+01
-1.104203062256177326e+01 -1.110555424690246618e+01
-1.104211700956026654e+01 -1.103985595703125000e+01
-1.109280495842297931e+01 -1.106943554878234792e+01
-1.109699850281079669e+01 -1.103637514114379847e+01
-1.110841796795527081e+01 -1.112593984603881836e+01
-1.110516303777694702e+01 -1.081367692947387660e+01
-1.113191663225491901e+01 -1.124976863861084020e+01
-1.115777190526326557e+01 -1.139091558456420827e+01
-1.126659774780273438e+01 -1.125419230461120534e+01
-1.142626976966857910e+01 -1.149317364692688059e+01
-1.163749377926190753e+01 -1.144802618026733398e+01
-1.175763081510861774e+01 -1.185826277732849121e+01
-1.174848987658818622e+01 -1.124914388656616282e+01
-1.194133727749188800e+01 -1.193828215599060094e+01
-1.205085264643033405e+01 -1.195384182929992711e+01
-1.211241046587626080e+01 -1.188265023231506312e+01
-1.224799254536628723e+01 -1.137039599418640101e+01
-1.214486383398373981e+01 -1.243432445526122976e+01
-1.203689518570899963e+01 -1.163205165863037038e+01
-1.211137490471204181e+01 -1.202884006500244141e+01
-1.219284953673680683e+01 -1.255969748497009242e+01
-1.245472305019696613e+01 -1.256533551216125488e+01
-1.252468442916870117e+01 -1.255233879089355398e+01
-1.262655609846115112e+01 -1.266662921905517614e+01
-1.263691130280494690e+01 -1.281802692413330114e+01
-1.266990654667218585e+01 -1.287687244415283239e+01
-1.273705433805783649e+01 -1.290525679588317942e+01
-1.294600419203440289e+01 -1.238567996025085449e+01
-1.286663105090459247e+01 -1.321765761375427317e+01
-1.291427812973658185e+01 -1.301529808044433523e+01
-1.295581846435864826e+01 -1.316978712081909109e+01
-1.302440279722213745e+01 -1.315015945434570277e+01
-1.301862897475560565e+01 -1.284258632659912180e+01
-1.287950053811073303e+01 -1.311168031692504954e+01
-1.313636918862660785e+01 -1.296435260772705078e+01
-1.314607262611389160e+01 -1.338886141777038574e+01
-1.303326320648193359e+01 -1.331384372711181641e+01
-1.322151765227317810e+01 -1.339177198410034109e+01
-1.334639332691828351e+01 -1.347729268074035680e+01
-1.327169145147005658e+01 -1.360906085968017543e+01
-1.333994095524152179e+01 -1.361602668762207102e+01
-1.339369385441144367e+01 -1.297245326042175328e+01
-1.362301137049992938e+01 -1.388865499496460032e+01
-1.352063227693239789e+01 -1.326336212158203054e+01
-1.332214372356732746e+01 -1.386253142356872559e+01
-1.358887907862663269e+01 -1.366442608833312988e+01
-1.365529992183049579e+01 -1.381319265365600657e+01
-1.373292056719462018e+01 -1.363236441612243688e+01
-1.380132200320561786e+01 -1.375126276016235316e+01
-1.377512743075688739e+01 -1.430413985252380371e+01
-1.386681855718294720e+01 -1.426487517356872559e+01
-1.362569534778594971e+01 -1.410038971900939941e+01
-1.368861225247383118e+01 -1.371490879058837820e+01
-1.384408765037854572e+01 -1.313954305648803711e+01
-1.365560865402221680e+01 -1.391796021461486887e+01
-1.393900569279988666e+01 -1.404642820358276367e+01
-1.378449000914891620e+01 -1.396865410804748464e+01
-1.410980330904324909e+01 -1.211119518280029261e+01
-1.385729056596755981e+01 -1.410888986587524485e+01
-1.381620424985885620e+01 -1.435473008155822683e+01
-1.416123131910959820e+01 -1.443873414993286097e+01
-1.422675664226214032e+01 -1.438660550117492676e+01
-1.417481445272763629e+01 -1.409486713409423864e+01
-1.421714225411415100e+01 -1.405987539291381871e+01
-1.429947468638420105e+01 -1.300293173789978063e+01
-1.425038240353266339e+01 -1.430463409423828125e+01
-1.423138561844825745e+01 -1.321016993522644078e+01
-1.432967822750409503e+01 -1.381390047073364258e+01
-1.419328074653943439e+01 -1.411153998374939000e+01
-1.412856107950210571e+01 -1.420936837196350133e+01
-1.431560595830281635e+01 -1.369645042419433523e+01
-1.426599302887916565e+01 -1.469790539741516078e+01
-1.451024630665779114e+01 -1.456962552070617711e+01
-1.436221528053283691e+01 -1.406749091148376429e+01
-1.443497623006502728e+01 -1.453166623115539480e+01
-1.443674774964650531e+01 -1.421824865341186594e+01
-1.449686697125434875e+01 -1.442183876037597656e+01
-1.436063002546628375e+01 -1.451249647140502930e+01
-1.458515963951746564e+01 -1.463815989494323766e+01
-1.426132347186406513e+01 -1.440266437530517507e+01
-1.451227755347887616e+01 -1.467293391227722132e+01
-1.465867641568183899e+01 -1.513400588035583461e+01
-1.469888800382614136e+01 -1.417310080528259242e+01
-1.463495488961537738e+01 -1.507607135772705043e+01
-1.461673519015312195e+01 -1.375275669097900355e+01
-1.453627456227938275e+01 -1.397200551033020055e+01
-1.450390786925951581e+01 -1.499666771888732875e+01
-1.487445844213167767e+01 -1.483894867897033620e+01
-1.491299722592035870e+01 -1.477987012863159144e+01
-1.450176005562146564e+01 -1.333108935356140101e+01
-1.427471598982810974e+01 -1.312409577369689906e+01
-1.459192558129628559e+01 -1.486878805160522532e+01
-1.486378578344980816e+01 -1.247409682273864817e+01
-1.457263838251431842e+01 -1.250331783294677734e+01
-1.462868755062421222e+01 -1.507384748458862234e+01
-1.482396951317787170e+01 -1.513628950119018590e+01
-1.485284727811813354e+01 -1.479479269981384348e+01
-1.498040650288263897e+01 -1.527081708908081126e+01
-1.501094701886177063e+01 -1.486343784332275320e+01
-1.504587363203366657e+01 -1.418224015235900914e+01
-1.495533586541811566e+01 -1.476513204574584925e+01
-1.504936636487642865e+01 -1.502622547149658239e+01
-1.490010336041450500e+01 -1.457800226211547923e+01
-1.508184806505838971e+01 -1.424476985931396555e+01
-1.491929529110590558e+01 -1.416587634086608816e+01
-1.497112376491228680e+01 -1.508995809555053746e+01
-1.475302479664484601e+01 -1.389873361587524414e+01
-1.484946418801943402e+01 -1.424556345939636159e+01
-1.492346112926801105e+01 -1.388904485702514613e+01
-1.530253219604492188e+01 -1.480801520347595179e+01
-1.525236351291338543e+01 -1.473021326065063441e+01
-1.519473081827163696e+01 -1.402356476783752370e+01
-1.505013906955718994e+01 -1.494221196174621547e+01
-1.545926459630330463e+01 -1.484065856933593786e+01
-1.518881378571192364e+01 -1.364643383026123047e+01
-1.507804250717163086e+01 -1.528450145721435582e+01
-1.536909668644269367e+01 -1.531933016777038503e+01
-1.498992532491683960e+01 -1.508454227447509766e+01
-1.516019841035207172e+01 -1.466656703948974538e+01
-1.545153221487998962e+01 -1.548476281166076696e+01
-1.510698224107424359e+01 -1.340541934967041016e+01
-1.531090669830640216e+01 -1.502829117774963308e+01
-1.515639563401540180e+01 -1.492200336456298793e+01
-1.546516751249631305e+01 -1.527420058250427282e+01
-1.554492199420928955e+01 -1.536501822471618617e+01
-1.532674602667490582e+01 -1.425478267669677734e+01
-1.517071162660916706e+01 -1.488492136001586985e+01
-1.537948771317799945e+01 -1.549210491180419957e+01
-1.516149933139483075e+01 -1.528676958084106374e+01
-1.552513378858566284e+01 -1.537551083564758336e+01
-1.552745009462038617e+01 -1.538431096076965332e+01
-1.558519793550173382e+01 -1.417973203659057546e+01
-1.536041199167569538e+01 -1.436001849174499512e+01
-1.522178896268208881e+01 -1.535885605812072718e+01
-1.521432892481485943e+01 -1.505177803039550710e+01
-1.530881410837173462e+01 -1.523781471252441477e+01
-1.525133283933003803e+01 -1.554708170890808105e+01
-1.568522026141484638e+01 -1.509467930793762136e+01
-1.559189434846242328e+01 -1.495033769607544016e+01
-1.564714654286702533e+01 -1.397500123977661168e+01
-1.525127524137496948e+01 -1.485811800956726003e+01
-1.547626143693923950e+01 -1.550941243171691930e+01
-1.551144247253735919e+01 -1.443268532752990652e+01
-1.568242985010147095e+01 -1.518705182075500559e+01
-1.545557548602422138e+01 -1.483666987419128347e+01
-1.564482135574022870e+01 -1.481022114753723073e+01
-1.550196149945259094e+01 -1.335680427551269567e+01
-1.538306816418965717e+01 -1.574601807594299352e+01
-1.581480972965558429e+01 -1.506772933006286586e+01
-1.575081107020378113e+01 -1.561597194671630895e+01
-1.546404592196146588e+01 -1.082945733070373606e+01
-1.587732790907224079e+01 -1.512187170982360840e+01
-1.571990389625231366e+01 -1.504148755073547328e+01
-1.564246133963266949e+01 -1.547089443206787074e+01
-1.558550962805747986e+01 -1.564204316139221262e+01
-1.561113998293876648e+01 -1.292625107765197789e+01
-1.541525157292683978e+01 -1.492355756759643626e+01
-1.609640127420425415e+01 -1.510739574432373011e+01
-1.558131977915763855e+01 -1.575339603424072266e+01
-1.596046385169029236e+01 -1.552012128829955984e+01
-1.560212910175323486e+01 -1.532572178840637278e+01
-1.588676495353380780e+01 -1.591817250251770055e+01
-1.573194612065950970e+01 -1.582440347671508718e+01
-1.581046037872632404e+01 -1.547873234748840332e+01
-1.593219373623530011e+01 -1.569762091636657786e+01
-1.598248108228047748e+01 -1.488938155174255407e+01
-1.576090246438980103e+01 -1.474239997863769602e+01
-1.611854936679204187e+01 -1.496402130126953089e+01
-1.571559224526087384e+01 -1.493618569374084437e+01
-1.610216943422953406e+01 -1.401284828186035192e+01
-1.605346480011940002e+01 -1.600875525474548411e+01
-1.585593603054682355e+01 -1.440585126876831090e+01
-1.587245107690493207e+01 -1.357978358268737828e+01
-1.584680403272310834e+01 -1.520278797149658168e+01
-1.599123203754425049e+01 -1.545452589988708425e+01
-1.633710858225822449e+01 -1.556036472320556641e+01
-1.574247799317041974e+01 -1.541971993446350098e+01
-1.605419752995173255e+01 -1.400645041465759277e+01
-1.592338865995407104e+01 -1.550609984397888219e+01
-1.598643128077189068e+01 -1.492291908264160227e+01
-1.606768128275871277e+01 -1.518793768882751394e+01
-1.600914514064788818e+01 -1.578308448791503871e+01
-1.637615969777107239e+01 -1.571546955108642507e+01
-1.620536242922146997e+01 -1.384178743362426722e+01
-1.621546955903371057e+01 -1.592154879570007253e+01
-1.603650532166163245e+01 -1.585865964889526403e+01
-1.620520275831222534e+01 -1.584195075035095179e+01
-1.588366742928822894e+01 -1.601649909019470286e+01
-1.628196824590365210e+01 -1.459168043136596715e+01
-1.617083700497945031e+01 -1.599992504119873082e+01
-1.612137694160143653e+01 -1.517594552040100098e+01
-1.562990523378054242e+01 -1.571845269203186035e+01
-1.638414507110913476e+01 -1.575112004280090261e+01
-1.612113987406094751e+01 -1.572526125907898020e+01
-1.597329284747441669e+01 -1.571190004348754954e+01
-1.589769610762596130e+01 -1.553971924781799352e+01
-1.632145313421885291e+01 -1.531487398147583079e+01
-1.636498831709225854e+01 -1.494759988784790039e+01
-1.647246965765953064e+01 -1.530360002517700124e+01
-1.627183646957079688e+01 -1.542846441268920898e+01
-1.638014359275500098e+01 -1.479969420433044469e+01
-1.640952317913373193e+01 -1.499063811302185023e+01
-1.622569998105366906e+01 -1.503239760398864711e+01
-1.593070331215858459e+01 -1.566316285133361852e+01
-1.636695440610249719e+01 -1.597278237342834473e+01
-1.647630998492240906e+01 -1.546121072769165039e+01
-1.649368146061897278e+01 -1.611411919593810893e+01
-1.631178474426269531e+01 -1.598845076560974121e+01
-1.640232856074969092e+01 -1.452114758491516078e+01
-1.609981509049733361e+01 -1.503305368423461985e+01
-1.666755314668019494e+01 -1.515373635292053223e+01
-1.660575891534487525e+01 -1.579749207496643137e+01
-1.634711585442225257e+01 -1.510805144309997594e+01
-1.632212557395299157e+01 -1.516425900459289622e+01
-1.639142117897669593e+01 -1.500880837440490723e+01
-1.629628341396649560e+01 -1.487529683113098145e+01
-1.655109444260597229e+01 -1.537986845970153738e+01
-1.639571492870648584e+01 -1.580012130737304688e+01
-1.637472943464915076e+01 -1.593344979286193919e+01
-1.637847285469372949e+01 -1.570288133621215820e+01
-1.679568094015121460e+01 -1.577125930786132812e+01
-1.657401468356450280e+01 -1.568456587791442836e+01
-1.643890799085299292e+01 -1.587261452674865758e+01
-1.682935077945391456e+01 -1.632508616447448802e+01
-1.643711019555727759e+01 -1.593617382049560582e+01
-1.677072861790657043e+01 -1.507052788734436000e+01
-1.661168921987215796e+01 -1.564165253639221120e+01
-1.686172830065091333e+01 -1.588524160385131800e+01
-1.672014493743578711e+01 -1.568812294006347585e+01
-1.666730140646298608e+01 -1.536706557273864782e+01
-1.643061404426892480e+01 -1.549715328216552734e+01
-1.644510255257288733e+01 -1.473233933448791433e+01
-1.651795915762583533e+01 -1.642041974067688059e+01
-1.669605274001757422e+01 -1.592812395095825195e+01
-1.682522074381510535e+01 -1.562835311889648438e+01
-1.694317659735679626e+01 -1.586948008537292409e+01
-1.703691864013671875e+01 -1.604220795631408691e+01
-1.655667369564374169e+01 -1.577530956268310547e+01
-1.615927090247472009e+01 -1.611470727920532298e+01
-1.683705599109331885e+01 -1.619631605148315501e+01
-1.683551742633183679e+01 -1.634174871444702148e+01
-1.691882613301277161e+01 -1.623300623893737793e+01
-1.687053532401720801e+01 -1.589414296150207484e+01
-1.678183965881665429e+01 -1.550548696517944336e+01
-1.653228308757146081e+01 -1.578284640312194753e+01
-1.703437869747479638e+01 -1.453391342163086009e+01
-1.645294871926307678e+01 -1.565892004966735840e+01
-1.635038731495539466e+01 -1.617598233222961568e+01
-1.674892699718475342e+01 -1.609390850067138601e+01
-1.705297153194745263e+01 -1.608473854064941477e+01
-1.712066012620925903e+01 -1.551861343383789027e+01
-1.662267686923344812e+01 -1.467518758773803711e+01
-1.673853736122449121e+01 -1.608990154266357564e+01
-1.706731662154197693e+01 -1.623089551925659180e+01
-1.674595805009206018e+01 -1.630350022315979075e+01
-1.678657416502634803e+01 -1.309727196693420481e+01
-1.664225850502650061e+01 -1.585491266250610387e+01
-1.676363219817479333e+01 -1.577583389282226634e+01
-1.641256610552470008e+01 -1.630317330360412598e+01
-1.685001778602600098e+01 -1.594192676544189524e+01
-1.673065359393755713e+01 -1.570460596084594762e+01
-1.692271224657694617e+01 -1.568310284614562988e+01
-1.684274236361185828e+01 -1.625143628120422434e+01
-1.691102005044619361e+01 -1.524940514564514160e+01
-1.664422435561816016e+01 -1.609812541007995534e+01
-1.692887290318806848e+01 -1.601844611167907573e+01
-1.672997441887855530e+01 -1.478848333358764577e+01
-1.677401597301165381e+01 -1.497427592277526820e+01
-1.719705582658449927e+01 -1.650166039466857981e+01
-1.726773623625437537e+01 -1.588614740371704137e+01
-1.701921190818150720e+01 -1.534802942276001048e+01
-1.688185622294743737e+01 -1.648900375366211080e+01
-1.706642321745554725e+01 -1.544420447349548375e+01
-1.653244220217068872e+01 -1.584512581825256383e+01
-1.699801179766654968e+01 -1.637779145240783762e+01
-1.720943078398704529e+01 -1.493398647308349680e+01
-1.682763295372327050e+01 -1.541018147468566823e+01
-1.640494190653165063e+01 -1.655219449996948100e+01
-1.698831916848818580e+01 -1.642317047119140483e+01
-1.724719402194023132e+01 -1.574016323089599645e+01
-1.707538042465845862e+01 -1.557921104431152415e+01
-1.667176816860834876e+01 -1.616637759208679270e+01
-1.707332403461138526e+01 -1.544814376831054759e+01
-1.720079573988914490e+01 -1.575949349403381383e+01
-1.724482625722885132e+01 -1.626375288963317800e+01
-1.666894202431042871e+01 -1.645215163230896138e+01
-1.735038348038991174e+01 -1.561855244636535645e+01
-1.705557460586230079e+01 -1.584012570381164586e+01
-1.706158033013343811e+01 -1.610430369377136373e+01
-1.705646327137947083e+01 -1.560749187469482457e+01
-1.718154637018839637e+01 -1.388754076957702566e+01
-1.709257309635480127e+01 -1.630314764976501607e+01
-1.738739030559857568e+01 -1.606008181571960591e+01
-1.685265960295994958e+01 -1.467831935882568395e+01
-1.702698936065037927e+01 -1.590205788612365723e+01
-1.734166505932807922e+01 -1.569394803047180176e+01
-1.699426279465357581e+01 -1.555418505668640172e+01
-1.748685030142466346e+01 -1.566532592773437571e+01
-1.723216219743092736e+01 -1.580038332939147949e+01
-1.708119444052378455e+01 -1.550489773750305211e+01
-1.704943420489628991e+01 -1.319374117851257289e+01
-1.709684819976488868e+01 -1.623264131546020650e+01
-1.751329590876897058e+01 -1.619843349456787251e+01
-1.711233519514401635e+01 -1.637466073036193848e+01
-1.754321692387263099e+01 -1.582518205642700160e+01
-1.735813178618748864e+01 -1.580534996986389196e+01
-1.728331786394119263e+01 -1.655215120315551758e+01
-1.708724906047185144e+01 -1.517248196601867605e+01
-1.753049832582473755e+01 -1.623138833045959473e+01
-1.694338225324948510e+01 -1.634776072502136302e+01
-1.686038760344187537e+01 -1.407794456481933665e+01
-1.735218972961108008e+01 -1.405345883369445836e+01
-1.705030270417531213e+01 -1.604268522262573171e+01
-1.698072906335194787e+01 -1.459102230072021555e+01
-1.702750819921493530e+01 -1.293270626068115270e+01
-1.720142491658528527e+01 -1.549742927551269567e+01
-1.733601613839467248e+01 -1.665829615592956614e+01
-1.759445358316103736e+01 -1.662253017425537038e+01
-1.746342088778813562e+01 -1.535075721740722621e+01
-1.714471892515818396e+01 -1.554903750419616770e+01
-1.748378247022628784e+01 -1.588796977996826243e+01
-1.760381818811098853e+01 -1.642903399467468262e+01
-1.764660492539405823e+01 -1.620546269416809082e+01
-1.742493546009063721e+01 -1.548668546676635671e+01
-1.765577983856201172e+01 -1.521465740203857386e+01
-1.673914966980616370e+01 -1.521084127426147425e+01
-1.758477715651194373e+01 -1.522338232994079554e+01
-1.736569117506344995e+01 -1.654090352058410573e+01
-1.764656635125477990e+01 -1.605812573432922363e+01
-1.734361156821250916e+01 -1.621267814636230398e+01
-1.733230485518773278e+01 -1.583513398170471120e+01
-1.779747942090034485e+01 -1.659199881553649902e+01
-1.757280912001927575e+01 -1.618884444236755371e+01
-1.758084825674692908e+01 -1.446450619697570872e+01
-1.735184814532597741e+01 -1.543268184661865305e+01
-1.708694158991177758e+01 -1.635369763374328755e+01
-1.763246379295985022e+01 -1.627597537040710307e+01
-1.766719794273376465e+01 -1.601985287666320801e+01
-1.772806706031163415e+01 -1.622598881721496511e+01
-1.745386902491251746e+01 -1.618895277976989888e+01
-1.777758942047755042e+01 -1.505196490287780797e+01
-1.722623262802759925e+01 -1.285532259941101074e+01
-1.719103777408599854e+01 -1.390393462181091344e+01
-1.694316197435061255e+01 -1.659054889678954936e+01
-1.736136070887247840e+01 -1.598754868507385218e+01
-1.760333990057309350e+01 -1.514429225921630895e+01
-1.782399226228396216e+01 -1.639947710037231587e+01
-1.755413532257080078e+01 -1.634442248344421245e+01
-1.710921987891197205e+01 -1.627975540161132884e+01
-1.770585344235102454e+01 -1.461541500091552770e+01
-1.758479106426239014e+01 -1.611906499862670827e+01
-1.744478208820025245e+01 -1.497651171684265137e+01
-1.731135887900988379e+01 -1.644021677970886230e+01
-1.736565892895062646e+01 -1.507351460456848180e+01
-1.734958704312642297e+01 -1.643937702178955007e+01
-1.788688249389330664e+01 -1.575052351951599050e+01
-1.780118241906166077e+01 -1.560352735519409251e+01
-1.726870146393775940e+01 -1.652532052993774414e+01
-1.765918680032094201e+01 -1.666662478446960449e+01
-1.790572236975033960e+01 -1.612824411392211843e+01
-1.687770673632621765e+01 -1.585655765533447337e+01
-1.761922407150268555e+01 -1.528769764900207484e+01
-1.762932288646697998e+01 -1.607982358932495259e+01
-1.766551973422368249e+01 -1.580444054603576731e+01
-1.780311813950538635e+01 -1.604465794563293457e+01
-1.775948377450307092e+01 -1.337537736892700124e+01
-1.761425049106280127e+01 -1.570066165924072266e+01
-1.745072592298189917e+01 -1.660233330726623535e+01
-1.770953693985939026e+01 -1.604972901344299174e+01
-1.780793298284212867e+01 -1.637971711158752441e+01
-1.773837900161743164e+01 -1.671691741943359233e+01
-1.737406880656878272e+01 -1.539195446968078684e+01
-1.795755420128504554e+01 -1.644803571701049805e+01
-1.767427454392115393e+01 -1.578845629692077601e+01
-1.786142881711323938e+01 -1.572527222633361887e+01
-1.723460305730501929e+01 -1.647082414627075053e+01
-1.733880410591761390e+01 -1.619401898384094096e+01
-1.750741317868232727e+01 -1.382261557579040456e+01
-1.731312668323516846e+01 -1.637485046386718679e+01
-1.789171243707339087e+01 -1.660795540809631277e+01
-1.763057918349901954e+01 -1.535981116294860804e+01
-1.774583015839258948e+01 -1.602832460403442383e+01
-1.771292734146118164e+01 -1.627338781356811381e+01
-1.731704408923785010e+01 -1.672478342056274414e+01
-1.756770437955856323e+01 -1.609842014312744141e+01
-1.769103176395098487e+01 -1.631070713996887278e+01
-1.808616323272387305e+01 -1.659536170959472656e+01
-1.742362987995147705e+01 -1.556149001121520925e+01
-1.777480000257492065e+01 -1.655793070793151855e+01
-1.810745767752329627e+01 -1.614669461250305105e+01
-1.768182003498077393e+01 -1.573431005477905309e+01
-1.775364255905151367e+01 -1.661384649276733327e+01
-1.735677475730578223e+01 -1.611721301078796387e+01
-1.744241957863171777e+01 -1.473660984039306676e+01
-1.800455978512763977e+01 -1.604761252403259419e+01
-1.797897041837374488e+01 -1.395239067077636719e+01
-1.743168368935585022e+01 -1.632929902076721262e+01
-1.802287740508715430e+01 -1.662284564971923828e+01
-1.745224621891975403e+01 -1.592371268272399831e+01
-1.780745406945546350e+01 -1.545112028121948278e+01
-1.792552892367045203e+01 -1.506641044616699254e+01
-1.792404252290725708e+01 -1.657074160575866628e+01
-1.759520193934440613e+01 -1.454225416183471609e+01
-1.721390596032142639e+01 -1.621703414916992259e+01
-1.728471823533375940e+01 -1.621677460670471049e+01
-1.772989133000373840e+01 -1.567333235740661657e+01
-1.778604022661845008e+01 -1.615702667236327983e+01
-1.778957144419352332e+01 -1.531638889312744212e+01
-1.828640641768773278e+01 -1.623804659843444753e+01
-1.748353543877601624e+01 -1.642562055587768555e+01
-1.813564144571622094e+01 -1.611120610237121653e+01
-1.815897214412689209e+01 -1.601058869361877512e+01
-1.709140483538309851e+01 -1.660320487022399760e+01
-1.804761428634325782e+01 -1.620797710418701243e+01
-1.771557737390200415e+01 -1.616507925987243510e+01
-1.777415016293525696e+01 -1.613841605186462402e+01
-1.758633473515510559e+01 -1.654511470794677663e+01
-1.750624509652455529e+01 -1.623634777069091939e+01
-1.798881313204765320e+01 -1.541749305725097585e+01
-1.755560392141342163e+01 -1.600409264564514089e+01
-1.830215387543042382e+01 -1.611666693687438823e+01
-1.825767434636751929e+01 -1.630203423500061177e+01
-1.786502203345298767e+01 -1.546337065696716273e+01
-1.736834950248400489e+01 -1.417359399795532227e+01
-1.802370100220044336e+01 -1.410065846443176341e+01
-1.777448708812395850e+01 -1.606743364334106516e+01
-1.793516317009925842e+01 -1.439463686943054199e+01
-1.818892839550971985e+01 -1.567520341873168910e+01
-1.815160943071047583e+01 -1.653290619850158549e+01
-1.785025473435719690e+01 -1.567292151451110804e+01
-1.817022928595542908e+01 -1.465827293395996023e+01
-1.755459234118461609e+01 -1.568111166954040492e+01
-1.828750153382619104e+01 -1.628439059257507182e+01
-1.753978641827901086e+01 -1.620829358100890971e+01
-1.788628690441449365e+01 -1.536201586723327672e+01
-1.807530873020489892e+01 -1.670257611274719167e+01
-1.805346365769704065e+01 -1.591087684631347621e+01
-1.819812534252802649e+01 -1.599236402511596644e+01
-1.837072945634524146e+01 -1.578984932899475169e+01
-1.837900106112162391e+01 -1.661357874870300222e+01
-1.792947641015052795e+01 -1.642128949165344309e+01
-1.845136539141337195e+01 -1.576495656967163050e+01
-1.805788164337475976e+01 -1.603725771903991770e+01
-1.782814924915631494e+01 -1.571431946754455566e+01
-1.778458992640177527e+01 -1.567509217262267995e+01
-1.810039467612902442e+01 -1.616069831848144389e+01
-1.798732407887776574e+01 -1.670381994247436452e+01
-1.831857929627100745e+01 -1.623021106719970774e+01
-1.817740306258201599e+01 -1.544737977981567312e+01
-1.812527077396710595e+01 -1.615487532615661692e+01
-1.816293145219485083e+01 -1.572286987304687500e+01
-1.793012445171673974e+01 -1.662472772598266602e+01
-1.823842997352282325e+01 -1.693588504791259908e+01
-1.848890303572018823e+01 -1.572938489913940430e+01
-1.812698226173718652e+01 -1.667529277801513743e+01
-1.788464254140853882e+01 -1.693823299407959126e+01
-1.839654148618380347e+01 -1.676926913261413432e+01
-1.831828603148460388e+01 -1.667369465827941966e+01
-1.792469370365142822e+01 -1.651681704521179128e+01
-1.787376811106999597e+01 -1.674029150009155131e+01
-1.815668764710426331e+01 -1.566242327690124547e+01
-1.822048219045003137e+01 -1.625965781211852956e+01
-1.790517050027847290e+01 -1.638069701194763184e+01
-1.844052110115687171e+01 -1.613129673004150533e+01
-1.827625394860903540e+01 -1.677574477195739888e+01
-1.756877427299817285e+01 -1.586908302307128871e+01
-1.807451562086741248e+01 -1.646337552070617605e+01
-1.831045852104822913e+01 -1.667162375450134348e+01
-1.825714407364527503e+01 -1.648712682723999023e+01
-1.853034200270970544e+01 -1.666737966537475657e+01
-1.813913536071777344e+01 -1.633669877052307129e+01
-1.787340923150380334e+01 -1.643639526367187642e+01
-1.831392843524615088e+01 -1.511269602775573695e+01
-1.844372146328290185e+01 -1.600473108291625834e+01
-1.814501356085141381e+01 -1.662454977035522319e+01
-1.845797999699910363e+01 -1.676718282699584961e+01
-1.806825571258862695e+01 -1.621754179000854634e+01
-1.833909756938616553e+01 -1.632813868522644185e+01
-1.815935171643893042e+01 -1.619990029335021831e+01
-1.825225963195164880e+01 -1.652160115242004323e+01
-1.831429831186930457e+01 -1.624415278434753418e+01
-1.866376276810963830e+01 -1.539183077812194789e+01
-1.819832730293273926e+01 -1.578206200599670339e+01
-1.778363272547721863e+01 -1.657498402595519948e+01
-1.842857090632120887e+01 -1.523082203865051198e+01
-1.833769303560256958e+01 -1.607751464843750000e+01
-1.850600552558898926e+01 -1.630259971618652415e+01
-1.829608196020126343e+01 -1.661567363739013814e+01
-1.855537415544192115e+01 -1.654345388412475515e+01
-1.803938463330268860e+01 -1.667035403251647807e+01
-1.839570465683937073e+01 -1.644213299751281809e+01
-1.863035038113594055e+01 -1.610105395317077637e+01
-1.838420815269152442e+01 -1.666330504417419434e+01
-1.783422597249348840e+01 -1.631463170051574707e+01
-1.843317059675852576e+01 -1.664651455879211284e+01
-1.863213270902633667e+01 -1.580878376960754395e+01
-1.826478467384974280e+01 -1.639613890647888184e+01
-1.861131711800893029e+01 -1.606352081298827983e+01
-1.855693521102269372e+01 -1.686781029701232981e+01
-1.855193622907002649e+01 -1.674983520507812429e+01
-1.847418147325515747e+01 -1.489883847236633230e+01
-1.847447936733563623e+01 -1.546447143554687464e+01
-1.818448574344317237e+01 -1.635861101150512553e+01
-1.824136241277058801e+01 -1.677343282699585103e+01
-1.860755492250124732e+01 -1.412559881210327184e+01
-1.780484875043233117e+01 -1.622130112648010325e+01
-1.847614965836207190e+01 -1.541649942398071360e+01
-1.823634489377339563e+01 -1.659918799400329448e+01
-1.768750395377476892e+01 -1.442555356025695801e+01
-1.783876344561576843e+01 -1.651068868637084819e+01
-1.848984417319297791e+01 -1.679930977821350169e+01
-1.876223206520080566e+01 -1.664995951652526784e+01
-1.800303378701210022e+01 -1.668408031463622976e+01
-1.867621695995330811e+01 -1.541867747306823766e+01
-1.831560972332954407e+01 -1.678848285675048757e+01
-1.824696603417396545e+01 -1.628617391586303853e+01
-1.821786353985468665e+01 -1.694202413558959819e+01
-1.851408293843269348e+01 -1.669530596733093120e+01
-1.872580427924792090e+01 -1.635627055168151855e+01
-1.789304837584495544e+01 -1.570617842674255371e+01
-1.835847998658816138e+01 -1.634461913108825826e+01
-1.815577711661656579e+01 -1.693237209320068359e+01
-1.800874776641527930e+01 -1.630804543495178294e+01
-1.838534050186475000e+01 -1.622142968177795552e+01
-1.871484973033269128e+01 -1.619975838661193990e+01
-1.863630678256352624e+01 -1.628315029144287251e+01
-1.834137268861134729e+01 -1.617040166854858541e+01
-1.829368190964062890e+01 -1.675755257606506277e+01
-1.869641086459159851e+01 -1.664793143272400044e+01
-1.831936233242352685e+01 -1.624526758193969656e+01
-1.839277209838231286e+01 -1.506053333282470774e+01
-1.852374688784281531e+01 -1.506331043243408274e+01
-1.850931857029597083e+01 -1.616783070564270020e+01
-1.835372328758239746e+01 -1.629306688308715678e+01
-1.793960361679394921e+01 -1.660362224578857493e+01
-1.865734687447547913e+01 -1.646048665046691895e+01
-1.840870215495427331e+01 -1.679067082405090261e+01
-1.858414838711420813e+01 -1.643106784820556499e+01
-1.838523602485656738e+01 -1.595716667175292969e+01
-1.876076261202494422e+01 -1.605504751205444336e+01
-1.836345823605855188e+01 -1.646439962387085032e+01
-1.881494708855946740e+01 -1.564061346054077184e+01
-1.856277110179265222e+01 -1.574479064941406214e+01
-1.860261432329813758e+01 -1.651510629653930806e+01
-1.870311916867892066e+01 -1.545429496765136790e+01
-1.831754004955291748e+01 -1.643669009208679199e+01
-1.875257945060729980e+01 -1.660436239242553569e+01
-1.908147207895914832e+01 -1.666434402465820241e+01
-1.866249343752861023e+01 -1.650121598243713450e+01
-1.837327733635902405e+01 -1.639285845756530691e+01
-1.816005567709605018e+01 -1.663615989685058594e+01
-1.840858633319536963e+01 -1.540312342643737864e+01
-1.879817486802737037e+01 -1.647285556793212891e+01
-1.775693081816037378e+01 -1.591840362548828125e+01
-1.891551459829012671e+01 -1.698475580215454173e+01
-1.861227282881736755e+01 -1.676292090415954661e+01
-1.882339258988698205e+01 -1.624331488609313823e+01
-1.802544659376144409e+01 -1.634902410507202219e+01
-1.866662512222925940e+01 -1.663325076103210520e+01
-1.827705950538317481e+01 -1.662535901069641042e+01
-1.851972925662994385e+01 -1.669538373947143484e+01
-1.834639870127042016e+01 -1.599443778991699183e+01
-1.826798617839813232e+01 -1.565562109947204661e+01
-1.862226500113805017e+01 -1.574260029792785609e+01
-1.884302431344985962e+01 -1.631438808441162180e+01
-1.831843940416971961e+01 -1.422982716560363770e+01
-1.842675016323725501e+01 -1.652990369796753001e+01
-1.863157790899276733e+01 -1.596702780723571813e+01
-1.832197407881418982e+01 -1.623828606605529856e+01
-1.866103143493334571e+01 -1.688058710098266602e+01
-1.862752614418665686e+01 -1.542939281463623047e+01
-1.772136636575062951e+01 -1.694268121719360209e+01
-1.886048177878062049e+01 -1.706685271263122416e+01
-1.865375451246897498e+01 -1.634308137893676616e+01
-1.845630213618278503e+01 -1.661934442520141531e+01
-1.861350625753402710e+01 -1.600082802772521973e+01
-1.908733718593915185e+01 -1.666842455863952566e+01
-1.882747959097226342e+01 -1.615686187744140767e+01
-1.831100657582283020e+01 -1.608341388702392649e+01
-1.876526095469792565e+01 -1.656356768608093333e+01
-1.874004364013671875e+01 -1.615255317687988423e+01
-1.875373299916585168e+01 -1.666403889656066895e+01
-1.849107884367306909e+01 -1.576898427009582448e+01
-1.853734897573788842e+01 -1.643443083763122559e+01
-1.887373886505762854e+01 -1.516358461380004918e+01
-1.854465418060620507e+01 -1.587507796287536621e+01
-1.877835576732953271e+01 -1.664019041061401438e+01
-1.878358157475789270e+01 -1.674276247024535991e+01
-1.865762985746065894e+01 -1.552933564186096227e+01
-1.872796733180681983e+01 -1.556703038215637136e+01
-1.862373803059260169e+01 -1.636034040451049876e+01
-1.887747020522753516e+01 -1.636828308105468821e+01
-1.850178020199139794e+01 -1.616877183914184712e+01
-1.873391387859980384e+01 -1.643832635879516602e+01
-1.908828383684158325e+01 -1.679699473381042552e+01
-1.847479709982872009e+01 -1.682230520248413086e+01
-1.839146063725153724e+01 -1.621865940093994141e+01
-1.892468553781509399e+01 -1.676462707519531392e+01
-1.871588613589604577e+01 -1.651859130859374858e+01
-1.869297653436660767e+01 -1.663868684768676687e+01
-1.892653493086497107e+01 -1.649233756065368794e+01
-1.890949565172195435e+01 -1.671206202507018901e+01
-1.867798030376434326e+01 -1.684855065345764302e+01
-1.882954222957293311e+01 -1.632042274475097798e+01
-1.853630335132281104e+01 -1.525462708473205531e+01
-1.867269186178843299e+01 -1.574428167343139684e+01
-1.852336185177167138e+01 -1.539475784301757777e+01
-1.871747008959452430e+01 -1.648834705352783203e+01
-1.902880680561065674e+01 -1.656139206886291504e+01
-1.907637710372607032e+01 -1.599640817642211843e+01
-1.875993210077285767e+01 -1.681758985519409322e+01
-1.901750155289967736e+01 -1.637579717636108256e+01
-1.844625695546467981e+01 -1.682790360450744771e+01
-1.863615411520004272e+01 -1.576791219711303782e+01
-1.878759836157162866e+01 -1.661746177673339986e+01
-1.883913627266883850e+01 -1.677993159294128489e+01
-1.857548149426778039e+01 -1.710654602050781392e+01
-1.841892757018407067e+01 -1.532621397972106969e+01
-1.874000431100527564e+01 -1.684816436767578196e+01
-1.818445100386937341e+01 -1.721043095588684224e+01
-1.876865437626838684e+01 -1.639169206619262553e+01
-1.833490833640098572e+01 -1.653547983169555735e+01
-1.939038864771525184e+01 -1.591330041885376012e+01
-1.883328787485758582e+01 -1.587868342399597132e+01
-1.879141324758529663e+01 -1.691290245056152486e+01
-1.900914671023686608e+01 -1.646019692420959402e+01
-1.887823968132336816e+01 -1.616446084976196218e+01
-1.864500652750333032e+01 -1.656059083938598775e+01
-1.826127590735753259e+01 -1.678872818946838308e+01
-1.931428573528925696e+01 -1.633878159523010254e+01
-1.854288280010223389e+01 -1.656149835586547781e+01
-1.935165776809056482e+01 -1.681806955337524556e+01
-1.888244092464447021e+01 -1.626106576919555735e+01
-1.904432233174641809e+01 -1.675277423858642578e+01
-1.902343906958897790e+01 -1.680401706695556641e+01
-1.898070305585861206e+01 -1.625477356910705495e+01
-1.914010413487752160e+01 -1.629577512741088796e+01
-1.886117209990819177e+01 -1.675667653083801412e+01
-1.863668992122014245e+01 -1.611928400993347310e+01
-1.875301892558733741e+01 -1.630981106758117605e+01
-1.870173515876134118e+01 -1.696891994476318288e+01
-1.934091318647066871e+01 -1.694845571517944194e+01
-1.925657087564468384e+01 -1.600451269149780131e+01
-1.923111380139986792e+01 -1.612947950363159322e+01
-1.870615101854006568e+01 -1.708649859428405904e+01
-1.930840995907783508e+01 -1.640310649871826243e+01
-1.809952505429585656e+01 -1.665376534461974956e+01
-1.863734538356463233e+01 -1.661017870903015137e+01
-1.860572635134061059e+01 -1.640362830162048269e+01
-1.860982964436213294e+01 -1.639256439208984517e+01
-1.871173459291458130e+01 -1.684056096076965403e+01
-1.921272375186284265e+01 -1.627457723617553853e+01
-1.898349373539288720e+01 -1.662092885971069478e+01
-1.861632183194160461e+01 -1.640452022552490163e+01
-1.869201140602429589e+01 -1.610468082427978587e+01
-1.918438396851221839e+01 -1.662509322166442871e+01
-1.912156301736831665e+01 -1.733092789649963450e+01
-1.897297447919845581e+01 -1.641801114082336355e+01
-1.930413222312927246e+01 -1.650380473136901927e+01
-1.899975945552190026e+01 -1.707475357055664134e+01
-1.870036206642786780e+01 -1.618184404373169016e+01
-1.852728324135144433e+01 -1.603395223617553711e+01
-1.907247499624888221e+01 -1.620649495124816752e+01
-1.886565705140431604e+01 -1.585794434547424281e+01
-1.916767375667889794e+01 -1.668666095733642507e+01
-1.924965387582778931e+01 -1.566203432083129954e+01
-1.840321042140324792e+01 -1.624286236763000346e+01
-1.909545242786407471e+01 -1.683509774208068777e+01
-1.805220397313435754e+01 -1.611123170852660991e+01
-1.905254543821017066e+01 -1.608655123710632395e+01
-1.908593591054280481e+01 -1.653535132408142161e+01
-1.875930156310399255e+01 -1.631890063285827708e+01
-1.916432167092959205e+01 -1.703526134490966726e+01
-1.883867865800857544e+01 -1.650204787254333638e+01
-1.915672316153844079e+01 -1.516477489471435547e+01
-1.828455077608426294e+01 -1.687259740829467702e+01
-1.952755930026372155e+01 -1.642853231430053640e+01
-1.878048725922902307e+01 -1.564377026557922434e+01
-1.851868105928103247e+01 -1.504832401275634801e+01
-1.934493837753931800e+01 -1.434876871109008789e+01
-1.896252153317133704e+01 -1.675785350799560547e+01
-1.878651179869969567e+01 -1.647671003341674734e+01
-1.854213237762451172e+01 -1.572326545715332102e+01
-1.881263774633407593e+01 -1.662337522506713938e+01
-1.932008906205495080e+01 -1.656206593513488912e+01
-1.936657188336054602e+01 -1.676426401138305522e+01
-1.914213363329569617e+01 -1.639389324188232422e+01
-1.880682041247685632e+01 -1.625856709480285645e+01
-1.916089510917663574e+01 -1.677493515014648295e+01
-1.937871926029523095e+01 -1.678303704261779927e+01
-1.920057789484659949e+01 -1.650083031654357768e+01
-1.975192042191823205e+01 -1.641455459594726562e+01
-1.909316270550091943e+01 -1.639190444946289205e+01
-1.864087763428688049e+01 -1.679341168403625417e+01
-1.927368279298146447e+01 -1.684874701499938965e+01
-1.913505456844965735e+01 -1.648852353096008372e+01
-1.887802096207936486e+01 -1.612057247161865092e+01
-1.860138822595278540e+01 -1.672326087951660156e+01
-1.900926565130551538e+01 -1.687202444076537944e+01
-1.879545328021049500e+01 -1.641547780036926341e+01
-1.904197615385055542e+01 -1.662440896034240723e+01
-1.925410539905230323e+01 -1.460424175262451207e+01
-1.908210055033366004e+01 -1.630512332916259766e+01
-1.894309217731158057e+01 -1.560253601074218821e+01
-1.821882858872413635e+01 -1.446359128952026296e+01
-1.951851264635721961e+01 -1.690049576759338379e+01
-1.946269830067952356e+01 -1.665120577812194824e+01
-1.891132041811943054e+01 -1.621821312904357981e+01
-1.880500883857409278e+01 -1.572547283172607457e+01
-1.892017552256584167e+01 -1.604561133384704519e+01
-1.921498463551203528e+01 -1.615949430465698100e+01
-1.925903860727946082e+01 -1.637780761718750000e+01
-1.885995503266652307e+01 -1.618869738578796458e+01
-1.930840164422988892e+01 -1.667604560852050710e+01
-1.903363692760467529e+01 -1.622828941345214915e+01
-1.932149169842402259e+01 -1.664161558151245046e+01
-1.892733630537986755e+01 -1.619685678482055735e+01
-1.948568358023961267e+01 -1.650560607910156108e+01
-1.927954937020937720e+01 -1.600742220878601074e+01
-1.903611326217651367e+01 -1.617211990356445384e+01
-1.926116271813710412e+01 -1.649132633209228516e+01
-1.940375367800394812e+01 -1.630104837417602681e+01
-1.962092496951420983e+01 -1.595298409461975098e+01
-1.916867558161417762e+01 -1.672410755157470774e+01
-1.927595642209053040e+01 -1.679870424270630025e+01
-1.907053180535634240e+01 -1.676033101081848287e+01
-1.923857476313908776e+01 -1.527293925285339427e+01
-1.909077304601669312e+01 -1.603496913909912180e+01
-1.924580974380175391e+01 -1.631272287368774343e+01
-1.930535519123077393e+01 -1.636837592124938823e+01
-1.955085742473602295e+01 -1.655523376464843821e+01
-1.939993500709533691e+01 -1.621994647979736470e+01
-1.949295438329378882e+01 -1.648587808609008931e+01
-1.906461552778879920e+01 -1.565725150108337438e+01
-1.923285880684852600e+01 -1.658162884712219309e+01
-1.889200853308041772e+01 -1.667960829734802175e+01
-1.921640972296397010e+01 -1.555933446884155202e+01
-1.882436915238698205e+01 -1.548526377677917409e+01
-1.868696413437525550e+01 -1.672784185409545898e+01
-1.945671485861142358e+01 -1.651121068000793457e+01
-1.926519092917442322e+01 -1.555932965278625524e+01
-1.954150611162185669e+01 -1.674615354537963796e+01
-1.969128453731536865e+01 -1.645827579498291016e+01
-1.918556659420331201e+01 -1.690522170066833496e+01
-1.944932319720586023e+01 -1.590573067665100027e+01
-1.903229272365570068e+01 -1.650144248008728098e+01
-1.918331496914227685e+01 -1.580433568954467738e+01
-1.953906669219334802e+01 -1.599454035758972203e+01
-1.888247795899708947e+01 -1.628399147987365581e+01
-1.929079206784566125e+01 -1.674712514877319336e+01
-1.933078935742378235e+01 -1.609209413528442312e+01
-1.971622467041015625e+01 -1.593216428756713832e+01
-1.882198941707611084e+01 -1.581041588783264196e+01
-1.878196235497792443e+01 -1.707370815277099751e+01
-1.952422785758972168e+01 -1.627735700607299663e+01
-1.891535452008247375e+01 -1.630543451309204173e+01
-1.951036532719929895e+01 -1.619055752754211497e+01
-1.930792237321535865e+01 -1.552980461120605504e+01
-1.922404652833938599e+01 -1.627428722381591797e+01
-1.959257574876149377e+01 -1.635435404777526713e+01
-1.952209244171778479e+01 -1.654930481910705709e+01
-1.860619860887527466e+01 -1.385074768066406214e+01
-1.903731435537338257e+01 -1.602524189949035716e+01
-1.942421110471089563e+01 -1.556625885963439870e+01
-1.877864112456639489e+01 -1.704800915718078613e+01
-1.904080174366633216e+01 -1.635500559806823873e+01
-1.932146090269088745e+01 -1.630927495956420969e+01
-1.978721741835276404e+01 -1.636686735153198313e+01
-1.969549685716629028e+01 -1.657103819847106863e+01
-1.867387907703717431e+01 -1.660363726615905833e+01
-1.928702984253565589e+01 -1.658522853851318501e+01
-1.927962840596834937e+01 -1.621785101890564107e+01
-1.927167739470799646e+01 -1.593169817924499476e+01
-1.882017253835995874e+01 -1.601334166526794434e+01
-1.893318912386894226e+01 -1.570658874511718750e+01
-1.897418071826298913e+01 -1.698305745124816823e+01
-1.955496791998545447e+01 -1.639308061599731303e+01
-1.923032718896865845e+01 -1.646439628601074290e+01
-1.941976050535837928e+01 -1.659216928482055664e+01
-1.934214513500531396e+01 -1.673901596069335795e+01
-1.975846612453460693e+01 -1.607514944076537944e+01
-1.954222408930460730e+01 -1.644070606231689524e+01
-1.947292977571487427e+01 -1.537963652610778809e+01
-1.922532890240351477e+01 -1.550060601234435964e+01
-1.953252396980921546e+01 -1.650029716491699361e+01
-1.946208781003952026e+01 -1.562418808937072789e+01
-1.915677966674168786e+01 -1.702408180236816548e+01
-1.932275919119517127e+01 -1.690149898529052663e+01
-1.968008156617482385e+01 -1.576331343650817907e+01
-1.950042955080668250e+01 -1.591180753707885742e+01
-1.912912130355834961e+01 -1.678052392005920268e+01
-1.932591358820597449e+01 -1.688604416847228862e+01
-1.970731918017069617e+01 -1.638478837013244771e+01
-1.872169310847918311e+01 -1.681867928504943777e+01
-1.992373474438985070e+01 -1.695956649780273295e+01
-1.910939999421437463e+01 -1.660743451118469238e+01
-1.982802959283192834e+01 -1.604372196197509837e+01
-1.916987779736518860e+01 -1.504110870361328089e+01
-1.954814078410466394e+01 -1.642640700340270854e+01
-1.944048821926116943e+01 -1.671086339950561594e+01
-1.942955350875854492e+01 -1.650064978599548482e+01
-1.925687231620152673e+01 -1.669664149284362864e+01
-1.959083457787831506e+01 -1.672021398544311666e+01
-2.000412948926289758e+01 -1.636017651557922292e+01
-1.981270303328831872e+01 -1.593386950492858922e+01
-1.932316793998082360e+01 -1.657330131530761719e+01
-1.965959854920705041e+01 -1.682530946731567312e+01
-1.954436798890431604e+01 -1.642601628303527761e+01
-1.942166362206141272e+01 -1.663373312950134419e+01
-1.964696639776229858e+01 -1.643651046752929545e+01
-1.986446615060170373e+01 -1.656026577949523926e+01
-1.969135133425394812e+01 -1.705941524505615092e+01
-1.961357035239537439e+01 -1.633898425102233887e+01
-1.971151930093765259e+01 -1.662053604125976491e+01
-2.015161838134129724e+01 -1.659211583137512136e+01
-1.955997733275095740e+01 -1.623522887229919576e+01
-1.964323937892913818e+01 -1.629990634918213033e+01
-1.964781906207402429e+01 -1.582506961822509695e+01
-1.931192523241043091e+01 -1.562711734771728445e+01
-1.922446519136428833e+01 -1.566981921195983851e+01
-1.934636177619298181e+01 -1.647132234573364329e+01
-1.957916579643885413e+01 -1.633022708892822195e+01
-1.912459367513656616e+01 -1.493971571922302211e+01
-1.969011984268824378e+01 -1.646090874671936177e+01
-1.974780253569285193e+01 -1.592776308059692347e+01
-1.981591151158015052e+01 -1.639078688621520996e+01
-1.983011887470881263e+01 -1.609457283020019602e+01
-1.939972653985023499e+01 -1.599659628868102956e+01
-1.957179301977157593e+01 -1.620722441673278880e+01
-1.940103718638420105e+01 -1.663118605613708567e+01
-1.913555238644282142e+01 -1.645479097366332866e+01
-1.929636582732200623e+01 -1.599509239196777344e+01
-1.943651514252026757e+01 -1.674193439483642720e+01
-1.952573186159133911e+01 -1.660400209426880025e+01
-1.974406502644221106e+01 -1.684915261268615794e+01
-1.929071378707885742e+01 -1.650435519218444824e+01
-1.960341872771580896e+01 -1.627558388710021831e+01
-1.922634275754292688e+01 -1.616402330398559428e+01
-1.946654109160105506e+01 -1.550627183914184570e+01
-1.961872459451357642e+01 -1.516828794479370046e+01
-1.928056249022483826e+01 -1.644580101966857910e+01
-2.001320199171702185e+01 -1.653521075248718120e+01
-1.950209189454714576e+01 -1.601288723945617676e+01
-1.910207070906956872e+01 -1.580259370803833008e+01
-1.950009131431579590e+01 -1.588927612304687464e+01
-1.979759939511616906e+01 -1.676603813171386648e+01
-1.939514753222465515e+01 -1.556637692451477051e+01
-1.942898710568745813e+01 -1.574382519721984863e+01
-1.904110090931256494e+01 -1.685147733688354421e+01
-1.908317703008651733e+01 -1.561840538978576731e+01
-1.907506546378135681e+01 -1.624641103744506765e+01
-1.919625497857729712e+01 -1.612076582908630229e+01
-1.945462340116500854e+01 -1.668870759010314941e+01
-1.932874282201131066e+01 -1.632723555564880513e+01
-1.973985775311787805e+01 -1.640436601638793945e+01
-1.998473072052001953e+01 -1.652599420547485209e+01
-1.993038593729336938e+01 -1.592812848091125488e+01
-1.995412833491961280e+01 -1.686518754959106303e+01
-1.988305958112080774e+01 -1.624848732948303365e+01
-1.994706134001414100e+01 -1.649417800903320241e+01
-1.949235855539639672e+01 -1.671877861022949219e+01
-1.970270889997482300e+01 -1.678223457336425639e+01
-1.996030197540919104e+01 -1.646074156761169505e+01
-2.005699572960535804e+01 -1.586422243118286168e+01
-1.964179436365763465e+01 -1.657942805290222310e+01
-1.988073396682739258e+01 -1.654102706909179688e+01
-1.868246919910113135e+01 -1.656257810592651225e+01
-1.980199231704076013e+01 -1.652224903106689524e+01
-2.007169183095296106e+01 -1.594021410942077566e+01
-2.005437946319580078e+01 -1.613657994270324636e+01
-2.015532805522282800e+01 -1.603288230895996236e+01
-1.918271717429161072e+01 -1.666173624992370605e+01
-1.955111928780873498e+01 -1.513206348419189418e+01
-1.980672307809193811e+01 -1.672960453033447337e+01
-1.979861241579055786e+01 -1.591866970062255859e+01
-1.977734541893005371e+01 -1.664468722343444895e+01
-1.927892512083053589e+01 -1.580593109130859375e+01
-1.919708151618639747e+01 -1.679109559059143209e+01
-1.995034380753834924e+01 -1.547790594100952077e+01
-1.987818559010823449e+01 -1.629014921188354492e+01
-1.972980535030364990e+01 -1.704756121635437083e+01
-1.971187416712443152e+01 -1.663558936119079590e+01
-1.993916169802347937e+01 -1.566102190017700124e+01
-1.966685295104980469e+01 -1.552405562400817907e+01
-1.977387028932571411e+01 -1.663818302154540874e+01
-1.965117506186167518e+01 -1.649226346015930034e+01
-1.946360766887664795e+01 -1.672456340789794993e+01
-1.968660590052604675e+01 -1.612965922355651927e+01
-1.968360164761543274e+01 -1.637834515571594096e+01
-1.973424953222274780e+01 -1.589207258224487340e+01
-1.972696856657664100e+01 -1.671554412841796733e+01
-1.961592137813568115e+01 -1.674017028808593821e+01
-1.967995284001032630e+01 -1.641558113098144389e+01
-2.030241386095682898e+01 -1.680657730102539205e+01
-1.989295349518458167e+01 -1.620828704833984446e+01
-1.967737493912379065e+01 -1.593125061988830637e+01
-1.977209939559300622e+01 -1.600830254554748677e+01
-2.005643308162689209e+01 -1.648933105468750071e+01
-1.972507137060165405e+01 -1.599151539802551270e+01
-1.918682624896367273e+01 -1.655275354385376119e+01
-1.977637505531311035e+01 -1.365581436157226491e+01
-1.908375221490859985e+01 -1.498680996894836426e+01
-1.952008551359176636e+01 -1.472717852592468191e+01
-1.929141159852345666e+01 -1.566866459846496618e+01
-2.011652308702468872e+01 -1.655888528823852468e+01
-1.936702960729598999e+01 -1.699001460075378489e+01
-2.006522380312283715e+01 -1.675089464187622212e+01
-1.927010553081830224e+01 -1.667674903869628977e+01
-1.976160409053166589e+01 -1.625892314910888814e+01
-1.978716516494750977e+01 -1.620839982032775950e+01
-1.982487214605013648e+01 -1.653492488861083842e+01
-1.984244145949681482e+01 -1.638079013824462749e+01
-2.002678811550140381e+01 -1.511968312263488734e+01
-1.932594677805900574e+01 -1.631998414993286062e+01
-2.012343958020210266e+01 -1.612832765579223704e+01
-2.005526882410049438e+01 -1.599134178161621023e+01
-1.996293932199478149e+01 -1.491620826721191406e+01
-2.024453005194664001e+01 -1.608230824470519948e+01
-1.973097739617029944e+01 -1.642739257812500142e+01
-1.940900375445683679e+01 -1.640344076156616282e+01
-1.971996451417605201e+01 -1.591056494712829661e+01
-1.936643158396084985e+01 -1.704375996589660502e+01
-1.987262233098347863e+01 -1.616185293197631978e+01
-1.986156942447026452e+01 -1.638557739257812429e+01
-1.893559070428212365e+01 -1.540308794975280726e+01
-1.978631172577540198e+01 -1.625073204040527486e+01
-2.018097732464472571e+01 -1.590721316337585378e+01
-1.965544457236925879e+01 -1.683764162063598491e+01
-2.028836496671040734e+01 -1.627421221733093404e+01
-2.004297725359598914e+01 -1.703744378089904643e+01
-1.997369607289632043e+01 -1.568782563209533620e+01
-1.966040658950805664e+01 -1.607708692550659180e+01
-1.959420253833134851e+01 -1.662150721549987864e+01
-1.984478177626927575e+01 -1.674338316917419434e+01
-1.944107757012049476e+01 -1.647638545036316060e+01
-2.014131434758504113e+01 -1.667134027481079173e+01
-1.940661255518595496e+01 -1.659315123558044291e+01
-1.980861360828081885e+01 -1.465258741378784180e+01
-1.940264838933944702e+01 -1.588615813255310094e+01
-1.980645904938380042e+01 -1.646236319541931081e+01
-2.023337833086649695e+01 -1.610041699409485005e+01
-2.006818334261576453e+01 -1.661993846893310689e+01
-2.002886156241099158e+01 -1.631884851455688334e+01
-1.990816441178321838e+01 -1.677733669281006001e+01
-1.961843627691268921e+01 -1.650370283126830984e+01
-1.966495894392331323e+01 -1.601849718093871999e+01
-2.007992012302080909e+01 -1.606968655586242534e+01
-1.986634661753972253e+01 -1.622289810180664205e+01
-1.942555634180704871e+01 -1.612630553245544363e+01
-1.990346448620160302e+01 -1.609878950119018626e+01
-1.969625918070475379e+01 -1.648056602478027344e+01
-1.976148587465286255e+01 -1.648139181137084819e+01
-2.022407275438308716e+01 -1.514796886444091761e+01
-1.958494080106417456e+01 -1.638090887069702006e+01
-2.044242620468139648e+01 -1.630051155090331960e+01
-2.021676029761632165e+01 -1.663578944206237864e+01
-1.980183483163515845e+01 -1.639754948616027974e+01
-1.978331110874811927e+01 -1.510683093070983851e+01
-1.990949954589207849e+01 -1.550914149284362864e+01
-1.985534520943959436e+01 -1.441133842468261683e+01
-1.975966165463129798e+01 -1.659977107048034739e+01
-2.001784545183181763e+01 -1.671541805267333913e+01
-2.009556219975153724e+01 -1.612156319618225098e+01
-2.000398619969685754e+01 -1.589995436668396067e+01
-2.011721656719843665e+01 -1.615657734870910645e+01
-2.002319302161534509e+01 -1.655667419433593679e+01
-1.973479541142781457e+01 -1.624760141372680522e+01
-2.034181711077690125e+01 -1.594566683769226145e+01
-1.993406327565510949e+01 -1.672782211303711009e+01
-2.001218954722086707e+01 -1.654293975830078267e+01
-1.943170977632204810e+01 -1.611210389137267995e+01
-2.036912723382313928e+01 -1.610328617095947124e+01
-1.970169868071873864e+01 -1.655182399749755717e+01
-1.995197526613871375e+01 -1.657295379638672017e+01
-2.007837134599685669e+01 -1.624412117004394673e+01
-2.037473877271016320e+01 -1.661915993690490723e+01
-2.005012738704681396e+01 -1.513079891204833949e+01
-2.048933386802673340e+01 -1.651658277511596751e+01
-1.983551555871963501e+01 -1.683570380210876394e+01
-1.912129313747088233e+01 -1.523105564117431676e+01
-1.885974947611491004e+01 -1.680598192214965891e+01
-1.986507254838943481e+01 -1.604531631469726705e+01
-1.989028465747833252e+01 -1.677996301651000977e+01
-2.017774472633997718e+01 -1.618029060363769389e+01
-2.030751293897628784e+01 -1.669380264282226634e+01
-2.023853031794230262e+01 -1.655068449974060130e+01
-2.014311504364013672e+01 -1.629373908042907715e+01
-1.997811333338419715e+01 -1.623897194862365723e+01
-2.007631121079127112e+01 -1.605741391181945943e+01
-2.028563793500264367e+01 -1.643743767738342143e+01
-2.040264221032460412e+01 -1.609010610580444478e+01
-1.954714944958686829e+01 -1.563361697196960520e+01
-1.972833698987960815e+01 -1.647910408973693919e+01
-2.059531865517298499e+01 -1.634581232070922852e+01
-1.961980535586674890e+01 -1.589833722114562953e+01
-1.956051548322041711e+01 -1.655902271270752024e+01
-2.058924732605616370e+01 -1.620805206298827983e+01
-2.043983630339304725e+01 -1.577623305320739711e+01
-2.023273479938507080e+01 -1.589673581123352086e+01
-1.972000068426132202e+01 -1.649748392105102468e+01
-2.017571203907330712e+01 -1.554677696228027273e+01
-2.011418787638346473e+01 -1.639493875503540110e+01
-2.009207383791605750e+01 -1.680157122611999654e+01
-1.993548534313837806e+01 -1.630484247207641602e+01
-2.051169306039810181e+01 -1.652685666084289551e+01
-1.963248479366302490e+01 -1.636319599151611470e+01
-1.993925036986668786e+01 -1.555313344001769948e+01
-2.008231274286906043e+01 -1.527146244049072266e+01
-1.996860698858897010e+01 -1.620883574485778666e+01
-1.985681194067001343e+01 -1.583992743492126465e+01
-1.969420736034711084e+01 -1.613934097290039205e+01
-2.029818451404571533e+01 -1.647784752845764089e+01
-2.016275459527969360e+01 -1.641461653709411550e+01
-2.025865681966145715e+01 -1.661690311431884837e+01
-2.023791253566741943e+01 -1.573567337989807058e+01
-2.016675998767216882e+01 -1.672558965682983256e+01
-2.015040500958760461e+01 -1.448740792274475098e+01
-2.051718004544575891e+01 -1.608159203529357839e+01
-1.977155823508898536e+01 -1.564540977478027273e+01
-2.002480802933375159e+01 -1.618517727851867605e+01
-2.000183453162511071e+01 -1.674484958648681499e+01
-2.009736377000808716e+01 -1.683024749755859517e+01
-2.015232191483179847e+01 -1.468122963905334544e+01
-1.976421632369359216e+01 -1.649159674644470286e+01
-2.038382754723231116e+01 -1.669731316566467427e+01
-2.018621345361073693e+01 -1.507726435661315989e+01
-2.046048647165298462e+01 -1.669515104293823171e+01
-2.001459211111068726e+01 -1.677182302474975728e+01
-2.042561699946721276e+01 -1.708979830741882466e+01
-1.943771569927533349e+01 -1.604221787452697612e+01
-2.037330949306488037e+01 -1.670229682922363423e+01
-2.026879988114039222e+01 -1.648812103271484375e+01
-2.042436677217483521e+01 -1.672170529365539693e+01
-2.051912442843119422e+01 -1.690556097030639648e+01
-2.057894806067148963e+01 -1.440586175918579137e+01
-2.008339670300483704e+01 -1.699131970405578684e+01
-2.020529194672902307e+01 -1.616291627883911275e+01
-2.045492351055145264e+01 -1.563228096961975133e+01
-2.002988153696060181e+01 -1.518598003387451101e+01
-2.013198836644490441e+01 -1.701439852714538503e+01
-2.022535622119903564e+01 -1.590688915252685476e+01
-2.031642649571100989e+01 -1.640887217521667552e+01
-2.063490919272105018e+01 -1.653634819984436177e+01
-2.053630385796229163e+01 -1.567191534042358469e+01
-1.974838730692863464e+01 -1.551421270370483363e+01
-1.997812841335932532e+01 -1.647528142929077077e+01
-1.996855308612187585e+01 -1.649325890541076589e+01
-2.007304477691650391e+01 -1.646937904357910298e+01
-2.008927897612253943e+01 -1.676630234718322754e+01
-2.060222518444061279e+01 -1.601924910545348979e+01
-2.034068779150645057e+01 -1.557962532043456960e+01
-2.029472351074218750e+01 -1.600735111236572195e+01
-2.040475487709045410e+01 -1.637129173278808736e+01
-1.958324294288953027e+01 -1.484651441574096609e+01
-1.993664352099100867e+01 -1.386032733917236293e+01
-2.048462988932927331e+01 -1.628466558456420898e+01
-2.021712448199589929e+01 -1.445975155830383230e+01
-1.959681094686190406e+01 -1.625240221023559428e+01
-2.046170713504155358e+01 -1.577993559837341309e+01
-2.025472112496693811e+01 -1.626360507011413503e+01
-2.022514945268630981e+01 -1.607513809204101562e+01
-2.022804971536000451e+01 -1.467344670295715403e+01
-2.046577833096186438e+01 -1.625972104072570801e+01
-2.030384542544682702e+01 -1.642682132720947408e+01
-2.037290738026301185e+01 -1.657755799293517995e+01
-2.026335986455281457e+01 -1.667713828086852956e+01
-2.069100115696589270e+01 -1.598454403877258301e+01
-2.073303435246149817e+01 -1.648840017318725515e+01
-2.073926957448323449e+01 -1.638656482696533345e+01
-2.051742066939671716e+01 -1.627322587966919087e+01
-2.006273851792017737e+01 -1.363137402534484899e+01
-1.959424057602882385e+01 -1.628262777328491140e+01
-2.021432872613270959e+01 -1.577454705238342214e+01
-1.994535972674687585e+01 -1.669145598411559916e+01
-2.040456523497899255e+01 -1.592175683975219691e+01
-2.030301777521769324e+01 -1.617171115875244070e+01
-2.048178128401438514e+01 -1.623310098648071431e+01
-2.044372371832529822e+01 -1.651580729484557963e+01
-2.057578374942143640e+01 -1.606485629081726074e+01
-1.962664396564165870e+01 -1.688617649078368999e+01
-2.000161168972651282e+01 -1.610144071578979563e+01
-2.008451755841572961e+01 -1.643882665634155416e+01
-2.017171643177668372e+01 -1.485611464977264440e+01
-1.977324438095092773e+01 -1.669905295372009135e+01
-2.072348966201146325e+01 -1.670216608047485352e+01
-1.998059888680775842e+01 -1.662974424362182546e+01
-2.017798000574111938e+01 -1.688089199066162038e+01
-1.951972627639770508e+01 -1.636395049095153809e+01
-1.968252336978912354e+01 -1.557498393058776820e+01
-1.995771884918212891e+01 -1.665775537490844727e+01
-2.070229961474736413e+01 -1.649575762748718333e+01
-2.037793684005737305e+01 -1.622736167907714844e+01
-2.047041879097620765e+01 -1.640911755561828755e+01
-2.041053002079327783e+01 -1.693514304161071848e+01
-2.063400681813557824e+01 -1.637350473403930806e+01
-1.971806018551190576e+01 -1.625327405929565572e+01
-1.999598030249277869e+01 -1.605126929283142090e+01
-2.018201361099879065e+01 -1.673988218307495046e+01
-2.029985336462656775e+01 -1.523203959465026891e+01
-1.976386657357215881e+01 -1.631336240768432688e+01
-2.083433498938878259e+01 -1.633778715133666992e+01
-2.077311126391093055e+01 -1.606161594390869141e+01
-2.011288537581761560e+01 -1.617529635429382395e+01
-2.081076320012410363e+01 -1.587997689247131383e+01
-2.019344513614972314e+01 -1.665709481239318990e+01
-2.061927978197733680e+01 -1.537301731109619141e+01
-2.049701388676961145e+01 -1.641783409118652415e+01
-2.069279325008392334e+01 -1.612972898483276296e+01
-2.037098348140716553e+01 -1.440766701698303187e+01
-2.001482264200846473e+01 -1.606014122962951518e+01
-1.990606378515561303e+01 -1.496577572822570801e+01
-2.030063142379124841e+01 -1.655009274482727122e+01
-1.961081404487292090e+01 -1.609743027687072825e+01
-2.063092430432637414e+01 -1.622435126304626607e+01
-2.009950912992159644e+01 -1.610722775459289480e+01
-2.062945806980133057e+01 -1.697062187194824290e+01
-2.058558630943298340e+01 -1.688799266815185618e+01
-2.067708088954289636e+01 -1.591099643707275391e+01
-2.081748326619466027e+01 -1.637142486572265554e+01
-2.058265846967697144e+01 -1.620890803337097097e+01
-2.096683994928995887e+01 -1.624479088783264302e+01
-2.059025436639785767e+01 -1.620255994796752930e+01
-2.055586852629979333e+01 -1.578816485404968262e+01
-2.017863545815150061e+01 -1.632761645317077637e+01
-2.056520120302836219e+01 -1.659953126907348775e+01
-2.010273257891337195e+01 -1.562166113853454519e+01
-2.012931123375892639e+01 -1.654140291213989400e+01
-1.901172803839047631e+01 -1.638110923767089844e+01
-1.986866110563278198e+01 -1.642146425247192454e+01
-1.995636965831120690e+01 -1.636452970504760884e+01
-2.036236731211344519e+01 -1.365399050712585449e+01
-1.965288451313972473e+01 -1.514724001884460414e+01
-2.071617180109024048e+01 -1.636921896934509135e+01
-2.063786720236142358e+01 -1.560848245620727504e+01
-2.036941079298655310e+01 -1.631703534126281596e+01
-2.055277115106582642e+01 -1.577601375579834020e+01
-2.050350463390350342e+01 -1.642100734710693288e+01
-2.038588666915893555e+01 -1.641212348937988352e+01
-2.022776695092519006e+01 -1.550579485893249476e+01
-2.029886730511983117e+01 -1.539038877487182688e+01
-2.087309686342875281e+01 -1.501913933753967356e+01
-2.053085599342982093e+01 -1.633577375411987376e+01
-2.037049248814582825e+01 -1.622886676788330007e+01
-2.072913688421249390e+01 -1.641691646575927876e+01
-2.065292763710021973e+01 -1.669676537513732839e+01
-2.095144947369893274e+01 -1.651099991798400879e+01
-1.992919967571894446e+01 -1.619919223785400320e+01
-2.059107035398483276e+01 -1.610548944473266531e+01
-2.063247991601626197e+01 -1.615749411582946848e+01
-2.084910964965820312e+01 -1.619703383445739675e+01
-2.066771487394968787e+01 -1.654595127105712749e+01
-2.115677787860234460e+01 -1.590769968032836879e+01
-2.041738667090733728e+01 -1.640360803604125906e+01
-2.063913178443908691e+01 -1.614798421859741140e+01
-2.029663350184758386e+01 -1.522119679450988805e+01
-2.011402599016825476e+01 -1.657776789665222239e+01
-2.050443730751673499e+01 -1.650215253829956197e+01
-2.047094808022181311e+01 -1.481267714500427246e+01
