# Train Val
9.808783928553262976e-01 -1.703023910522460938e-02
-1.599691122770309448e+00 -3.854004383087158203e+00
-4.469066321849822998e+00 -5.699679215749104522e+00
-6.264547030131022431e+00 -6.706636428833007812e+00
-7.277245442072550752e+00 -7.481759230295817353e+00
-7.688230236371357940e+00 -7.684743722279866240e+00
-7.794563372929890654e+00 -7.554798920949299834e+00
-7.831821084022521973e+00 -7.963881015777587891e+00
-7.799017508824666045e+00 -7.772229989369709990e+00
-7.842303474744160674e+00 -7.433274269104003906e+00
-7.835197806358337402e+00 -7.805972258249918916e+00
-7.833016673723856904e+00 -7.906524022420247100e+00
-7.852135340372721650e+00 -7.927207946777343750e+00
-7.793651143709818818e+00 -7.691397507985432647e+00
-7.829368472099304199e+00 -7.429880460103352569e+00
-7.814979632695515654e+00 -7.832427819569905303e+00
-7.854388356208801270e+00 -7.989418824513752959e+00
-7.900879820187886260e+00 -7.636815547943115234e+00
-7.879479408264160156e+00 -7.615866661071777344e+00
-7.884653091430664062e+00 -7.710248788197834990e+00
-7.863705039024353027e+00 -7.677835623423258760e+00
-7.862388213475544951e+00 -7.601062774658203125e+00
-7.784102241198222139e+00 -7.646262645721435547e+00
-7.861223022143046357e+00 -7.786047776540120147e+00
-7.881578405698140166e+00 -8.126755396525064512e+00
-7.870875040690104463e+00 -7.500014305114746094e+00
-7.851076722145080566e+00 -7.784428437550862334e+00
-7.861366232236226104e+00 -8.112071832021078066e+00
-7.870254079500834443e+00 -7.522180716196696260e+00
-7.892273227373759248e+00 -7.684313933054606416e+00
-7.902112245559692383e+00 -7.860676606496174834e+00
-7.898529132207234404e+00 -7.805729230244954131e+00
-7.906956434249877930e+00 -7.659203847249348662e+00
-7.888927022616068818e+00 -7.673767725626627900e+00
-7.926651875178019502e+00 -7.949383894602457978e+00
-7.930410861968994141e+00 -8.040529410044351621e+00
-7.875835816065470674e+00 -8.017493247985839844e+00
-7.905027468999226592e+00 -7.639110247294108369e+00
-7.917798598607380889e+00 -8.089185078938802675e+00
-7.931341608365376494e+00 -7.922499497731526397e+00
-7.950363675753275849e+00 -7.877259890238444306e+00
-8.001394748687744141e+00 -8.208302338918050722e+00
-7.973877032597859404e+00 -8.041190465291341738e+00
-7.951040108998616240e+00 -7.959166685740153291e+00
-7.952032089233398438e+00 -7.831149895985920928e+00
-7.982142289479573272e+00 -7.726574420928955078e+00
-8.007247249285379453e+00 -8.048408826192220644e+00
-8.042810877164205507e+00 -8.079836209615072207e+00
-7.993876139322916963e+00 -7.914523124694824219e+00
-7.999940713246663115e+00 -8.012071450551351504e+00
-8.007213354110717773e+00 -8.140196005503335996e+00
-8.033749659856161074e+00 -7.918318748474121094e+00
-8.036788821220397949e+00 -8.021730899810791016e+00
-8.048658132553100586e+00 -7.967097600301106475e+00
-8.041813929875692324e+00 -7.817286809285481475e+00
-8.036252895991006895e+00 -8.405169169108072325e+00
-8.039905389149984316e+00 -7.901141961415608428e+00
-8.028961062431335449e+00 -7.813279787699381806e+00
-8.063186605771383242e+00 -8.241438070933023496e+00
-8.051096479098001524e+00 -8.146593093872070312e+00
-8.079592744509378477e+00 -7.951942761739094756e+00
-8.091874043146768614e+00 -8.288210709889730410e+00
-8.048199454943338438e+00 -7.761797269185383819e+00
-8.020152012507120176e+00 -8.213459332784017519e+00
-8.075029770533243223e+00 -7.902815500895182588e+00
-8.083330591519674257e+00 -7.741002400716145537e+00
-8.035279154777526855e+00 -7.882277170817057588e+00
-8.086145838101705507e+00 -7.957619349161784150e+00
-8.092733462651571230e+00 -7.702363173166911103e+00
-7.987308065096537568e+00 -8.060248692830404238e+00
-8.120665391286214785e+00 -7.798734347025553681e+00
-8.124587694803873106e+00 -7.944772879282633760e+00
-8.121583422025045351e+00 -7.972805817921956084e+00
-8.091335415840148926e+00 -7.594002405802409150e+00
-8.016326228777566953e+00 -7.757737318674723603e+00
-8.057007789611816406e+00 -8.149812539418539004e+00
-8.125502665837606386e+00 -8.196907361348470644e+00
-8.159773866335550352e+00 -7.834718386332194306e+00
-8.111808458964029356e+00 -8.122561136881509825e+00
-8.169077992439270020e+00 -7.753247261047363281e+00
-8.133660117785135313e+00 -7.792499542236328125e+00
-8.126338124275207520e+00 -8.090953509012857481e+00
-8.204930742581685976e+00 -8.425026257832845644e+00
-8.247467676798502012e+00 -8.044610659281412168e+00
-8.265656590461730957e+00 -8.041835943857828184e+00
-8.277437488238016172e+00 -8.168691794077554746e+00
-8.259031931559244200e+00 -8.161138852437337832e+00
-8.284245888392129942e+00 -7.763921260833740234e+00
-8.231202642122903868e+00 -7.936119874318440459e+00
-8.246359666188558535e+00 -7.966094017028808594e+00
-8.322186470031738281e+00 -8.037733554840087891e+00
-8.370939215024312929e+00 -8.182972272237142519e+00
-8.310046434402465820e+00 -8.056801319122314453e+00
-8.295911153157552675e+00 -8.053863684336343809e+00
-8.321182052294412657e+00 -8.016103426615396543e+00
-7.943652669588725068e+00 -8.016122976938882871e+00
-8.274871190388997988e+00 -7.953959306081135772e+00
-8.358286142349243164e+00 -8.346614678700765566e+00
-8.450261990229288145e+00 -8.635149002075195312e+00
-8.480467398961385683e+00 -7.871845086415608428e+00
-8.154262264569601015e+00 -7.276528040568034150e+00
-8.019266804059347109e+00 -7.580609480539957978e+00
-8.177315672238668398e+00 -8.250798384348550840e+00
-8.338623166084289551e+00 -8.088127295176187559e+00
-8.509651223818460508e+00 -8.222930908203125000e+00
-8.605930884679159121e+00 -8.340093930562337832e+00
-8.604156692822774843e+00 -8.030872186024984316e+00
-8.597232143084207578e+00 -8.217414220174154238e+00
-8.755149682362874941e+00 -8.347096125284830137e+00
-8.674710114796956972e+00 -7.629976113637288115e+00
-8.265310327212015196e+00 -8.425804138183593750e+00
-8.729843656222024961e+00 -8.371880372365316347e+00
-8.815071225166320801e+00 -8.533887704213460879e+00
-8.725592136383056641e+00 -8.036371231079101562e+00
-8.705685695012411074e+00 -8.731177171071371035e+00
-8.522265315055847168e+00 -7.601935386657714844e+00
-8.859747409820556641e+00 -8.145409425099691347e+00
-8.546411275863647461e+00 -8.430444558461507754e+00
-8.819049557050069765e+00 -8.435958544413248106e+00
-9.038298606872558594e+00 -9.001706123352050781e+00
-8.850405255953470274e+00 -8.232051372528076172e+00
-9.027679522832235293e+00 -8.691051165262857481e+00
-9.168204545974731445e+00 -8.319916725158691406e+00
-9.189393917719522520e+00 -8.404004255930582090e+00
-9.296064853668212891e+00 -9.179440498352050781e+00
-9.302804231643676758e+00 -8.345348517100015684e+00
-9.077878952026367188e+00 -8.519892692565917969e+00
-9.283882061640420957e+00 -8.549941062927246094e+00
-9.361046393712362246e+00 -8.857491493225097656e+00
-9.614297787348428770e+00 -8.694438139597574278e+00
-9.614350318908691406e+00 -8.192914644877115293e+00
-9.539677619934082031e+00 -7.996632734934489228e+00
-8.840717474619546934e+00 -8.218928972880044981e+00
-9.492289940516153379e+00 -8.959282557169595762e+00
-9.545340299606323242e+00 -8.811224937438964844e+00
-9.495081027348836855e+00 -8.523897171020507812e+00
-9.425703605016073183e+00 -8.536163012186685606e+00
-9.409751812616983457e+00 -8.459280490875244141e+00
-9.301957011222839355e+00 -8.941144943237304688e+00
-9.408998886744180723e+00 -8.606639862060546875e+00
-9.339708010355630918e+00 -8.390460968017578125e+00
-9.253591974576314882e+00 -8.482780615488687559e+00
-9.833740393320718809e+00 -8.649385452270507812e+00
-9.840534448623657227e+00 -8.403748830159505800e+00
-9.974023421605428652e+00 -9.302641709645589785e+00
-1.027813172340393066e+01 -9.013100941975912050e+00
-9.864388863245645567e+00 -8.926940600077310606e+00
-9.909951686859130859e+00 -8.809611638387044863e+00
-8.985709031422933535e+00 -9.278754234313964844e+00
-9.868913888931274414e+00 -8.191367149353027344e+00
-9.844452222188314394e+00 -9.135648886362710996e+00
-1.007906897862752338e+01 -8.685525099436441465e+00
-1.024906269709269147e+01 -8.044954140981039004e+00
-1.018088626861572266e+01 -9.050130367279052734e+00
-1.007687513033548932e+01 -8.545727729797363281e+00
-1.012333480517069439e+01 -8.954237302144369082e+00
-9.955193678538003965e+00 -8.587098439534505800e+00
-1.026538546880086322e+01 -8.892641703287759825e+00
-1.042371837298075299e+01 -9.240173975626627012e+00
-1.046026841799418072e+01 -8.446786562601724668e+00
-1.047288354237874408e+01 -8.353306770324707031e+00
-1.035745636622110943e+01 -8.315438111623128847e+00
-1.054395055770874023e+01 -7.621184031168620088e+00
-9.793136755625406309e+00 -8.114704926808675722e+00
-1.037105131149291992e+01 -8.391833941141763731e+00
-1.073855161666870117e+01 -8.853982448577880859e+00
-1.076273838678995709e+01 -8.247587362925210996e+00
-1.048444533348083496e+01 -9.389700889587402344e+00
-9.962394475936889648e+00 -8.469748338063558535e+00
-1.020596098899841309e+01 -8.216067314147949219e+00
-1.078303082784016986e+01 -9.387266159057617188e+00
-1.088963087399800678e+01 -8.593843142191568418e+00
-1.095599762598673443e+01 -8.823615074157714844e+00
-1.081328272819519043e+01 -1.016463359196980853e+01
-9.100680232048034668e+00 -8.137867132822671934e+00
-9.610432942708333925e+00 -7.180457115173339844e+00
-1.033063570658365826e+01 -8.886875152587890625e+00
-1.055509781837463379e+01 -8.038683573404947325e+00
-1.029625995953877826e+01 -9.010641892751058535e+00
-1.040969991683959961e+01 -8.548539161682128906e+00
-1.035796769460042377e+01 -8.676627159118652344e+00
-1.052411309878031354e+01 -8.298615455627441406e+00
-1.110756572087605853e+01 -8.506475766499837832e+00
-1.059819300969441791e+01 -8.022588570912679629e+00
-1.054030315081278424e+01 -8.793452739715576172e+00
-1.121129886309305768e+01 -9.168287277221679688e+00
-1.123456756273905377e+01 -9.082687060038248106e+00
-1.125619657834370990e+01 -8.619276364644369082e+00
-1.136450123786926270e+01 -8.591492335001627012e+00
-1.161516865094502826e+01 -8.564143180847167969e+00
-1.116740846633911133e+01 -8.490586439768472715e+00
-1.126865530014038086e+01 -9.054752031962076231e+00
-1.072268128395080566e+01 -9.398976961771646543e+00
-1.045694887638092041e+01 -9.015144030253091856e+00
-1.080897076924641986e+01 -8.329700152079263731e+00
-1.127599732081095318e+01 -8.921838760375976562e+00
-1.096879990895589252e+01 -8.505345662434896425e+00
-1.114591606458028217e+01 -9.073069254557291075e+00
-1.154439640045166016e+01 -9.301759401957193418e+00
-1.118036190668741803e+01 -8.839603424072265625e+00
-1.160087283452351947e+01 -8.825900395711263613e+00
-1.150400551160176654e+01 -9.301933924357095762e+00
-1.162357958157857318e+01 -8.238728364308675722e+00
-1.170986938476562500e+01 -8.770235697428384825e+00
-1.159900156656900982e+01 -9.096578756968179746e+00
-1.165028389294942279e+01 -7.915768782297770478e+00
-1.116896772384643555e+01 -8.824892044067382812e+00
-1.157667009035746197e+01 -8.648378690083822207e+00
-1.188837448755900006e+01 -8.716720581054687500e+00
-1.140168380737304688e+01 -8.021792252858480410e+00
-1.186205538113912006e+01 -8.607477823893228575e+00
-1.131799236933390240e+01 -8.461582342783609434e+00
-1.156266641616821289e+01 -8.939967473347982363e+00
-1.131701366106669049e+01 -9.909658749898275332e+00
-1.184249607721964459e+01 -9.123217741648355528e+00
-1.184487350781758686e+01 -8.103404362996419863e+00
-1.172297430038452148e+01 -8.857298215230306582e+00
-1.168517899513244629e+01 -9.782359441121419863e+00
-1.223973019917806049e+01 -8.592610677083333925e+00
-1.168726023038228412e+01 -7.992566744486491181e+00
-1.083231846491495709e+01 -8.827426274617513613e+00
-1.136219763755798340e+01 -9.415433565775552793e+00
-1.226265144348144531e+01 -9.519209543863931700e+00
-1.208837493260701557e+01 -8.185305913289388613e+00
-1.160759814580281635e+01 -8.896357536315917969e+00
-1.213555431365966797e+01 -8.579209168752035097e+00
-1.151876274744669537e+01 -8.507872263590494200e+00
-1.144272208213806152e+01 -1.001641368865966797e+01
-1.253491679827372174e+01 -8.808385213216146425e+00
-1.178950635592142682e+01 -8.501174608866373106e+00
-1.182733480135599713e+01 -7.896870613098144531e+00
-1.203397456804911236e+01 -8.654727935791015625e+00
-1.214777398109436035e+01 -8.124386151631673769e+00
-1.211810843149820904e+01 -7.901607036590576172e+00
-1.189158781369527240e+01 -9.910700798034667969e+00
-1.281428488095601459e+01 -8.924080689748128847e+00
-1.261572329203287701e+01 -9.228687604268392519e+00
-1.266649039586385150e+01 -9.615373929341634707e+00
-1.247769856452941895e+01 -8.468350410461425781e+00
-1.200778992970784564e+01 -9.645493189493814512e+00
-1.288896576563517193e+01 -8.276445547739664121e+00
-1.257632120450337787e+01 -8.700786908467611269e+00
-1.279834707578023334e+01 -9.351291020711263613e+00
-1.268237423896789551e+01 -9.617827733357747988e+00
-1.293371240297953229e+01 -8.868049939473470644e+00
-1.272777636845906635e+01 -8.726956049601236387e+00
-1.308374293645223041e+01 -8.896613121032714844e+00
-1.306785090764363666e+01 -8.313238620758056641e+00
-1.249014822642008404e+01 -9.066072146097818418e+00
-1.220891475677490234e+01 -9.002056121826171875e+00
-1.133155488967895508e+01 -9.137579282124837832e+00
-1.264420199394226074e+01 -8.828956604003906250e+00
-1.279715696970621686e+01 -9.675392945607503847e+00
-1.262185295422871967e+01 -8.724064191182455019e+00
-1.282066528002421002e+01 -8.427823702494302793e+00
-1.309967064857482910e+01 -8.857077598571777344e+00
-1.245796545346578021e+01 -9.591781298319498106e+00
-1.273790971438089947e+01 -9.167506217956542969e+00
-1.355111686388651471e+01 -8.629160245259603457e+00
-1.343954332669576068e+01 -9.253860473632812500e+00
-1.279854551951090436e+01 -9.445736885070800781e+00
-1.318214654922485352e+01 -8.609547932942708925e+00
-1.300776680310567279e+01 -8.626666386922201113e+00
-1.303745730717976947e+01 -8.738492329915365175e+00
-1.244803023338317871e+01 -9.364527066548665957e+00
-1.229196627934773822e+01 -8.655101458231607481e+00
-1.308597111701965332e+01 -9.063194274902343750e+00
-1.305518420537312885e+01 -9.420685132344564394e+00
-1.351074377695719342e+01 -9.709722042083740234e+00
-1.337715005874633789e+01 -9.437816937764486269e+00
-1.352432672182718854e+01 -9.915528774261474609e+00
-1.245733308792114258e+01 -7.243308067321777344e+00
-1.227519909540812115e+01 -8.729002316792806582e+00
-1.283209713300069232e+01 -1.053920173645019531e+01
-1.345097422599792480e+01 -8.429672559102376894e+00
-1.355105463663736920e+01 -7.944223721822102569e+00
-1.338718859354654889e+01 -8.411590258280435606e+00
-1.357131449381510357e+01 -8.575806299845377012e+00
-1.350819961229960064e+01 -9.040568987528482481e+00
-1.293030039469400982e+01 -7.947904904683430694e+00
-1.208090591430664062e+01 -8.642890771230062441e+00
-1.321921777725219727e+01 -8.918092091878255800e+00
-1.296885800361633301e+01 -8.411712964375814394e+00
-1.331354498863220215e+01 -9.650936444600423769e+00
-1.410533213615417480e+01 -9.320070266723632812e+00
-1.419278311729431152e+01 -8.830511093139648438e+00
-1.334722995758056641e+01 -9.639816761016845703e+00
-1.295592411359151264e+01 -6.947926998138427734e+00
-1.248033595085144043e+01 -9.636582374572753906e+00
-1.349421620368957520e+01 -9.216924508412679629e+00
-1.429413247108459473e+01 -9.133232434590658144e+00
-1.396256144841512103e+01 -8.085764090220132871e+00
-1.406289299329121967e+01 -9.138767242431640625e+00
-1.396938006083170514e+01 -8.421108245849609375e+00
-1.357438039779663086e+01 -8.376776377360025450e+00
-1.364739632606506348e+01 -8.563212712605794863e+00
-1.216613944371541400e+01 -8.733705679575601621e+00
-1.185245045026143451e+01 -9.306498527526855469e+00
-1.258524243036905865e+01 -9.794309616088867188e+00
-1.397918963432312012e+01 -9.166236559549966856e+00
-1.429450615247090717e+01 -7.930508613586425781e+00
-1.402328872680664062e+01 -7.631506601969401338e+00
-1.251372027397155762e+01 -9.265174865722656250e+00
-1.373604075113932232e+01 -8.448308626810709043e+00
-1.447247870763142963e+01 -9.252329508463541075e+00
-1.408320474624633789e+01 -8.915591239929199219e+00
-1.410227433840433697e+01 -8.770996093750000000e+00
-1.372134820620218854e+01 -9.327309290568033262e+00
-1.364851792653401752e+01 -8.814500172932943300e+00
-1.374186499913533588e+01 -9.078640619913736387e+00
-1.352385735511779785e+01 -7.447340011596679688e+00
-1.407811093330383301e+01 -8.617128690083822207e+00
-1.407605965932210346e+01 -9.461127281188964844e+00
-1.426969464619954486e+01 -8.669205029805501894e+00
-1.399440312385559082e+01 -8.824287732442220644e+00
-1.419117816289266010e+01 -8.936043421427408262e+00
-1.443319392204284668e+01 -9.691912015279134707e+00
-1.492609071731567383e+01 -8.219524542490640684e+00
-1.453800821304321289e+01 -9.291346232096353575e+00
-1.384017185370127301e+01 -8.585818131764730410e+00
-1.439410130182901959e+01 -8.735958417256673769e+00
-1.450296084086100201e+01 -9.599333763122558594e+00
-1.454447420438130756e+01 -8.286213239034017519e+00
-1.425621390342712402e+01 -1.005385907491048236e+01
-1.328322370847066303e+01 -7.053169568379719756e+00
-1.287244025866190533e+01 -8.933056195576986269e+00
-1.343344561258951764e+01 -8.031107266743978457e+00
-1.299536212285359760e+01 -8.309270222981771425e+00
-1.389479064941406250e+01 -8.588978131612142519e+00
-1.311891523996988873e+01 -9.337170918782552675e+00
-1.353689630826314350e+01 -9.334188938140869141e+00
-1.395686054229736328e+01 -1.044566980997721295e+01
-1.476233720779418945e+01 -8.829723993937173887e+00
-1.431451551119486432e+01 -8.116502126057943300e+00
-1.485588892300923725e+01 -9.012865066528320312e+00
-1.456090863545735736e+01 -8.194685141245523496e+00
-1.331764356295267682e+01 -9.336847941080728575e+00
-1.391899490356445312e+01 -9.448614756266275450e+00
-1.427330716451009174e+01 -8.968379656473794981e+00
-1.417811417579650879e+01 -8.567046165466308594e+00
-1.390691455205281635e+01 -9.349772453308105469e+00
-1.479334052403767963e+01 -8.987597147623697325e+00
-1.424522725741068463e+01 -8.782597223917642637e+00
-1.414804148674011230e+01 -8.734110991160074278e+00
-1.470910239219665527e+01 -8.094311555226644472e+00
-1.457324632008870502e+01 -9.159754912058511778e+00
-1.451566521326700787e+01 -8.748957475026449160e+00
-1.443699534734090228e+01 -9.310990651448568300e+00
-1.457774384816487689e+01 -8.366123835245767637e+00
-1.466403690973917584e+01 -9.522298177083333925e+00
-1.468235794703165631e+01 -8.057456016540527344e+00
-1.494055962562561035e+01 -9.332139650980630918e+00
-1.479442818959554096e+01 -8.681472619374593691e+00
-1.506912326812744141e+01 -9.627622922261556582e+00
-1.472718040148417096e+01 -9.345788002014160156e+00
-1.468138511975606342e+01 -9.770956993103027344e+00
-1.490402420361836811e+01 -8.649340629577636719e+00
-1.543263101577758789e+01 -8.762875874837240175e+00
-1.518093268076578717e+01 -8.979259490966796875e+00
-1.515818746884663959e+01 -8.464600245157877012e+00
-1.489210955301920514e+01 -8.900852521260580019e+00
-1.526984564463297467e+01 -8.926167488098144531e+00
-1.448958857854207416e+01 -8.917961438496908144e+00
-1.475263261795043945e+01 -8.280724684397378965e+00
-1.531319252649942975e+01 -8.440972487131753965e+00
-1.491935801506042480e+01 -9.076132774353027344e+00
-1.523052199681599994e+01 -8.995694796244302793e+00
-1.543861611684163471e+01 -9.293034871419271425e+00
-1.529214708010355572e+01 -8.728081385294595762e+00
-1.518469333648681641e+01 -9.381440162658691406e+00
-1.558553528785705566e+01 -7.968297004699707031e+00
-1.444370897610982318e+01 -8.571172078450521425e+00
-1.478662419319152832e+01 -9.161046346028646425e+00
-1.486891110738118549e+01 -8.366711457570394472e+00
-1.467901062965393066e+01 -9.167894363403320312e+00
-1.593154144287109375e+01 -8.422936439514160156e+00
-1.513089140256245990e+01 -8.672189235687255859e+00
-1.396374543507893939e+01 -7.579047838846842744e+00
-1.363976113001505475e+01 -8.851982434590658144e+00
-1.498320738474527936e+01 -9.506770769755044981e+00
-1.496041504542032818e+01 -8.260001500447591738e+00
-1.455251606305440326e+01 -1.033222150802612305e+01
-1.501057092348734479e+01 -8.989351590474447207e+00
-1.477255678176879883e+01 -8.335486412048339844e+00
-1.580407826105753522e+01 -8.873369852701822325e+00
-1.562060848871866803e+01 -8.630489667256673769e+00
-1.564954431851704975e+01 -9.080705006917318300e+00
-1.539221763610839844e+01 -7.998335202534993194e+00
-1.504692721366882324e+01 -9.488646189371744200e+00
-1.492464947700500488e+01 -9.233748912811279297e+00
-1.365022325515747070e+01 -7.868818918863932588e+00
-1.514795358975728412e+01 -8.750125090281168028e+00
-1.489156190554300885e+01 -8.177624225616455078e+00
-1.499586836496988873e+01 -8.987937609354654356e+00
-1.514824938774108887e+01 -8.643919308980306582e+00
-1.496215565999349018e+01 -9.347911675771078066e+00
-1.487433942159016986e+01 -8.330308596293130918e+00
-1.447487099965413471e+01 -8.908164024353027344e+00
-1.592911537488301654e+01 -9.083079020182291075e+00
-1.595350964864095111e+01 -7.881599426269531250e+00
-1.601092942555745324e+01 -9.065729459126790957e+00
-1.605810697873433313e+01 -8.368151982625326113e+00
-1.490275796254475971e+01 -9.261588732401529356e+00
-1.559042263031005859e+01 -8.457030296325683594e+00
-1.601208098729451379e+01 -8.725318908691406250e+00
-1.573201020558675189e+01 -8.667635281880697207e+00
-1.565098388989766498e+01 -8.806387265523275332e+00
-1.512352999051412006e+01 -8.554295221964517637e+00
-1.489286867777506451e+01 -9.203101793924966856e+00
-1.552861475944519043e+01 -8.799276510874429746e+00
-1.626073495546976844e+01 -8.759265581766763731e+00
-1.506545154253641705e+01 -9.745009740193685488e+00
-1.421465953191121478e+01 -8.590356667836507754e+00
-1.536106284459432025e+01 -9.031339963277181582e+00
-1.338697679837544818e+01 -9.689134597778320312e+00
-1.455548191070556641e+01 -9.098305861155191465e+00
-1.612158823013305664e+01 -7.370528221130371094e+00
-1.412980103492736816e+01 -8.853317896525064512e+00
-1.610781184832255164e+01 -8.228617986043294863e+00
-1.623502659797668457e+01 -9.192025184631347656e+00
-1.575644612312316895e+01 -8.994904518127441406e+00
-1.582309103012084961e+01 -9.547750790913900332e+00
-1.441221388181050678e+01 -8.936432202657064394e+00
-1.479989393552144428e+01 -9.602657000223794981e+00
-1.564986030260721783e+01 -8.611214160919189453e+00
-1.613854233423868934e+01 -9.478483200073242188e+00
-1.640129391352335730e+01 -7.976145903269450166e+00
-1.524823943773905377e+01 -8.617103258768716856e+00
-1.585838039716084857e+01 -9.293833573659261660e+00
-1.651274259885152063e+01 -8.178033669789632754e+00
-1.608520197868347168e+01 -7.173444112141926787e+00
-1.496049785614013672e+01 -9.222113927205404238e+00
-1.618668214480082312e+01 -9.693738937377929688e+00
-1.610304848353068152e+01 -8.541539986928304629e+00
-1.557927703857421875e+01 -8.811925888061523438e+00
-1.629599483807881555e+01 -8.578970273335775332e+00
-1.653114024798075476e+01 -8.317547003428140684e+00
-1.614226039250691613e+01 -7.156674385070800781e+00
-1.536867237091064453e+01 -8.701914628346761660e+00
-1.627981615066528320e+01 -8.564502875010171934e+00
-1.490124511718750000e+01 -9.262168566385904356e+00
-1.515557622909545898e+01 -7.862447420756022431e+00
-1.602092949549357215e+01 -8.323781967163085938e+00
-1.609605431556701660e+01 -8.814972877502441406e+00
-1.559766594568888287e+01 -8.877657254536947207e+00
-1.415105255444844623e+01 -8.386314709981283144e+00
-1.483508539199829102e+01 -1.013119554519653320e+01
-1.595051447550455670e+01 -8.478777567545572325e+00
-1.495210456848144531e+01 -8.285228570302328066e+00
-1.539423624674479107e+01 -8.019726117451986269e+00
-1.481536348660787006e+01 -8.184730847676595644e+00
-1.604191033045450965e+01 -8.338506698608398438e+00
-1.656831947962443152e+01 -8.448849360148111387e+00
-1.662631630897521973e+01 -9.203373908996582031e+00
-1.581441521644592285e+01 -9.378915150960287050e+00
-1.569001253445943256e+01 -9.248055775960287050e+00
-1.577064045270284076e+01 -8.360831101735433535e+00
-1.462698849042256732e+01 -9.051304817199707031e+00
-1.495289937655130963e+01 -7.679766972859700225e+00
-1.643764559427897254e+01 -8.640293280283609434e+00
-1.615853118896484375e+01 -8.278391679128011660e+00
-1.604536445935567102e+01 -8.222802797953287168e+00
-1.627254533767700195e+01 -8.942145029703775450e+00
-1.682166417439778527e+01 -9.515251795450845762e+00
-1.700159931182861328e+01 -7.742930889129638672e+00
-1.653764804204304895e+01 -9.204662481943765684e+00
-1.658687742551167688e+01 -9.441152413686117129e+00
-1.689366626739501953e+01 -8.490072250366210938e+00
-1.641072305043538293e+01 -7.937679449717204072e+00
-1.619034075736999512e+01 -7.975669384002685547e+00
-1.653468736012776574e+01 -8.431746164957681700e+00
-1.671787571907043457e+01 -9.331494013468423887e+00
-1.637893533706665039e+01 -7.435826619466145537e+00
-1.621408788363138953e+01 -8.418687979380289121e+00
-1.679450511932373047e+01 -8.485574404398599668e+00
-1.643219486872355262e+01 -9.524481296539306641e+00
-1.663081129391988000e+01 -9.217566172281900450e+00
-1.574328398704528809e+01 -8.997186024983724550e+00
-1.537670906384786029e+01 -8.030308246612548828e+00
-1.647100146611531457e+01 -9.398535569508871035e+00
-1.597081605593363385e+01 -8.418912092844644590e+00
-1.618885970115661621e+01 -8.183015664418539004e+00
-1.672959899902343750e+01 -8.857622146606445312e+00
-1.583926661809285541e+01 -7.486720085144042969e+00
-1.591428462664286236e+01 -9.979498545328775450e+00
-1.608930595715840539e+01 -8.453086535135904356e+00
-1.626806052525838098e+01 -8.161294937133789062e+00
-1.508281230926513672e+01 -1.002272733052571674e+01
-1.540674861272176166e+01 -8.228468418121337891e+00
-1.569555457433064838e+01 -9.215699354807535215e+00
-1.539710450172424316e+01 -9.055695215861002012e+00
-1.625888697306315223e+01 -8.944500923156738281e+00
-1.655099097887675086e+01 -9.561541557312011719e+00
-1.645638306935628137e+01 -8.688972791035970644e+00
-1.605076313018798828e+01 -8.554810523986816406e+00
-1.517868185043334961e+01 -9.728791872660318418e+00
-1.687293235460917273e+01 -8.140054861704507871e+00
-1.660680945714314660e+01 -8.826718648274740175e+00
-1.630546307563781738e+01 -9.208309809366861387e+00
-1.708266941706339637e+01 -8.515629768371582031e+00
-1.686806813875834266e+01 -1.101524257659912109e+01
-1.676414442062377930e+01 -8.116957505544027285e+00
-1.691666229565938195e+01 -9.594114939371744200e+00
-1.618423120180765906e+01 -8.336261431376138731e+00
-1.674864689509074012e+01 -8.823181152343750000e+00
-1.700508403778076172e+01 -1.032182518641153912e+01
-1.698856067657470703e+01 -8.969835281372070312e+00
-1.669853186607360840e+01 -8.323465029398599668e+00
-1.727446627616882324e+01 -8.727726618448892637e+00
-1.678772989908854285e+01 -8.516617298126220703e+00
-1.696012941996256629e+01 -9.042156537373861269e+00
-1.668431091308593750e+01 -9.475827693939208984e+00
-1.699943637847900391e+01 -8.247787793477376894e+00
-1.723390539487202844e+01 -8.877243041992187500e+00
-1.727939414978027344e+01 -8.220583279927572207e+00
-1.752139838536580285e+01 -8.014680862426757812e+00
-1.721666367848714074e+01 -8.514634132385253906e+00
-1.686366335550944129e+01 -9.173876126607259707e+00
-1.751860666275024414e+01 -8.157802899678548769e+00
-1.671836741765340051e+01 -9.464973767598470644e+00
-1.420261343320210834e+01 -9.317953427632650332e+00
-1.622690097490946570e+01 -8.043401082356771425e+00
-1.634465042750040809e+01 -9.694727261861165957e+00
-1.619854124387105188e+01 -8.987004439036050840e+00
-1.678640468915303430e+01 -8.281089782714843750e+00
-1.595698579152425189e+01 -9.351724942525228457e+00
-1.642507052421569824e+01 -9.077992598215738340e+00
-1.731922467549641809e+01 -9.283615430196126894e+00
-1.656067339579264441e+01 -8.679902394612630800e+00
-1.706211495399475098e+01 -8.432126681009927793e+00
-1.736814753214518348e+01 -8.612545490264892578e+00
-1.715203992525736609e+01 -9.617127736409505800e+00
-1.655259116490681848e+01 -8.615326086680093809e+00
-1.700540844599406043e+01 -8.070576508839925722e+00
-1.694525241851806641e+01 -7.699386755625407197e+00
-1.711065506935119629e+01 -8.134180386861165957e+00
-1.788646284739176551e+01 -8.330544153849283262e+00
-1.739074134826660156e+01 -8.322554270426431700e+00
-1.767808993657429895e+01 -8.001626968383789062e+00
-1.742701800664265832e+01 -8.112954139709472656e+00
-1.691893482208251953e+01 -8.565426985422769590e+00
-1.731841325759887695e+01 -8.919126192728677793e+00
-1.672058002154032508e+01 -8.342067718505859375e+00
-1.692251427968342981e+01 -8.042099952697753906e+00
-1.677149232228596887e+01 -8.753433227539062500e+00
-1.708938392003377160e+01 -8.975857575734456972e+00
-1.670260453224182129e+01 -7.974431355794270537e+00
-1.716505606969197473e+01 -8.551156202952066465e+00
-1.703650180498759070e+01 -8.504097779591878847e+00
-1.759471114476521691e+01 -8.121071974436441465e+00
-1.744465080897013465e+01 -9.203616142272949219e+00
-1.684564272562662879e+01 -8.102191130320230528e+00
-1.635200866063435754e+01 -8.585019429524740175e+00
-1.720751722653706750e+01 -8.671006520589193300e+00
-1.738858191172282019e+01 -9.640874544779459043e+00
-1.757025686899821082e+01 -8.632821242014566465e+00
-1.771204694112141809e+01 -8.091981728871664004e+00
-1.761707592010498047e+01 -8.218567848205566406e+00
-1.764050404230753699e+01 -9.160957495371500059e+00
-1.684719284375508508e+01 -8.823034445444742246e+00
-1.760341389973958215e+01 -7.615428129831950166e+00
-1.682619547843933105e+01 -8.937436580657958984e+00
-1.766011492411295691e+01 -8.499591509501138731e+00
-1.674090846379597863e+01 -8.137288093566894531e+00
-1.767801109949747840e+01 -8.429927666982015566e+00
-1.752896372477213660e+01 -8.126546223958333925e+00
-1.519412318865458111e+01 -6.925004323323567412e+00
-1.466970809300740619e+01 -8.633780161539712950e+00
-1.622029074033101281e+01 -8.661474227905273438e+00
-1.794748131434122840e+01 -8.155479590098062559e+00
-1.815463829040527344e+01 -8.495117823282877012e+00
-1.849656502405802527e+01 -1.037988026936849018e+01
-1.837254746754964074e+01 -8.342397212982177734e+00
-1.834633541107177734e+01 -8.285476843516031309e+00
-1.832133754094441613e+01 -8.548845926920572325e+00
-1.797529458999633789e+01 -8.391794204711914062e+00
-1.741914319992065430e+01 -7.383285681406657197e+00
-1.742104419072468957e+01 -8.779530207316080137e+00
-1.792417764663696289e+01 -8.615266640981039004e+00
-1.692574000358581543e+01 -8.480093797047933535e+00
-1.581671436627705951e+01 -8.486336708068847656e+00
-1.740901390711466590e+01 -7.477827231089274385e+00
-1.692193619410197059e+01 -7.997305870056152344e+00
-1.700115378697713098e+01 -8.632571538289388613e+00
-1.752802340189616004e+01 -8.028693040211996035e+00
-1.726508506139119348e+01 -8.791997909545898438e+00
-1.733472474416096887e+01 -8.975930531819662050e+00
-1.597126356760660748e+01 -8.916296641031900450e+00
-1.680554183324177941e+01 -8.299836635589599609e+00
-1.750828528404235840e+01 -9.387693087259927793e+00
-1.766640488306681434e+01 -8.998841603597005800e+00
-1.804823414484659949e+01 -7.681674957275390625e+00
-1.778672552108764648e+01 -9.838255246480306582e+00
-1.684432872136433801e+01 -8.634479840596517519e+00
-1.796103668212890625e+01 -9.054390112559000059e+00
-1.821329085032145301e+01 -7.968580881754557588e+00
-1.711353596051533899e+01 -8.480831782023111387e+00
-1.721019649505615234e+01 -8.770347595214843750e+00
-1.737708902359008789e+01 -9.428588231404622988e+00
-1.788824892044067383e+01 -9.026429812113443418e+00
-1.748277068138122559e+01 -8.180203119913736387e+00
-1.756092166900634766e+01 -8.462285836537679629e+00
-1.781761725743611535e+01 -9.318032741546630859e+00
-1.741109482447306434e+01 -7.980276425679524444e+00
-1.804313532511393348e+01 -8.080959637959798769e+00
-1.859994951883951941e+01 -8.579490979512533144e+00
-1.850478982925415039e+01 -8.814070224761962891e+00
-1.816499360402425012e+01 -9.192208449045816465e+00
-1.797795820236206055e+01 -8.468950271606445312e+00
-1.852177476882934570e+01 -9.359670321146646543e+00
-1.790220642089843750e+01 -8.468807856241861387e+00
-1.759521500269572059e+01 -8.128370602925619082e+00
-1.780536333719889441e+01 -8.279649257659912109e+00
-1.777190844217936316e+01 -8.730887254079183535e+00
-1.765607762336730957e+01 -8.381840070088705019e+00
-1.642176310221354285e+01 -8.875659306844076113e+00
-1.711502782503763953e+01 -8.397960503896078066e+00
-1.787663396199544152e+01 -8.767132759094238281e+00
-1.806022469202677527e+01 -9.529103597005208925e+00
-1.722754716873168945e+01 -8.864517847696939512e+00
-1.792305358250935754e+01 -8.451443354288736387e+00
-1.842554585138956824e+01 -8.400654633839925722e+00
-1.768879334131876746e+01 -8.739485422770181700e+00
-1.806470727920532227e+01 -8.501737276713052793e+00
-1.840240987141926965e+01 -8.298093795776367188e+00
-1.884053293863932410e+01 -8.402621587117513613e+00
-1.879760789871215820e+01 -8.169703801472982363e+00
-1.815937662124633789e+01 -9.181854565938314394e+00
-1.825671195983886719e+01 -8.639363924662271543e+00
-1.810782162348429480e+01 -8.711171150207519531e+00
-1.870001284281412879e+01 -8.481280167897542910e+00
-1.760335906346638879e+01 -8.532121658325195312e+00
-1.862826808293660363e+01 -8.438774744669595762e+00
-1.826550308863322059e+01 -8.984404722849527403e+00
-1.790218400955200195e+01 -9.013236522674560547e+00
-1.754080804189046106e+01 -9.290566285451253847e+00
-1.908675845464070520e+01 -8.153665860493978457e+00
-1.900037956237792969e+01 -8.264550526936849550e+00
-1.906116930643717566e+01 -8.309668223063150450e+00
-1.878280544281005859e+01 -9.290433406829833984e+00
-1.776364421844482422e+01 -9.407362778981527285e+00
-1.815130615234375000e+01 -8.675411224365234375e+00
-1.890451272328694543e+01 -8.018916130065917969e+00
-1.881595754623413086e+01 -9.701450665791830019e+00
-1.818828868865966797e+01 -8.892296791076660156e+00
-1.818181769053141394e+01 -8.820591290791830019e+00
-1.882387622197468957e+01 -8.428286393483480410e+00
-1.808212773005167762e+01 -8.843068758646646543e+00
-1.870142046610514441e+01 -8.440070788065591856e+00
-1.883190520604451379e+01 -8.663984298706054688e+00
-1.903104670842488488e+01 -8.312510649363199278e+00
-1.871643193562825402e+01 -9.087597688039144472e+00
-1.880989646911621094e+01 -8.305027325948080019e+00
-1.857299327850341797e+01 -8.985731760660806700e+00
-1.914525556564331055e+01 -8.192170302073160215e+00
-1.907241408030192176e+01 -8.538393179575601621e+00
-1.865510702133178711e+01 -1.001547543207804303e+01
-1.665694888432820520e+01 -6.742825031280517578e+00
-1.546020078659057617e+01 -8.961442311604818300e+00
-1.727837022145589074e+01 -7.894575119018554688e+00
-1.844931427637736121e+01 -8.101842880249023438e+00
-1.809986654917399207e+01 -9.005544185638427734e+00
-1.704512151082356652e+01 -8.533046404520669981e+00
-1.844765949249267578e+01 -8.385300000508626894e+00
-1.899827702840169152e+01 -8.031717936197916075e+00
-1.821678098042805871e+01 -8.288978894551595644e+00
-1.733205588658650598e+01 -8.685901006062826113e+00
-1.773822943369547644e+01 -9.684958299001058535e+00
-1.842364295323689660e+01 -8.839285532633462950e+00
-1.872346639633178711e+01 -8.362885793050130800e+00
-1.927813943227132043e+01 -7.969031333923339844e+00
-1.870266199111938477e+01 -8.533369700113931700e+00
-1.854550600051879883e+01 -9.039825121561685606e+00
-1.854354953765869141e+01 -8.378678480784097715e+00
-1.862120119730631629e+01 -8.586332003275552793e+00
-1.825608332951863488e+01 -7.746833642323811553e+00
-1.842732000350952148e+01 -8.347617944081624941e+00
-1.844260406494140625e+01 -7.729704856872558594e+00
-1.824304215113322059e+01 -8.177472591400146484e+00
-1.905516942342122277e+01 -8.358240127563476562e+00
-1.882674837112426758e+01 -8.298572858174642519e+00
-1.839465522766113281e+01 -8.845710436503091856e+00
-1.872278118133544922e+01 -7.622075716654459931e+00
-1.782900810241699219e+01 -9.126081466674804688e+00
-1.855880228678385535e+01 -8.605341434478759766e+00
-1.812250121434529504e+01 -9.089564959208169981e+00
-1.832252120971679688e+01 -8.454163233439127012e+00
-1.694494668642679969e+01 -1.018157100677490234e+01
-1.653536661465962609e+01 -8.697492599487304688e+00
-1.809228865305582801e+01 -9.610390504201253847e+00
-1.914431651433308801e+01 -8.843566099802652403e+00
-1.931809504826863488e+01 -8.499584356943765684e+00
-1.848472658793131629e+01 -8.956406911214193300e+00
-1.918869479497273645e+01 -9.196751594543457031e+00
-1.921277236938476562e+01 -9.229074796040853457e+00
-1.842239276568095008e+01 -8.719592253367105528e+00
-1.889621814092000207e+01 -8.567067623138427734e+00
-1.905017948150634766e+01 -9.778275171915689512e+00
-1.913193798065185547e+01 -7.954748789469401338e+00
-1.859742879867553711e+01 -8.632232983907064394e+00
-1.824808343251546106e+01 -9.424465179443359375e+00
-1.691550827026367188e+01 -9.021653493245443300e+00
-1.676353939374287805e+01 -1.017681821187337299e+01
-1.904888073603312293e+01 -8.187045892079671816e+00
-1.912623945871989051e+01 -8.176015377044677734e+00
-1.943059937159220496e+01 -1.011676438649495502e+01
-1.878595336278279504e+01 -8.384931405385335879e+00
-1.811729637781779090e+01 -8.497853597005208925e+00
-1.889757251739501953e+01 -8.155594984690347715e+00
-1.883799425760905066e+01 -7.932126045227050781e+00
-1.921464252471923828e+01 -8.447846094767252012e+00
-1.936703824996948242e+01 -8.880078315734863281e+00
-1.925499884287516394e+01 -8.275247891743978457e+00
-1.929326248168945312e+01 -8.079734325408935547e+00
-1.939316240946451941e+01 -9.962615966796875000e+00
-1.990115849177042762e+01 -9.827054977416992188e+00
-1.993032312393188477e+01 -8.630826632181802793e+00
-1.854317251841227332e+01 -9.157946109771728516e+00
-1.936872943242390832e+01 -8.529072761535644531e+00
-1.938528617223103723e+01 -9.356163819630941347e+00
-1.888379240036010742e+01 -7.777764956156413056e+00
-1.940703407923380652e+01 -9.217629114786783262e+00
-1.912703768412272254e+01 -1.020971457163492779e+01
-1.766746624310811242e+01 -8.278092702229818300e+00
-1.910449361801147461e+01 -8.531144777933755918e+00
-1.810060652097066125e+01 -9.511276086171468691e+00
-1.868901793162028113e+01 -8.088671684265136719e+00
-1.880046447118123254e+01 -8.801478862762451172e+00
-1.855794239044189453e+01 -8.241144180297851562e+00
-1.867076301574707031e+01 -8.976155598958333925e+00
-1.930131912231445312e+01 -8.063876152038574219e+00
-1.953756237030029297e+01 -9.643701871236165957e+00
-1.898931090037028113e+01 -9.408357302347818418e+00
-1.923610417048136512e+01 -8.416701316833496094e+00
-1.833179799715678016e+01 -9.212575594584146543e+00
-1.821276489893595496e+01 -8.583919207255044981e+00
-1.813361517588297644e+01 -8.244732856750488281e+00
-1.915363470713297644e+01 -8.954442183176675840e+00
-1.974667390187581262e+01 -8.176574389139810606e+00
-1.841754213968912879e+01 -7.638293584187825225e+00
-1.822473422686259070e+01 -1.009659608205159564e+01
-1.908580859502156457e+01 -9.491450627644857363e+00
-1.941268634796142578e+01 -8.848644892374673887e+00
-1.907145690917968750e+01 -9.039753913879394531e+00
-1.923308388392130652e+01 -8.265121142069498106e+00
-1.826384862263997277e+01 -8.481232961018880800e+00
-1.806667423248291016e+01 -8.957991282145181700e+00
-1.913715298970540246e+01 -8.618084589640298887e+00
-1.911279424031575402e+01 -8.532943725585937500e+00
-1.584521071116129498e+01 -7.462090810139973662e+00
-1.780070384343465051e+01 -8.111259460449218750e+00
-1.908642148971557617e+01 -8.296662012736002012e+00
-1.997320858637491980e+01 -7.976861953735351562e+00
-1.917786947886149207e+01 -8.383945941925048828e+00
-1.844865036010742188e+01 -8.847848574320474668e+00
-1.845659192403157434e+01 -8.649071852366128965e+00
-1.873227643966674805e+01 -8.830099423726400332e+00
-1.811739699045817176e+01 -9.038430054982503847e+00
-1.929393927256266394e+01 -7.416436195373535156e+00
-1.679359030723571777e+01 -8.115794181823730469e+00
-1.858009560902913293e+01 -9.115178743998209043e+00
-1.910009272893269738e+01 -8.389824867248535156e+00
-1.943538633982340613e+01 -8.267600536346435547e+00
-1.976299381256103516e+01 -8.319442113240560488e+00
-1.972215588887532434e+01 -8.301942189534505800e+00
-1.986818599700927734e+01 -7.352248986562092803e+00
-1.992305374145507812e+01 -8.912956555684408144e+00
-2.033790365854899207e+01 -8.817724545796712832e+00
-1.967476669947306434e+01 -8.204766909281412168e+00
-1.866497238477071008e+01 -8.364921569824218750e+00
-1.948265918095906457e+01 -7.985821564992268584e+00
-2.012568394343058387e+01 -8.348280429840087891e+00
-1.915488735834757605e+01 -8.552508195241292910e+00
-1.933927599589030066e+01 -8.855361938476562500e+00
-2.015380589167277137e+01 -7.962046305338541963e+00
-1.993454424540201941e+01 -8.788753191630044981e+00
-2.019894838333129883e+01 -8.423878669738769531e+00
-2.026424662272135535e+01 -8.832808812459310488e+00
-2.027147293090820312e+01 -8.353229204813638731e+00
-1.752831268310546875e+01 -8.693910916646322207e+00
-1.831389753023783484e+01 -8.454125881195068359e+00
-1.840992418924967566e+01 -8.163325309753417969e+00
-1.896063836415608606e+01 -7.948229789733886719e+00
-1.830139032999674598e+01 -8.747328440348306700e+00
-1.963572009404500207e+01 -7.971337000528971650e+00
-1.940254068374633789e+01 -8.070575555165609316e+00
-1.951843659083048621e+01 -9.017495155334472656e+00
-1.969599850972493371e+01 -9.267095247904459043e+00
-1.893836053212483606e+01 -8.467978477478027344e+00
-1.931218417485554895e+01 -8.318309783935546875e+00
-2.018671242396036902e+01 -8.640577634175619082e+00
-2.013900820414225379e+01 -7.977751890818278291e+00
-1.957087246576945105e+01 -8.367850780487060547e+00
-1.890226078033447266e+01 -8.269014040629068418e+00
-1.927111260096232215e+01 -9.147467454274496035e+00
-2.002563428878784180e+01 -8.692859013875326113e+00
-1.912279733022053918e+01 -7.345789909362792969e+00
-1.761534055074055871e+01 -8.264263947804769472e+00
-1.941655222574869910e+01 -7.924374580383300781e+00
-1.983924468358357629e+01 -9.047118504842122988e+00
-2.003432734807332238e+01 -7.893701712290446260e+00
-1.916031996409098426e+01 -8.714849789937337832e+00
-1.846713749567667762e+01 -8.158949216206869082e+00
-1.935443401336669922e+01 -8.491597493489583925e+00
-1.938888692855834961e+01 -8.583378156026205019e+00
-1.798649009068806848e+01 -8.365588188171386719e+00
-1.879841852188110352e+01 -8.680336952209472656e+00
-1.999133729934692383e+01 -7.937746524810791016e+00
-1.990067609151204309e+01 -8.728646278381347656e+00
-2.017923164367675781e+01 -8.153869628906250000e+00
-1.980570141474406043e+01 -8.997589906056722597e+00
-2.045294650395711145e+01 -8.328185558319091797e+00
-1.991675138473510742e+01 -9.884544372558593750e+00
-2.042520348230997840e+01 -9.672837098439535097e+00
-2.055052137374877930e+01 -8.544760386149087950e+00
-2.040310732523600379e+01 -8.918257236480712891e+00
-2.080682659149169922e+01 -8.050282955169677734e+00
-1.958588616053263465e+01 -9.629798889160156250e+00
-2.051718695958455285e+01 -8.819766362508138613e+00
-1.795779911677042762e+01 -7.465253353118896484e+00
-1.873635244369506836e+01 -8.464985529581705137e+00
-2.033473189671834191e+01 -9.053377151489257812e+00
-2.033847920099894324e+01 -9.291202227274576231e+00
-2.020972887674967566e+01 -8.447650909423828125e+00
-1.973060035705566406e+01 -8.518079598744710879e+00
-1.998362239201863488e+01 -8.554587999979654356e+00
-1.834469477335612098e+01 -9.011206626892089844e+00
-1.874775409698486328e+01 -8.566093921661376953e+00
-1.777028584480285645e+01 -8.967175801595052675e+00
-1.900529607137044152e+01 -7.629324118296305635e+00
-1.793310324350992957e+01 -9.011471430460611387e+00
-1.905492862065633020e+01 -8.630484739939371153e+00
-1.907426253954569617e+01 -8.128397305806478457e+00
-2.035454591115315637e+01 -9.151690324147542910e+00
-1.990535577138264856e+01 -9.960535208384195371e+00
-2.036239369710286340e+01 -7.899723529815673828e+00
-2.048253329594929895e+01 -8.729894320170084043e+00
-2.071985403696696082e+01 -9.142270406087240175e+00
-1.973245620727539062e+01 -7.531817118326823213e+00
-1.844012912114461145e+01 -7.124619483947753906e+00
-1.749790596961975098e+01 -9.358308792114257812e+00
-2.005990934371948242e+01 -8.173985481262207031e+00
-1.996546920140584191e+01 -8.092643102010091738e+00
-2.017883523305257043e+01 -9.081196626027425722e+00
-2.018152395884196082e+01 -8.762082258860269590e+00
-2.082240502039591590e+01 -9.036051750183105469e+00
-2.049058580398559570e+01 -8.186667442321777344e+00
-2.056315628687540809e+01 -8.160039901733398438e+00
-2.109001318613688269e+01 -8.531491279602050781e+00
-2.059448083241780481e+01 -1.034137916564941406e+01
-2.096449549992879113e+01 -9.423081239064535097e+00
-2.025278631846110144e+01 -8.882862726847330137e+00
-1.947081454594929895e+01 -8.565025011698404356e+00
-2.013924598693847656e+01 -8.348494529724121094e+00
-2.012411546707153320e+01 -8.001936117808023496e+00
-2.025414339701334754e+01 -7.865713437398274444e+00
-1.876774406433105469e+01 -8.511109987894693418e+00
-2.015226316452026367e+01 -8.290380954742431641e+00
-1.951375134785969934e+01 -8.773173650105794863e+00
-1.985708888371785363e+01 -8.435416857401529356e+00
-2.059908707936604699e+01 -8.522127469380697207e+00
-2.111842695871989051e+01 -8.566273689270019531e+00
-2.079160451889038086e+01 -8.442676703135171934e+00
-1.945056565602620324e+01 -8.377623240152994200e+00
-2.021259705225626746e+01 -9.501049677530923887e+00
-1.954601033528645715e+01 -8.378191788991292910e+00
-1.891093047459920129e+01 -8.430665969848632812e+00
-1.903402582804362098e+01 -8.336992899576822325e+00
-2.000898996988932410e+01 -8.098596572875976562e+00
-1.988049364089965820e+01 -8.533591111501058535e+00
-1.916260274251301965e+01 -9.363962173461914062e+00
-1.900603246688842773e+01 -7.997937838236491181e+00
-1.927615960439046106e+01 -9.713674068450927734e+00
-2.022366078694661340e+01 -8.369830926259359316e+00
-1.904718828201293945e+01 -8.817150751749673887e+00
-1.968622001012166223e+01 -8.705276489257812500e+00
-1.930751593907674035e+01 -9.520937283833822207e+00
-1.856577197710673133e+01 -8.575022379557291075e+00
-1.999438095092773438e+01 -1.071059640248616596e+01
-2.014533631006876746e+01 -9.338329315185546875e+00
-2.094980986913045129e+01 -8.540066560109456972e+00
-1.980146948496500769e+01 -8.149019241333007812e+00
-1.912008953094482422e+01 -9.125453948974609375e+00
-2.032675997416178504e+01 -8.389522552490234375e+00
-1.948838758468627930e+01 -8.306810061136880918e+00
-1.984302425384521484e+01 -8.022895654042562441e+00
-2.114320023854573449e+01 -9.883365948994955019e+00
-2.117605972290039062e+01 -9.010318120320638613e+00
-2.099941841761271277e+01 -8.731763839721679688e+00
-2.127968772252400598e+01 -8.118290424346923828e+00
-2.006556495030720910e+01 -8.020073890686035156e+00
-2.039967711766560754e+01 -8.517398039499918028e+00
-2.082980966567993164e+01 -8.699068069458007812e+00
-2.066820685068766394e+01 -7.898358345031738281e+00
-2.135512828826904297e+01 -8.207069873809814453e+00
-2.127309163411458215e+01 -8.292013645172119141e+00
-2.126736895243326941e+01 -8.346116701761880918e+00
-2.078379011154174805e+01 -9.431294441223144531e+00
-2.118359947204589844e+01 -9.116606076558431582e+00
-2.101085154215494910e+01 -8.105335871378580137e+00
-2.019616063435872277e+01 -7.809068997701008819e+00
-2.127282889684041223e+01 -7.985614617665608428e+00
-2.047832886377970496e+01 -8.061663309733072325e+00
-1.982262293497721473e+01 -8.190981864929199219e+00
-2.095020723342895508e+01 -8.821554183959960938e+00
-2.038218037287394324e+01 -8.784594853719076113e+00
-2.036539443333943566e+01 -8.214668591817220644e+00
-2.058101383845011512e+01 -8.481514612833658262e+00
-2.066885391871134559e+01 -8.376663843790689512e+00
-2.079862038294474402e+01 -7.884587128957112334e+00
-2.118174537022908410e+01 -8.796274185180664062e+00
-1.909872706731160363e+01 -8.723334789276123047e+00
-1.801627445220947266e+01 -8.383113384246826172e+00
-1.948901748657226562e+01 -8.456735134124755859e+00
-2.036372566223144531e+01 -7.618895371754963897e+00
-2.094270435969034949e+01 -8.241213480631509825e+00
-2.155504163106282434e+01 -8.352817853291830019e+00
-2.133130613962809363e+01 -8.398050308227539062e+00
-2.141414626439412316e+01 -8.400251070658365293e+00
-2.084067710240681848e+01 -8.940409342447916075e+00
-2.140615924199422082e+01 -7.981110254923502900e+00
-2.102626641591389856e+01 -7.908230463663737275e+00
-2.161201842625935754e+01 -9.204394022623697325e+00
-2.141001129150390625e+01 -9.043066342671712832e+00
-2.019530900319417199e+01 -7.984495480855305694e+00
-1.909413560231526574e+01 -9.285683631896972656e+00
-2.045335626602172852e+01 -8.217422485351562500e+00
-2.169209003448486328e+01 -9.382435957590738340e+00
-2.155673964818318566e+01 -7.707090854644775391e+00
-2.096184698740641394e+01 -8.269091129302978516e+00
-2.001601616541544715e+01 -8.155305226643880800e+00
-2.023805252710978309e+01 -7.873968760172526338e+00
-1.965305693944295129e+01 -7.888586044311523438e+00
-2.028426885604858398e+01 -8.048687934875488281e+00
-1.977760585149129113e+01 -8.824217637379964785e+00
-2.073710378011067590e+01 -8.849455038706460996e+00
-2.079072078069050988e+01 -8.855502446492513613e+00
-2.081577205657958984e+01 -7.756721655527750947e+00
-1.976489750544230262e+01 -9.686916828155517578e+00
-2.004910771052042762e+01 -8.617478370666503906e+00
-2.165561215082804480e+01 -8.075808842976888613e+00
-2.135656086603800574e+01 -1.008686860402425189e+01
-1.987137397130330285e+01 -8.443192164103189512e+00
-1.969034512837727746e+01 -8.852683067321777344e+00
-2.119732968012491980e+01 -8.005152702331542969e+00
-2.138502629597981652e+01 -7.605437278747558594e+00
-2.149229431152343750e+01 -8.193283716837564512e+00
-2.036054197947184363e+01 -8.126690387725830078e+00
-1.997250779469807824e+01 -7.704464276631672881e+00
-1.866472736994425574e+01 -7.894623120625813506e+00
-2.048753102620442590e+01 -8.955326557159423828e+00
-1.971988693873087684e+01 -8.208746274312337832e+00
-2.047616497675577918e+01 -8.200132687886556582e+00
-1.966978804270426551e+01 -8.498181025187173887e+00
-1.901096916198730469e+01 -9.178935050964355469e+00
-2.015450350443522254e+01 -9.087985038757324219e+00
-2.001849524180094519e+01 -8.025691191355386778e+00
-2.136203209559122840e+01 -8.271922111511230469e+00
-2.078459469477335730e+01 -8.590268135070800781e+00
-2.161629136403401574e+01 -8.037780602773031191e+00
-2.217321236928303918e+01 -8.672562281290689512e+00
-2.171734730402628699e+01 -9.048112869262695312e+00
-2.185071754455566406e+01 -8.173969586690267519e+00
-2.168281396230061731e+01 -8.572199980417886778e+00
-1.985858043034871301e+01 -8.237189451853433653e+00
-2.070100879669189453e+01 -7.909601529439290069e+00
-2.110574754079182824e+01 -8.400404294331869082e+00
-2.034417041142781457e+01 -8.554948329925537109e+00
-2.118507337570190430e+01 -9.005468368530273438e+00
-2.073161967595418176e+01 -9.052367528279622988e+00
-1.955233351389567176e+01 -8.468965530395507812e+00
-1.970919561386108398e+01 -7.615339914957682588e+00
-1.936909310022990027e+01 -8.173880100250244141e+00
-2.066433223088582238e+01 -7.910341421763102510e+00
-2.114685630798339844e+01 -7.962111473083496094e+00
-2.224401092529296875e+01 -8.439475377400716738e+00
-2.186238511403401574e+01 -8.205053647359212832e+00
-2.168811496098836145e+01 -8.531160672505697207e+00
-2.174803702036539832e+01 -8.610478401184082031e+00
-2.120409186681111535e+01 -8.410463651021322207e+00
-2.064300727844238281e+01 -9.213452498118082090e+00
-2.154751968383789062e+01 -9.447079340616861387e+00
-2.084782218933105469e+01 -9.015220006306966738e+00
-1.886489486694335938e+01 -8.637704054514566465e+00
-1.983708890279133996e+01 -8.219223022460937500e+00
-2.129258537292480469e+01 -8.295810222625732422e+00
-2.156594562530517578e+01 -9.543443044026693300e+00
-2.217207654317219934e+01 -9.032058715820312500e+00
-2.237074422836303711e+01 -8.332313060760498047e+00
-2.171673917770385742e+01 -8.259468714396158262e+00
-2.121064599355061731e+01 -8.366024812062581972e+00
-2.123068745930989465e+01 -9.455663363138834043e+00
-2.153970257441202918e+01 -8.183155536651611328e+00
-2.138444614410400391e+01 -9.480584939320882754e+00
-2.034436766306559363e+01 -8.033709526062011719e+00
-2.051243925094604492e+01 -7.114245573679606416e+00
-1.957902622222900391e+01 -8.184505780537923769e+00
-2.163809935251871863e+01 -8.015956719716390566e+00
-2.195097986857096473e+01 -8.550736745198568300e+00
-2.124966684977213660e+01 -8.314492861429849668e+00
-2.129159673055012902e+01 -7.962860425313313506e+00
-2.128872458140055457e+01 -9.337657928466796875e+00
