# Train Val
3.349630037943521904e-02 -3.719046640396117986e+00
-5.521854410568873384e+00 -7.289795017242431285e+00
-7.641195615132649444e+00 -7.836528587341308416e+00
-7.865243573983510039e+00 -7.913510417938232067e+00
-7.906671027342478730e+00 -7.921163558959960938e+00
-7.940817773342132568e+00 -7.977235889434814098e+00
-7.943315724531809785e+00 -7.989094543457031072e+00
-7.950749417146046660e+00 -7.972264575958251775e+00
-7.932960530122120879e+00 -7.925789546966552912e+00
-7.942446092764536836e+00 -7.914514350891113104e+00
-7.960023502508799531e+00 -7.953538322448730824e+00
-7.939213852087656953e+00 -7.976128768920898615e+00
-7.981986820697784424e+00 -8.009393978118897195e+00
-7.972666581471760772e+00 -7.980286026000976918e+00
-7.966418266296386719e+00 -7.972359371185302912e+00
-7.955734868844349883e+00 -8.002863502502441051e+00
-7.991531272729237578e+00 -8.028291797637939098e+00
-7.974567790826161406e+00 -7.995665454864502308e+00
-7.964619914690653779e+00 -7.931037139892578303e+00
-8.000632882118225098e+00 -8.111814308166504617e+00
-8.035623053709665342e+00 -8.102483081817627664e+00
-8.046053548653921084e+00 -8.010421657562256215e+00
-8.064477284749349550e+00 -8.044104671478271129e+00
-8.095353126525878906e+00 -8.082749843597412109e+00
-8.077569425106048584e+00 -8.034774971008300071e+00
-8.098041077454885439e+00 -8.090497970581054688e+00
-8.089872578779855772e+00 -8.077782821655272727e+00
-8.088194807370504336e+00 -8.070481681823730824e+00
-8.074633896350860596e+00 -8.125038623809814453e+00
-8.064949293931325869e+00 -8.004594612121582742e+00
-8.075855672359466553e+00 -8.144342517852782848e+00
-8.097901821136474609e+00 -8.007773780822754262e+00
-8.109762787818908691e+00 -8.125070095062255859e+00
-8.106760660807291075e+00 -8.085769081115723012e+00
-8.138367056846618652e+00 -8.050420379638671520e+00
-8.115037143230438232e+00 -8.106167507171630149e+00
-8.116072614987691836e+00 -8.088520431518555043e+00
-8.114199757575988770e+00 -8.085921001434325461e+00
-8.103868285814920469e+00 -8.072974872589110618e+00
-8.098195791244506836e+00 -8.090705299377441762e+00
-8.141136924425760313e+00 -8.079433822631836293e+00
-8.131135801474252744e+00 -8.035132312774658558e+00
-8.146096507708231016e+00 -8.155548763275145774e+00
-8.094742238521575928e+00 -8.128455162048339844e+00
-8.108634511629739805e+00 -8.121423721313476562e+00
-8.104809244473775820e+00 -8.169751834869384055e+00
-8.102054635683694883e+00 -8.189524173736572266e+00
-8.126622358957925840e+00 -8.090091037750244851e+00
-8.156241337458292051e+00 -8.126395130157471058e+00
-8.151047587394714355e+00 -8.146684932708740945e+00
-8.201342026392618223e+00 -8.066714382171630504e+00
-8.134877542654672666e+00 -8.211301231384277699e+00
-8.157923261324564024e+00 -8.114628124237061257e+00
-8.184825122356414795e+00 -8.174366474151611328e+00
-8.197633425394693418e+00 -8.146267414093017578e+00
-8.206509113311767578e+00 -8.166991233825683594e+00
-8.209450344244638487e+00 -8.162862110137940164e+00
-8.187209526697794004e+00 -8.211498069763184304e+00
-8.254730284214019775e+00 -8.090060234069824219e+00
-8.297960142294565244e+00 -8.292651939392090554e+00
-8.219482203324636416e+00 -8.008766365051268821e+00
-8.328547000885009766e+00 -8.350187206268310902e+00
-8.367739717165628477e+00 -8.280513191223144887e+00
-8.487746834754943848e+00 -8.294736862182617188e+00
-8.515074948469797178e+00 -8.457167625427246094e+00
-8.611551781495412783e+00 -8.241121768951416016e+00
-8.489936153093973203e+00 -8.265732479095458274e+00
-8.638853430747985840e+00 -8.711825561523436789e+00
-8.836571216583251953e+00 -8.675088119506835227e+00
-8.644763648509979248e+00 -8.267467308044434304e+00
-8.600448668003082275e+00 -8.704155921936035156e+00
-8.347028831640878721e+00 -7.867891120910644354e+00
-8.764133175214132265e+00 -8.408202266693114879e+00
-8.739325046539306641e+00 -8.725795173645019887e+00
-8.886488199234008789e+00 -8.562193489074706676e+00
-9.120062688986459776e+00 -8.847836112976073863e+00
-9.214363892873128847e+00 -8.361286640167236328e+00
-9.269133965174356504e+00 -8.895907211303711648e+00
-8.677988807360330625e+00 -8.720544147491455789e+00
-9.176748375097909971e+00 -8.538127803802490590e+00
-9.111204107602437929e+00 -8.982390022277831676e+00
-9.441618164380392031e+00 -8.621570587158203125e+00
-9.095917741457620664e+00 -8.801820850372314098e+00
-9.571902553240457578e+00 -9.061078453063965199e+00
-9.542880217234293028e+00 -8.570629882812500711e+00
-9.472736159960428282e+00 -8.143575382232665305e+00
-9.615549027919769287e+00 -9.254974555969237571e+00
-9.835977653662363096e+00 -9.320126152038573863e+00
-9.484985649585723877e+00 -9.054018592834472301e+00
-9.646772742271423340e+00 -9.050575256347656250e+00
-9.186689734458923340e+00 -9.230387687683105469e+00
-9.856691320737203554e+00 -8.950461959838866832e+00
-1.004266734917958637e+01 -9.098737907409667258e+00
-9.829815447330474854e+00 -8.862190723419189453e+00
-9.869053880373636289e+00 -9.218086242675781250e+00
-9.919183651606241270e+00 -8.569249343872069602e+00
-1.017266766230265240e+01 -9.234473037719727273e+00
-1.020587158203125000e+01 -9.159905815124512074e+00
-1.038082321484883686e+01 -9.027651596069336648e+00
-1.038494960467020611e+01 -8.860625362396239879e+00
-9.910159309705099062e+00 -9.324915885925292969e+00
-1.045977067947387695e+01 -9.424465370178221946e+00
-1.037813659509023090e+01 -9.304249000549315696e+00
-1.036589594682057758e+01 -9.113354682922363281e+00
-1.001295191049575806e+01 -9.312578964233399148e+00
-1.044796721140543561e+01 -8.920124816894531961e+00
-1.030592866738637348e+01 -8.737602710723876953e+00
-1.050732203324635883e+01 -8.678322792053222656e+00
-1.040445152918497662e+01 -9.750224113464355469e+00
-1.042812709013620953e+01 -9.102280616760253906e+00
-1.070882284641265869e+01 -9.282204723358153942e+00
-9.804377357165018125e+00 -8.760057258605957742e+00
-1.052245871225992779e+01 -9.810738372802735086e+00
-1.057427112261454205e+01 -9.429642295837401988e+00
-1.077909890810648541e+01 -9.656784248352050071e+00
-1.086298437913258930e+01 -8.847976398468016868e+00
-1.069669302304585834e+01 -9.000901699066162109e+00
-1.034584299723307232e+01 -8.595772457122802024e+00
-1.025627934932708740e+01 -9.531533241271972656e+00
-1.076247131824493408e+01 -9.445926856994628196e+00
-1.096150306860605816e+01 -9.149909019470214844e+00
-1.059032104412714581e+01 -9.701044464111328480e+00
-1.046371603012084961e+01 -9.583078765869140980e+00
-1.065834911664327045e+01 -9.883859443664551492e+00
-1.104551104704538922e+01 -9.472818756103515980e+00
-1.091102886199951172e+01 -9.948072814941406605e+00
-1.081061299641927143e+01 -9.841527366638183949e+00
-1.110432720184326172e+01 -9.616514587402344105e+00
-1.110787924130757709e+01 -9.716830921173094993e+00
-1.127372904618581195e+01 -8.764921379089354758e+00
-1.089796992142995258e+01 -9.626080894470215199e+00
-1.106080778439839740e+01 -8.895679473876953125e+00
-1.110516536235809326e+01 -9.071852111816406605e+00
-1.091704491774241070e+01 -9.446031188964843395e+00
-1.080421272913614850e+01 -9.858387947082519531e+00
-1.106597924232482910e+01 -9.217032241821289773e+00
-1.106449770927429199e+01 -9.485310745239257102e+00
-1.079953394333521466e+01 -8.922768020629883168e+00
-1.110639444986979107e+01 -1.002550601959228516e+01
-1.069853405157724957e+01 -9.094446754455566051e+00
-1.082330958048502545e+01 -9.631277465820312855e+00
-1.128902506828308105e+01 -9.121576213836670277e+00
-1.126194322109222412e+01 -9.647716331481934304e+00
-1.144667212168375592e+01 -1.009014558792114258e+01
-1.121808528900146484e+01 -8.633536243438721058e+00
-1.119483244419097900e+01 -9.866093826293944602e+00
-1.073405971129735370e+01 -9.725566673278809304e+00
-1.159399573008219342e+01 -8.691367149353027344e+00
-1.045859797795613666e+01 -9.950224113464354758e+00
-1.146903550624847412e+01 -1.014867143630981516e+01
-1.154934660593668561e+01 -9.795965957641602273e+00
-1.142348611354827881e+01 -8.951698017120360618e+00
-1.146556353569030762e+01 -1.018144969940185618e+01
-1.183947344621022602e+01 -9.542294120788573863e+00
-1.151102848847707172e+01 -9.084565544128418324e+00
-1.148032780488332172e+01 -1.001877231597900320e+01
-1.140206782023111920e+01 -9.711899852752685192e+00
-1.121180168787638287e+01 -1.007431087493896449e+01
-1.201394160588582416e+01 -9.725424957275389914e+00
-1.143930661678314209e+01 -9.528644371032715554e+00
-1.129363127549489398e+01 -8.895773792266846058e+00
-1.155260094006856342e+01 -9.179158115386963246e+00
-1.161411730448404889e+01 -9.692614364624024148e+00
-1.184257916609446148e+01 -9.417532920837402344e+00
-1.166924353440602680e+01 -8.829655742645263317e+00
-1.156345391273498535e+01 -9.795573997497559304e+00
-1.219208017985025982e+01 -9.508021736145019887e+00
-1.136267213026682477e+01 -9.678845977783202770e+00
-1.206726046403249164e+01 -9.807013607025146129e+00
-1.219962529341379742e+01 -9.899027252197265980e+00
-1.215639996528625488e+01 -9.919760704040527344e+00
-1.188723655541737934e+01 -9.922162437438965199e+00
-1.213437000910441022e+01 -1.021315822601318324e+01
-1.230970390637715717e+01 -9.509427261352538352e+00
-1.145044070482254028e+01 -8.810142135620116832e+00
-1.152611605326334576e+01 -9.596753692626952770e+00
-1.224599409103393555e+01 -9.287352180480956676e+00
-1.173655116558074951e+01 -1.010061302185058629e+01
-1.203644327322641949e+01 -1.011112232208251882e+01
-1.127913165092468262e+01 -9.514512729644774680e+00
-1.181378042697906494e+01 -9.180107975006103871e+00
-1.179697497685750385e+01 -9.151345252990722656e+00
-1.222495575745900531e+01 -9.953829574584961648e+00
-1.224247376124064068e+01 -9.769703674316406961e+00
-1.228516427675882916e+01 -8.774568748474120383e+00
-1.175314458211263080e+01 -9.936051368713378906e+00
-1.227765095233917236e+01 -1.029107875823974538e+01
-1.195955562591552734e+01 -9.769729995727539418e+00
-1.205136831601460834e+01 -8.987982463836669211e+00
-1.222151462237040143e+01 -9.953462219238280895e+00
-1.215280214945475201e+01 -1.059237060546874964e+01
-1.169287641843160053e+01 -9.587908935546874289e+00
-1.188361899058024029e+01 -9.531598091125488281e+00
-1.184227204322814941e+01 -9.991873931884764914e+00
-1.247869364420572857e+01 -9.746581268310546164e+00
-1.249160357316335102e+01 -9.748949241638182883e+00
-1.233600707848866840e+01 -1.031780166625976491e+01
-1.252758785088857074e+01 -9.692338562011718395e+00
-1.257289429505666156e+01 -1.044499244689941442e+01
-1.247588149706522564e+01 -1.050662403106689524e+01
-1.214598460992177387e+01 -1.011758670806884730e+01
-1.169126141071319580e+01 -1.050993251800537109e+01
-1.227042547861734967e+01 -1.019255733489990234e+01
-1.215748993555704693e+01 -1.017149276733398366e+01
-1.255733021100362201e+01 -1.046239585876464773e+01
-1.231084644794464111e+01 -9.481189537048340554e+00
-1.232001050313313861e+01 -9.695333957672119141e+00
-1.234665342171986957e+01 -8.503704929351806996e+00
-1.193580234050750732e+01 -1.025068531036376918e+01
-1.261290077368418316e+01 -9.987772369384765980e+00
-1.222938593228658100e+01 -9.473943901062011008e+00
-1.241672996679941754e+01 -1.006836452484130895e+01
-1.241073719660441022e+01 -9.643398475646971946e+00
-1.281228971481323242e+01 -9.876429176330566051e+00
-1.273393929004669189e+01 -9.869227600097655539e+00
-1.276969532171885113e+01 -9.955437660217285156e+00
-1.269957514603932758e+01 -9.569904136657715554e+00
-1.220142769813537598e+01 -8.323957157135009055e+00
-1.214438227812449078e+01 -1.003817749023437500e+01
-1.299190199375152588e+01 -1.008730030059814453e+01
-1.275465965270996094e+01 -1.024219207763671946e+01
-1.297164821624755859e+01 -9.862836265563965199e+00
-1.265848422050476074e+01 -1.005938072204589773e+01
-1.228254552682240863e+01 -1.047371177673339915e+01
-1.253521899382273297e+01 -9.750008964538574574e+00
-1.219285456339518170e+01 -1.012834396362304723e+01
-1.274060980478922467e+01 -1.029362621307373082e+01
-1.227635570367177387e+01 -9.844457626342773438e+00
-1.234815283616383930e+01 -1.004962596893310511e+01
-1.283159108956654926e+01 -1.041816177368164098e+01
-1.255415451526641846e+01 -1.033253440856933558e+01
-1.267978036403656006e+01 -1.014634380340576136e+01
-1.295775214831034283e+01 -9.517905807495116832e+00
-1.271475994586944580e+01 -9.319898986816406605e+00
-1.242711599667867084e+01 -1.025793495178222692e+01
-1.282665403683980365e+01 -9.508278465270995738e+00
-1.310342041651407818e+01 -1.011450786590576101e+01
-1.274280222256978412e+01 -9.809449005126953836e+00
-1.276867032051086426e+01 -9.209901142120362039e+00
-1.284982724984486957e+01 -9.817664337158202414e+00
-1.323653229077657123e+01 -9.763709068298339844e+00
-1.271701721350351910e+01 -1.016058540344238281e+01
-1.290299832820892334e+01 -9.987749671936034801e+00
-1.205211385091145893e+01 -1.017059822082519460e+01
-1.309865729014078717e+01 -1.017070941925048899e+01
-1.292832632859547992e+01 -1.000257797241210866e+01
-1.321540900071462055e+01 -1.028862724304199183e+01
-1.290866041183471680e+01 -9.984450340270996094e+00
-1.307635919253031354e+01 -9.271288490295409801e+00
-1.269416399796803852e+01 -9.967603492736817117e+00
-1.294389704863230328e+01 -1.016642341613769496e+01
-1.292441332340240479e+01 -9.660312652587890625e+00
-1.231050296624501605e+01 -9.800104522705078480e+00
-1.292730124791463275e+01 -9.716484832763672586e+00
-1.320338300863901715e+01 -1.046175251007080043e+01
-1.310564994812011719e+01 -1.046561851501464879e+01
-1.307018363475799561e+01 -1.034276294708251953e+01
-1.319645925362904926e+01 -1.015933837890625036e+01
-1.327144340674082379e+01 -1.006297073364257777e+01
-1.325890334447224994e+01 -9.301627731323241832e+00
-1.294878542423248291e+01 -1.032486629486083984e+01
-1.327427037556966205e+01 -1.026145153045654368e+01
-1.269469265143076520e+01 -1.033377971649169957e+01
-1.326754069328308105e+01 -9.469100189208983664e+00
-1.315190080801645856e+01 -8.954991436004638317e+00
-1.302045718828837018e+01 -9.490828132629394176e+00
-1.360804899533589740e+01 -1.055331401824951243e+01
-1.228390034039815326e+01 -1.029181194305419922e+01
-1.344290030002593994e+01 -1.071514625549316335e+01
-1.326520462830861469e+01 -1.005108146667480540e+01
-1.309629937012990375e+01 -1.034156513214111328e+01
-1.306546978155771832e+01 -1.007733192443847692e+01
-1.372146431605021100e+01 -1.037071914672851491e+01
-1.290795318285624127e+01 -9.394024848937988281e+00
-1.362081893285115619e+01 -9.099518394470214488e+00
-1.284205889701843262e+01 -9.750658798217774148e+00
-1.347920250892639160e+01 -8.791822147369384055e+00
-1.296619200706481934e+01 -1.024935836791992116e+01
-1.372238735357920270e+01 -1.037352962493896413e+01
-1.354430778821309467e+01 -1.038721599578857457e+01
-1.335880156358083148e+01 -9.522286415100097656e+00
-1.290705609321594238e+01 -1.040855255126953161e+01
-1.398144638538360596e+01 -1.025809192657470703e+01
-1.392416199048360248e+01 -1.022389202117919993e+01
-1.361090755462646484e+01 -1.057932167053222727e+01
-1.361544883251190186e+01 -9.867781448364258523e+00
-1.369750308990478516e+01 -9.982204818725586293e+00
-1.370511392752329449e+01 -1.053511486053466761e+01
-1.337461145718892475e+01 -9.440124130249023082e+00
-1.355068715413411518e+01 -1.039779968261718679e+01
-1.335400871435801129e+01 -1.067212619781494176e+01
-1.323608760039011578e+01 -1.005417518615722727e+01
-1.320724797248840332e+01 -1.004077482223510742e+01
-1.385408341884613037e+01 -1.030639400482177770e+01
-1.355933821201324463e+01 -1.031438312530517543e+01
-1.332008508841196637e+01 -1.044760532379150320e+01
-1.288970653216044049e+01 -1.025625228881835938e+01
-1.365405400594075580e+01 -1.019657287597656214e+01
-1.263461633523305316e+01 -8.873042011260986683e+00
-1.282148035367329975e+01 -9.761441802978515270e+00
-1.276847581068674664e+01 -1.041060485839843786e+01
-1.366190914312998395e+01 -1.007231998443603516e+01
-1.346384966373443604e+01 -1.053155078887939489e+01
-1.416303408145904541e+01 -1.000448322296142578e+01
-1.405217254161834717e+01 -1.007190170288085973e+01
-1.369680500030517578e+01 -1.039674339294433558e+01
-1.355297040939331055e+01 -1.058331871032714844e+01
-1.296523674329121967e+01 -1.019236431121826136e+01
-1.368081792195638080e+01 -1.034602222442626918e+01
-1.368477515379587750e+01 -1.049977245330810582e+01
-1.346749905745188336e+01 -1.053986625671386790e+01
-1.303953675429026227e+01 -9.243236351013184304e+00
-1.341160631179809570e+01 -1.010593547821044957e+01
-1.400323867797851562e+01 -9.981786727905273438e+00
-1.383329963684082031e+01 -1.027936038970947230e+01
-1.378242905934651752e+01 -1.027699337005615199e+01
-1.307136507829030414e+01 -1.051806144714355540e+01
-1.355386626720428467e+01 -1.081913204193115163e+01
-1.353595721721649170e+01 -1.069279079437255930e+01
-1.385556944211324115e+01 -9.869783401489257812e+00
-1.408681503931681256e+01 -1.046045303344726562e+01
-1.421627704302469830e+01 -1.052981872558593679e+01
-1.379464558760325055e+01 -1.011301841735839879e+01
-1.367275194327036481e+01 -1.006205654144287109e+01
-1.377418677012125592e+01 -1.048660049438476527e+01
-1.338045648733774762e+01 -9.282700920104980824e+00
-1.344443674882253070e+01 -1.022120532989501918e+01
-1.461100093523661236e+01 -1.074374809265136754e+01
-1.414249718189239502e+01 -9.946705627441406961e+00
-1.358897582689921002e+01 -1.025802669525146449e+01
-1.381505390008290668e+01 -1.070243053436279368e+01
-1.405124378204345703e+01 -1.030861530303955043e+01
-1.439427351951599121e+01 -1.013753566741943324e+01
-1.406803933779398541e+01 -9.055358600616454368e+00
-1.323220594724019428e+01 -9.269551658630371449e+00
-1.374521112442016602e+01 -1.021096954345703089e+01
-1.403660384813944439e+01 -9.821592330932617188e+00
-1.332481404145558734e+01 -9.680432510375975852e+00
-1.322099423408508301e+01 -1.043743019104003977e+01
-1.395801663398742676e+01 -1.049247455596923828e+01
-1.398064943154652973e+01 -1.034411296844482386e+01
-1.412417833010355572e+01 -1.044058017730712962e+01
-1.398446102937062641e+01 -9.993270874023437500e+00
-1.401832564671834369e+01 -9.508943080902099609e+00
-1.395842782656351666e+01 -1.054328689575195277e+01
-1.453918763001759906e+01 -1.030546112060546804e+01
-1.443197957674662213e+01 -1.076751346588134695e+01
-1.442386174201965332e+01 -1.004926490783691406e+01
-1.426913928985595703e+01 -1.080462017059326207e+01
-1.483332169055938721e+01 -1.059917297363281286e+01
-1.433434625466664691e+01 -9.773477458953857777e+00
-1.351670885086059570e+01 -1.035931739807128871e+01
-1.363271605968475342e+01 -9.830511665344237926e+00
-1.412516355514526367e+01 -1.083692970275878942e+01
-1.430241994063059430e+01 -1.110234680175781286e+01
-1.281789628664652447e+01 -1.022130184173584055e+01
-1.215921910603841205e+01 -9.744272232055664062e+00
-1.409012337525685687e+01 -1.058213634490966726e+01
-1.421741735935211182e+01 -1.066655521392822337e+01
-1.461065308252970318e+01 -1.062568216323852610e+01
-1.396776465574900250e+01 -1.078442707061767614e+01
-1.388704860210418701e+01 -1.054388198852539027e+01
-1.329295841852823834e+01 -1.036113052368164134e+01
-1.417087038358052631e+01 -1.074467353820800852e+01
-1.459434823195139508e+01 -1.006935024261474609e+01
-1.435137681166330914e+01 -1.031766805648803675e+01
-1.430575974782308002e+01 -8.997520065307616832e+00
-1.370572630564371686e+01 -1.033705406188964915e+01
-1.472371923923492432e+01 -1.031916503906250071e+01
-1.417069180806477924e+01 -1.049207420349121023e+01
-1.418158745765686035e+01 -1.028181285858154226e+01
-1.462578527132670025e+01 -1.007746829986572301e+01
-1.385108598073323627e+01 -9.535934257507324929e+00
-1.416289412975311279e+01 -1.006121540069580078e+01
-1.446585865815480609e+01 -1.004455299377441335e+01
-1.440058402220408063e+01 -1.053484401702880824e+01
-1.442106755574544330e+01 -1.033343143463134695e+01
-1.485729861259460449e+01 -1.010827369689941335e+01
-1.445448255538940430e+01 -1.032002105712890661e+01
-1.500391368071238141e+01 -1.061330757141113246e+01
-1.352938584486643414e+01 -1.013264122009277379e+01
-1.348591530323028564e+01 -1.043120117187499929e+01
-1.450832434495290180e+01 -9.901933860778807883e+00
-1.463837754726409912e+01 -1.009186611175537074e+01
-1.475579977035522461e+01 -9.958224487304686789e+00
-1.485007270177205463e+01 -1.044279041290283239e+01
-1.479608658949534039e+01 -9.169311523437500000e+00
-1.339834737777709961e+01 -1.053711719512939382e+01
-1.416128973166147809e+01 -1.028275051116943395e+01
-1.396212275822957416e+01 -9.421762466430664062e+00
-1.431418844064076801e+01 -1.029727420806884730e+01
-1.425352867444356342e+01 -1.035385913848876882e+01
-1.453928502400716205e+01 -1.011743240356445384e+01
-1.429081646601358990e+01 -1.043356895446777344e+01
-1.440885579586029053e+01 -1.004839668273925746e+01
-1.201008566220601459e+01 -9.074620914459227805e+00
-1.231059722105661969e+01 -9.790953254699706676e+00
-1.324189476172129254e+01 -1.082350101470947301e+01
-1.453175711631774902e+01 -1.028261413574218786e+01
-1.472609992822011371e+01 -1.060024967193603551e+01
-1.514835913976033588e+01 -1.055151252746582102e+01
-1.513662286599477191e+01 -1.060217552185058665e+01
-1.504519975185394287e+01 -1.044971389770507741e+01
-1.512587475776672363e+01 -1.069455738067626882e+01
-1.546466314792633057e+01 -1.049793453216552663e+01
-1.513252147038777728e+01 -1.053611526489257777e+01
-1.419916379451751709e+01 -9.517243194580078836e+00
-1.333641846974690814e+01 -1.047901325225830149e+01
-1.425474047660827637e+01 -9.982078933715820668e+00
-1.477183719476064105e+01 -1.069092102050781179e+01
-1.520571108659108539e+01 -1.063310337066650391e+01
-1.498247992992401123e+01 -9.355561256408691406e+00
-1.373933049043019672e+01 -9.857335090637207031e+00
-1.428902916113535504e+01 -1.023471984863281214e+01
-1.517213718096415143e+01 -1.023063488006591726e+01
-1.519875657558441162e+01 -1.056544857025146555e+01
-1.518143932024637799e+01 -1.020501022338867259e+01
-1.518989737828572650e+01 -1.068827209472656214e+01
-1.459920998414357562e+01 -1.021573066711425781e+01
-1.493230473995208740e+01 -1.055673141479492116e+01
-1.474425303936004639e+01 -1.094674320220947195e+01
-1.480586588382720947e+01 -1.034664859771728551e+01
-1.487394607067108154e+01 -1.082333297729492116e+01
-1.426084232330322266e+01 -1.096500358581542933e+01
-1.505888267358144184e+01 -1.053940982818603445e+01
-1.427231315771738629e+01 -9.957185459136962180e+00
-1.499573556582132916e+01 -1.011422882080078089e+01
-1.497481560707092285e+01 -1.010270156860351598e+01
-1.433688259124755859e+01 -1.006388740539550852e+01
-1.434447832902272602e+01 -1.062163295745849645e+01
-1.518727258841196637e+01 -1.051230258941650320e+01
-1.529023559888203998e+01 -1.071967048645019460e+01
-1.471678356329599957e+01 -1.077491016387939382e+01
-1.509123877684275250e+01 -1.071297531127929759e+01
-1.545393097400665283e+01 -1.021527824401855433e+01
-1.528575249512990375e+01 -1.087741470336914062e+01
-1.480749257405599018e+01 -1.034736614227294993e+01
-1.494875427087148090e+01 -1.064789352416992152e+01
-1.525057935714721680e+01 -1.069076614379882884e+01
-1.535638209184010883e+01 -1.003461971282959020e+01
-1.553430783748626709e+01 -1.118123588562011683e+01
-1.418393297990163227e+01 -1.069960460662841761e+01
-1.398999603589375873e+01 -1.023483333587646449e+01
-1.389822900295257568e+01 -1.055116214752197301e+01
-1.430881504217783551e+01 -1.041243686676025426e+01
-1.491600799560546875e+01 -1.070591583251953161e+01
-1.531808475653330426e+01 -9.972886848449707742e+00
-1.504405574003855328e+01 -1.064317417144775391e+01
-1.455498258272806744e+01 -1.026554641723632777e+01
-1.542388502756754498e+01 -9.771200370788573508e+00
-1.468315958976745605e+01 -1.071267375946044886e+01
-1.571627676486968994e+01 -1.044217910766601598e+01
-1.537122885386149029e+01 -1.062641658782959020e+01
-1.474582183361053467e+01 -1.132009162902832067e+01
-1.522950379053751568e+01 -1.012744178771972692e+01
-1.473869744936625104e+01 -1.072716884613037180e+01
-1.506763422489166260e+01 -1.026027374267578196e+01
-1.514988545576731305e+01 -9.646587181091309304e+00
-1.560799650351206402e+01 -9.896027946472168324e+00
-1.538462686538696289e+01 -9.563282394409180043e+00
-1.439222586154937744e+01 -9.431835556030273793e+00
-1.494666421413421631e+01 -1.048016948699951101e+01
-1.539896909395853619e+01 -1.032363414764404297e+01
-1.546156259377797504e+01 -1.065893630981445384e+01
-1.532613376776377301e+01 -1.029278907775878871e+01
-1.535194349288940430e+01 -1.050144824981689418e+01
-1.510634362697601318e+01 -1.104081096649169957e+01
-1.602497903505961219e+01 -1.076907310485839808e+01
-1.560705689589182477e+01 -9.409965705871581321e+00
-1.483754984537760357e+01 -1.006261291503906286e+01
-1.499441889921824078e+01 -1.001975727081298828e+01
-1.566587007045745850e+01 -1.010591297149658274e+01
-1.595493408044179340e+01 -1.031042213439941335e+01
-1.568034994602203369e+01 -1.025263099670410227e+01
-1.524382825692494769e+01 -9.508031654357910867e+00
-1.442782040437062641e+01 -1.005283222198486293e+01
-1.524654078483581543e+01 -1.062972335815429759e+01
-1.507945362726847272e+01 -1.044091930389404332e+01
-1.497759830951690674e+01 -1.038946952819824254e+01
-1.592094576358795166e+01 -1.028584308624267507e+01
-1.565199438730875592e+01 -1.017833652496337926e+01
-1.572505676746368408e+01 -1.071569862365722692e+01
-1.509236391385396381e+01 -1.081881046295166016e+01
-1.569630976517995258e+01 -1.030440406799316477e+01
-1.521127883593241314e+01 -1.009989871978759801e+01
-1.558123012383778949e+01 -1.040486907958984375e+01
-1.527182904879252057e+01 -1.057458343505859411e+01
-1.534898090362548828e+01 -1.028100910186767614e+01
-1.602356485525767127e+01 -1.050975036621093750e+01
-1.496432689825693707e+01 -1.104124736785888672e+01
-1.513851543267568012e+01 -1.007527770996093786e+01
-1.519909052054087262e+01 -1.008375759124755788e+01
-1.509913329283396344e+01 -1.040234527587890589e+01
-1.574033959706624408e+01 -1.009461345672607457e+01
-1.476707132657369037e+01 -1.095003080368041992e+01
-1.538344403107961078e+01 -1.057639102935791087e+01
-1.569371227423349957e+01 -1.017357902526855540e+01
-1.597675987084706684e+01 -1.062220211029052663e+01
-1.563205885887145996e+01 -1.039602241516113246e+01
-1.568426163991292377e+01 -1.063904352188110281e+01
-1.562724864482879639e+01 -1.040247554779052663e+01
-1.549183690547943115e+01 -1.008327045440673864e+01
-1.533560605843861957e+01 -9.318326950073242188e+00
-1.493630476792653461e+01 -1.020923995971679688e+01
-1.599074995517730713e+01 -1.074507904052734375e+01
-1.579455820719400982e+01 -1.094659385681152308e+01
-1.511984090010325055e+01 -9.682072257995605113e+00
-1.493925559520721436e+01 -1.032982006072998082e+01
-1.589266880353291889e+01 -1.048723011016845774e+01
-1.558592693010965924e+01 -1.002007713317871129e+01
-1.450533584753672223e+01 -1.084974288940429688e+01
-1.572367688020070453e+01 -1.015775489807128906e+01
-1.549138915538787842e+01 -1.003076944351196254e+01
-1.516806888580322266e+01 -1.055215854644775320e+01
-1.588643451531728168e+01 -1.064575653076171946e+01
-1.625216722488403320e+01 -1.101775760650634695e+01
-1.543179698785146137e+01 -1.034094257354736257e+01
-1.597244791189829449e+01 -1.054418811798095668e+01
-1.582337721188863178e+01 -9.202745342254639027e+00
-1.508905839920043945e+01 -1.053200683593749964e+01
-1.557344345251719098e+01 -1.065314559936523509e+01
-1.604727021853129187e+01 -1.068644590377807546e+01
-1.427152828375498395e+01 -1.137284021377563548e+01
-1.575305453936258893e+01 -1.042982921600341761e+01
-1.536480490366617779e+01 -1.028877868652343786e+01
-1.592474059263865094e+01 -1.052048740386962855e+01
-1.609524452686309814e+01 -1.037426795959472692e+01
-1.538363492488861084e+01 -1.038332824707031321e+01
-1.600054164727528772e+01 -1.045381851196288991e+01
-1.605362343788146973e+01 -1.043817825317382741e+01
-1.542705627282460590e+01 -1.085423984527587926e+01
-1.514407261212666889e+01 -1.064321298599243093e+01
-1.529271205266316791e+01 -1.039873809814453054e+01
-1.523105219999949078e+01 -1.030726852416992223e+01
-1.531401606400807758e+01 -1.026771488189697301e+01
-1.506064617633819580e+01 -1.028392105102539134e+01
-1.572679384549458881e+01 -1.057595596313476527e+01
-1.616382686297098914e+01 -1.027148818969726562e+01
-1.653780309359232703e+01 -1.037800102233886790e+01
-1.602576037247975549e+01 -9.997975349426269531e+00
-1.617884333928425988e+01 -1.047654438018798828e+01
-1.591648956139882465e+01 -1.040572547912597656e+01
-1.589762036005655865e+01 -1.005512447357177663e+01
-1.648842453956604004e+01 -1.033487720489501882e+01
-1.609787734349568566e+01 -1.003104534149169957e+01
-1.618012324968973914e+01 -1.041378211975097656e+01
-1.640967337290446082e+01 -1.060574302673339808e+01
-1.615463638305664062e+01 -9.725179862976073508e+00
-1.584787603219350238e+01 -1.028123950958251953e+01
-1.636631004015604773e+01 -9.992165756225585227e+00
-1.634872504075368127e+01 -1.089836845397949183e+01
-1.666888801256815711e+01 -1.082737007141113317e+01
-1.654509695370991906e+01 -1.024324760437011683e+01
-1.639997541904449463e+01 -1.038619890213012731e+01
-1.593449397881825824e+01 -1.102914390563964808e+01
-1.625012604395548621e+01 -1.045970916748046875e+01
-1.611168213685353479e+01 -1.078952121734619141e+01
-1.558089590072631836e+01 -1.073773689270019460e+01
-1.678779260317484656e+01 -1.024491958618164134e+01
-1.646532277266184607e+01 -1.050124301910400426e+01
-1.609335307280222693e+01 -1.051261425018310547e+01
-1.632756646474202356e+01 -1.034068813323974645e+01
-1.636181489626566687e+01 -9.919331932067871449e+00
-1.592139248053232770e+01 -1.046304302215576243e+01
-1.657497731844584266e+01 -1.050686759948730398e+01
-1.611762448151906213e+01 -1.042992782592773438e+01
-1.619743748505910119e+01 -1.084819030761718750e+01
-1.609024492899576941e+01 -1.009570446014404332e+01
-1.502975221474965473e+01 -1.032391433715820384e+01
-1.592688775062561035e+01 -1.047205677032470739e+01
-1.551125335693359375e+01 -1.035801963806152415e+01
-1.569782459735870361e+01 -1.030695056915283203e+01
-1.533399546146392822e+01 -1.017192916870117259e+01
-1.603385686874389648e+01 -1.092258644104003906e+01
-1.644042889277140418e+01 -9.778048896789551137e+00
-1.585457626978556256e+01 -1.008852405548095632e+01
-1.620659903685251990e+01 -1.077614097595214915e+01
-1.604937235514323035e+01 -1.065079936981201136e+01
-1.670048284530639648e+01 -1.139712352752685476e+01
-1.663605225086212158e+01 -1.056432495117187464e+01
-1.599558977286020856e+01 -9.545785999298095348e+00
-1.572804093360900879e+01 -1.020374984741210866e+01
-1.664005283514658728e+01 -1.071787681579589879e+01
-1.570900857448577881e+01 -1.086943435668945312e+01
-1.649369255701700965e+01 -9.908668899536133168e+00
-1.612067202727000037e+01 -1.069585208892822337e+01
-1.642405756314595422e+01 -1.034975872039794886e+01
-1.640119850635528564e+01 -9.853959465026855824e+00
-1.505488804976145367e+01 -1.041363582611083949e+01
-1.534031240145365338e+01 -1.032989406585693359e+01
-1.561368012428283691e+01 -1.008772945404052734e+01
-1.622551671663920203e+01 -9.988389778137207742e+00
-1.569349467754364014e+01 -1.004250297546386683e+01
-1.616711294651031494e+01 -1.066319351196289134e+01
-1.561334411303202252e+01 -1.035103588104248118e+01
-1.661165483792622766e+01 -1.058513908386230540e+01
-1.572331869602203369e+01 -1.130539951324462855e+01
-1.637480155626932898e+01 -1.100436267852783168e+01
-1.646962225437164307e+01 -1.046544570922851491e+01
-1.483220565319061279e+01 -9.106745529174805398e+00
-1.501938223838806152e+01 -9.914880561828613992e+00
-1.572745533784230609e+01 -1.070338306427001918e+01
-1.644593516985575476e+01 -1.038192672729492116e+01
-1.590882857640584369e+01 -9.831276893615722656e+00
-1.606780270735422889e+01 -1.067573719024658274e+01
-1.555715541044870953e+01 -1.057745876312255895e+01
-1.586157166957855225e+01 -1.068687248229980469e+01
-1.610874851544697961e+01 -1.065857467651367152e+01
-1.593289216359456439e+01 -1.050376205444336009e+01
-1.630016915003458777e+01 -1.070366230010986364e+01
-1.594140207767486572e+01 -9.524175453186035867e+00
-1.596119399865468402e+01 -1.067551956176757777e+01
-1.678096958001454553e+01 -1.057290611267089808e+01
-1.625299624602000037e+01 -9.863187789916992188e+00
-1.584773051738739014e+01 -1.025800132751464844e+01
-1.601145136356353760e+01 -1.033410835266113281e+01
-1.652048623561859131e+01 -1.032662467956543040e+01
-1.618874247868855676e+01 -1.085991744995117259e+01
-1.626004366079966346e+01 -1.042209682464599574e+01
-1.652677706877390662e+01 -1.073204593658447337e+01
-1.667079555988311768e+01 -1.060965118408203089e+01
-1.708444070816040039e+01 -9.586912441253662820e+00
-1.582538866996765137e+01 -1.035972023010253906e+01
-1.660636917750040809e+01 -1.046048717498779368e+01
-1.577742115656534772e+01 -1.025697422027587891e+01
-1.679863766829172889e+01 -1.088881769180297887e+01
-1.716040849685668945e+01 -1.026105308532714844e+01
-1.660455060005187988e+01 -1.017026767730712855e+01
-1.706176499525706092e+01 -1.040865421295166016e+01
-1.635269653797149658e+01 -1.083604850769043004e+01
-1.589791822433471680e+01 -9.650077819824218750e+00
-1.658958566188812256e+01 -1.047622661590576243e+01
-1.670366704463958740e+01 -1.041206378936767507e+01
-1.675467109680175781e+01 -1.021679840087890589e+01
-1.736663166681925574e+01 -9.957101821899414062e+00
-1.690147515137990197e+01 -1.014937419891357351e+01
-1.637964582443237305e+01 -1.078747367858886719e+01
-1.651645966370900354e+01 -1.039112930297851634e+01
-1.673586436112721643e+01 -9.637756156921387429e+00
-1.703965520858764648e+01 -1.039411029815673793e+01
-1.640196200211842736e+01 -1.006189594268798793e+01
-1.629248217741648475e+01 -9.970444869995116477e+00
-1.633395779132843018e+01 -1.047140579223632884e+01
-1.698508711655934533e+01 -1.090449123382568430e+01
-1.678945934772491455e+01 -1.050168571472167933e+01
-1.696078014373779297e+01 -1.085444221496581996e+01
-1.719907339413960656e+01 -1.021251239776611364e+01
-1.669535823663075647e+01 -1.034323062896728551e+01
-1.541757277647654156e+01 -1.043160648345947195e+01
-1.674218666553497314e+01 -1.054945316314697301e+01
-1.648031520843505859e+01 -1.097363891601562536e+01
-1.724793370564778527e+01 -1.105866012573242152e+01
-1.759558316071828088e+01 -1.041919784545898509e+01
-1.674147764841715613e+01 -1.064856929779052663e+01
-1.636726244290669641e+01 -1.060650539398193359e+01
-1.698116556803385535e+01 -1.087461566925048828e+01
-1.757981125513712684e+01 -1.106920070648193288e+01
-1.719770252704620361e+01 -1.062531318664550817e+01
-1.698976500829060754e+01 -1.056037406921386790e+01
-1.697835858662923059e+01 -1.053016662597656250e+01
-1.594374426205953021e+01 -1.075520668029785121e+01
-1.529302211602528949e+01 -1.059236965179443324e+01
-1.651541121800740441e+01 -1.114542694091796804e+01
-1.715015451113383094e+01 -1.079216861724853516e+01
-1.742081856727600098e+01 -1.061754074096679723e+01
-1.693319630622863770e+01 -1.039202690124511719e+01
-1.654315706094105920e+01 -1.039875030517578125e+01
-1.531161777178446393e+01 -1.053111190795898366e+01
-1.465647431214650531e+01 -9.735735702514649148e+00
-1.595513212680816650e+01 -9.456645584106444957e+00
-1.617170433203379432e+01 -1.024644222259521520e+01
-1.621572581926981726e+01 -1.025740566253662145e+01
-1.671398365497589111e+01 -1.014828462600707937e+01
-1.703069519996643066e+01 -9.404195404052734020e+00
-1.657807385921478271e+01 -1.090701656341552805e+01
-1.756000765164693078e+01 -9.986304473876952414e+00
-1.704976860682169715e+01 -9.936363220214843750e+00
-1.643157124519348145e+01 -9.075439929962158203e+00
-1.684965634346008301e+01 -9.840212440490722301e+00
-1.740971418221791467e+01 -1.018409099578857457e+01
-1.673550339539845666e+01 -8.166389274597168679e+00
-1.603150129318237305e+01 -9.876058387756348367e+00
-1.705422361691792688e+01 -9.601978111267090554e+00
-1.721950455506642541e+01 -1.074142723083496165e+01
-1.706963952382405481e+01 -9.559365463256835227e+00
-1.672348161538441857e+01 -1.114572486877441371e+01
-1.665555532773335656e+01 -1.063097238540649414e+01
-1.728093417485554895e+01 -1.012328643798828054e+01
-1.722013099988301477e+01 -1.002095298767089915e+01
-1.761776177088419715e+01 -1.040739698410034109e+01
-1.719331173102061072e+01 -1.038660697937011790e+01
-1.725787274042765418e+01 -1.027609748840331960e+01
-1.737010649840037146e+01 -1.040260658264160121e+01
-1.721882708867390832e+01 -1.014096603393554652e+01
-1.661994067827860633e+01 -9.989949226379394531e+00
-1.664075795809428016e+01 -9.503649902343749289e+00
-1.619316824277241906e+01 -1.016570873260497976e+01
-1.729711206754048547e+01 -1.012824382781982457e+01
-1.770554399490356445e+01 -1.013467369079589808e+01
-1.721760169665018836e+01 -1.026923675537109304e+01
-1.708663364251454553e+01 -1.106815528869628906e+01
-1.774658095836639404e+01 -9.626677322387696023e+00
-1.742057359218597412e+01 -1.040460987091064382e+01
-1.699844233194987098e+01 -1.025006370544433665e+01
-1.654943410555521766e+01 -1.035738773345947195e+01
-1.688060295581817627e+01 -1.022337093353271520e+01
-1.731293034553527832e+01 -1.034460840225219691e+01
-1.779425517717997351e+01 -1.069048576354980540e+01
-1.784903744856516639e+01 -9.966695022583007102e+00
-1.766361220677693566e+01 -1.006099758148193324e+01
-1.796208862463633338e+01 -9.901793479919433594e+00
-1.729098081588745117e+01 -1.021722908020019460e+01
-1.795898528893788537e+01 -1.059627437591552734e+01
-1.704123854637145996e+01 -1.027871112823486399e+01
-1.690456573168436805e+01 -1.032005138397216726e+01
-1.756621233622233191e+01 -1.053024978637695241e+01
-1.700365054607391357e+01 -1.069627523422241211e+01
-1.687298754851023475e+01 -1.026298923492431570e+01
-1.556314214070638080e+01 -1.019135360717773509e+01
-1.673115436236063758e+01 -9.979246139526367188e+00
-1.738201479117075721e+01 -9.940689849853516336e+00
-1.744863736629486084e+01 -9.577586936950684304e+00
-1.609404249986012658e+01 -1.021873550415039134e+01
-1.649822243054707727e+01 -9.843549919128417258e+00
-1.797201124827067176e+01 -9.707602310180664773e+00
-1.778583419322967529e+01 -1.008721113204956055e+01
-1.758527274926503381e+01 -1.046295394897460973e+01
-1.744927080472310266e+01 -9.960335350036620738e+00
-1.692109529177347937e+01 -1.037682962417602539e+01
-1.753140155474345008e+01 -1.038778409957885707e+01
-1.753222922484080115e+01 -1.028651723861694300e+01
-1.753756229082743445e+01 -9.992211151123047586e+00
-1.726100476582844934e+01 -9.705642509460449929e+00
-1.624646484851837158e+01 -1.024888668060302699e+01
-1.795251103242238244e+01 -1.026836948394775462e+01
-1.697191758950551232e+01 -1.000222625732421911e+01
-1.777147849400838098e+01 -9.984894084930420632e+00
-1.690032474199930945e+01 -1.010265331268310618e+01
-1.791884978612263879e+01 -1.000286426544189489e+01
-1.762075901031494141e+01 -1.017327518463134695e+01
-1.759182997544606408e+01 -9.423190498352051137e+00
-1.741023258368174353e+01 -1.029609680175781250e+01
-1.789827891190846643e+01 -1.080451583862304688e+01
-1.824103323618571082e+01 -1.021821441650390661e+01
-1.792780383427937707e+01 -1.040803489685058558e+01
-1.825848186016082764e+01 -1.037325630187988246e+01
-1.742277113596598426e+01 -1.017907257080078054e+01
-1.595554196834564209e+01 -9.695599174499511363e+00
-1.690080833435058594e+01 -1.005114345550537180e+01
-1.778078432877858361e+01 -1.027126750946044886e+01
-1.807167331377665320e+01 -1.023247089385986364e+01
-1.781540671984354773e+01 -1.054396228790283274e+01
-1.763317724068959436e+01 -1.058016300201416016e+01
-1.712830674648284912e+01 -1.021671638488769496e+01
-1.648227604230244836e+01 -1.099493656158447230e+01
-1.752460455894470215e+01 -9.738982391357421164e+00
-1.773374036947886268e+01 -1.133430700302124094e+01
-1.793848649660746375e+01 -1.023966445922851598e+01
-1.805789303779602051e+01 -9.879657173156738637e+00
-1.807640035947163781e+01 -1.049422283172607351e+01
-1.820762515068054199e+01 -1.074969329833984411e+01
-1.763241974512736121e+01 -1.059567546844482422e+01
-1.788574862480163574e+01 -1.066662178039550746e+01
-1.828743235270182410e+01 -1.063812007904052770e+01
-1.849571490287780762e+01 -1.073001136779785192e+01
-1.783636403083801270e+01 -1.001256675720214773e+01
-1.766677510738372803e+01 -1.060578289031982457e+01
-1.817872885862986365e+01 -1.043984451293945348e+01
-1.789148283004760742e+01 -9.984273052215575817e+00
-1.791951036453247070e+01 -9.963423156738281605e+00
-1.820197248458862305e+01 -1.060622577667236399e+01
-1.846818510691324988e+01 -1.068741893768310547e+01
-1.779567007223765174e+01 -1.032839126586913991e+01
-1.766264883677164832e+01 -1.050748558044433523e+01
-1.806155578295389930e+01 -9.995604324340821023e+00
-1.770105107625325402e+01 -1.012478427886962962e+01
-1.853154500325520715e+01 -1.011358537673950231e+01
-1.790008147557576379e+01 -1.037927474975585973e+01
-1.799338499704996863e+01 -1.050556449890136790e+01
-1.738894251982371131e+01 -8.947968292236328836e+00
-1.626512626806895057e+01 -9.980806541442870383e+00
-1.757082708676655969e+01 -9.963526916503905539e+00
-1.754553039868672570e+01 -1.003724565505981481e+01
-1.650722392400105676e+01 -1.010654449462890625e+01
-1.719790013631184777e+01 -9.761497306823731179e+00
-1.698352968692779541e+01 -1.038212814331054723e+01
-1.721062596638997277e+01 -1.066163253784179688e+01
-1.781200762589772424e+01 -1.048029823303222585e+01
-1.756011736392974854e+01 -1.027888031005859304e+01
-1.732663194338480750e+01 -1.046056270599365234e+01
-1.792918320496876916e+01 -1.055481462478637766e+01
-1.793834964434305945e+01 -1.086819324493408168e+01
-1.709784471988677979e+01 -1.031272907257080007e+01
-1.750374420483906945e+01 -1.001906986236572195e+01
-1.634215597311655799e+01 -1.060328016281127894e+01
-1.757499460379282752e+01 -1.053604984283447266e+01
-1.821762204170227051e+01 -1.053367099761962855e+01
-1.827031985918680945e+01 -1.062479591369628906e+01
-1.820286893844604492e+01 -1.024139976501464844e+01
-1.792239801088969031e+01 -9.776859283447265625e+00
-1.658345385392506799e+01 -1.034257907867431570e+01
-1.715897671381632605e+01 -1.058903799057006800e+01
-1.808374365170796594e+01 -1.034442424774169922e+01
-1.819381570816040039e+01 -9.882277297973633523e+00
-1.710044304529825965e+01 -1.060418949127197230e+01
-1.750160598754882812e+01 -1.076981601715087855e+01
-1.860303608576456824e+01 -1.080690765380859375e+01
-1.816374258200327674e+01 -1.014165897369384695e+01
-1.761641379197438440e+01 -1.119004249572753906e+01
-1.797434254487355432e+01 -1.039617137908935618e+01
-1.865317694346110144e+01 -1.026450157165527344e+01
-1.793843845526377478e+01 -1.052895584106445348e+01
-1.838806390762329102e+01 -1.071287899017334055e+01
-1.849674002329508582e+01 -1.012512722015380895e+01
-1.801620046297709266e+01 -1.039802665710449148e+01
-1.870999217033386230e+01 -1.095632801055908168e+01
-1.804425851504008094e+01 -1.055459575653076243e+01
-1.827767483393351355e+01 -1.005077400207519567e+01
-1.824633820851643762e+01 -1.025110111236572230e+01
-1.828112983703613281e+01 -1.008906440734863352e+01
-1.790341746807098389e+01 -9.646163749694824929e+00
-1.746307333310445031e+01 -1.038942947387695348e+01
-1.845739523569742957e+01 -1.016057872772216797e+01
-1.852499548594157019e+01 -1.045190467834472692e+01
-1.776640498638153076e+01 -1.009277629852294922e+01
-1.804101459185282508e+01 -1.080641517639160121e+01
-1.885051218668619910e+01 -1.057363471984863246e+01
-1.868023816744486609e+01 -1.066701660156249964e+01
-1.757242266337076941e+01 -1.006361446380615199e+01
-1.631803901990254602e+01 -1.056983394622802663e+01
-1.751365526517232141e+01 -1.051630935668945277e+01
-1.882734759648640832e+01 -1.026251602172851562e+01
-1.782416780789693078e+01 -1.079197978973388672e+01
-1.761067446072896203e+01 -1.032907295227050781e+01
-1.810349269707997522e+01 -1.072650470733642614e+01
-1.878627761205037316e+01 -1.076519851684570384e+01
-1.822639604409535607e+01 -9.398639869689940696e+00
-1.735276651382446289e+01 -9.830557727813721058e+00
-1.848455874125162879e+01 -1.059973945617675817e+01
-1.848552719751993934e+01 -1.097252883911132848e+01
-1.859141075611114502e+01 -1.001159667968750000e+01
-1.832774126529693604e+01 -9.347080898284911399e+00
-1.748364627361297607e+01 -1.094657669067382777e+01
-1.867109624544779578e+01 -1.050963001251220774e+01
-1.910034712155659875e+01 -1.041361904144287109e+01
-1.879628491401672363e+01 -1.022491626739502024e+01
-1.745544207096099854e+01 -1.041434249877929652e+01
-1.833825898170471191e+01 -1.038351249694824219e+01
-1.692056938012440881e+01 -1.032346420288086009e+01
-1.716697561740875244e+01 -1.018394012451171804e+01
-1.752152935663859168e+01 -9.912355613708495383e+00
-1.799150339762369910e+01 -1.021424741744995046e+01
-1.841707770029703894e+01 -1.028762207031249964e+01
-1.813986281553904334e+01 -1.044361286163330149e+01
-1.785312191645304480e+01 -1.022774257659912145e+01
-1.761959854761759559e+01 -1.020611763000488281e+01
-1.865883461634318152e+01 -1.038914451599121058e+01
-1.838616228103637695e+01 -1.069293842315673793e+01
-1.901382581392924109e+01 -1.009320793151855433e+01
-1.899654062589009484e+01 -1.014582824707031250e+01
-1.837507732709248742e+01 -1.082594909667968786e+01
-1.871805636088053504e+01 -1.069078960418701207e+01
-1.855305123329162598e+01 -1.011132698059082102e+01
-1.854337000846862793e+01 -1.078962774276733327e+01
-1.843573049704233924e+01 -1.110414886474609375e+01
-1.826780509948730469e+01 -1.024236698150634695e+01
-1.832374219099680701e+01 -1.076250934600830078e+01
-1.776011451085408410e+01 -9.898172950744628551e+00
-1.825431084632873535e+01 -1.012594184875488246e+01
-1.896697759628295898e+01 -1.056968421936035085e+01
-1.859948841730753699e+01 -1.036986236572265696e+01
-1.881363852818806848e+01 -1.031718406677246058e+01
-1.828479083379109582e+01 -1.083473644256591761e+01
-1.881972944736480713e+01 -1.059170131683349680e+01
-1.890581246217091760e+01 -1.010344600677490234e+01
-1.823668281237284461e+01 -1.010316429138183558e+01
-1.875635337829589844e+01 -1.057494735717773438e+01
-1.859724815686543664e+01 -9.843634319305419211e+00
-1.866469422976176062e+01 -1.067747592926025391e+01
-1.867107446988423547e+01 -1.022294063568115163e+01
-1.867316818237304688e+01 -9.701281738281249289e+00
-1.867736434936523438e+01 -1.051794128417968821e+01
-1.857482417424519738e+01 -1.042927398681640661e+01
-1.957887148857116699e+01 -1.003085403442382884e+01
-1.925744263331095496e+01 -1.039892826080322230e+01
-1.865736007690429688e+01 -1.051904888153076101e+01
-1.902262624104817590e+01 -9.801609611511230113e+00
-1.912593905131022254e+01 -1.038582525253295863e+01
-1.741911959648132324e+01 -1.019152069091796875e+01
-1.769105203946431359e+01 -1.006692409515380859e+01
-1.870445513725280762e+01 -1.077687320709228480e+01
-1.865258534749348840e+01 -1.022902526855468786e+01
-1.867089486122131348e+01 -1.024270267486572195e+01
-1.928954799969990930e+01 -1.012554397583007848e+01
-1.890805586179097375e+01 -1.078697633743286133e+01
-1.935143192609151086e+01 -1.024611186981201172e+01
-1.921872782707214355e+01 -1.038570671081543040e+01
-1.915412775675455848e+01 -1.034352798461913991e+01
-1.860705431302388391e+01 -9.948952674865722656e+00
-1.776845955848693848e+01 -1.025837135314941406e+01
-1.859510914484659949e+01 -1.068699645996093750e+01
-1.788073265552520752e+01 -9.786029815673828125e+00
-1.681278920173645020e+01 -1.032968997955322266e+01
-1.858110062281290809e+01 -1.154037284851074219e+01
-1.946649201711018762e+01 -9.916666793823242898e+00
-1.945599834124247351e+01 -1.016045913696289027e+01
-1.846971662839253625e+01 -1.021965560913085902e+01
-1.904974555969238281e+01 -1.025814533233642578e+01
-1.894297957420349121e+01 -1.012291088104248082e+01
-1.728028341134389123e+01 -8.639151382446289773e+00
-1.576310086250305176e+01 -1.008722839355468714e+01
-1.865552496910095215e+01 -1.001452922821044922e+01
-1.864238437016804895e+01 -1.050547332763671804e+01
-1.889240876833597937e+01 -9.513133621215819957e+00
-1.804326689243316650e+01 -1.030308322906494212e+01
-1.804891832669575891e+01 -1.063369998931884730e+01
-1.884250319004058838e+01 -1.052897224426269496e+01
-1.777419618765513221e+01 -1.022566585540771555e+01
-1.887565358479817590e+01 -1.017691822052001882e+01
-1.825611853599548340e+01 -9.677918815612793324e+00
-1.822315541903178016e+01 -1.014343833923339844e+01
-1.887708139419555664e+01 -1.007949752807617116e+01
-1.879001712799072266e+01 -9.630935668945312500e+00
-1.727240157127380371e+01 -1.088879079818725515e+01
-1.879081583023071289e+01 -1.024997749328613317e+01
-1.871279025077819824e+01 -1.015455970764160121e+01
-1.810633007685343543e+01 -1.003289861679077077e+01
-1.823103300730387488e+01 -1.010439205169677734e+01
-1.812425398826599121e+01 -9.680164527893065696e+00
-1.885132614771525184e+01 -1.006862754821777273e+01
-1.808614397048950195e+01 -1.048361721038818395e+01
-1.920140695571899414e+01 -9.970667648315430398e+00
-1.867020805676778039e+01 -1.022867202758789062e+01
-1.923714057604471961e+01 -1.026467685699462962e+01
-1.885074075063069543e+01 -1.005463905334472585e+01
-1.833292420705159387e+01 -1.028185043334960902e+01
-1.968014248212178430e+01 -1.004896993637084890e+01
-1.876841266949971399e+01 -1.000296592712402344e+01
-1.819937109947204590e+01 -1.079144887924194407e+01
-1.853761887550354004e+01 -1.038805484771728516e+01
-1.851871824264526367e+01 -1.057355098724365305e+01
-1.800911045074462891e+01 -1.043619880676269496e+01
-1.833147923151652137e+01 -1.007301197052001918e+01
-1.840225668748219690e+01 -9.980368995666504262e+00
-1.856151374181111535e+01 -1.034946603775024343e+01
-1.885808420181274414e+01 -9.711505508422851207e+00
-1.936161065101623535e+01 -9.952643203735352273e+00
-1.988464371363322059e+01 -1.021045665740966868e+01
-1.938029702504475793e+01 -1.001693944931030344e+01
-1.867211810747782508e+01 -9.400642395019531250e+00
-1.842380857467651367e+01 -1.026787652969360387e+01
-1.829010220368703088e+01 -9.845575141906738992e+00
-1.910102176666259766e+01 -1.007269668579101562e+01
-1.763767679532368859e+01 -1.007444667816162109e+01
-1.916904664039611816e+01 -1.022115306854248118e+01
-1.820582612355550012e+01 -1.002373504638671875e+01
-1.954709307352701941e+01 -1.018628768920898509e+01
-1.978246847788492957e+01 -1.037319107055663991e+01
-1.913118378321329871e+01 -9.865295600891112571e+00
-1.751068886121113977e+01 -9.598876190185546164e+00
-1.759890580177307129e+01 -1.004297485351562536e+01
-1.881426131725311279e+01 -1.024528827667236364e+01
-1.925293890635172644e+01 -9.768021678924560192e+00
-1.900875814755757531e+01 -9.424054145812988281e+00
-1.832987729708353797e+01 -1.060592651367187500e+01
-1.914935676256815711e+01 -9.933202362060546520e+00
-1.948554841677347937e+01 -9.935026168823242188e+00
-1.881269741058349609e+01 -9.775168609619139914e+00
-1.860549803574879846e+01 -9.865235710144043324e+00
-1.897817214330037316e+01 -1.005408916473388636e+01
-1.948154163360595703e+01 -1.023397846221923757e+01
-1.992429431279500207e+01 -1.029348487854003835e+01
-1.901904408137003699e+01 -9.998334312438965199e+00
-1.871853494644165039e+01 -1.019600009918212891e+01
-1.879314430554707727e+01 -1.074482326507568430e+01
-1.932900826136271277e+01 -1.089739818572997976e+01
-1.913375544548034668e+01 -1.019694862365722621e+01
-1.948541037241617957e+01 -9.895668411254883168e+00
-1.858909912904103479e+01 -1.038820571899413991e+01
-1.960762588183085242e+01 -9.811200332641600852e+00
-1.797106941541035852e+01 -1.062044706344604528e+01
-1.834526320298512658e+01 -9.075108623504638317e+00
-1.806734502315521240e+01 -9.846947097778320668e+00
-1.712567611535390100e+01 -1.106521081924438477e+01
-1.905858270327250281e+01 -9.974961471557616477e+00
-1.890841841697692871e+01 -1.030137596130371058e+01
-1.865747737884521484e+01 -9.771635437011719105e+00
-1.916660586992899695e+01 -9.987903022766113637e+00
-1.930227398872375488e+01 -1.069897575378417898e+01
-1.936407256126403809e+01 -1.058847942352294957e+01
-1.916382845242818078e+01 -9.969040679931641336e+00
-1.858382987976074219e+01 -9.607292938232422586e+00
-1.755064829190571984e+01 -1.034300003051757777e+01
-1.971514391899108887e+01 -1.017756500244140661e+01
-1.863240949312845984e+01 -9.649512481689452414e+00
-1.741253336270650109e+01 -9.969277191162110086e+00
-1.908862860997517785e+01 -1.033711109161376918e+01
-1.966465028127034387e+01 -1.013091020584106516e+01
-1.975643396377563477e+01 -9.966625404357909446e+00
-1.947472627957661828e+01 -1.070883636474609446e+01
-1.826544284820556641e+01 -9.803698730468749289e+00
-1.824506207307179650e+01 -9.751038169860839488e+00
-1.895716635386149207e+01 -1.027693557739257812e+01
-1.995621649424235144e+01 -1.032805080413818288e+01
-1.975282581647237024e+01 -1.007420425415039134e+01
-1.853091251850128174e+01 -1.056193180084228445e+01
-1.825692447026570520e+01 -1.066049575805664062e+01
-1.891866548856099328e+01 -1.026477088928222692e+01
-1.965769441922505578e+01 -1.007107753753662038e+01
-1.944445172945658484e+01 -1.023603191375732457e+01
-1.925552415847778320e+01 -1.058196601867675746e+01
-1.896530111630757531e+01 -1.035717601776122976e+01
-1.993676336606343469e+01 -1.054271087646484339e+01
-1.971136411031087121e+01 -1.049270381927490270e+01
-1.978836305936177453e+01 -9.867934799194335582e+00
-1.973073045412699500e+01 -9.775543785095214488e+00
-1.941095129648844519e+01 -1.027009105682373047e+01
-1.922366277376810828e+01 -1.015598945617675852e+01
-1.899077383677164832e+01 -1.009535903930663991e+01
-1.923889199892679969e+01 -1.031127643585205078e+01
-1.918803246815999231e+01 -1.038185615539550710e+01
-1.984929664929707727e+01 -9.959792900085449929e+00
-1.912786324818928918e+01 -9.964059257507324574e+00
-1.995784115791320801e+01 -9.910874748229980824e+00
-2.016064588228861609e+01 -1.046975688934326243e+01
-1.991134150822957238e+01 -1.021652565002441371e+01
-1.907206646601359168e+01 -1.039903545379638672e+01
-1.879921237627665320e+01 -9.754199981689453125e+00
-1.841568628946940223e+01 -1.046814155578613281e+01
-1.892672276496887207e+01 -1.028326263427734411e+01
-1.970359071095784387e+01 -1.000294494628906250e+01
-1.910917448997497559e+01 -1.058078041076660192e+01
-1.953489486376444617e+01 -1.074293966293334890e+01
-1.996164933840433875e+01 -1.016135158538818395e+01
-1.968694821993510047e+01 -1.033011360168456960e+01
-2.002677591641743859e+01 -1.053335132598876989e+01
-1.858802036444346228e+01 -9.989821434020996094e+00
-1.968899933497111121e+01 -1.004937629699707102e+01
-2.010427745183308801e+01 -1.017569885253906214e+01
-1.925068561236063758e+01 -1.057799320220947337e+01
-1.969604690869649133e+01 -1.006069774627685476e+01
-1.967463986078898230e+01 -1.041278114318847692e+01
-1.981820066769917688e+01 -9.809493446350098012e+00
-1.897169256210327148e+01 -9.781031036376953480e+00
-1.896875230471293250e+01 -1.050415210723877024e+01
-1.955262398719787598e+01 -9.992473220825194957e+00
-1.853189965089162072e+01 -1.021237592697143626e+01
-1.861239476998646936e+01 -1.060829086303710866e+01
-1.853055993715922156e+01 -9.732072830200195312e+00
-1.876990222930908203e+01 -9.853808689117432351e+00
-1.904071700572967529e+01 -1.025124015808105504e+01
-1.865498399734497070e+01 -1.014303359985351527e+01
-1.917450873057047644e+01 -9.913960456848144531e+00
-2.001056957244873047e+01 -1.038919353485107422e+01
-2.039824628829956055e+01 -1.027784347534179688e+01
-2.035063775380452356e+01 -1.025633621215820312e+01
-2.014516655604044715e+01 -1.016323280334472656e+01
-2.030793499946594238e+01 -1.023286457061767507e+01
-2.040673454602559289e+01 -1.010320224761962926e+01
-1.930798474947611609e+01 -1.025136661529541016e+01
-2.016215268770853797e+01 -1.008129768371582102e+01
-1.842166932423909387e+01 -9.882204246520995383e+00
-1.959659202893574914e+01 -9.918172454833984020e+00
-1.958855191866556922e+01 -1.036317234039306712e+01
-1.946502558390299598e+01 -9.939831733703613281e+00
-1.934452160199483117e+01 -1.024797611236572337e+01
-1.781626260280609131e+01 -1.035370388031005895e+01
-1.846037491162617883e+01 -1.049104156494140661e+01
-2.055610132217407227e+01 -1.084610042572021449e+01
-2.062273136774699012e+01 -9.926698303222655895e+00
-1.926077675819396973e+01 -8.980841636657714844e+00
-1.966291781266530236e+01 -1.001812896728515589e+01
-1.918884293238322059e+01 -1.041205310821533203e+01
-2.014096689224243164e+01 -1.027655429840087820e+01
-1.940984869003295898e+01 -1.051887092590331996e+01
-1.990400354067484656e+01 -1.022257137298583984e+01
-2.034477233886718750e+01 -1.017518577575683558e+01
-1.958363954226176062e+01 -1.077346582412719656e+01
-1.925401369730631629e+01 -1.024027309417724574e+01
-1.965066011746724328e+01 -9.700304794311524148e+00
-2.014859843254089355e+01 -9.915538978576659446e+00
-2.004786237080891809e+01 -1.009264564514160156e+01
-1.957545789082844934e+01 -1.063818044662475515e+01
-1.950031797091166297e+01 -1.025028228759765625e+01
-1.993401153882344445e+01 -9.954747581481933949e+00
-1.905336785316467285e+01 -1.009028129577636790e+01
-1.922385724385579309e+01 -9.887397766113281250e+00
-2.035489980379740516e+01 -1.025813808441162145e+01
-2.010181784629821777e+01 -1.008297462463378835e+01
-2.067177518208821496e+01 -1.039976577758789134e+01
-1.982379039128621301e+01 -1.021515026092529332e+01
-1.951608673731486121e+01 -1.032658376693725621e+01
-1.915300226211547852e+01 -9.603914070129395242e+00
-1.897565388679504395e+01 -9.608319282531738281e+00
-2.059608427683512488e+01 -1.010881118774414134e+01
-2.026758710543314734e+01 -1.014871559143066371e+01
-2.025041945775349816e+01 -1.007246818542480504e+01
-2.055656027793884277e+01 -1.000915174484253001e+01
-2.033328135808308801e+01 -1.041082239151000977e+01
-1.969458770751953125e+01 -9.810624885559082742e+00
-2.041989072163899621e+01 -9.898208999633789418e+00
-2.056718500455220422e+01 -1.016406841278076101e+01
-1.980006861686706543e+01 -9.861298179626464488e+00
-1.964851196606953820e+01 -9.950574111938475852e+00
-2.032852284113566199e+01 -9.922002029418944602e+00
-2.007383791605631629e+01 -9.848100280761718395e+00
-2.027474427223205566e+01 -9.455569553375244851e+00
-1.862787167231241980e+01 -1.040849227905273366e+01
-1.902312747637430945e+01 -1.005412693023681570e+01
-1.874121403694152832e+01 -9.641079521179198863e+00
-1.837997388839721680e+01 -1.050607261657714808e+01
-1.958742109934489051e+01 -1.022768840789794886e+01
-1.950679492950439453e+01 -9.922684860229491477e+00
-2.001238926251729211e+01 -1.038753108978271555e+01
-2.034999926884968957e+01 -1.001321601867675781e+01
-1.882702779769897461e+01 -9.906345748901367543e+00
-1.798684279123942176e+01 -1.040214567184448313e+01
-1.955467089017232141e+01 -1.011913375854492259e+01
-2.036639126141865930e+01 -1.018795375823974680e+01
-2.013050587972005090e+01 -1.018847370147705078e+01
-1.994337828954060754e+01 -1.031782293319702148e+01
-1.874406059583028039e+01 -9.430551528930664062e+00
-1.846393493811289588e+01 -1.028307819366455078e+01
-1.981784160931904992e+01 -1.008440799713134695e+01
-1.832026120026906213e+01 -1.011797714233398438e+01
-2.007523147265116492e+01 -1.030743083953857386e+01
-1.973406298955281457e+01 -1.037168426513671804e+01
-1.884714674949645996e+01 -1.017672224044799734e+01
-1.798998502890269080e+01 -9.778569793701171520e+00
-1.866585636138916016e+01 -1.010108222961425817e+01
-1.936429786682128906e+01 -1.002619590759277379e+01
-1.974988079071044922e+01 -1.014801139831542898e+01
-1.930789939562479773e+01 -9.940071105957031250e+00
-1.890905773639678955e+01 -9.483785247802734020e+00
-1.805768104394276818e+01 -1.082403469085693359e+01
-2.010088578859965125e+01 -1.052637271881103587e+01
-2.010651270548502723e+01 -1.032663650512695241e+01
-2.004431128501892090e+01 -1.017291183471679616e+01
-2.068980312347412109e+01 -1.044306659698486328e+01
-1.983684277534484863e+01 -9.914005851745605113e+00
-1.937149794896443566e+01 -9.758247375488281250e+00
-1.885099371274312219e+01 -1.003285503387451172e+01
-1.978501892089843750e+01 -9.984197425842285867e+00
-1.955728757381439209e+01 -1.014082336425781250e+01
-2.054577000935872277e+01 -1.023221225738525320e+01
-1.971254785855611047e+01 -9.701043128967285156e+00
-2.055882485707600793e+01 -9.921247482299804688e+00
-1.811002930005391320e+01 -9.775983619689942117e+00
-1.914460182189941406e+01 -1.007886867523193430e+01
-1.940256909529368201e+01 -9.666941070556640980e+00
-1.890467524528503418e+01 -9.957954025268554332e+00
-2.073676554361979285e+01 -9.654266643524170632e+00
-2.028376563390095910e+01 -9.954844856262207387e+00
-2.057487201690673828e+01 -9.866742324829100852e+00
-1.941592677434285363e+01 -1.029390106201171839e+01
-1.957663377126057824e+01 -1.028925619125366175e+01
-2.047611983617146691e+01 -1.085682830810546839e+01
-1.981460030873616418e+01 -1.038507289886474538e+01
-2.077768945693969727e+01 -1.028161506652832102e+01
-1.942841132481892785e+01 -9.990729522705077414e+00
-1.957701714833577356e+01 -9.724126052856444602e+00
-1.897769586245219031e+01 -8.936538982391358132e+00
-1.909977857271830359e+01 -9.901381874084473012e+00
-1.930554747581481934e+01 -9.345300483703613992e+00
-1.924627153078715125e+01 -1.005006923675537145e+01
-2.035768747329711914e+01 -9.930842590332030539e+00
-2.016210452715555945e+01 -1.049029045104980540e+01
-2.080717420578002930e+01 -9.839570426940918324e+00
-2.091259741783142090e+01 -1.010573444366455043e+01
-2.083281755447387695e+01 -9.933176422119140980e+00
-2.062186972300211707e+01 -1.005003681182861364e+01
-1.881744464238484582e+01 -9.724916839599609730e+00
-2.007718785603841027e+01 -1.003148050308227468e+01
-2.057215205828348914e+01 -1.038784732818603551e+01
-2.053376396497090539e+01 -1.026893720626831019e+01
-2.063958509763081750e+01 -9.855183982849121449e+00
-2.109982832272847375e+01 -1.013136844635009837e+01
-2.019241666793823242e+01 -9.667291259765624645e+00
-1.942047953605651855e+01 -9.834740543365478871e+00
-1.834999287128448486e+01 -9.941256523132324219e+00
-1.977847480773925781e+01 -1.002221088409423899e+01
-1.931275590260823449e+01 -9.314545440673828836e+00
-1.956621003150939941e+01 -9.815552043914795632e+00
-1.974590222040812293e+01 -1.037737884521484411e+01
-1.866853920618693152e+01 -1.055200872421264613e+01
-1.926118191083272180e+01 -9.983394336700438743e+00
-2.005713176727294922e+01 -9.840177154541015270e+00
-2.046632091204325476e+01 -9.557888603210448863e+00
-2.091875632603963098e+01 -1.001224231719970703e+01
-2.043781963984171668e+01 -9.818711280822753906e+00
-2.125374039014180383e+01 -1.006650733947753906e+01
-2.114363773663838586e+01 -9.782522010803223367e+00
-2.068258062998453894e+01 -1.005372295379638636e+01
-2.147757450739542762e+01 -9.923848628997802734e+00
-2.098204827308654785e+01 -1.001397552490234411e+01
-2.133974480628967285e+01 -1.024350605010986293e+01
-2.155497511227925500e+01 -9.908324241638183594e+00
-1.977526362737019738e+01 -1.029785337448120153e+01
-1.943918244043986121e+01 -9.693438720703124289e+00
-1.997116303443908691e+01 -9.523864364624023082e+00
-1.949421147505442420e+01 -9.997495269775390270e+00
-2.078880500793457031e+01 -9.551964473724364524e+00
-2.047271792093912879e+01 -1.029691963195800852e+01
-2.041667580604553223e+01 -9.732060050964355113e+00
-1.946354047457377234e+01 -9.772974777221680398e+00
-1.908865173657735070e+01 -9.497198104858398438e+00
-2.080932680765787879e+01 -1.067493400573730433e+01
-2.049581281344095984e+01 -9.932830047607421164e+00
-2.133187492688496789e+01 -1.002168350219726634e+01
-2.043503928184509277e+01 -1.008367042541503977e+01
-1.952677329381306848e+01 -1.002942523956298793e+01
-1.999119027455647668e+01 -9.541396141052246094e+00
-1.894284137090047082e+01 -9.891897392272948508e+00
-1.948354752858479699e+01 -9.725758934020996449e+00
-2.007350476582844934e+01 -1.000835418701171875e+01
-1.988473618030548096e+01 -9.671495914459228516e+00
-1.931858023007710656e+01 -1.009867420196533239e+01
-2.071358489990234375e+01 -1.014592132568359339e+01
-2.047785075505574426e+01 -1.013126506805419957e+01
-2.118983062108357629e+01 -1.020207958221435618e+01
-2.153734652201334754e+01 -1.035269203186035192e+01
-2.136823026339213172e+01 -9.829431343078613992e+00
-2.131592377026875695e+01 -9.891058158874511008e+00
-2.039024734497070312e+01 -1.007783555984497070e+01
-2.062210965156555176e+01 -1.063990507125854457e+01
-2.134927876790364465e+01 -9.783743476867675426e+00
-1.982540671030680457e+01 -9.983832740783691762e+00
-2.059413798650105676e+01 -1.001381015777587891e+01
-1.969664200146992883e+01 -1.084708127975463832e+01
-2.024664727846781531e+01 -9.791856002807616477e+00
-2.100458637873331824e+01 -1.006131296157836985e+01
-1.989303016662597656e+01 -9.491466712951659446e+00
-2.037796370188395301e+01 -9.955887985229491477e+00
-2.042022140820821008e+01 -1.022582607269287180e+01
-2.053307882944742957e+01 -1.046243133544921911e+01
-2.119829694430033484e+01 -1.009283790588378871e+01
-2.157685852050781250e+01 -9.787376976013183238e+00
-2.074447329839070520e+01 -9.620741271972656605e+00
-2.075268348058064660e+01 -9.712603759765624289e+00
-2.075004529953002930e+01 -1.077356147766113281e+01
-2.120129068692525109e+01 -1.042459049224853551e+01
-2.174952324231465539e+01 -9.969984436035156605e+00
-2.023977931340535363e+01 -9.948602676391601562e+00
-1.891057324409484863e+01 -9.650318908691406961e+00
-1.923090759913126746e+01 -1.000495958328247070e+01
-2.011806003252665320e+01 -9.488914871215820668e+00
-2.089993953704833984e+01 -9.884749984741210582e+00
-2.055464720726013184e+01 -9.733212852478027699e+00
-2.033038751284281531e+01 -9.763115882873535156e+00
-2.078938277562459191e+01 -9.106738376617432351e+00
-2.081142536799113074e+01 -9.950927829742431285e+00
-2.115125735600789270e+01 -9.783382606506346946e+00
-1.985562952359517297e+01 -9.935554504394531250e+00
-1.858405435085296631e+01 -1.000083675384521520e+01
-2.074507554372151574e+01 -9.856229400634765270e+00
-2.099013384183247766e+01 -1.038589076995849680e+01
-1.973948756853739539e+01 -9.426255416870116477e+00
-2.015544656912485877e+01 -9.667812347412109375e+00
-2.113870525360107422e+01 -9.895906066894530895e+00
-2.107404851913452148e+01 -1.036004695892333949e+01
-2.079767608642578125e+01 -1.019156589508056676e+01
-2.026385704676310340e+01 -1.015562028884887624e+01
-2.089779241879780969e+01 -1.016041593551635813e+01
-2.082857688268025598e+01 -1.045722751617431712e+01
-2.045263465245564660e+01 -9.661151123046874289e+00
-1.882649354139963904e+01 -9.608686256408692117e+00
-1.872786370913187781e+01 -1.015945453643798757e+01
-1.989826067288716516e+01 -9.657142257690429332e+00
-2.083077144622802734e+01 -1.002090740203857422e+01
-2.049730817476908484e+01 -9.977337455749511363e+00
-2.051963710784912109e+01 -1.016923933029174876e+01
-2.120278477668762207e+01 -9.981145286560058949e+00
-2.117876696586608887e+01 -9.577676773071289062e+00
-2.149103124936421594e+01 -9.341616249084472301e+00
-1.935071456432342529e+01 -9.853035736083985086e+00
-2.034178797403971473e+01 -9.691640663146973367e+00
-2.180469298362731934e+01 -1.023607082366943288e+01
-2.084236280123392859e+01 -1.038537502288818359e+01
-1.920111870765686035e+01 -1.091310892105102504e+01
-2.148143704732258996e+01 -9.921807479858397727e+00
-2.067027330398559570e+01 -1.016932773590087891e+01
-2.089428504308064660e+01 -1.005526580810546911e+01
-2.103174050649007043e+01 -9.563249588012695312e+00
-1.960746455192565918e+01 -9.574279594421387429e+00
-2.102835917472839355e+01 -1.006685085296630788e+01
-2.136849006017049035e+01 -9.907387351989745738e+00
-2.132607595125834266e+01 -9.557606697082519531e+00
-2.074326117833455285e+01 -1.032861671447753871e+01
-1.941222707430521766e+01 -9.196193695068359375e+00
-1.932877437273661414e+01 -9.808286285400390270e+00
-1.946271626154581824e+01 -1.085059461593627894e+01
-2.131481536229451379e+01 -9.998940277099610086e+00
-2.134471813837687293e+01 -9.832956314086914062e+00
-2.168329779307047644e+01 -9.927372169494628196e+00
-2.147435919443766394e+01 -1.019033012390136683e+01
-2.120316306749979773e+01 -1.002462768554687500e+01
-2.085940066973368445e+01 -9.785679912567138317e+00
-2.093707267443339148e+01 -1.032831134796142614e+01
-1.926671568552653113e+01 -9.995680427551269176e+00
-1.988226699829101562e+01 -9.960473823547363992e+00
-1.967727001508076867e+01 -1.009570884704589844e+01
-2.103455948829650879e+01 -9.893138694763184304e+00
-2.144791642824808875e+01 -1.002402381896972727e+01
-2.127924887339274207e+01 -1.016150636672973562e+01
-2.145880452791849891e+01 -9.813832092285156961e+00
-2.040290745099385461e+01 -9.295407485961913352e+00
-2.090010007222493371e+01 -9.627410125732421164e+00
-2.132013249397277832e+01 -1.002476959228515696e+01
-2.163717516263325891e+01 -1.048984880447387624e+01
-2.168046673138936242e+01 -1.034030818939208984e+01
-2.103135649363199988e+01 -9.967722892761230469e+00
-2.102095667521158973e+01 -1.002208309173584055e+01
-2.159585984547932824e+01 -9.858492660522461648e+00
-2.092914001146952430e+01 -1.013389854431152415e+01
-2.133025328318278113e+01 -9.800451660156250355e+00
-2.140605036417643348e+01 -1.012654972076416016e+01
-1.929032329718272010e+01 -9.970242691040038352e+00
-2.012082544962565223e+01 -1.013033876419067347e+01
-2.133986775080363074e+01 -1.008051490783691406e+01
-2.070064338048299035e+01 -9.998527336120606179e+00
-2.096569569905598840e+01 -9.805453491210936789e+00
-2.142153167724609375e+01 -1.036866683959960866e+01
-2.156287161509196082e+01 -9.911660003662110086e+00
-2.087418365478515625e+01 -1.050833969116211009e+01
-2.134516231218973914e+01 -9.462045097351074574e+00
-2.032090250651041785e+01 -9.745074844360351207e+00
-2.098459808031718055e+01 -9.796638298034668679e+00
-1.880637180805206299e+01 -9.340830516815184836e+00
-1.900375862916310510e+01 -1.030869178771972727e+01
-1.967911362648010254e+01 -1.056628036499023438e+01
-2.067898074785868445e+01 -9.939761352539061789e+00
-2.103119667371113977e+01 -9.617260169982909446e+00
-1.905306736628214637e+01 -8.971667385101318004e+00
-1.924892361958821496e+01 -1.017619190216064418e+01
-2.189640553792317590e+01 -1.017293968200683629e+01
-2.112493189175923547e+01 -1.030425529479980540e+01
-2.100720794995625695e+01 -9.847619819641113992e+00
-2.159596872329711914e+01 -9.965063476562500355e+00
-2.116157364845275879e+01 -9.798649406433105113e+00
-2.113699229558308801e+01 -9.624880027770995383e+00
-2.065269200007120887e+01 -1.031688699722290004e+01
-2.102759122848510742e+01 -9.676012706756591086e+00
-2.112908927599589148e+01 -9.997140502929687145e+00
-2.084561228752136230e+01 -9.650267314910887961e+00
-2.125570575396220008e+01 -9.820091915130614524e+00
-2.168362299601237098e+01 -1.039080677032470668e+01
-2.053572289148966590e+01 -9.787240791320801492e+00
-2.161167367299397668e+01 -9.887265396118163352e+00
-2.173478587468465051e+01 -9.470127868652344461e+00
-2.157124328613281250e+01 -8.878957939147948508e+00
-1.941638374328613281e+01 -8.856262588500976918e+00
-1.899982627232869348e+01 -9.166705226898193004e+00
-2.054040630658467492e+01 -9.896372604370117898e+00
-2.123505798975626746e+01 -9.688745307922363992e+00
-2.101324717203776160e+01 -1.029308300018310618e+01
-2.128419327735900879e+01 -9.834714889526367188e+00
-2.144975527127583703e+01 -9.656610107421874645e+00
-2.115346582730611047e+01 -1.002421436309814418e+01
-1.999248933792114258e+01 -9.818685722351073508e+00
-2.134788338343302527e+01 -9.696537208557128196e+00
-1.962705175081888953e+01 -9.903049468994140625e+00
-1.852526640892028809e+01 -9.616280174255370738e+00
-1.990193613370259484e+01 -9.253585243225098012e+00
-2.113995997111002723e+01 -1.007948799133300710e+01
-2.147817142804463586e+01 -9.968096542358399148e+00
-2.204684432347615441e+01 -9.944087982177734375e+00
-2.206648929913838586e+01 -9.924421882629394176e+00
-2.166489458084106445e+01 -9.510086822509766336e+00
-2.186931324005126953e+01 -9.514562416076660867e+00
-1.974099588394165039e+01 -9.874194240570068004e+00
-2.133118263880411902e+01 -1.018879241943359304e+01
-2.201206779479980469e+01 -9.881724452972411754e+00
-2.156953954696655273e+01 -9.989995002746582031e+00
-2.178725894292195520e+01 -9.935856437683105113e+00
-2.135071094830830774e+01 -1.021534585952758789e+01
-1.995610769589741906e+01 -1.036418437957763672e+01
-2.026658034324645996e+01 -1.031662101745605398e+01
-2.036385679244995117e+01 -9.172796440124511008e+00
-2.147042496999104699e+01 -1.035997505187988210e+01
-2.139020037651062012e+01 -9.912008476257323508e+00
-2.107901899019877234e+01 -9.719296646118163352e+00
-2.166876403490702430e+01 -1.002547950744628835e+01
-2.221138707796732703e+01 -1.005773448944091797e+01
-2.264869530995686731e+01 -1.031893444061279297e+01
-2.194495670000712195e+01 -9.693675231933593039e+00
-2.156199471155802527e+01 -1.005198001861572266e+01
-2.190121634801228723e+01 -1.021113185882568430e+01
-2.241217994689941406e+01 -9.869035530090332742e+00
-2.168217738469441613e+01 -1.039358215332031321e+01
-2.163288879394531250e+01 -9.774661540985107422e+00
-2.037882232666015625e+01 -1.021070156097412074e+01
-2.090884343783060828e+01 -1.013600473403930735e+01
-2.122974332173665246e+01 -1.002989463806152415e+01
-2.154013935724894324e+01 -9.773680877685546164e+00
-2.137306237220764160e+01 -1.046335153579711985e+01
-2.110946265856425086e+01 -1.028474569320678711e+01
-2.192593344052632531e+01 -9.812355232238768821e+00
-2.224733082453409949e+01 -1.023225145339965891e+01
-2.163042672475178918e+01 -1.007023429870605469e+01
-1.962906118233998498e+01 -8.876485729217529652e+00
-1.810201466083526611e+01 -9.962990570068360086e+00
-2.043954356511433801e+01 -1.011011123657226562e+01
-2.155323735872904578e+01 -1.036789340972900320e+01
-2.105220444997151574e+01 -9.788833808898925071e+00
-1.830636525154113770e+01 -9.751250648498535512e+00
