# Train Val
2.134882807731628418e-01 -3.269108247756958185e+00
-5.175004790226618745e+00 -6.815393161773681818e+00
-7.909013311068217256e+00 -9.216244125366211293e+00
-9.755522727966308594e+00 -1.013372650146484411e+01
-1.028764565785725971e+01 -1.043546123504638601e+01
-1.044165988763173480e+01 -1.050385055541992152e+01
-1.052733810742696186e+01 -1.063307762145996094e+01
-1.050864156087239643e+01 -1.067439575195312429e+01
-1.062219699223836322e+01 -1.073465919494628906e+01
-1.066171578566233258e+01 -1.080843257904052734e+01
-1.064459327856699566e+01 -1.067651290893554616e+01
-1.068045516808827777e+01 -1.082190265655517614e+01
-1.073905209700266461e+01 -1.083411827087402379e+01
-1.077179932594299316e+01 -1.085593376159667933e+01
-1.076628406842549701e+01 -1.080018386840820277e+01
-1.076338466008504291e+01 -1.080015869140624929e+01
-1.077559113502502441e+01 -1.084760475158691406e+01
-1.074302852153778076e+01 -1.082091312408447337e+01
-1.073398900032043457e+01 -1.084065322875976634e+01
-1.074381899833679199e+01 -1.075500621795654332e+01
-1.076008546352386475e+01 -1.089515590667724609e+01
-1.076744977633158307e+01 -1.084751491546630930e+01
-1.078781831264495850e+01 -1.089432735443115163e+01
-1.077805674076080322e+01 -1.085985641479492259e+01
-1.070119643211364746e+01 -1.078261718749999964e+01
-1.078565335273742676e+01 -1.087885437011718714e+01
-1.077830862998962402e+01 -1.075687999725341726e+01
-1.074987037976582904e+01 -1.082259063720703196e+01
-1.078746294975280762e+01 -1.081382522583007777e+01
-1.081263240178426166e+01 -1.091463756561279297e+01
-1.080621846516927143e+01 -1.084890193939208913e+01
-1.079912392298380475e+01 -1.085254840850830149e+01
-1.082217041651407818e+01 -1.083061275482177699e+01
-1.080929291248321533e+01 -1.089614696502685476e+01
-1.083327420552571674e+01 -1.091520957946777415e+01
-1.082095948855082135e+01 -1.087401580810546875e+01
-1.079685187339782715e+01 -1.089772911071777273e+01
-1.083902104695638080e+01 -1.081383934020996129e+01
-1.078790950775146484e+01 -1.086427650451660121e+01
-1.076632575194040875e+01 -1.066936721801757848e+01
-1.078764494260152240e+01 -1.080437431335449183e+01
-1.081811535358428955e+01 -1.082031669616699254e+01
-1.077881689866383930e+01 -1.088464469909667898e+01
-1.086866422494252582e+01 -1.091735286712646413e+01
-1.087715935707092285e+01 -1.090560569763183629e+01
-1.086281049251556396e+01 -1.090156974792480504e+01
-1.085246968269348145e+01 -1.094460430145263707e+01
-1.087492875258127789e+01 -1.093835926055908203e+01
-1.089955925941467285e+01 -1.092227153778076243e+01
-1.092576118310292621e+01 -1.097446289062500036e+01
-1.092997141679128070e+01 -1.098700561523437536e+01
-1.081241814295450787e+01 -1.080416603088378835e+01
-1.090104595820108990e+01 -1.095265922546386683e+01
-1.097699324289957623e+01 -1.089029960632324290e+01
-1.090258498986562152e+01 -1.099674968719482493e+01
-1.094924334685007672e+01 -1.098650665283203054e+01
-1.095729009310404400e+01 -1.098716106414794957e+01
-1.074413867791493793e+01 -1.100770072937011790e+01
-1.109821573893229107e+01 -1.100705947875976598e+01
-1.099991901715596576e+01 -1.077926273345947195e+01
-1.092344292004903217e+01 -1.109745750427246058e+01
-1.115802947680155377e+01 -1.124188423156738281e+01
-1.118706087271372418e+01 -1.095717182159423864e+01
-1.123843153317769428e+01 -1.135676517486572301e+01
-1.137200669447580914e+01 -1.043454284667968679e+01
-1.130456117788950543e+01 -1.125668087005615270e+01
-1.144057782491048236e+01 -1.144191112518310582e+01
-1.150672356287638287e+01 -1.163133430480957031e+01
-1.146216837565104107e+01 -9.849681091308593039e+00
-1.115159221490224262e+01 -1.099243869781494176e+01
-1.149979945023854633e+01 -1.161204433441162109e+01
-1.152320285638173480e+01 -1.151969318389892649e+01
-1.158795909086863141e+01 -1.155191192626953089e+01
-1.184669947624206543e+01 -1.156781406402587820e+01
-1.176251749197641949e+01 -1.158154048919677770e+01
-1.188340274492899518e+01 -1.153248653411865199e+01
-1.208489259084065814e+01 -1.177717494964599609e+01
-1.218572628498077393e+01 -1.189537582397460902e+01
-1.219919788837432861e+01 -1.173829517364501918e+01
-1.231841202576955219e+01 -1.195612869262695277e+01
-1.228488353888193707e+01 -1.153637046813964773e+01
-1.235421446959177594e+01 -1.217250061035156250e+01
-1.274872720241546631e+01 -1.238451290130615234e+01
-1.263250613212585449e+01 -1.260257854461669957e+01
-1.280816964308420758e+01 -1.241211814880371023e+01
-1.282430231571197510e+01 -1.189257278442382848e+01
-1.230067674318949322e+01 -9.877821540832519176e+00
-1.163336622714996338e+01 -1.221245861053466797e+01
-1.265428400039672852e+01 -1.230602970123291051e+01
-1.267009699344635010e+01 -1.194780292510986364e+01
-1.223234375317891498e+01 -1.245760822296142578e+01
-1.274498109022776227e+01 -1.268399887084961009e+01
-1.268382342656453510e+01 -1.238460597991943324e+01
-1.207176291942596436e+01 -1.161692256927490163e+01
-1.283999546368916889e+01 -1.153576927185058665e+01
-1.285206588109334369e+01 -1.235611515045166087e+01
-1.276032761732737164e+01 -1.260852546691894460e+01
-1.339598663647969623e+01 -1.273113460540771413e+01
-1.297922817866007428e+01 -9.958313560485839488e+00
-1.225956916809082031e+01 -1.268331985473632884e+01
-1.306427164872487445e+01 -1.242124710083007777e+01
-1.297855559984842877e+01 -1.246924438476562536e+01
-1.360879623889923096e+01 -1.279969806671142507e+01
-1.288593375682830811e+01 -1.265120239257812429e+01
-1.311753527323404889e+01 -1.249022045135498082e+01
-1.359364600976308246e+01 -1.287410469055175710e+01
-1.355226822694142719e+01 -1.275819187164306712e+01
-1.328860958417256732e+01 -1.306780242919921875e+01
-1.337795066833496094e+01 -1.281699504852294957e+01
-1.340491588910420795e+01 -1.287218685150146413e+01
-1.281300036112467389e+01 -1.231623897552490199e+01
-1.315578047434488873e+01 -1.206899623870849680e+01
-1.357751385370890240e+01 -1.270140552520751953e+01
-1.393658959865570068e+01 -1.166948661804199183e+01
-1.361410546302795410e+01 -1.319845199584960938e+01
-1.383495509624481201e+01 -1.302076034545898509e+01
-1.364811797936757465e+01 -1.321484966278076101e+01
-1.344390153884887695e+01 -1.264221534729003871e+01
-1.399954422314961811e+01 -1.220476684570312464e+01
-1.403693703810373883e+01 -1.216291675567626918e+01
-1.394083078702290912e+01 -1.256322116851806570e+01
-1.394986752669016461e+01 -1.293203392028808629e+01
-1.392475076516469379e+01 -1.176582546234130788e+01
-1.386996165911356549e+01 -1.317170886993408274e+01
-1.408738573392232318e+01 -1.298238983154296911e+01
-1.410851804415384869e+01 -1.213817558288574183e+01
-1.359799404939015766e+01 -1.327056102752685618e+01
-1.441567981243133545e+01 -1.327875347137451101e+01
-1.419091784954071045e+01 -1.093783740997314524e+01
-1.337480596701304059e+01 -1.318602828979492259e+01
-1.410551118850708008e+01 -1.305080451965332067e+01
-1.447141114870707135e+01 -1.284513549804687571e+01
-1.435217924912770648e+01 -1.349696102142334020e+01
-1.443936582406361957e+01 -1.228373451232910085e+01
-1.440407260258992572e+01 -1.263778095245361399e+01
-1.397393552462259869e+01 -1.311923141479492116e+01
-1.433011953035990338e+01 -1.293985919952392649e+01
-1.379906547069549561e+01 -1.247381229400634695e+01
-1.395770307381947894e+01 -1.305385990142822195e+01
-1.435526394844055176e+01 -1.286350746154785085e+01
-1.424713730812072754e+01 -1.298262557983398402e+01
-1.446184623241424561e+01 -1.274877853393554616e+01
-1.458473475774129291e+01 -1.249084033966064489e+01
-1.474307926495870014e+01 -1.347522544860839844e+01
-1.466134572029113770e+01 -1.232211589813232422e+01
-1.396702150503794293e+01 -1.271793174743652344e+01
-1.463004986445108990e+01 -1.302899990081787074e+01
-1.462717306613922119e+01 -1.251617603302002024e+01
-1.456075978279113770e+01 -1.345685520172119176e+01
-1.457218650976816754e+01 -1.355617427825927734e+01
-1.507006414731343646e+01 -1.316554450988769531e+01
-1.422897843519846539e+01 -1.358494224548339879e+01
-1.464242057005564313e+01 -1.299058399200439418e+01
-1.460867722829183002e+01 -1.336253356933593750e+01
-1.480284134546915631e+01 -1.358427906036376953e+01
-1.424733897050221820e+01 -1.316586017608642578e+01
-1.481638832887013812e+01 -1.354546356201171875e+01
-1.508518060048421283e+01 -1.309833831787109304e+01
-1.483532925446828266e+01 -1.362924118041992116e+01
-1.463416727383931537e+01 -1.316982822418212962e+01
-1.471654943625132184e+01 -1.300123882293701172e+01
-1.403350051244099994e+01 -1.234251270294189418e+01
-1.412476976712544818e+01 -1.252744007110595703e+01
-1.488870616753896137e+01 -1.310958461761474680e+01
-1.482302137215932269e+01 -1.311504783630371129e+01
-1.538304309050242047e+01 -1.378233356475830007e+01
-1.410325674215952496e+01 -1.263523635864257777e+01
-1.449409298102060895e+01 -1.310796241760253977e+01
-1.483967912197113037e+01 -1.328993320465087891e+01
-1.477472090721130371e+01 -1.215190124511718750e+01
-1.419913546244303326e+01 -1.290781764984130930e+01
-1.483534582455953021e+01 -1.368318901062011683e+01
-1.513098367055257221e+01 -1.222785606384277379e+01
-1.462076989809671979e+01 -1.342915534973144531e+01
-1.497422754764556885e+01 -1.398317031860351634e+01
-1.439919388294219971e+01 -1.302330284118652415e+01
-1.531247675418853760e+01 -1.270020122528076101e+01
-1.538815331459045410e+01 -1.258855323791503977e+01
-1.495462799072265625e+01 -1.362366828918456996e+01
-1.553676466147104840e+01 -1.354565200805664027e+01
-1.537155401706695557e+01 -1.376112213134765661e+01
-1.531633353233337402e+01 -1.369370441436767649e+01
-1.513052260875701904e+01 -1.389506587982177699e+01
-1.451525620619455914e+01 -1.285315551757812536e+01
-1.465403751532236676e+01 -1.168075027465820348e+01
-1.519599048296610455e+01 -1.242179908752441442e+01
-1.529406909147898297e+01 -1.281428813934326172e+01
-1.530120476086934467e+01 -1.350452232360839844e+01
-1.476664984226226807e+01 -1.399730758666992259e+01
-1.565742027759552002e+01 -1.367469787597656250e+01
-1.563193472226460834e+01 -1.367406253814697337e+01
-1.578600533803304096e+01 -1.365608062744140661e+01
-1.557696080207824707e+01 -1.322120361328125071e+01
-1.530411763985951801e+01 -1.235202083587646449e+01
-1.547420481840769391e+01 -1.314192180633544993e+01
-1.576987608273824115e+01 -1.387546672821044957e+01
-1.562084126472473145e+01 -1.244627723693847621e+01
-1.508033752441406250e+01 -1.340014839172363281e+01
-1.573091606299082379e+01 -1.410084209442138636e+01
-1.567988340059916119e+01 -1.402358226776123118e+01
-1.588086704413096051e+01 -1.414004344940185476e+01
-1.580471106370290180e+01 -1.373449382781982386e+01
-1.522434218724568744e+01 -1.296456146240234375e+01
-1.465927151838938336e+01 -1.249912223815917933e+01
-1.563385589917500873e+01 -1.367355632781982422e+01
-1.581625171502431293e+01 -1.377720718383789134e+01
-1.563019128640492816e+01 -1.184680080413818359e+01
-1.532251532872517963e+01 -1.273129291534423757e+01
-1.565432353814443012e+01 -1.398860073089599609e+01
-1.582757552464803119e+01 -1.346177368164062571e+01
-1.607935070991516113e+01 -1.399354324340820277e+01
-1.562099409103393555e+01 -1.393781051635742152e+01
-1.593149356047312359e+01 -1.388865871429443288e+01
-1.566095260779062848e+01 -1.373174400329589773e+01
-1.608427611986796180e+01 -1.375536403656005824e+01
-1.549710198243459125e+01 -1.356555767059326101e+01
-1.526679583390553852e+01 -1.325142250061035121e+01
-1.573578874270121197e+01 -1.247781429290771449e+01
-1.575413187344869037e+01 -1.373909130096435582e+01
-1.568183803558349609e+01 -1.315114898681640554e+01
-1.528969935576120953e+01 -1.386480026245117259e+01
-1.505608232816060443e+01 -1.442705650329589773e+01
-1.610583718617757043e+01 -1.412058162689208984e+01
-1.626436944802602014e+01 -1.420978469848632741e+01
-1.545016594727834125e+01 -1.315794467926025391e+01
-1.522072935104370117e+01 -1.346387310028076101e+01
-1.601942257086436072e+01 -1.362921619415283203e+01
-1.647515952587127686e+01 -1.409778575897216868e+01
-1.613607772191365441e+01 -1.405918636322021520e+01
-1.586696815490722656e+01 -1.410840015411377024e+01
-1.562765920162200928e+01 -1.373561573028564453e+01
-1.646843512852986535e+01 -1.424269390106201172e+01
-1.618961290518442908e+01 -1.364130535125732457e+01
-1.627247548103332520e+01 -1.430056858062744141e+01
-1.621890576680501184e+01 -1.437229804992675852e+01
-1.636369518438975135e+01 -1.393277912139892649e+01
-1.603240970770518103e+01 -1.411766452789306570e+01
-1.562930158774057965e+01 -1.411251640319824219e+01
-1.586728819211324115e+01 -1.337582664489746165e+01
-1.552984742323557477e+01 -1.438532199859619176e+01
-1.648929158846537391e+01 -1.390673999786377024e+01
-1.633503897984822473e+01 -1.297303066253662074e+01
-1.630779866377512732e+01 -1.397145538330078196e+01
-1.574734568595886230e+01 -1.340197162628173899e+01
-1.621268967787424842e+01 -1.405456390380859411e+01
-1.599342139561971088e+01 -1.368870067596435547e+01
-1.655085953076680383e+01 -1.372642364501953161e+01
-1.609059480826060096e+01 -1.431714076995849538e+01
-1.682714915275573730e+01 -1.422344417572021413e+01
-1.534623571236928363e+01 -1.221807174682617259e+01
-1.583880305290222168e+01 -1.284359531402587962e+01
-1.608359344800313195e+01 -1.239173030853271484e+01
-1.515802999337514301e+01 -1.448633499145507741e+01
-1.560121575991312604e+01 -1.339057788848876918e+01
-1.595642936229705811e+01 -1.478888015747070384e+01
-1.644060929616292199e+01 -1.350596027374267649e+01
-1.674875295162200928e+01 -1.377643241882324254e+01
-1.635013469060261926e+01 -1.292377910614013636e+01
-1.656162365277608117e+01 -1.396574573516845774e+01
-1.576656595865885357e+01 -1.239293880462646413e+01
-1.613873163859049598e+01 -1.378166465759277415e+01
-1.636766227086384973e+01 -1.380972747802734446e+01
-1.594775855541229248e+01 -1.397614593505859304e+01
-1.635604278246561805e+01 -1.368267955780029332e+01
-1.615056276321411133e+01 -1.458917560577392614e+01
-1.603803622722625732e+01 -1.421450252532958913e+01
-1.668500165144602576e+01 -1.380030212402343714e+01
-1.641567778587341309e+01 -1.447613296508789027e+01
-1.673113922278086463e+01 -1.395213890075683594e+01
-1.630826981862385949e+01 -1.411000766754150426e+01
-1.637276895840962609e+01 -1.411368408203125036e+01
-1.630129289627075195e+01 -1.375700244903564418e+01
-1.696875822544097900e+01 -1.447902412414550710e+01
-1.694366868336995324e+01 -1.470380783081054688e+01
-1.714982231458028039e+01 -1.468953399658203196e+01
-1.608334859212239465e+01 -1.451315727233886754e+01
-1.645827480157216272e+01 -1.448302898406982386e+01
-1.705848642190297326e+01 -1.446910133361816442e+01
-1.696963179111480713e+01 -1.343993091583251953e+01
-1.600906932353973389e+01 -1.005338649749755930e+01
-1.454193349679311176e+01 -1.438455028533935476e+01
-1.686424084504445275e+01 -1.389383354187011754e+01
-1.707496861616770545e+01 -1.460357551574707102e+01
-1.666437200705210486e+01 -1.457352123260498011e+01
-1.709525505701700965e+01 -1.452988758087158239e+01
-1.607391679286956787e+01 -1.341555900573730398e+01
-1.651098191738128662e+01 -1.391141128540039062e+01
-1.654168887933095178e+01 -1.438343658447265661e+01
-1.661557940642039100e+01 -1.431883411407470774e+01
-1.687457207838694373e+01 -1.369757976531982457e+01
-1.712672682603200158e+01 -1.410713577270507812e+01
-1.673899865150451660e+01 -1.459397258758544957e+01
-1.719456974665324012e+01 -1.452922935485839773e+01
-1.673031640052795410e+01 -1.426949996948242116e+01
-1.572464557488759418e+01 -1.462228984832763601e+01
-1.686126534144083777e+01 -1.465998210906982457e+01
-1.735637887318928918e+01 -1.463927383422851491e+01
-1.697612933317820350e+01 -1.419027042388916016e+01
-1.632537360986073693e+01 -1.458250389099121058e+01
-1.634745291868845740e+01 -1.374956989288330078e+01
-1.722762223084767541e+01 -1.379383049011230433e+01
-1.630360043048858643e+01 -1.484866046905517578e+01
-1.690759984652201453e+01 -1.452823390960693395e+01
-1.763117504119873047e+01 -1.428880920410156286e+01
-1.719852201143900672e+01 -1.405972766876220703e+01
-1.729351409276326379e+01 -1.404845294952392543e+01
-1.618020057678222656e+01 -1.431292114257812464e+01
-1.635421462853749475e+01 -1.372033462524414027e+01
-1.748168754577636719e+01 -1.420858249664306605e+01
-1.695039256413777551e+01 -1.489145622253417933e+01
-1.738987672328948975e+01 -1.417039318084716726e+01
-1.697176265716552734e+01 -1.456838874816894602e+01
-1.708704872926076135e+01 -1.465545368194580078e+01
-1.622238822778065881e+01 -1.425772838592529368e+01
-1.749063126246134559e+01 -1.445963058471679652e+01
-1.753876256942749023e+01 -1.514353179931640625e+01
-1.695917582511901855e+01 -1.399853610992431641e+01
-1.717757328351338586e+01 -1.447098102569580114e+01
-1.752796534697214881e+01 -1.466428222656250036e+01
-1.743038185437520227e+01 -1.467335052490234304e+01
-1.715809845924377441e+01 -1.469497032165527273e+01
-1.703382428487141809e+01 -1.421028556823730504e+01
-1.729877412319183350e+01 -1.406587409973144531e+01
-1.640185046195983887e+01 -1.289849891662597692e+01
-1.750950209299723426e+01 -1.451240520477294993e+01
-1.750047556559244910e+01 -1.449297981262207102e+01
-1.740083384513854980e+01 -1.458627548217773473e+01
-1.752636142571767053e+01 -1.423263206481933629e+01
-1.620069571336110315e+01 -1.378660259246826136e+01
-1.712680796782175818e+01 -1.379477195739746165e+01
-1.755979005495707312e+01 -1.326661739349365199e+01
-1.659473498662312707e+01 -1.391560764312744070e+01
-1.750722773869832238e+01 -1.501896266937255930e+01
-1.790326420466105262e+01 -1.375974769592285085e+01
-1.757213314374287805e+01 -1.417375888824462926e+01
-1.746234114964802941e+01 -1.473529663085937536e+01
-1.664921764532725135e+01 -1.420502166748046946e+01
-1.768124202887217322e+01 -1.306686477661132884e+01
-1.734637618064880371e+01 -1.421297531127929759e+01
-1.653070167700449744e+01 -1.469403438568115305e+01
-1.801129309336344519e+01 -1.377616672515869212e+01
-1.687875306606292725e+01 -1.447223854064941406e+01
-1.758573754628499231e+01 -1.424195384979248047e+01
-1.673098409175872803e+01 -1.319884510040283132e+01
-1.599448470274607281e+01 -1.447146568298339808e+01
-1.748349626859029016e+01 -1.451737022399902344e+01
-1.734477031230926514e+01 -1.340024471282958984e+01
-1.718550729751586914e+01 -1.372841129302978480e+01
-1.784495266278584680e+01 -1.494347343444824183e+01
-1.801653814315795898e+01 -1.346548042297363246e+01
-1.698479545116424561e+01 -1.395220165252685618e+01
-1.764705502986907959e+01 -1.441979789733886719e+01
-1.757130567232767859e+01 -1.364986667633056605e+01
-1.693565690517425537e+01 -1.435755252838134766e+01
-1.761730122566223145e+01 -1.365367298126220774e+01
-1.758688982327779016e+01 -1.472387142181396413e+01
-1.803332408269246301e+01 -1.445637111663818430e+01
-1.782596818606058875e+01 -1.442158718109130788e+01
-1.793289911746978760e+01 -1.359918899536132741e+01
-1.746267183621724328e+01 -1.410522003173828054e+01
-1.750033966700236121e+01 -1.501197757720947301e+01
-1.773264805475870887e+01 -1.291777248382568288e+01
-1.759980515638987342e+01 -1.426194610595703161e+01
-1.804343585173289100e+01 -1.375312461853027379e+01
-1.783967995643615723e+01 -1.434339828491210866e+01
-1.788372357686360559e+01 -1.463184165954589844e+01
-1.705799547831217566e+01 -1.447602519989013636e+01
-1.778030586242675781e+01 -1.483928985595703054e+01
-1.805453960100809851e+01 -1.401614055633544886e+01
-1.811061970392863074e+01 -1.416052207946777308e+01
-1.712534304459889611e+01 -1.369290180206298757e+01
-1.730427245299021521e+01 -1.455126342773437464e+01
-1.803530931472778320e+01 -1.391716899871826207e+01
-1.782786051432291785e+01 -1.413871536254882777e+01
-1.842580135663350305e+01 -1.428864574432373047e+01
-1.801949636141459266e+01 -1.338493804931640696e+01
-1.646314465999603271e+01 -1.330179252624511754e+01
-1.808241717020670691e+01 -1.454844741821289134e+01
-1.709639497598012170e+01 -1.347573928833007884e+01
-1.777071444193522254e+01 -1.467502708435058523e+01
-1.832475352287292480e+01 -1.440557308197021413e+01
-1.841392966111500940e+01 -1.464659347534179723e+01
-1.822676793734232703e+01 -1.418003349304199290e+01
-1.818703325589497766e+01 -1.349196586608886683e+01
-1.810975035031636438e+01 -1.383217716217041016e+01
-1.762593408425648889e+01 -1.345904426574707102e+01
-1.776017375787099084e+01 -1.417658061981201101e+01
-1.806472567717234412e+01 -1.414785308837890554e+01
-1.797724866867065430e+01 -1.426982688903808594e+01
-1.803834601243336877e+01 -1.431109580993652308e+01
-1.850734861691792688e+01 -1.426640949249267543e+01
-1.860906259218851844e+01 -1.384541950225830043e+01
-1.830681252479553223e+01 -1.434261093139648402e+01
-1.790636817614237586e+01 -1.419938278198242188e+01
-1.859684848785400391e+01 -1.424156990051269567e+01
-1.858051355679829797e+01 -1.417647800445556605e+01
-1.860610111554463586e+01 -1.441568393707275320e+01
-1.793463083108266076e+01 -1.233579521179199290e+01
-1.825054760773976525e+01 -1.343603210449218821e+01
-1.822624556223551551e+01 -1.351982097625732493e+01
-1.784153465429941932e+01 -1.370586299896240234e+01
-1.819365135828654090e+01 -1.417462825775146484e+01
-1.820991404851277551e+01 -1.403400897979736328e+01
-1.829368400573730469e+01 -1.399359073638916051e+01
-1.671207853158314904e+01 -1.361050872802734446e+01
-1.707676041126251221e+01 -1.448008022308349574e+01
-1.749219040075938025e+01 -1.414255218505859446e+01
-1.803180778026580811e+01 -1.436576004028320241e+01
-1.821814942359924316e+01 -1.419779529571533239e+01
-1.769932115077972412e+01 -1.390714855194091726e+01
-1.838961712519327918e+01 -1.406951503753662180e+01
-1.868638753890991211e+01 -1.401755828857421804e+01
-1.830479474862416467e+01 -1.289233303070068359e+01
-1.845792047182719031e+01 -1.398774681091308558e+01
-1.826270349820454797e+01 -1.452024955749511648e+01
-1.870659979184468469e+01 -1.345604114532470774e+01
-1.877663834889729699e+01 -1.428739910125732493e+01
-1.872279560565948486e+01 -1.405196056365966761e+01
-1.743467597166697303e+01 -1.418407707214355540e+01
-1.791596841812133789e+01 -1.381981754302978516e+01
-1.800219289461771766e+01 -1.377628459930419957e+01
-1.811118133862813195e+01 -1.408896846771240163e+01
-1.903358983993530273e+01 -1.367379875183105398e+01
-1.828183531761169434e+01 -1.364101619720458913e+01
-1.850493820508321008e+01 -1.275320739746093679e+01
-1.661269350846608361e+01 -1.435123558044433523e+01
-1.839459109306335449e+01 -1.344998245239257884e+01
-1.764310812950134277e+01 -1.307379264831542898e+01
-1.837945834795634070e+01 -1.337703170776367223e+01
-1.828494517008463660e+01 -1.357525749206542898e+01
-1.832414372762044152e+01 -1.340192871093750071e+01
-1.786406219005584717e+01 -1.409008331298828054e+01
-1.823098723093668738e+01 -1.356572971343994105e+01
-1.875925119717915734e+01 -1.345986766815185476e+01
-1.837262868881225586e+01 -1.408010520935058629e+01
-1.764300425847371301e+01 -1.259775428771972727e+01
-1.817659648259480676e+01 -1.398259105682373082e+01
-1.766882117589314660e+01 -1.398171386718749964e+01
-1.833918738365173340e+01 -1.361041374206542898e+01
-1.764658300081888953e+01 -1.342210006713867188e+01
-1.758415981133778772e+01 -1.457692985534668040e+01
-1.757274369398752967e+01 -1.390013904571533132e+01
-1.861306730906168738e+01 -1.372629089355468679e+01
-1.835701258977254113e+01 -1.381856060028076172e+01
-1.814316805203755578e+01 -1.387534732818603445e+01
-1.869748926162719727e+01 -1.462767295837402415e+01
-1.902750515937805176e+01 -1.417814159393310547e+01
-1.845344940821329871e+01 -1.394122314453125000e+01
-1.872571754455566406e+01 -1.430837383270263707e+01
-1.768539615472157678e+01 -1.346353855133056676e+01
-1.849722115198771277e+01 -1.336023387908935511e+01
-1.823224647839863977e+01 -1.338036117553710902e+01
-1.837973475456237793e+01 -1.392647361755371094e+01
-1.897456582387288293e+01 -1.398408756256103480e+01
-1.832660261789957801e+01 -1.417663631439208949e+01
-1.813982303937276086e+01 -1.441115474700927734e+01
-1.896826195716857910e+01 -1.397210235595703054e+01
-1.854743671417236328e+01 -1.356556472778320277e+01
-1.831297349929809570e+01 -1.395398597717285227e+01
-1.903188085556030273e+01 -1.424791965484619105e+01
-1.890629434585571289e+01 -1.456076736450195241e+01
-1.837962810198466101e+01 -1.396252117156982386e+01
-1.774753956000010291e+01 -1.414041976928711009e+01
-1.873814384142557898e+01 -1.393884696960449254e+01
-1.881334710121154785e+01 -1.311561527252197301e+01
-1.868483583132426062e+01 -1.313442192077636683e+01
-1.805915045738220215e+01 -1.410401268005371023e+01
-1.885539197921752930e+01 -1.347420539855957067e+01
-1.856346122423807898e+01 -1.354755382537841868e+01
-1.808977226416270057e+01 -1.336384429931640661e+01
-1.862940637270609656e+01 -1.339615440368652344e+01
-1.881089349587758264e+01 -1.336359386444091868e+01
-1.894348978996276855e+01 -1.298146705627441477e+01
-1.895523953437805176e+01 -1.339541320800781321e+01
-1.914326977729797363e+01 -1.396690998077392543e+01
-1.787646281719207764e+01 -1.401533794403076172e+01
-1.769478007157643518e+01 -1.355962104797363210e+01
-1.842633152008056641e+01 -1.320097217559814418e+01
-1.845232240358988562e+01 -1.369408645629882848e+01
-1.896009421348571777e+01 -1.418050537109374964e+01
-1.872457488377888879e+01 -1.343169174194335902e+01
-1.800417315959930420e+01 -1.358226280212402415e+01
-1.916292452812194824e+01 -1.352573509216308523e+01
-1.843592127164204797e+01 -1.431862678527832067e+01
-1.893398698170979699e+01 -1.401136207580566406e+01
-1.878324333826700965e+01 -1.409810848236083913e+01
-1.874055234591166297e+01 -1.394908580780029261e+01
-1.830598258972167969e+01 -1.385106048583984339e+01
-1.933965730667114258e+01 -1.428217163085937536e+01
-1.854562934239705285e+01 -1.382495937347412074e+01
-1.854109175999959191e+01 -1.341387691497802770e+01
-1.913410592079162598e+01 -1.376234741210937429e+01
-1.878676454226176062e+01 -1.328257713317871058e+01
-1.900413791338602820e+01 -1.371528301239013636e+01
-1.940579589207967004e+01 -1.378701705932617116e+01
-1.928497099876403809e+01 -1.440798587799072195e+01
-1.924160194396972656e+01 -1.368374805450439524e+01
-1.832100502649943152e+01 -1.438214073181152308e+01
-1.910925475756327430e+01 -1.388166313171386790e+01
-1.867542592684428016e+01 -1.401319007873535227e+01
-1.899686431884765625e+01 -1.320728778839111328e+01
-1.859492874145507812e+01 -1.397903861999511754e+01
-1.885960221290588379e+01 -1.367782363891601527e+01
-1.900066391626993934e+01 -1.392376480102539027e+01
-1.907059041659037391e+01 -1.383733673095703054e+01
-1.903490257263183594e+01 -1.313627300262451136e+01
-1.898013861974080285e+01 -1.352264461517333949e+01
-1.924792337417602539e+01 -1.388272304534912038e+01
-1.946288386980692664e+01 -1.366628417968749964e+01
-1.900341645876566687e+01 -1.304585876464843786e+01
-1.861467703183491906e+01 -1.326197929382324148e+01
-1.865133508046467981e+01 -1.306548919677734411e+01
-1.883022205034891883e+01 -1.408021030426025355e+01
-1.901419663429260254e+01 -1.435888099670410156e+01
-1.952227838834126672e+01 -1.367526054382324219e+01
-1.908911712964375695e+01 -1.319325828552246094e+01
-1.815576259295145789e+01 -1.483462524414062500e+01
-1.861186552047729492e+01 -1.425251121520996023e+01
-1.916490713755289832e+01 -1.330748405456543004e+01
-1.842333519458770752e+01 -1.367276840209961009e+01
-1.932205708821614465e+01 -1.358839817047119070e+01
-1.939315382639567176e+01 -1.368348159790039098e+01
-1.894195270538330078e+01 -1.323439769744873118e+01
-1.893471964200337609e+01 -1.311413383483886719e+01
-1.800490661462147912e+01 -1.389670257568359446e+01
-1.915021149317423621e+01 -1.352894992828369070e+01
-1.930685663223266602e+01 -1.305596847534179616e+01
-1.913376442591349402e+01 -1.411937408447265696e+01
-1.841284294923146447e+01 -1.336377601623535227e+01
-1.859578140576680383e+01 -1.425312328338623047e+01
-1.907890756924946984e+01 -1.406251354217529226e+01
-1.908310206731160363e+01 -1.262026672363281321e+01
-1.691041811307271203e+01 -1.382461185455322195e+01
-1.829167799154917518e+01 -1.374151515960693359e+01
-1.834980022907257080e+01 -1.291855316162109446e+01
-1.936900067329406738e+01 -1.360048522949218786e+01
-1.979097962379455566e+01 -1.357918167114257812e+01
-1.957650113105773926e+01 -1.301497802734374964e+01
-1.894077579180399695e+01 -1.359116058349609446e+01
-1.952202590306599816e+01 -1.340796184539794922e+01
-1.955152567227681359e+01 -1.386406345367431570e+01
-1.924143401781718055e+01 -1.336470661163330043e+01
-1.847227140267689904e+01 -1.360357151031494105e+01
-1.888115644454956055e+01 -1.385674095153808594e+01
-1.913290572166442871e+01 -1.425864734649658239e+01
-1.838113188743591309e+01 -1.263667144775390661e+01
-1.871999390920003137e+01 -1.377174758911132812e+01
-1.947346862157185754e+01 -1.361585178375244176e+01
-1.916996991634368896e+01 -1.347385025024414062e+01
-1.930609750747680664e+01 -1.369798088073730469e+01
-1.884038631121317664e+01 -1.344127407073974645e+01
-1.899739106496175012e+01 -1.304052639007568359e+01
-1.875827169418334961e+01 -1.387463798522949254e+01
-1.949768304824829102e+01 -1.328337402343749929e+01
-1.928716556231180945e+01 -1.394930915832519602e+01
-1.942873406410217285e+01 -1.403516635894775355e+01
-1.898740752538045129e+01 -1.393041744232177770e+01
-1.942555697758992395e+01 -1.334401149749755788e+01
-1.945043730735778809e+01 -1.369152717590332102e+01
-1.904991157849629602e+01 -1.309774951934814524e+01
-1.892964680989583215e+01 -1.371889572143554759e+01
-1.871484788258870324e+01 -1.400606670379638707e+01
-1.884863996505737305e+01 -1.336306934356689524e+01
-1.911637107531229773e+01 -1.433560867309570241e+01
-1.953724646568298340e+01 -1.311601047515869212e+01
-1.863221240043640137e+01 -1.338641605377197230e+01
-1.908498291174570838e+01 -1.375907878875732493e+01
-1.979305640856425086e+01 -1.390493450164794886e+01
-1.983941141764323035e+01 -1.329019508361816371e+01
-1.891695928573608398e+01 -1.386260261535644567e+01
-1.844314654668172082e+01 -1.265217285156250071e+01
-1.798678994178771973e+01 -1.345858173370361399e+01
-1.921842137972513953e+01 -1.394179019927978480e+01
-1.944164911905924598e+01 -1.300892696380615199e+01
-1.925707674026489258e+01 -1.435256118774413991e+01
-1.971182640393574914e+01 -1.313929786682128942e+01
-1.964334686597188195e+01 -1.437638244628906214e+01
-1.996286519368489465e+01 -1.388692607879638707e+01
-1.975385332107543945e+01 -1.399410648345947195e+01
-1.980105940500895301e+01 -1.313238277435302770e+01
-1.909668119748433313e+01 -1.372897338867187500e+01
-1.845653629302978516e+01 -1.332939624786376953e+01
-1.924769584337870398e+01 -1.362608184814453161e+01
-1.925101566314697266e+01 -1.414768161773681676e+01
-1.943013954162597656e+01 -1.380818843841552734e+01
-1.883161330223083496e+01 -1.289987106323242116e+01
-1.898346447944641113e+01 -1.256110458374023509e+01
-1.944394652048746863e+01 -1.372237644195556605e+01
-1.975125058492024621e+01 -1.356284236907958984e+01
-1.834327991803487024e+01 -1.404460048675537109e+01
-1.889869864781697473e+01 -1.360347194671630788e+01
-2.003597609202067176e+01 -1.420370845794677805e+01
-1.954991451899210730e+01 -1.265065002441406250e+01
-1.950530564785003662e+01 -1.404421691894531321e+01
-1.966467110315958777e+01 -1.291419734954834020e+01
-1.943999330202738562e+01 -1.393793506622314382e+01
-2.022634983062744141e+01 -1.339521312713623047e+01
-1.923821083704630652e+01 -1.384348735809326136e+01
-1.975548545519511023e+01 -1.394702930450439382e+01
-1.884743618965148926e+01 -1.277604904174804723e+01
-1.969965481758117676e+01 -1.393585948944091868e+01
-1.951059742768605432e+01 -1.298561573028564453e+01
-1.898068475723266602e+01 -1.390364341735839915e+01
-1.966336051623026648e+01 -1.384560337066650426e+01
-2.000411025683085242e+01 -1.323165626525878835e+01
-2.016129668553670129e+01 -1.351193218231201243e+01
-1.986495534578959266e+01 -1.379476966857910192e+01
-2.001406232515970984e+01 -1.408247261047363352e+01
-1.933897074063618859e+01 -1.396775188446044957e+01
-1.952653717994689941e+01 -1.399072875976562536e+01
-1.906957387924194336e+01 -1.354636669158935547e+01
-1.954635651906331262e+01 -1.399118309020996165e+01
-1.916432503859202185e+01 -1.330901908874511719e+01
-1.938410218556721887e+01 -1.375885410308837820e+01
-1.886359024047851562e+01 -1.372779121398925817e+01
-1.857852907975514611e+01 -1.332307453155517507e+01
-1.948242115974426270e+01 -1.399134254455566406e+01
-1.979547977447509766e+01 -1.370596733093261754e+01
-1.941400106747945031e+01 -1.369574775695800817e+01
-1.988657331466674805e+01 -1.342819385528564524e+01
-1.983401314417521277e+01 -1.312886581420898402e+01
-1.928939088185628137e+01 -1.351784152984619070e+01
-1.862849199771881104e+01 -1.399168357849121058e+01
-1.931907399495442590e+01 -1.396936950683593714e+01
-1.954449494679768762e+01 -1.400036087036132848e+01
-2.015248910586039344e+01 -1.411025485992431605e+01
-1.960429867108662805e+01 -1.363148231506347585e+01
-1.997276115417480469e+01 -1.357814712524413991e+01
-1.983929403622945031e+01 -1.457531471252441335e+01
-2.005493903160095215e+01 -1.355614662170410156e+01
-2.035143613815307617e+01 -1.338685951232910121e+01
-2.035418470700581750e+01 -1.363883609771728445e+01
-1.987870701154072961e+01 -1.372010765075683558e+01
-1.956814630826314172e+01 -1.407931079864501989e+01
-1.983312082290649414e+01 -1.388513298034667898e+01
-2.020208756128947059e+01 -1.329445781707763707e+01
-2.022829230626424035e+01 -1.358612957000732457e+01
-1.822055939833323279e+01 -1.265559597015380788e+01
-1.950908629099528113e+01 -1.402580413818359339e+01
-1.985082228978474816e+01 -1.358814163208007741e+01
-2.012219254175822059e+01 -1.317989673614501989e+01
-2.004972100257873535e+01 -1.406290435791015625e+01
-1.956000542640686035e+01 -1.429989051818847656e+01
-2.018360654513041297e+01 -1.317825889587402344e+01
-1.900554704666137695e+01 -1.457167091369628942e+01
-2.010654266675313195e+01 -1.391768131256103480e+01
-1.985992908477783203e+01 -1.374459648132324219e+01
-1.949357040723164758e+01 -1.387108135223388672e+01
-2.003851914405822754e+01 -1.352477645874023438e+01
-1.935414441426594934e+01 -1.357095928192138601e+01
-1.921663165092468262e+01 -1.315483875274658132e+01
-1.966496547063191613e+01 -1.331474819183349645e+01
-2.004974023501078406e+01 -1.320793972015380824e+01
-1.969988687833150109e+01 -1.379896430969238352e+01
-1.980771589279174805e+01 -1.361627769470214844e+01
-1.888824272155761719e+01 -1.327155094146728587e+01
-1.971234464645385742e+01 -1.407195758819580078e+01
-1.955477968851725379e+01 -1.334951457977294886e+01
-2.014852190017700195e+01 -1.396002597808837820e+01
-1.959641853968302527e+01 -1.365922470092773366e+01
-2.071299171447753906e+01 -1.369498996734619212e+01
-2.015862472852071008e+01 -1.394707412719726491e+01
-2.029155683517456055e+01 -1.313185806274413991e+01
-1.962335546811421594e+01 -1.364859771728515625e+01
-1.977864917119343957e+01 -1.429405059814453161e+01
-1.966047986348469934e+01 -1.391378860473632884e+01
-2.009385053316752234e+01 -1.393579292297363281e+01
-2.045308415095011512e+01 -1.428285446166992223e+01
-2.015730818112691125e+01 -1.350301589965820348e+01
-2.023590453465779504e+01 -1.301769390106201207e+01
-2.017627215385437012e+01 -1.377704734802246023e+01
-2.046231222152709961e+01 -1.342067222595214915e+01
-2.004513716697692871e+01 -1.354647045135498118e+01
-2.024620318412780762e+01 -1.354778995513916051e+01
-2.017001732190449914e+01 -1.314809684753418040e+01
-1.984670503934224328e+01 -1.342001056671142578e+01
-1.966583299636840820e+01 -1.368362159729003835e+01
-2.009355847040812293e+01 -1.308699531555175710e+01
-1.951508319377899170e+01 -1.442521686553955007e+01
-2.010058728853861609e+01 -1.316124687194824183e+01
-1.986894297599792480e+01 -1.372733478546142649e+01
-2.024912929534912109e+01 -1.365777873992919922e+01
-2.054349382718404016e+01 -1.390731582641601527e+01
-2.017578689257303992e+01 -1.320734558105468714e+01
-1.938081065813700476e+01 -1.359295043945312464e+01
-1.983723926544189453e+01 -1.373165168762207067e+01
-2.036218722661336145e+01 -1.358467998504638707e+01
-2.003478622436523438e+01 -1.420226612091064489e+01
-2.037374313672383508e+01 -1.356910896301269531e+01
-1.976699558893839637e+01 -1.329350128173828161e+01
-1.965992196400960168e+01 -1.390761699676513707e+01
-1.946975485483805457e+01 -1.374453506469726527e+01
-2.049334351221720496e+01 -1.353287086486816371e+01
-1.989687959353129187e+01 -1.371424560546875071e+01
-1.924239571889241418e+01 -1.230334701538085973e+01
-1.941828997929890832e+01 -1.286279773712158203e+01
-2.026547304789225379e+01 -1.384406890869140661e+01
-2.024837223688761512e+01 -1.282590236663818395e+01
-1.959231861432393274e+01 -1.302337169647216797e+01
-2.009724783897399902e+01 -1.327973365783691406e+01
-1.990324083964030066e+01 -1.363619651794433629e+01
-1.985470573107401648e+01 -1.385878219604492223e+01
-2.037262686093648156e+01 -1.332229652404785192e+01
-1.993950645128886023e+01 -1.333385181427001953e+01
-1.921386766433715820e+01 -1.366155986785888743e+01
-1.922287980715433875e+01 -1.367819690704345703e+01
-2.020935106277465820e+01 -1.343033542633056676e+01
-2.062942743301391602e+01 -1.355187797546386719e+01
-2.032249546051025391e+01 -1.333545494079589844e+01
-2.065992871920267859e+01 -1.336538124084472656e+01
-2.003900543848673621e+01 -1.325605640411376918e+01
-2.028506962458292762e+01 -1.421583251953125071e+01
-2.046966671943664551e+01 -1.344645080566406214e+01
-1.984622319539387902e+01 -1.406249523162841797e+01
-1.976858162879943848e+01 -1.480636653900146449e+01
-2.010706822077433387e+01 -1.295487785339355469e+01
-2.028195071220397949e+01 -1.348945827484130788e+01
-2.051754053433736047e+01 -1.362347507476806641e+01
-1.959384747346242150e+01 -1.405984477996826243e+01
-2.047388521830241004e+01 -1.368741378784179652e+01
-2.063835366566975793e+01 -1.297646636962890554e+01
-1.965297603607177734e+01 -1.280102691650390589e+01
-2.029726648330688477e+01 -1.359082794189453125e+01
-2.064485534032185754e+01 -1.446622085571289062e+01
-2.055733950932820520e+01 -1.407462577819824290e+01
-2.023890892664591590e+01 -1.337043075561523509e+01
-2.075660514831542969e+01 -1.391757812500000036e+01
-2.083160392443339148e+01 -1.377395267486572195e+01
-2.041457200050354004e+01 -1.368289241790771449e+01
-1.946411768595377723e+01 -1.288623809814453125e+01
-2.019292394320170203e+01 -1.406163806915283132e+01
-2.051102717717488488e+01 -1.394565677642822266e+01
-2.004679067929585656e+01 -1.408907890319824219e+01
-2.035031922658284387e+01 -1.370326023101806712e+01
-2.053748178482055664e+01 -1.307296619415283168e+01
-2.022336959838867188e+01 -1.348961277008056570e+01
-1.992793051401774207e+01 -1.338107719421386754e+01
-1.942114051183064660e+01 -1.341001338958740163e+01
-1.981138968467712402e+01 -1.399792137145996129e+01
-2.031317551930745324e+01 -1.360301589965820312e+01
-1.996764071782429895e+01 -1.382354812622070384e+01
-1.998019846280415734e+01 -1.279125442504882848e+01
-1.892307607332865516e+01 -1.292230453491210973e+01
-2.029335848490397254e+01 -1.287827568054199290e+01
-1.794112829367319861e+01 -1.255088462829589879e+01
-1.985247453053792199e+01 -1.371944675445556605e+01
-2.095780857404072961e+01 -1.273201828002929759e+01
-2.059510620435078820e+01 -1.357686138153076172e+01
-1.958347360293070594e+01 -1.431903438568115305e+01
-2.001393103599548340e+01 -1.368163623809814489e+01
-2.043407734235127649e+01 -1.363544502258300817e+01
-2.085113191604614258e+01 -1.398338050842285085e+01
-2.047441244125366211e+01 -1.410891685485839808e+01
-1.958897821108500281e+01 -1.366148071289062571e+01
-1.890424394607543945e+01 -1.399822711944580078e+01
-2.039864492416381836e+01 -1.414513072967529261e+01
-2.100325727462768555e+01 -1.362816963195800746e+01
-1.935375785827636719e+01 -1.287200336456298899e+01
-1.882169485092163086e+01 -1.375464611053466868e+01
-2.106826567649841309e+01 -1.390256423950195241e+01
-2.113200608889262000e+01 -1.393223190307617188e+01
-2.054841518402099609e+01 -1.398752288818359446e+01
-2.078700621922810754e+01 -1.414934730529785156e+01
-2.033034165700276574e+01 -1.335339565277099538e+01
-2.027080519994099816e+01 -1.376745014190673899e+01
-2.045115272204081336e+01 -1.417441825866699290e+01
-1.930548111597697059e+01 -1.376759796142578196e+01
-2.070882415771484375e+01 -1.188120002746581960e+01
-1.938387449582417688e+01 -1.389910793304443359e+01
-2.121964478492736816e+01 -1.421364936828613246e+01
-2.059528684616088867e+01 -1.285390148162841761e+01
-2.083795261383056641e+01 -1.417268352508544993e+01
-2.031691376368204871e+01 -1.344896469116210902e+01
-1.913114054997761926e+01 -1.366579113006591761e+01
-1.851044511795043945e+01 -1.408242740631103551e+01
-2.037893366813659668e+01 -1.418521118164062500e+01
-2.016945290565490723e+01 -1.365402603149414062e+01
-2.103414177894592285e+01 -1.340514450073242259e+01
-2.034912649790446082e+01 -1.382277660369873118e+01
-2.046492107709248742e+01 -1.339134216308593750e+01
-2.045457315444946289e+01 -1.381214885711669993e+01
-2.077176443735758582e+01 -1.386783142089843679e+01
-2.081630754470825195e+01 -1.396951408386230398e+01
-2.105990926424662391e+01 -1.355993270874023438e+01
-2.071246234575907508e+01 -1.359267292022705043e+01
-2.020514599482218543e+01 -1.312545433044433629e+01
-2.116770029067993164e+01 -1.298870735168457102e+01
-2.047135591506958008e+01 -1.350849380493164098e+01
-2.126726651191711426e+01 -1.411236190795898438e+01
-2.122085158030192176e+01 -1.323105220794677805e+01
-2.058203275998433313e+01 -1.424335289001464844e+01
-2.085552835464477539e+01 -1.302208194732665980e+01
-2.046616625785827637e+01 -1.301578407287597727e+01
-2.052732467651367188e+01 -1.373008518218994212e+01
-2.132547211647033691e+01 -1.326346874237060547e+01
-1.907537845770518103e+01 -1.342121047973632741e+01
-2.004197537899017334e+01 -1.366896400451660121e+01
-2.077034147580464563e+01 -1.327193317413330043e+01
-2.030725320180257043e+01 -1.371200885772705114e+01
-2.087203884124755859e+01 -1.285622634887695348e+01
-2.073628036181132117e+01 -1.319261207580566442e+01
-2.039124957720438758e+01 -1.435330619812011754e+01
-2.002542157967885217e+01 -1.266580276489257884e+01
-2.022838950157165527e+01 -1.359909515380859446e+01
-2.108507752418518066e+01 -1.348324947357177805e+01
-1.990452750523884973e+01 -1.328337135314941442e+01
-1.932735419273376465e+01 -1.272424182891845668e+01
-1.884633449713389197e+01 -1.326671199798584055e+01
-2.048703980445861816e+01 -1.333041057586669886e+01
-2.085858368873596191e+01 -1.396392402648925746e+01
-2.128670835494995117e+01 -1.348985176086425852e+01
-2.155073777834574500e+01 -1.368896732330322230e+01
-2.065987626711527625e+01 -1.382094879150390554e+01
-2.065542078018188477e+01 -1.349468383789062464e+01
-2.111701289812723914e+01 -1.380628566741943430e+01
-2.135882608095804969e+01 -1.370436820983886683e+01
-2.093546748161315918e+01 -1.288216476440429759e+01
