# Train Val
-2.691934692362944137e+00 -6.951876783370972035e+00
-7.812935183445612886e+00 -8.112818717956542969e+00
-8.078575809796651797e+00 -8.101448678970337269e+00
-8.111600677172342344e+00 -8.167075920104981179e+00
-8.137248794237772032e+00 -8.211394023895262961e+00
-8.128994355599084898e+00 -8.198146963119507191e+00
-8.160453240076700254e+00 -8.197466993331909535e+00
-8.218103041251501040e+00 -8.232978296279906516e+00
-8.232433517773946718e+00 -8.272147798538208363e+00
-8.244426012039184570e+00 -8.333023500442504172e+00
-8.273286640644073486e+00 -8.304980373382568004e+00
-8.261280079682668642e+00 -8.299328041076659446e+00
-8.258390545845031738e+00 -8.289169597625733132e+00
-8.274234473705291748e+00 -8.269537019729614968e+00
-8.281476587057113647e+00 -8.306959915161133523e+00
-8.251115341981252627e+00 -8.319202327728271840e+00
-8.280019650856653257e+00 -8.281830692291260121e+00
-8.266807685295740171e+00 -8.343507671356201527e+00
-8.272855798403421446e+00 -8.211117267608642578e+00
-8.276598821083704038e+00 -8.281070184707640891e+00
-8.286081473032632871e+00 -8.299570751190184836e+00
-8.273195197184881167e+00 -8.271676826477051492e+00
-8.305433491865793272e+00 -8.357065916061401367e+00
-8.293998509645462036e+00 -8.330115556716918945e+00
-8.338417480389276548e+00 -8.277995014190674183e+00
-8.326596240202585264e+00 -8.380052947998047230e+00
-8.360062509775161743e+00 -8.379656362533570046e+00
-8.330692052841186523e+00 -8.435173130035400035e+00
-8.388211458921432495e+00 -8.418717002868651988e+00
-8.425153702497482300e+00 -8.506742572784423473e+00
-8.408907661835351988e+00 -8.486410140991210938e+00
-8.470378210147222475e+00 -8.612138414382934926e+00
-8.573543469111124082e+00 -8.737659215927124023e+00
-8.721654911835988955e+00 -8.843246316909789684e+00
-8.628157049417495728e+00 -8.820748519897460227e+00
-8.827652504046758608e+00 -8.701314115524292347e+00
-8.992791553338369326e+00 -9.341130161285400746e+00
-8.832856655120849609e+00 -9.123345565795897727e+00
-9.234611093997955322e+00 -9.575329685211181996e+00
-9.187552899122238159e+00 -8.989726495742797141e+00
-9.189783910910287901e+00 -9.211589050292968039e+00
-9.470433294773101807e+00 -9.579800319671630149e+00
-9.479531655708948179e+00 -9.505901765823363547e+00
-9.452919165293375059e+00 -8.804003572463988903e+00
-9.571895579497018858e+00 -9.448990440368651988e+00
-9.709945430358251528e+00 -9.726716518402099609e+00
-9.624281704425811768e+00 -9.831542015075683594e+00
-9.834104826052984194e+00 -9.820838165283202414e+00
-9.868168135484060244e+00 -9.630191230773926137e+00
-9.931275427341461182e+00 -9.532995128631592152e+00
-1.011483188470204730e+01 -1.015847215652465785e+01
-1.008332077662150006e+01 -9.224525260925293679e+00
-9.910800437132516905e+00 -9.680219268798827770e+00
-9.889844377835592226e+00 -1.005369834899902415e+01
-9.906922668218612671e+00 -1.005118751525878906e+01
-1.011303406953811646e+01 -9.893735599517821555e+00
-1.031011156241098981e+01 -9.911623382568359730e+00
-1.035199644168218036e+01 -1.007233877182006765e+01
-9.956644753615060850e+00 -9.806664371490478871e+00
-1.016707386573155780e+01 -9.973264980316162820e+00
-1.007181053360303302e+01 -9.963119316101074929e+00
-1.021813386678695679e+01 -9.723423290252686257e+00
-1.051274476448694806e+01 -9.945251750946045632e+00
-1.030337788661321063e+01 -1.030529193878173899e+01
-1.061255440115928650e+01 -1.021336622238159109e+01
-1.051585479577382465e+01 -1.036108961105346715e+01
-1.055410148700078388e+01 -1.027891645431518519e+01
-1.054443015654881854e+01 -1.011268510818481481e+01
-1.053042699893315692e+01 -1.034429063796997106e+01
-1.077452268203099628e+01 -9.752184963226318004e+00
-1.040188213189443012e+01 -9.881831836700438743e+00
-1.061006840070088764e+01 -1.045875616073608327e+01
-1.071272412935892682e+01 -9.860166454315185902e+00
-1.065148633718490601e+01 -1.038038072586059535e+01
-1.045597177743911743e+01 -1.039125738143920863e+01
-1.070850054423014264e+01 -9.757769775390624289e+00
-1.078807097673416138e+01 -1.047710494995117259e+01
-1.089415021737416644e+01 -1.067919416427612234e+01
-1.097656420866648297e+01 -1.041201667785644602e+01
-1.102981203794479370e+01 -1.048958921432495117e+01
-1.080004068215688129e+01 -9.980356884002684836e+00
-1.080854481458663940e+01 -1.056427555084228587e+01
-1.091604781150817871e+01 -1.024306840896606374e+01
-1.088863118489583393e+01 -1.038051195144653249e+01
-1.093565003077189068e+01 -1.055894737243652415e+01
-1.106595587730407715e+01 -1.046700305938720632e+01
-1.093051940202713013e+01 -1.061189765930175710e+01
-1.114741106828053852e+01 -1.092177324295044016e+01
-1.108019599318504333e+01 -1.040433254241943395e+01
-1.105515571435292621e+01 -1.070092678070068359e+01
-1.095970026652018170e+01 -1.058704967498779226e+01
-1.118073948224385639e+01 -1.073086376190185476e+01
-1.126315631469090839e+01 -1.043939065933227539e+01
-1.106548573573430438e+01 -1.054175577163696254e+01
-1.085354342063268085e+01 -9.954493618011474254e+00
-1.122626113891601562e+01 -1.107766456604003835e+01
-1.120269014437993427e+01 -1.055814275741577113e+01
-1.128311767180760761e+01 -1.102767992019653320e+01
-1.137505080302556415e+01 -1.097114162445068430e+01
-1.150370679299036603e+01 -1.011005725860595739e+01
-1.137267420689264874e+01 -1.094030113220214773e+01
-1.130572414398193359e+01 -1.019907703399658239e+01
-1.118580188353856464e+01 -1.025774011611938441e+01
-1.134708857536315918e+01 -1.093395338058471644e+01
-1.152848154306411743e+01 -1.029485626220703054e+01
-1.141038211186726947e+01 -1.103278808593750071e+01
-1.149302041530609131e+01 -1.121828346252441477e+01
-1.161294913291931152e+01 -1.015845994949340891e+01
-1.107494491338729858e+01 -1.096493110656738246e+01
-1.163153094053268433e+01 -1.114825372695922923e+01
-1.192801117897033691e+01 -1.080042209625244176e+01
-1.107513540983200073e+01 -9.942765998840332742e+00
-1.123334264755249023e+01 -1.051129293441772461e+01
-1.096421688795089722e+01 -1.106574974060058558e+01
-1.168156115214029889e+01 -1.150476541519165075e+01
-1.155063319206237793e+01 -1.100030212402343821e+01
-1.189091177781422992e+01 -1.077208709716796875e+01
-1.152768568197886090e+01 -1.130094318389892649e+01
-1.147458142042160034e+01 -9.564347743988037109e+00
-1.172397355238596539e+01 -1.045099687576293945e+01
-1.161774905522664447e+01 -1.086684074401855504e+01
-1.195089336236318012e+01 -1.084214878082275391e+01
-1.195846680800119977e+01 -1.104259777069091797e+01
-1.188100145260492901e+01 -1.114815530776977504e+01
-1.193889365593592267e+01 -1.143193511962890696e+01
-1.175107457240422626e+01 -1.140312242507934570e+01
-1.212226172288258930e+01 -1.146578092575073171e+01
-1.193668480714162250e+01 -1.095767974853515625e+01
-1.202688781420389752e+01 -1.005942506790161062e+01
-1.204002660512924194e+01 -1.125386152267456019e+01
-1.191221717993418316e+01 -1.115202531814575160e+01
-1.215313583612442017e+01 -1.104879903793334961e+01
-1.199976372718811035e+01 -1.122120437622070277e+01
-1.219465919335683246e+01 -1.154284334182739258e+01
-1.203753280639648438e+01 -1.130678482055663991e+01
-1.200057391325632672e+01 -1.110096092224121023e+01
-1.193833514054616352e+01 -1.110535726547241175e+01
-1.167464835445086102e+01 -1.158235130310058558e+01
-1.229275363683700562e+01 -1.133487339019775320e+01
-1.204923764864603619e+01 -1.082781858444213796e+01
-1.192886799573898315e+01 -9.918715572357177379e+00
-1.186774433652559857e+01 -1.127752294540405309e+01
-1.220533714691797833e+01 -1.111930990219116211e+01
-1.225338395436604877e+01 -1.130819454193115270e+01
-1.166179291407267193e+01 -1.088892669677734304e+01
-1.213590538501739502e+01 -1.168801021575927734e+01
-1.234839870532353778e+01 -1.159799051284790039e+01
-1.248324642578760724e+01 -1.083937196731567454e+01
-1.201476532220840454e+01 -1.182408914566040004e+01
-1.254874374469121356e+01 -1.029135980606079137e+01
-1.200280221303304096e+01 -1.160829515457153249e+01
-1.236931236584981342e+01 -1.094095916748046804e+01
-1.189778341849645038e+01 -1.157357368469238246e+01
-1.224911081790924072e+01 -1.171726417541503906e+01
-1.256050982077916522e+01 -1.164633531570434499e+01
-1.245631859699884991e+01 -1.108122301101684570e+01
-1.259805876016616821e+01 -1.005621728897094691e+01
-1.232963983217875104e+01 -1.134715871810913157e+01
-1.216110275189081769e+01 -1.155399274826049805e+01
-1.278495488564173321e+01 -1.094013299942016637e+01
-1.247574907541275024e+01 -1.144131441116332937e+01
-1.249006156126658063e+01 -1.158482913970947337e+01
-1.216515709956487079e+01 -1.148976469039916992e+01
-1.226555969317754169e+01 -1.105864572525024414e+01
-1.262727916240692139e+01 -1.114511928558349574e+01
-1.256822111209233661e+01 -1.128616032600402797e+01
-1.277386985222498517e+01 -1.141561384201049734e+01
-1.259407772620519061e+01 -1.137598056793212820e+01
-1.259588100512822528e+01 -1.085404586791992188e+01
-1.267369484901428223e+01 -1.113591518402099645e+01
-1.279212127129236798e+01 -1.182132244110107422e+01
-1.282109167178471942e+01 -1.124966030120849680e+01
-1.295555575688680072e+01 -1.169705972671508754e+01
-1.257035070657730103e+01 -1.011821384429931570e+01
-1.244764494895935059e+01 -1.119753704071044886e+01
-1.272878925005594830e+01 -1.186390800476074148e+01
-1.294640642404556274e+01 -1.175305156707763743e+01
-1.293946562210718731e+01 -1.147208957672119212e+01
-1.295455646514892578e+01 -1.195113773345947195e+01
-1.276825582981109619e+01 -1.088175554275512624e+01
-1.283948761224746704e+01 -1.211419744491577077e+01
-1.296174232165018658e+01 -1.187541255950927699e+01
-1.269852431615193744e+01 -1.203064479827880895e+01
-1.321873644987742047e+01 -1.182798271179199290e+01
-1.284620362520217896e+01 -1.196540174484252894e+01
-1.331054478883743286e+01 -1.143457069396972692e+01
-1.298039505879084210e+01 -1.160440473556518626e+01
-1.281475325425465961e+01 -1.122706575393676687e+01
-1.309578382968902588e+01 -1.182776641845703125e+01
-1.296142131090164185e+01 -1.041195659637451243e+01
-1.305006011327107807e+01 -1.167688179016113281e+01
-1.322690172990163227e+01 -1.196627178192138707e+01
-1.295195255676905255e+01 -1.167267637252807688e+01
-1.282995529969533344e+01 -1.191492443084716868e+01
-1.307086888949076275e+01 -1.194813613891601634e+01
-1.304158880313237567e+01 -1.106786642074584925e+01
-1.348006083567937274e+01 -1.111770830154418910e+01
-1.281446729103724103e+01 -1.185599260330200266e+01
-1.355307688315709491e+01 -1.137872009277343821e+01
-1.316272797187169452e+01 -1.175844182968139684e+01
-1.286755055189132690e+01 -1.192599306106567347e+01
-1.321091943979263306e+01 -1.144939823150634695e+01
-1.298244557778040509e+01 -1.164114646911621165e+01
-1.346001146237055401e+01 -1.209026327133178746e+01
-1.314035755395889282e+01 -1.055418195724487340e+01
-1.288163636128107647e+01 -1.141802005767822337e+01
-1.338994552691777606e+01 -1.203680763244628871e+01
-1.325871109962463379e+01 -1.147408838272094656e+01
-1.309406870603561401e+01 -1.161277208328247035e+01
-1.322952761252721210e+01 -1.191528940200805664e+01
-1.334996024767557721e+01 -1.123924846649169851e+01
-1.295745182037353516e+01 -1.185632114410400462e+01
-1.355658690134684186e+01 -1.115524015426635707e+01
-1.372302579879760742e+01 -1.181761989593505824e+01
-1.340500871340433697e+01 -1.174284315109252930e+01
-1.336802244186401367e+01 -1.191003656387329102e+01
-1.352738449970881085e+01 -1.205392141342163015e+01
-1.342466862996419330e+01 -1.185706148147582972e+01
-1.321907848119735718e+01 -1.220117063522338796e+01
-1.332099692026774029e+01 -1.187606773376464808e+01
-1.351889499028523822e+01 -1.243620538711547852e+01
-1.363056043783823590e+01 -1.152738132476806676e+01
-1.298758210738500019e+01 -1.234897661209106445e+01
-1.365967388947804828e+01 -1.214692459106445277e+01
-1.380324033896128277e+01 -1.184996471405029261e+01
-1.309290182590484619e+01 -1.177935504913330078e+01
-1.325004027287165265e+01 -1.205110492706298864e+01
-1.358918815851211548e+01 -1.219985227584838938e+01
-1.303429398934046368e+01 -1.231083545684814418e+01
-1.299729082981745343e+01 -1.210498819351196254e+01
-1.372669361035029034e+01 -1.181738691329956126e+01
-1.408176976442337036e+01 -1.224266042709350621e+01
-1.322828743855158429e+01 -1.143435449600219656e+01
-1.369895366827646832e+01 -1.170765094757080149e+01
-1.374223236242930035e+01 -1.214388227462768555e+01
-1.373046696186065674e+01 -1.067761602401733434e+01
-1.350756027301152606e+01 -1.261016254425048899e+01
-1.394430351257324219e+01 -1.144043416976928640e+01
-1.369450980424880981e+01 -1.266468648910522532e+01
-1.388294110695520978e+01 -1.084451255798339808e+01
-1.404863572120666504e+01 -1.229003458023071360e+01
-1.372230293353398700e+01 -1.189196214675903285e+01
-1.393709868192672729e+01 -1.155238199234008789e+01
-1.355381178855895996e+01 -1.198970861434936452e+01
-1.410133246580759625e+01 -1.187946834564209020e+01
-1.394153898954391479e+01 -1.179433126449584890e+01
-1.375434992710749249e+01 -1.170240392684936559e+01
-1.378505126635233502e+01 -1.265728254318237234e+01
-1.403747457265853882e+01 -1.195925846099853551e+01
-1.377054454882939716e+01 -1.249189472198486328e+01
-1.405445071061452289e+01 -1.243374509811401296e+01
-1.381564915180206299e+01 -1.197710161209106516e+01
-1.365847647190093994e+01 -1.243381547927856445e+01
-1.408806405464808087e+01 -1.213288936614990199e+01
-1.391482516129811664e+01 -1.236248292922973668e+01
-1.396044450998306274e+01 -1.218127021789550746e+01
-1.396750797828038593e+01 -1.177621898651123011e+01
-1.410416571299234967e+01 -1.199214639663696325e+01
-1.398758880297342877e+01 -1.185967311859130824e+01
-1.370594849189122577e+01 -1.159963178634643555e+01
-1.360383814573287964e+01 -1.178222923278808665e+01
-1.398629971345265766e+01 -1.137606649398803782e+01
-1.396711035569508930e+01 -1.160365557670593262e+01
-1.406560029586156269e+01 -1.226598539352417028e+01
-1.388177233934402466e+01 -1.151318349838256871e+01
-1.402598943312962909e+01 -1.202557477951049769e+01
-1.378533768653869629e+01 -1.204427204132080043e+01
-1.382284684975942035e+01 -1.082620134353637731e+01
-1.403242675463358502e+01 -1.244204578399658168e+01
-1.434235121806462665e+01 -1.212407970428466797e+01
-1.360568795601526837e+01 -1.150717306137084961e+01
-1.383402109146118164e+01 -1.212768697738647461e+01
-1.424793032805124859e+01 -1.190965270996093750e+01
-1.427916727463404278e+01 -1.272529783248901403e+01
-1.373136504491170307e+01 -1.122635178565979075e+01
-1.423039799928665161e+01 -1.243039083480834961e+01
-1.409846005837122540e+01 -1.226338796615600657e+01
-1.463132713238398175e+01 -1.208537502288818288e+01
-1.422538737456003766e+01 -1.188443632125854421e+01
-1.438044349352518658e+01 -1.268824825286865199e+01
-1.393431017796198468e+01 -1.244985246658325195e+01
-1.416537630558013916e+01 -1.182421941757202077e+01
-1.427046165863672833e+01 -1.216631727218628001e+01
-1.394542217254638672e+01 -1.165035381317138707e+01
-1.404226628939310650e+01 -1.158210868835449148e+01
-1.427215941747029682e+01 -1.218331756591796911e+01
-1.429037731885910034e+01 -1.220736494064331090e+01
-1.441704056660334210e+01 -1.168865184783935618e+01
-1.426646786928176880e+01 -1.269269399642944407e+01
-1.399118542671203613e+01 -1.212907819747924876e+01
-1.451590160528818707e+01 -1.243496103286743093e+01
-1.456682342290878296e+01 -1.253499021530151403e+01
-1.459064879020055194e+01 -1.199410362243652273e+01
-1.455743064483006854e+01 -1.203598709106445241e+01
-1.442261586586634259e+01 -1.222602319717407227e+01
-1.443030267953872681e+01 -1.210796117782592773e+01
-1.472559003035227398e+01 -1.248992710113525462e+01
-1.446735777457555194e+01 -1.214994411468505930e+01
-1.447015188137690167e+01 -1.224396162033081126e+01
-1.475542604923248291e+01 -1.285259981155395437e+01
-1.480316164096196552e+01 -1.252861413955688441e+01
-1.464030216137568097e+01 -1.179465284347534215e+01
-1.394846683740615845e+01 -1.218410854339599680e+01
-1.469238877296447754e+01 -1.262437677383422852e+01
-1.467040173212687115e+01 -1.244370841979980469e+01
-1.465839143594106098e+01 -1.240373010635375906e+01
-1.480657496054967304e+01 -1.235407686233520508e+01
-1.463360726833343506e+01 -1.176827487945556605e+01
-1.450209428866704364e+01 -1.223175735473632741e+01
-1.430382611354192157e+01 -1.239110021591186594e+01
-1.414882719516754150e+01 -1.150358619689941442e+01
-1.456274793545405011e+01 -1.222200288772583043e+01
-1.459621524810791016e+01 -1.287845535278320241e+01
-1.488250134388605694e+01 -1.258301258087158203e+01
-1.456173487504323383e+01 -1.297526588439941442e+01
-1.459776304165522198e+01 -1.274389524459838796e+01
-1.470838262637456317e+01 -1.281467657089233469e+01
-1.432181485493977924e+01 -1.163754425048828089e+01
-1.450590646266937256e+01 -1.238986549377441371e+01
-1.480800096193949322e+01 -1.253383913040161168e+01
-1.503780698776245117e+01 -1.193710355758667063e+01
-1.452173137664794922e+01 -1.282738628387451207e+01
-1.426504532496134381e+01 -1.234251642227172852e+01
-1.475738888978958130e+01 -1.273744325637817454e+01
-1.469014183680216412e+01 -1.184246778488159180e+01
-1.474122349421183209e+01 -1.258101129531860352e+01
-1.492636130253473858e+01 -1.207620182037353551e+01
-1.450626943508783917e+01 -1.242043399810791016e+01
-1.511850156386693378e+01 -1.234939298629760707e+01
-1.463854118188222309e+01 -1.245952577590942312e+01
-1.437093641360600849e+01 -1.191647863388061523e+01
-1.447086266676584820e+01 -1.291065330505371023e+01
-1.504083452622095685e+01 -1.271383543014526296e+01
-1.468506421645482440e+01 -1.217040748596191335e+01
-1.447329986095428467e+01 -1.232319078445434535e+01
-1.458215938011805157e+01 -1.156592683792114329e+01
-1.458436258633931537e+01 -1.182900028228759837e+01
-1.475832970937093158e+01 -1.278482780456542933e+01
-1.511450872818628888e+01 -1.272765369415283132e+01
-1.449274967114130597e+01 -1.242617244720458913e+01
-1.486821379264195819e+01 -1.293710718154907191e+01
-1.500361402829488178e+01 -1.251305513381958079e+01
-1.453403435150782208e+01 -1.292722253799438548e+01
-1.493058596054712872e+01 -1.220500278472900391e+01
-1.467165176073710064e+01 -1.247984628677368235e+01
-1.504115794102350812e+01 -1.306293153762817383e+01
-1.474726255734761615e+01 -1.240648994445800746e+01
-1.540959405899047852e+01 -1.228593416213989187e+01
-1.511584460735321045e+01 -1.273598661422729528e+01
-1.491649659474690814e+01 -1.199032411575317347e+01
-1.450533811251322369e+01 -1.239834070205688477e+01
-1.472827655076980591e+01 -1.243459310531616246e+01
-1.453137475252151489e+01 -1.279337434768676829e+01
-1.528101424376169781e+01 -1.194460773468017578e+01
-1.490124503771463971e+01 -1.294715318679809535e+01
-1.520516802867253681e+01 -1.163181467056274343e+01
-1.518939665953318219e+01 -1.247759056091308594e+01
-1.530749642848968506e+01 -1.108324146270751953e+01
-1.504921545584996601e+01 -1.203064985275268484e+01
-1.513176767031351666e+01 -1.170929155349731410e+01
-1.513207175334294696e+01 -1.304434432983398473e+01
-1.509743263324101825e+01 -1.278556289672851598e+01
-1.528592584530512433e+01 -1.031041641235351491e+01
-1.460547266403833966e+01 -1.224701147079467844e+01
-1.530035521586736103e+01 -1.281822319030761648e+01
-1.510477111736933331e+01 -1.182082424163818324e+01
-1.437545214096705060e+01 -1.268116369247436559e+01
-1.477031819025675397e+01 -1.276864299774169886e+01
-1.506834801038106342e+01 -1.209170551300048757e+01
-1.471270116170247455e+01 -1.081120138168335032e+01
-1.497356383005777936e+01 -1.301645307540893626e+01
-1.563530550400415997e+01 -1.198059072494506871e+01
-1.495496304829915424e+01 -1.232006964683532679e+01
-1.506472637255986591e+01 -1.237088775634765625e+01
-1.542231782277425189e+01 -1.263728790283203196e+01
-1.497932626803716083e+01 -1.229772272109985387e+01
-1.533722988764444928e+01 -1.274007711410522425e+01
-1.531063761313756366e+01 -1.251467142105102504e+01
-1.527916141351064105e+01 -1.247842626571655344e+01
-1.520721596479415894e+01 -1.242110576629638707e+01
-1.501071741183598895e+01 -1.228288440704345774e+01
-1.557881259918212891e+01 -1.220566921234130930e+01
-1.525433127085367779e+01 -1.244485902786254883e+01
-1.507759990294774433e+01 -1.277020769119262766e+01
-1.527399567763010602e+01 -1.238635978698730433e+01
-1.403190056482950787e+01 -1.242895641326904332e+01
-1.526803946495056152e+01 -1.239487524032592702e+01
-1.531958228349685669e+01 -1.250940208435058665e+01
-1.522987200816472431e+01 -1.247536668777465785e+01
-1.536573503414789776e+01 -1.117146205902099609e+01
-1.474390319983164410e+01 -1.235720281600952219e+01
-1.547497838735580444e+01 -1.240664987564086985e+01
-1.559274935722351074e+01 -1.118983087539672816e+01
-1.451106232404708862e+01 -1.125898466110229457e+01
-1.515823638439178467e+01 -1.250430431365966832e+01
-1.550445624192555805e+01 -1.179905042648315394e+01
-1.518190874656041522e+01 -1.149024353027343714e+01
-1.500892305374145508e+01 -1.252679929733276332e+01
-1.482136497894922833e+01 -1.258515477180480957e+01
-1.556639494498570819e+01 -1.311303691864013743e+01
-1.559069583813349347e+01 -1.157293958663940359e+01
-1.541375003258387189e+01 -1.283281946182250977e+01
-1.528250801563262939e+01 -1.217648859024047781e+01
-1.556922316551208496e+01 -1.281559915542602468e+01
-1.511773085594177246e+01 -1.246803760528564453e+01
-1.560975857575734516e+01 -1.195283756256103480e+01
-1.450916425387064557e+01 -1.133870182037353480e+01
-1.563234579563140869e+01 -1.219742727279663086e+01
-1.528721878925959210e+01 -1.308198804855346609e+01
-1.516543686389923096e+01 -1.219719877243042028e+01
-1.531979892651239972e+01 -1.200857667922973704e+01
-1.563835738102594952e+01 -1.256724748611450160e+01
-1.568940873940785785e+01 -1.207667560577392507e+01
-1.519558554887771606e+01 -1.201306886672973562e+01
-1.511862007776896100e+01 -1.269208631515502894e+01
-1.512407700220743756e+01 -1.249286069869995153e+01
-1.573886438210805316e+01 -1.233132438659668040e+01
-1.599928941329320331e+01 -1.173633079528808665e+01
-1.546329724788665771e+01 -1.197149586677551270e+01
-1.495393836498260498e+01 -1.232704858779907298e+01
-1.540291829903920551e+01 -1.242419118881225515e+01
-1.592154252529144287e+01 -1.187385616302490199e+01
-1.544436776638031006e+01 -1.198629360198974680e+01
-1.430677495400110821e+01 -1.270597076416015625e+01
-1.546023762226104736e+01 -1.262212867736816335e+01
-1.553843381007512470e+01 -9.629543733596801047e+00
-1.495283881823221783e+01 -1.285473031997680593e+01
-1.590045092503229718e+01 -1.169710512161254812e+01
-1.452296636501947980e+01 -1.230787830352783274e+01
-1.570735202232996564e+01 -1.231247482299804652e+01
-1.451519769430160522e+01 -1.207254877090454137e+01
-1.581481266021728516e+01 -1.247851638793945384e+01
-1.536122399568557739e+01 -1.215829563140869141e+01
-1.560754372676213642e+01 -1.243333368301391673e+01
-1.577600393692652325e+01 -1.317466659545898366e+01
-1.604862209161122522e+01 -1.239757709503173899e+01
-1.569256800413131714e+01 -1.246752147674560618e+01
-1.572737534840901752e+01 -1.214562292098998952e+01
-1.524591765801111798e+01 -1.231590299606323313e+01
-1.534252107143402100e+01 -1.317406339645385671e+01
-1.458720552921295166e+01 -1.301308584213256836e+01
-1.529337620735168457e+01 -1.257947387695312536e+01
-1.559078160921732525e+01 -1.280433330535888636e+01
-1.589617790778478046e+01 -1.229028043746948207e+01
-1.570976791779200177e+01 -1.258023805618286062e+01
-1.568285741408666034e+01 -1.187003469467163086e+01
-1.504239990313847919e+01 -1.233811120986938548e+01
-1.572444599866867065e+01 -1.226398954391479457e+01
-1.497778556744257550e+01 -1.214439582824707031e+01
-1.463350303967793842e+01 -1.192874126434326243e+01
-1.556413724025090595e+01 -1.204238710403442347e+01
-1.550172420342763324e+01 -1.222667837142944336e+01
-1.532681318124135394e+01 -1.272281246185302805e+01
-1.599256358544031720e+01 -1.227715082168579031e+01
-1.587214279174804688e+01 -1.224814414978027344e+01
-1.618061033884684363e+01 -1.297915782928466832e+01
-1.575125298897425274e+01 -1.235731639862060582e+01
-1.583351655801137348e+01 -1.277248754501342809e+01
-1.604292166233062744e+01 -1.208596363067626989e+01
-1.609254846970240393e+01 -1.164059457778930629e+01
-1.613303234179814538e+01 -1.288652811050415004e+01
-1.579501257340113263e+01 -1.133712120056152273e+01
-1.566623622179031372e+01 -1.252133102416992116e+01
-1.553170098861058612e+01 -1.211285390853881871e+01
-1.552001357078552246e+01 -1.320775890350341797e+01
-1.553172638018926044e+01 -1.274106693267822266e+01
-1.563455428679784198e+01 -1.247471618652343750e+01
-1.513868586222330670e+01 -1.240663747787475657e+01
-1.576825789610544781e+01 -1.266089091300964320e+01
-1.525138094027837177e+01 -1.262600755691528320e+01
-1.606022200981776038e+01 -1.226069965362548864e+01
-1.599540164073308368e+01 -1.242485647201538157e+01
-1.617614589134852210e+01 -1.224412393569946289e+01
-1.595168234904607196e+01 -1.206133880615234411e+01
-1.558631042639414410e+01 -1.226837949752807688e+01
-1.630517218510309974e+01 -1.271371364593505859e+01
-1.645963156223297119e+01 -1.266479310989379847e+01
-1.504761795202890973e+01 -1.252230052947998118e+01
-1.614442521333694458e+01 -1.287938127517700160e+01
-1.606943660974502563e+01 -1.292531299591064453e+01
-1.549630709489186664e+01 -1.252256650924682546e+01
-1.620155864953994751e+01 -1.235973525047302246e+01
-1.515072512626647949e+01 -1.245988769531249929e+01
-1.545613503456115723e+01 -1.252923336029052770e+01
-1.594273175795873065e+01 -1.267981710433959996e+01
-1.586823809146881104e+01 -1.272893781661987234e+01
-1.588362514972686768e+01 -1.227606611251831126e+01
-1.584544972578684430e+01 -1.281617136001586843e+01
-1.639602895577748498e+01 -1.321462173461913991e+01
-1.601775958140691003e+01 -1.216186447143554616e+01
-1.569969634215036969e+01 -1.124060516357421946e+01
-1.550608464082082172e+01 -1.275771942138671911e+01
-1.643792164325714111e+01 -1.207125539779663015e+01
-1.558348486820856671e+01 -1.302748804092407298e+01
-1.570794475078582764e+01 -1.236973047256469727e+01
-1.593025340636571308e+01 -1.259292421340942347e+01
-1.634779123465220252e+01 -1.146721658706665004e+01
-1.604090823729832849e+01 -1.271928949356079031e+01
-1.544659713904062848e+01 -1.186235322952270543e+01
-1.597986678282419781e+01 -1.264891643524169851e+01
-1.566434450944264789e+01 -1.141448812484741282e+01
-1.654324088493983069e+01 -1.203151912689208913e+01
-1.663245224952697754e+01 -1.289211978912353551e+01
-1.625867752234141150e+01 -1.287753734588623011e+01
-1.594799174865086933e+01 -1.214859180450439524e+01
-1.524616847435633282e+01 -1.280593137741088938e+01
-1.618360624710718909e+01 -1.252828683853149450e+01
-1.640276809533436975e+01 -1.184282865524292028e+01
-1.581600046157836914e+01 -1.215479593276977610e+01
-1.596168555816014667e+01 -1.222552127838134695e+01
-1.590840166807174683e+01 -1.135705575942993129e+01
-1.626777297258377075e+01 -1.241873331069946218e+01
-1.596671891212463379e+01 -1.254927101135253942e+01
-1.626733616987864295e+01 -1.293604631423950124e+01
-1.664468417565027991e+01 -1.302574520111084055e+01
-1.659031991163889685e+01 -1.262841176986694336e+01
-1.606585609912872314e+01 -1.256283702850341832e+01
-1.654524904489517212e+01 -1.296279582977294886e+01
-1.659503402312596521e+01 -1.262306442260742223e+01
-1.610070429245631018e+01 -1.333800220489501953e+01
-1.601139535506566247e+01 -1.291067266464233398e+01
-1.672945745786030969e+01 -1.276023473739624059e+01
-1.645267504453659058e+01 -1.302530622482299805e+01
-1.637866930166880408e+01 -1.276699562072753835e+01
-1.594251585006713867e+01 -1.280867109298706019e+01
-1.685442078113555908e+01 -1.238073616027832102e+01
-1.664221511284510413e+01 -1.236519994735717809e+01
-1.584261947870254517e+01 -1.226698679924011159e+01
-1.540904893477757831e+01 -1.258218450546264577e+01
-1.605715821186701575e+01 -1.277485551834106481e+01
-1.649594380458195886e+01 -1.248414497375488352e+01
-1.620385471979777137e+01 -1.286530294418334996e+01
-1.605860012769699097e+01 -1.166171722412109446e+01
-1.599337029457092285e+01 -1.266626186370849538e+01
-1.605467820167541504e+01 -1.280508775711059499e+01
-1.682114048798878869e+01 -1.217957153320312536e+01
-1.622260838747024536e+01 -1.287858638763427699e+01
-1.650953086217244348e+01 -1.234373292922973597e+01
-1.629963856935501099e+01 -1.266232147216796911e+01
-1.683579748868942261e+01 -1.290139627456665039e+01
-1.631234679619471351e+01 -1.276001157760620153e+01
-1.643638841311137000e+01 -1.288581686019897532e+01
-1.552518328030904193e+01 -1.279746713638305700e+01
-1.638309717178344727e+01 -1.253174743652343714e+01
-1.634549071391423425e+01 -1.179562454223632884e+01
-1.603441337744395057e+01 -1.261912593841552699e+01
-1.631011003255844116e+01 -1.314062395095825231e+01
-1.625071084499359131e+01 -1.267027282714843750e+01
-1.630713693300883094e+01 -1.148096714019775355e+01
-1.645903195937474450e+01 -1.295705051422119070e+01
-1.653941667079925537e+01 -1.315777540206909180e+01
-1.644277479251225671e+01 -1.254540920257568359e+01
-1.609350750843683997e+01 -1.223794384002685476e+01
-1.649129845698674401e+01 -1.181976037025451731e+01
-1.624543301264445105e+01 -1.348899240493774343e+01
-1.589700067043304443e+01 -1.268677854537963867e+01
-1.617910379171371460e+01 -1.132118816375732351e+01
-1.705056715011596680e+01 -1.266764192581176829e+01
-1.620776387055714807e+01 -1.200488071441650462e+01
-1.640516795714696130e+01 -1.269825897216796839e+01
-1.674250928560892859e+01 -1.273070850372314489e+01
-1.653519006570180139e+01 -1.245340042114257884e+01
-1.674478948116302490e+01 -1.243457679748535227e+01
-1.691193634271621704e+01 -1.312655553817748988e+01
-1.669361235698064050e+01 -1.272607183456420898e+01
-1.613899638255437097e+01 -1.307313699722289968e+01
-1.683588008085886756e+01 -1.220140371322631800e+01
-1.645184644063313684e+01 -1.200117368698120046e+01
-1.681330198049545288e+01 -1.149025783538818324e+01
-1.551874011754989624e+01 -1.226208810806274485e+01
-1.669970848162968835e+01 -1.213466739654541016e+01
-1.713826656341552734e+01 -1.229470481872558629e+01
-1.646255232890446862e+01 -1.315951042175293040e+01
-1.670855202277501306e+01 -1.286086015701294016e+01
-1.711695722738901893e+01 -1.320305528640747106e+01
-1.646871648232142249e+01 -1.238143739700317347e+01
-1.633905341227849206e+01 -1.319683837890625000e+01
-1.654960832993189612e+01 -1.206828384399414134e+01
-1.670123982429504395e+01 -1.270080146789550746e+01
-1.648629913727442542e+01 -1.301261291503906214e+01
-1.631997859477996826e+01 -1.289210634231567454e+01
-1.707425983746846399e+01 -1.288236455917358469e+01
-1.720503133535385132e+01 -1.243007345199584890e+01
-1.689620570341746131e+01 -1.231196737289428711e+01
-1.636831756432851037e+01 -1.267895145416259695e+01
-1.637068510055541992e+01 -1.243284301757812571e+01
-1.613720911741256714e+01 -1.274220819473266531e+01
-1.660267178217570105e+01 -1.278129644393920827e+01
-1.677838180462519446e+01 -1.283254642486572195e+01
-1.667237019538879395e+01 -1.298588266372680700e+01
-1.655278567473093787e+01 -1.277157192230224680e+01
-1.649122321605682373e+01 -1.203510417938232457e+01
-1.675271425644556800e+01 -1.275768480300903285e+01
-1.720281128088633338e+01 -1.277715034484863210e+01
-1.752360165119171143e+01 -1.319906167984008860e+01
-1.663984163602193078e+01 -1.263911123275756765e+01
-1.701055578390757361e+01 -1.289419202804565501e+01
-1.724746312697728357e+01 -1.303821239471435511e+01
-1.719066363573074341e+01 -1.232672023773193359e+01
-1.661452237764994422e+01 -1.229531831741332937e+01
-1.641622056563695153e+01 -1.295041904449462855e+01
-1.669014529387156287e+01 -1.294759092330932582e+01
-1.673693861564000329e+01 -1.157585430145263672e+01
-1.565406847000122070e+01 -1.170001268386840820e+01
-1.620007703701655188e+01 -1.314764442443847692e+01
-1.699816445509592810e+01 -1.279170770645141531e+01
-1.700569502512614051e+01 -1.224274539947509766e+01
-1.716467438141505042e+01 -1.270600719451904226e+01
-1.665650989611943444e+01 -1.238298273086547852e+01
-1.669093195597330848e+01 -1.232206845283508301e+01
-1.687660225232442102e+01 -1.290923929214477539e+01
-1.637432396411895752e+01 -1.299195184707641637e+01
-1.707918467124303064e+01 -1.259175062179565430e+01
-1.693227670590082923e+01 -1.287580327987670969e+01
-1.639745942751566687e+01 -1.279830360412597656e+01
-1.721026108662287513e+01 -1.288461561203002859e+01
-1.679146323601404944e+01 -1.287406530380249059e+01
-1.701282010475794593e+01 -1.266177768707275320e+01
-1.634123510122299194e+01 -1.245435647964477610e+01
-1.666914653778076172e+01 -1.250270214080810582e+01
-1.736398188273112098e+01 -1.253174514770507741e+01
-1.655373128255208215e+01 -1.244496641159057582e+01
-1.681231858332951745e+01 -1.206746892929077219e+01
-1.683848545948664466e+01 -1.197790689468383718e+01
-1.671992836395899573e+01 -1.294236936569213903e+01
-1.749471044540405273e+01 -1.284386272430419851e+01
-1.707164430618286133e+01 -1.250381336212158168e+01
-1.728383350372314453e+01 -1.200189008712768590e+01
-1.663158663113911828e+01 -1.225929355621337891e+01
-1.689037410418192664e+01 -1.307054996490478516e+01
-1.710049452384312829e+01 -1.241960244178772044e+01
-1.721443438529968262e+01 -1.295170965194702184e+01
-1.672553835312525550e+01 -1.253850736618042028e+01
-1.696253639459609985e+01 -1.292142677307128906e+01
-1.695018492142359534e+01 -1.258260698318481374e+01
-1.638884643713633338e+01 -1.269522390365600550e+01
-1.713896340131759644e+01 -1.179644002914428746e+01
-1.623511648178100586e+01 -1.230122528076171839e+01
-1.677796018123626709e+01 -1.229675593376159703e+01
-1.735855553547541419e+01 -1.278956842422485352e+01
-1.718962792555491248e+01 -1.277310638427734446e+01
-1.727994124094645301e+01 -1.287170248031616282e+01
-1.744769467910130700e+01 -1.295721349716186488e+01
-1.708342568079630652e+01 -1.249440145492553711e+01
-1.694407872358958045e+01 -1.260881471633911133e+01
-1.694653401772181311e+01 -1.235457878112793040e+01
-1.747319899002711097e+01 -1.292712459564208949e+01
-1.662767269213994226e+01 -1.210672740936279368e+01
-1.657308739423751831e+01 -1.274689903259277379e+01
-1.746315159400304040e+01 -1.236298036575317383e+01
-1.721852141618728638e+01 -1.193135251998901403e+01
-1.758363842964172363e+01 -1.253986163139343191e+01
-1.668314808607101440e+01 -1.282632064819335938e+01
-1.746386472384135047e+01 -1.233061351776123082e+01
-1.721679256359736243e+01 -1.245025186538696360e+01
-1.642187480131785193e+01 -1.155579662322998047e+01
-1.750657260417938232e+01 -1.291347079277038645e+01
-1.758532319466273108e+01 -1.305300292968749964e+01
-1.703830335537592688e+01 -1.222924556732177770e+01
-1.599020079771677594e+01 -1.224448041915893626e+01
-1.764651638269424438e+01 -1.213150177001953089e+01
-1.696729310353596887e+01 -1.159120578765869070e+01
-1.661582879225413123e+01 -1.243434457778930735e+01
-1.722709921995798865e+01 -1.206563339233398402e+01
-1.724337496360142907e+01 -1.283762683868408239e+01
-1.723069900274276733e+01 -1.280042705535888636e+01
-1.704741066694259644e+01 -1.223229036331176722e+01
-1.678025301297505578e+01 -1.229710140228271520e+01
-1.725694179534912109e+01 -1.236735744476318288e+01
-1.695050229628880700e+01 -1.161980476379394567e+01
-1.674759139617284021e+01 -1.170621614456176829e+01
-1.686535747845967492e+01 -1.223315525054931641e+01
-1.662202394008636475e+01 -1.245624551773071254e+01
-1.649983255068461219e+01 -1.154088029861450160e+01
-1.661019972960154334e+01 -1.310408062934875417e+01
-1.740801558891932288e+01 -1.254650297164917028e+01
-1.722443985939025879e+01 -1.266830277442932129e+01
-1.754835893710454187e+01 -1.293343553543090785e+01
-1.718218088150024414e+01 -1.278760547637939382e+01
-1.721049296855926514e+01 -1.274500284194946254e+01
-1.713108275334040442e+01 -1.237637634277343679e+01
-1.740909655888875207e+01 -1.287177591323852610e+01
-1.709646131594975671e+01 -1.194063367843627965e+01
-1.703456936279932776e+01 -1.305918893814086879e+01
-1.748568715651829919e+01 -1.288477501869201625e+01
-1.731289277474085608e+01 -1.304262552261352504e+01
-1.809713864326477051e+01 -1.268300762176513707e+01
-1.752466440200805664e+01 -1.278309392929077148e+01
-1.684738379716873169e+01 -1.252065219879150426e+01
-1.568210095167160034e+01 -1.328790111541747976e+01
-1.757135854164759436e+01 -1.292030034065246547e+01
-1.784759036699930945e+01 -1.289630422592163050e+01
-1.790201707681019982e+01 -1.294665451049804616e+01
-1.682865069309870520e+01 -1.274118547439575266e+01
-1.760666304826736450e+01 -1.278952865600586009e+01
-1.713539695739746094e+01 -1.221043519973754954e+01
-1.749412341912587365e+01 -1.257629146575927770e+01
-1.777575586239496985e+01 -1.242462902069091868e+01
-1.774931863943735877e+01 -1.276870670318603551e+01
-1.789010604222615441e+01 -1.283589391708374094e+01
-1.705044041077296058e+01 -1.244733180999755895e+01
-1.742142764727274695e+01 -1.227711553573608327e+01
-1.675665913025538245e+01 -1.231108121871948313e+01
-1.754216494162877282e+01 -1.299513587951660121e+01
-1.719397163391113281e+01 -1.260503721237182617e+01
-1.763867831230163574e+01 -1.230675830841064489e+01
-1.802821544806162635e+01 -1.233919382095336914e+01
-1.741027969121932983e+01 -1.232176885604858363e+01
-1.763212229808171472e+01 -1.293390541076660227e+01
-1.784532932440439978e+01 -1.214380822181701625e+01
-1.759813358386357507e+01 -1.272462129592895508e+01
-1.688339293003082275e+01 -1.269347133636474645e+01
-1.697015382846196374e+01 -1.212336912155151403e+01
-1.721695383389790734e+01 -1.279890079498290945e+01
-1.667378699779510498e+01 -1.321451406478881907e+01
-1.780528056621551514e+01 -1.155103807449340891e+01
-1.791710235675175866e+01 -1.261136236190795934e+01
-1.751438832283020020e+01 -1.240960893630981410e+01
-1.727014686663945398e+01 -1.276787223815918004e+01
-1.794092075030009070e+01 -1.234129600524902415e+01
-1.698228873809178552e+01 -1.223828525543212820e+01
-1.732434340318043908e+01 -1.278139657974243093e+01
-1.722291080156962195e+01 -1.217090425491332972e+01
-1.789981126785278320e+01 -1.292903490066528249e+01
-1.771187676986058435e+01 -1.216718635559081996e+01
-1.755045402050018311e+01 -1.289894390106201172e+01
-1.738158222039540490e+01 -1.170721468925476039e+01
-1.617840888102849206e+01 -1.322470197677612269e+01
-1.740635176499684533e+01 -1.206422958374023402e+01
-1.759582155942916870e+01 -1.262817239761352539e+01
-1.741538703441619873e+01 -1.229620475769042898e+01
-1.740392853816350183e+01 -1.286719360351562536e+01
-1.721442951758702478e+01 -1.219145765304565465e+01
-1.780634913841883460e+01 -1.257955389022827219e+01
-1.805195508400599280e+01 -1.277873172760009801e+01
-1.777892607450485229e+01 -1.253708047866821218e+01
-1.722935328880945960e+01 -1.213621416091918981e+01
-1.754032200574874878e+01 -1.226164398193359339e+01
-1.755273389816284180e+01 -1.257707042694091726e+01
-1.789940365155537805e+01 -1.249566411972045898e+01
-1.812938104073206702e+01 -1.298183650970458913e+01
-1.758327722549438477e+01 -1.271288995742797923e+01
-1.668060485521952430e+01 -1.188705825805664062e+01
-1.683445636431376258e+01 -1.276919655799865794e+01
-1.672253644466400146e+01 -1.310385627746581960e+01
-1.731867510080337524e+01 -1.202902994155883754e+01
-1.737004395325978479e+01 -1.282402706146240234e+01
-1.784956530729929725e+01 -1.301711816787719656e+01
-1.794678854942321777e+01 -1.257423095703125071e+01
-1.788054835796356201e+01 -1.320898532867431641e+01
-1.741718570391337195e+01 -1.265691432952880824e+01
-1.775996736685435096e+01 -1.314860382080078161e+01
-1.805567459265391150e+01 -1.259125776290893484e+01
-1.784438222646713257e+01 -1.271809129714965891e+01
-1.790586622556050500e+01 -1.262894248962402344e+01
-1.773094995816548547e+01 -1.304342508316040039e+01
-1.751399511098861694e+01 -1.293883638381958079e+01
-1.687572666009267053e+01 -1.192398929595947266e+01
-1.713693972428639611e+01 -1.263809747695922781e+01
-1.798392717043558875e+01 -1.259067668914794957e+01
-1.690103697776794434e+01 -1.304016809463501048e+01
-1.818661733468373498e+01 -1.255906419754028391e+01
-1.831739465395609656e+01 -1.218002786636352575e+01
-1.824054110050201416e+01 -1.272661676406860387e+01
-1.808050177494684974e+01 -1.280764627456665039e+01
-1.773955774307250977e+01 -1.182838110923767161e+01
-1.825523334741592407e+01 -1.232356624603271555e+01
-1.780171209573745728e+01 -1.287072591781616282e+01
-1.824459000428517541e+01 -1.270438499450683523e+01
-1.705256627003351966e+01 -1.309417228698730540e+01
-1.809445029497146606e+01 -1.321530818939208984e+01
-1.749054447809855262e+01 -1.245717039108276403e+01
-1.772443217039108276e+01 -1.296183857917785609e+01
-1.788000112771987915e+01 -1.275403165817260742e+01
-1.810270343224207679e+01 -1.251408710479736364e+01
-1.789054693778355798e+01 -1.297710189819335902e+01
-1.790226540962855140e+01 -1.244202671051025355e+01
-1.804713910818099976e+01 -1.241744575500488246e+01
-1.762108409404754639e+01 -1.313194580078124929e+01
-1.847587660948435584e+01 -1.286204261779785085e+01
-1.750394558906555176e+01 -1.264776096343994105e+01
-1.743257488807042321e+01 -1.273086729049682653e+01
-1.730682228008906165e+01 -1.239171066284179723e+01
-1.808492455879847327e+01 -1.222130355834960902e+01
-1.794648337364196777e+01 -1.287306003570556712e+01
-1.707663774490356445e+01 -1.241148242950439418e+01
-1.754293292760848999e+01 -1.263673667907714915e+01
-1.868692978223164758e+01 -1.287419204711914134e+01
-1.782082708676655969e+01 -1.219125671386718679e+01
-1.795158501466115197e+01 -1.159984226226806570e+01
-1.796963906288146973e+01 -1.258774251937866140e+01
-1.756175714731216431e+01 -1.198013553619384730e+01
-1.710596501827239990e+01 -1.252591276168823242e+01
-1.771186691522598267e+01 -1.306632137298583984e+01
-1.794724847873051843e+01 -1.228073759078979421e+01
-1.762150204181671143e+01 -1.237078638076782156e+01
-1.845872724056243896e+01 -1.263335371017456055e+01
-1.805046888192494592e+01 -1.192592163085937429e+01
-1.819562236467997351e+01 -1.244170570373535156e+01
-1.784954533974329749e+01 -1.222485942840576101e+01
-1.702823619047800818e+01 -1.225162124633789062e+01
-1.831465365489323815e+01 -1.251922006607055593e+01
-1.775909129778544226e+01 -1.279884300231933558e+01
-1.695330681403477868e+01 -1.132078018188476598e+01
-1.635670697689056396e+01 -1.216031265258789062e+01
-1.713063959280649939e+01 -1.099205150604248082e+01
-1.717597500483195105e+01 -1.235424518585205078e+01
-1.795509648323059082e+01 -1.234269199371337855e+01
-1.822784622510274133e+01 -1.273049163818359375e+01
-1.811373076836268226e+01 -1.198173351287841726e+01
-1.791633371512095252e+01 -1.258615646362304652e+01
-1.785647300879160682e+01 -1.218612298965454066e+01
-1.816829198598861694e+01 -1.255894222259521520e+01
-1.790244164069493493e+01 -1.265731487274169886e+01
-1.836820773283640662e+01 -1.235188741683959890e+01
-1.841453862190246582e+01 -1.204853858947753942e+01
-1.870058882236480713e+01 -1.252891407012939418e+01
-1.818250775337219238e+01 -1.215374722480773961e+01
-1.736427998542785645e+01 -1.235217199325561488e+01
-1.846871749560038367e+01 -1.251433820724487234e+01
-1.763943483432133874e+01 -1.232575788497924840e+01
-1.752105945348739624e+01 -1.235574731826782191e+01
-1.823780834674835205e+01 -1.271113767623901403e+01
-1.827940066655476770e+01 -1.275192813873291087e+01
-1.806848746538162231e+01 -1.232544631958007741e+01
-1.820907837152481079e+01 -1.276674528121948171e+01
-1.804079624017079553e+01 -1.279822225570678640e+01
-1.871752003828684607e+01 -1.277468762397766078e+01
-1.692571284373601159e+01 -1.263582077026367223e+01
-1.777409265438715735e+01 -1.292874431610107422e+01
-1.806018433968226233e+01 -1.278177967071533239e+01
-1.738596377770106116e+01 -1.257845211029052734e+01
-1.775118088722229004e+01 -1.281620655059814418e+01
-1.827368223667144775e+01 -1.264561862945556570e+01
-1.861752541859944543e+01 -1.239615650177001882e+01
-1.758181518316268921e+01 -1.267160568237304652e+01
-1.811059262355168542e+01 -1.283740205764770437e+01
-1.750706243515014648e+01 -1.170318202972412180e+01
-1.831847508748372277e+01 -1.254843702316284215e+01
-1.722880073388417443e+01 -1.195847892761230469e+01
-1.656292863686879357e+01 -1.182075815200805735e+01
-1.841172659397125244e+01 -1.228435811996459925e+01
-1.777783119678497314e+01 -1.298686494827270543e+01
-1.849229129155476770e+01 -1.287146759033203125e+01
-1.794040483236312866e+01 -1.240691709518432617e+01
-1.839092091719309607e+01 -1.186856365203857422e+01
-1.797081575791041175e+01 -1.277422218322753977e+01
-1.759058990081151208e+01 -1.295557470321655202e+01
-1.768827313184738159e+01 -1.272208099365234446e+01
-1.798613862196604529e+01 -1.299857263565063548e+01
-1.850128555297851562e+01 -1.252792682647705114e+01
-1.766262781620025635e+01 -1.217451543807983327e+01
-1.818402109543482581e+01 -1.298489437103271449e+01
-1.816956075032551965e+01 -1.263592042922973668e+01
-1.815630449851353845e+01 -1.206978015899658274e+01
-1.827459055185317993e+01 -1.217402887344360352e+01
-1.823154894510905066e+01 -1.239293270111084055e+01
-1.817281518379847327e+01 -1.273699102401733363e+01
-1.869045329093933105e+01 -1.267501869201660192e+01
-1.736521627505620202e+01 -1.286384725570678711e+01
-1.810032250483830651e+01 -1.250380649566650426e+01
-1.665681872765223304e+01 -1.275028133392333984e+01
-1.822301638126373291e+01 -1.193357772827148366e+01
-1.830038448174794397e+01 -1.246354246139526367e+01
-1.840527566274007043e+01 -1.289830198287963903e+01
-1.850908142328262329e+01 -1.214952106475830007e+01
-1.834007457892100135e+01 -1.282108821868896520e+01
-1.817386229832967004e+01 -1.264302902221679759e+01
-1.815965849161148071e+01 -1.279201564788818324e+01
-1.799315637350082397e+01 -1.270206022262573242e+01
-1.872636918226877967e+01 -1.281527519226074219e+01
-1.823954192797343055e+01 -1.171468935012817347e+01
-1.771626065174738685e+01 -1.194376420974731445e+01
-1.762745690345764160e+01 -1.246009893417358327e+01
-1.867858147621154785e+01 -1.244894571304321218e+01
-1.861893586317698279e+01 -1.212542352676391566e+01
-1.850691858927408973e+01 -1.227681360244750941e+01
-1.852289253473281860e+01 -1.316515703201293874e+01
-1.880814329783121863e+01 -1.238323335647583079e+01
-1.843353394667307654e+01 -1.224525189399719238e+01
-1.808281801144282142e+01 -1.241428060531616140e+01
-1.775807257493336877e+01 -1.271244897842407262e+01
-1.791459335883458337e+01 -1.269437322616577113e+01
-1.826814645528793335e+01 -1.257582015991210866e+01
-1.773125565052032471e+01 -1.244505033493041957e+01
-1.854866884152094642e+01 -1.254376964569091868e+01
-1.752103432019551477e+01 -1.269869661331176758e+01
-1.870731099446614465e+01 -1.157163896560668981e+01
-1.820353970925013343e+01 -1.257163600921630930e+01
-1.892813611030578613e+01 -1.222033061981201207e+01
-1.850863709052403649e+01 -1.261261825561523509e+01
-1.796487363179524621e+01 -1.283054828643798828e+01
-1.827392510573069373e+01 -1.249242115020751953e+01
-1.857643826802571496e+01 -1.248163337707519460e+01
-1.785878086090087891e+01 -1.241788873672485316e+01
-1.833907429377238074e+01 -1.281500701904296946e+01
-1.815324125687281409e+01 -1.239904909133911204e+01
-1.785470024744669715e+01 -1.226059570312500036e+01
-1.805220814545949182e+01 -1.267176237106323278e+01
-1.820153518517811975e+01 -1.191202640533447266e+01
-1.766474056243896484e+01 -1.230751123428344762e+01
-1.807790174086888513e+01 -1.242412900924682617e+01
-1.831308333079020301e+01 -1.267514934539794957e+01
-1.684711541732152185e+01 -1.098230824470519984e+01
-1.779202995697657386e+01 -1.212743797302246129e+01
-1.833611347277959069e+01 -1.261970558166503942e+01
-1.773028588294982910e+01 -1.256176080703735387e+01
-1.727188299099604407e+01 -1.224962301254272390e+01
-1.791694788138071814e+01 -1.292911758422851598e+01
-1.843105761210123816e+01 -1.316251096725463832e+01
-1.818952248493830481e+01 -1.228956279754638636e+01
-1.780085819959640503e+01 -1.222101316452026332e+01
-1.898119111855824670e+01 -1.237553567886352468e+01
-1.879555642604827881e+01 -1.200366811752319407e+01
-1.841840414206187049e+01 -1.246715583801269567e+01
-1.833790139357249060e+01 -1.266494741439819371e+01
-1.817984626690546790e+01 -1.269559068679809499e+01
-1.826083485285441199e+01 -1.228406791687011790e+01
-1.822899383306503296e+01 -1.234140920639038086e+01
-1.855976581573486328e+01 -1.268719549179077077e+01
-1.909498747189839563e+01 -1.281630983352661168e+01
-1.899988595644633094e+01 -1.260469141006469762e+01
-1.790589177608489990e+01 -1.228722105026245082e+01
-1.881808114051818848e+01 -1.239555768966674876e+01
-1.855596137046813965e+01 -1.262691135406494070e+01
-1.877824890613555908e+01 -1.247762517929077219e+01
-1.755817917982737342e+01 -1.154234027862548828e+01
-1.708368142445882043e+01 -1.267385797500610423e+01
-1.886398700873057166e+01 -1.322501745223999059e+01
-1.842959878842036048e+01 -1.199060630798339844e+01
-1.879815359910329065e+01 -1.250670366287231516e+01
-1.827911496162414551e+01 -1.188985300064086914e+01
-1.836197920640309533e+01 -1.269043378829956126e+01
-1.865271200736363610e+01 -1.148870029449462926e+01
-1.860175669193267822e+01 -1.228650121688842844e+01
-1.837327388922373572e+01 -1.245939340591430700e+01
-1.759965493281682214e+01 -1.176528444290161168e+01
-1.724234670400619507e+01 -1.234015636444091868e+01
-1.731959615151087561e+01 -1.232724990844726598e+01
-1.861476836601893226e+01 -1.230093240737915039e+01
-1.857916581630706787e+01 -1.212268228530883718e+01
-1.882326408227284631e+01 -1.253394594192504918e+01
-1.926231654485066613e+01 -1.284090156555175710e+01
-1.904021541277567664e+01 -1.255782690048217809e+01
-1.889168584346771240e+01 -1.229143123626709055e+01
-1.869631393750508508e+01 -1.221816015243530273e+01
-1.878063615163167199e+01 -1.225863714218139577e+01
-1.894077229499816895e+01 -1.194373989105224609e+01
-1.895020576318104943e+01 -1.221784219741821254e+01
-1.894948732852935791e+01 -1.248490781784057546e+01
-1.872952099641164025e+01 -1.224769248962402379e+01
-1.869056220849354943e+01 -1.261183185577392507e+01
-1.906059026718139648e+01 -1.237812700271606481e+01
-1.887323665618896484e+01 -1.257396135330200160e+01
-1.841645902395248413e+01 -1.251500978469848668e+01
-1.862476573387781897e+01 -1.248147001266479528e+01
-1.896372552712758264e+01 -1.243565530776977468e+01
-1.869156261285145959e+01 -1.252839126586914098e+01
-1.918244127432505408e+01 -1.245698766708374094e+01
-1.804900455474853516e+01 -1.263062543869018484e+01
-1.864156643549601355e+01 -1.224752216339111399e+01
-1.854286503791809082e+01 -1.218155956268310547e+01
-1.704925797382990638e+01 -1.227278928756713938e+01
-1.872406721115112305e+01 -1.194704484939575195e+01
-1.840228215853373328e+01 -1.235367517471313548e+01
-1.844792487223942956e+01 -1.253377017974853480e+01
-1.796765599648157874e+01 -1.286149673461914134e+01
-1.810499189297358313e+01 -1.199514131546020579e+01
-1.810179277261098107e+01 -1.271420068740844656e+01
-1.902521113554636756e+01 -1.194336862564086843e+01
-1.900142093499501428e+01 -1.242880592346191371e+01
-1.902221687634785852e+01 -1.280250282287597585e+01
-1.915612451235453406e+01 -1.155992250442504954e+01
-1.811028023560841760e+01 -1.265316524505615270e+01
-1.889412762721379480e+01 -1.264593687057495153e+01
-1.872982382774353027e+01 -1.207230672836303675e+01
-1.861123430728912354e+01 -1.226218881607055700e+01
-1.851178594430287561e+01 -1.284002227783203054e+01
-1.884493933121363440e+01 -1.241354341506957937e+01
-1.864352063337961951e+01 -1.244382896423339879e+01
-1.892367919286092004e+01 -1.211835737228393484e+01
-1.786202365159988403e+01 -1.232299270629882848e+01
-1.856231180826823035e+01 -1.266929531097412109e+01
-1.832842344045639038e+01 -1.253633852005004812e+01
-1.749911232789357385e+01 -1.271790637969970739e+01
-1.867653483152389526e+01 -1.265605630874633825e+01
-1.828274554014205933e+01 -1.208890314102172781e+01
-1.857935786247253418e+01 -1.258391571044921875e+01
-1.814171791076660156e+01 -1.185692443847656286e+01
-1.846884415547053138e+01 -1.218383932113647461e+01
-1.880870513121287146e+01 -1.252649688720703125e+01
-1.851756789286931237e+01 -1.257305002212524414e+01
-1.869821882247924805e+01 -1.243855953216552734e+01
-1.881204799811045447e+01 -1.264989156723022390e+01
-1.818499219417572021e+01 -1.256447744369506836e+01
-1.795119384924570838e+01 -1.184687395095825124e+01
-1.696934556961059570e+01 -1.292154951095580984e+01
-1.847722939650217810e+01 -1.208994922637939418e+01
-1.789240419864654541e+01 -1.243768768310546946e+01
-1.860807061195373535e+01 -1.220283641815185582e+01
-1.856132288773854455e+01 -1.168753395080566371e+01
-1.853899367650349816e+01 -1.254828357696533203e+01
-1.837040980656941613e+01 -1.272465143203735316e+01
-1.887867689132690430e+01 -1.137319850921630859e+01
-1.870612015326817712e+01 -1.170869436264038121e+01
-1.843425148725509644e+01 -1.224997644424438548e+01
-1.939320985476176062e+01 -1.267174406051635671e+01
-1.849285119771957397e+01 -1.234237594604492116e+01
-1.812849847475687781e+01 -1.239896650314330984e+01
-1.877331495285034180e+01 -1.260869741439819336e+01
-1.917425686120986938e+01 -1.241465663909912109e+01
-1.908282637596130371e+01 -1.248193473815917898e+01
-1.929777479171752930e+01 -1.222317142486572195e+01
-1.919529604911804199e+01 -1.260771150588989187e+01
-1.962616153558095178e+01 -1.261073856353759837e+01
-1.910796693960825721e+01 -1.240831785202026438e+01
-1.939725466569264611e+01 -1.170940399169921875e+01
-1.868885763486226281e+01 -1.234879436492919957e+01
-1.924483056863148889e+01 -1.214642534255981410e+01
-1.885930422941843787e+01 -1.221385698318481516e+01
-1.926601231098175049e+01 -1.224370021820068288e+01
-1.926973390579223633e+01 -1.276392164230346715e+01
-1.888061904907226562e+01 -1.210613365173339773e+01
-1.814231334129969397e+01 -1.219723577499389577e+01
-1.935461358229319373e+01 -1.240795030593872106e+01
-1.930270051956176758e+01 -1.254521455764770543e+01
-1.867187631130218506e+01 -1.239791851043701243e+01
-1.896122219165166101e+01 -1.270210504531860352e+01
-1.957914710044860840e+01 -1.259523324966430735e+01
-1.914076745510101318e+01 -1.204967222213745082e+01
-1.918431921799977502e+01 -1.218097324371337820e+01
-1.810064073403676232e+01 -1.246850442886352539e+01
-1.927731970945994178e+01 -1.189236383438110423e+01
-1.890122437477111816e+01 -1.214078149795532191e+01
-1.807991449038187781e+01 -1.189023380279541087e+01
-1.923647673924763879e+01 -1.227329435348510778e+01
-1.921135616302490234e+01 -1.265741500854492152e+01
-1.923278896013895789e+01 -1.241075668334960902e+01
-1.767480963468551636e+01 -1.154990186691284215e+01
-1.782941067218780518e+01 -1.190038881301879847e+01
-1.853407136599222937e+01 -1.252752580642700231e+01
-1.938009123007456580e+01 -1.209608726501464915e+01
-1.806145703792572021e+01 -1.242114572525024485e+01
-1.908896259466807166e+01 -1.236305751800537145e+01
-1.915550744533538818e+01 -1.251465425491332972e+01
-1.819118948777516565e+01 -1.194292201995849645e+01
-1.907695571581522742e+01 -1.227752218246459925e+01
-1.839017520348231116e+01 -1.224898304939270055e+01
-1.842017974456151208e+01 -1.190307464599609411e+01
-1.833528115351994714e+01 -1.232221193313598562e+01
-1.941151773929595947e+01 -1.206314287185668910e+01
-1.949466792742411414e+01 -1.186573791503906250e+01
-1.919824699560801307e+01 -1.249071083068847621e+01
-1.899676217635472497e+01 -1.228892459869384801e+01
-1.946421813964843750e+01 -1.204563713073730469e+01
-1.835752495129903039e+01 -1.248477392196655344e+01
