# Train Val
-2.654393802086512100e+00 -6.895972108840942028e+00
-8.981552114089330630e+00 -1.038853712081909109e+01
-1.047723315159479718e+01 -1.040998802185058558e+01
-1.049211156368255615e+01 -1.057553262710571218e+01
-1.067877151568730731e+01 -1.085150299072265589e+01
-1.075904111067453961e+01 -1.082270612716674840e+01
-1.082196575403213501e+01 -1.090578298568725657e+01
-1.083111021916071515e+01 -1.076933012008666957e+01
-1.086946733792622943e+01 -1.088327245712280344e+01
-1.086122709512710571e+01 -1.094595699310302805e+01
-1.090637846787770648e+01 -1.084069023132324183e+01
-1.090995583931604962e+01 -1.093483200073242223e+01
-1.091419760386149029e+01 -1.096890630722045934e+01
-1.094129830598831177e+01 -1.090584335327148402e+01
-1.091631080706914325e+01 -1.086438665390014613e+01
-1.090071058273315430e+01 -1.094037780761718714e+01
-1.096153438091278076e+01 -1.096080331802368235e+01
-1.092525047063827515e+01 -1.091610116958618093e+01
-1.092962809403737445e+01 -1.092821874618530309e+01
-1.093571380774180035e+01 -1.089335556030273366e+01
-1.093982460101445575e+01 -1.097107372283935511e+01
-1.097476573785146137e+01 -1.093192367553711009e+01
-1.087714137633641620e+01 -1.098910379409790039e+01
-1.098747746149698834e+01 -1.089227743148803640e+01
-1.096923138697942157e+01 -1.089525337219238210e+01
-1.094443692763646503e+01 -1.091877880096435582e+01
-1.096167290210723877e+01 -1.092145919799804688e+01
-1.098698123296101947e+01 -1.100611724853515661e+01
-1.093620953957239728e+01 -1.071858072280883789e+01
-1.098135751485824585e+01 -1.097244796752929652e+01
-1.104394030570983887e+01 -1.102898111343383825e+01
-1.105606532096862793e+01 -1.105294656753540039e+01
-1.103629551331202130e+01 -1.096541843414306605e+01
-1.101742458343505859e+01 -1.112702093124389613e+01
-1.110663237174352069e+01 -1.085730457305908203e+01
-1.111661324898401837e+01 -1.124857921600341726e+01
-1.114503999551137348e+01 -1.118316440582275462e+01
-1.122124741474787335e+01 -1.121865110397338938e+01
-1.138364825646082501e+01 -1.140998229980468714e+01
-1.139152483145395856e+01 -1.101484460830688406e+01
-1.131105675299962421e+01 -1.154797258377075231e+01
-1.163874926169713397e+01 -1.174059648513793874e+01
-1.157792826493581195e+01 -1.120850648880004918e+01
-1.177755550543467145e+01 -1.168533325195312500e+01
-1.193879824876785278e+01 -1.081337575912475657e+01
-1.192260326941808124e+01 -1.198063182830810547e+01
-1.211439814170201679e+01 -1.169414396286010671e+01
-1.201932700475057025e+01 -1.216284847259521484e+01
-1.239431959390640259e+01 -1.234082984924316406e+01
-1.217557499806086163e+01 -1.224222183227539062e+01
-1.226060473918914795e+01 -1.167815370559692312e+01
-1.258651971817016602e+01 -1.245756130218505930e+01
-1.243604664007822613e+01 -1.251044664382934535e+01
-1.242342650890350342e+01 -1.235650100708007848e+01
-1.256382668018341064e+01 -1.259107532501220739e+01
-1.273059501250584979e+01 -1.243972234725952219e+01
-1.244710010290145874e+01 -1.235021514892578054e+01
-1.276279968023300171e+01 -1.267503938674926722e+01
-1.254681847492853741e+01 -1.245011186599731445e+01
-1.283546503384908100e+01 -1.256846580505371058e+01
-1.264308673143386841e+01 -1.266114187240600586e+01
-1.290695921579996686e+01 -1.218008852005004883e+01
-1.287150285641352276e+01 -1.284736394882202148e+01
-1.302069058020909686e+01 -1.274775552749633789e+01
-1.303311306238174438e+01 -1.241794881820678675e+01
-1.279527115821838379e+01 -1.256538715362548864e+01
-1.296528210242589374e+01 -1.307516479492187500e+01
-1.331603437662124634e+01 -1.247404489517211879e+01
-1.287633786598841290e+01 -1.281482181549072230e+01
-1.299126136302947998e+01 -1.294082069396972656e+01
-1.337390734752019306e+01 -1.251327848434448242e+01
-1.304685946305592914e+01 -1.282637195587158274e+01
-1.336388486623764038e+01 -1.297819643020629954e+01
-1.333850185076395611e+01 -1.251362457275390661e+01
-1.323440933227539062e+01 -1.315274639129638601e+01
-1.345311498641967773e+01 -1.306280136108398438e+01
-1.315849826733271222e+01 -1.250550689697265661e+01
-1.344621584812800030e+01 -1.311491308212280238e+01
-1.371709285179773907e+01 -1.245445079803466726e+01
-1.334786953528722186e+01 -1.286125001907348597e+01
-1.344653177261352539e+01 -1.341310567855834890e+01
-1.346964327494303326e+01 -1.311090164184570384e+01
-1.363015248378117938e+01 -1.345921831130981516e+01
-1.363714543978373150e+01 -1.238744812011718821e+01
-1.347901791334152222e+01 -1.324603633880615305e+01
-1.370871784289677997e+01 -1.348246068954467702e+01
-1.403378899892171283e+01 -1.333821268081664968e+01
-1.382959787050882916e+01 -1.289333877563476527e+01
-1.388375065724054913e+01 -1.338238534927368129e+01
-1.327930833896001239e+01 -1.279494171142578196e+01
-1.383620538314183612e+01 -1.350035562515258825e+01
-1.388854771852493286e+01 -1.361748943328857386e+01
-1.412214193741480450e+01 -1.317521409988403391e+01
-1.407175938288370709e+01 -1.264633245468139577e+01
-1.387157414356867413e+01 -1.288076295852661168e+01
-1.410819230477015118e+01 -1.205359268188476562e+01
-1.406055223941802979e+01 -1.342380886077880930e+01
-1.418040080865224262e+01 -1.299589300155639648e+01
-1.395194550355275531e+01 -1.339370727539062500e+01
-1.418575727939605713e+01 -1.367307262420654368e+01
-1.439866081873575787e+01 -1.351517162322998011e+01
-1.396403187513351440e+01 -1.249465055465698171e+01
-1.411050532261530499e+01 -1.387110996246337891e+01
-1.449451943238576312e+01 -1.352837648391723668e+01
-1.415896246830622296e+01 -1.262387199401855398e+01
-1.395702014366785626e+01 -1.345764350891113281e+01
-1.450315747658411603e+01 -1.287270660400390554e+01
-1.426927057902018170e+01 -1.341628875732421911e+01
-1.438772348562876324e+01 -1.368035087585449183e+01
-1.419452683130900006e+01 -1.396134796142578161e+01
-1.463686889410018921e+01 -1.173542165756225586e+01
-1.443762324253717999e+01 -1.317047653198242152e+01
-1.445254673560460468e+01 -1.331947727203369070e+01
-1.414342143138249774e+01 -1.394679079055786097e+01
-1.474625295400619507e+01 -1.408382329940795863e+01
-1.482957579692204853e+01 -1.320733776092529332e+01
-1.458122165997823139e+01 -1.340877771377563477e+01
-1.462000626325607300e+01 -1.303319492340087926e+01
-1.490945462385813336e+01 -1.368345441818237340e+01
-1.463182832797368427e+01 -1.391410970687866211e+01
-1.473165661096572876e+01 -1.377313709259033203e+01
-1.471323078870773315e+01 -1.346537160873413086e+01
-1.488859881957372089e+01 -1.399884481430053640e+01
-1.461682297786076923e+01 -1.356842966079711843e+01
-1.477759399016698261e+01 -1.427249622344970703e+01
-1.478783981005350689e+01 -1.412810268402099645e+01
-1.472514313459396362e+01 -1.407971572875976562e+01
-1.488468009233474731e+01 -1.219372606277465820e+01
-1.443030311663945575e+01 -1.271110458374023366e+01
-1.497356839974721332e+01 -1.271506729125976598e+01
-1.442123081286748310e+01 -1.388153181076049769e+01
-1.494226368268330951e+01 -1.385884733200073171e+01
-1.491208297014236450e+01 -1.361089305877685618e+01
-1.511108507712682147e+01 -1.404634122848510813e+01
-1.501197600364685059e+01 -1.385667095184326136e+01
-1.457288130124410053e+01 -1.443826704025268626e+01
-1.526255794366200824e+01 -1.423422470092773473e+01
-1.502594761053721051e+01 -1.346669130325317454e+01
-1.423880038658777814e+01 -1.303343782424926722e+01
-1.452932093540827374e+01 -1.354899702072143519e+01
-1.503445917367935181e+01 -1.410367975234985316e+01
-1.483642731110254864e+01 -1.395356254577636790e+01
-1.421746538082758526e+01 -1.421903820037841726e+01
-1.491616108020146747e+01 -1.434578104019164968e+01
-1.517144308487574200e+01 -1.381436071395873988e+01
-1.512412858009338379e+01 -1.347615222930908274e+01
-1.506797182559967041e+01 -1.434223289489746023e+01
-1.516212421655654907e+01 -1.419203233718872070e+01
-1.534904871384302716e+01 -1.324877176284790004e+01
-1.512926318248113056e+01 -1.434699411392211843e+01
-1.542993994553883930e+01 -1.373828821182251048e+01
-1.542872438828150372e+01 -1.439056320190429616e+01
-1.543780002991358380e+01 -1.371697139739990234e+01
-1.557530347506205182e+01 -1.423837518692016602e+01
-1.509791243076324463e+01 -1.444100160598754812e+01
-1.514445499579111676e+01 -1.192760763168334925e+01
-1.550735304752985577e+01 -1.469786939620971644e+01
-1.520275527238845825e+01 -1.411236810684204102e+01
-1.551929525534311871e+01 -1.405278205871582031e+01
-1.572832165161768536e+01 -1.419597091674804723e+01
-1.548273320992787738e+01 -1.289402780532836879e+01
-1.516933075586954693e+01 -1.423960494995117188e+01
-1.526455410321553607e+01 -1.471004915237426758e+01
-1.571079132954279522e+01 -1.463859958648681570e+01
-1.529048244158426861e+01 -1.464692707061767507e+01
-1.538839898506800274e+01 -1.365874958038330078e+01
-1.539276075363159180e+01 -1.451576795578002965e+01
-1.536836518843968769e+01 -1.456206521987915004e+01
-1.573403068383534809e+01 -1.479171504974365270e+01
-1.534962634245554547e+01 -1.433677244186401367e+01
-1.592671239376068115e+01 -1.339057950973510813e+01
-1.544826982418696026e+01 -1.433250818252563441e+01
-1.560940587520599365e+01 -1.458816108703613246e+01
-1.571153372526168823e+01 -1.450559263229370188e+01
-1.575530894597371478e+01 -1.431220474243164098e+01
-1.570245973269144635e+01 -1.445386981964111328e+01
-1.578009682893753052e+01 -1.467396154403686559e+01
-1.579511835177739520e+01 -1.455285902023315359e+01
-1.584268697102864643e+01 -1.363689384460449183e+01
-1.573455903927485089e+01 -1.407734375000000071e+01
-1.601235024134318152e+01 -1.473092136383056605e+01
-1.569558538993199726e+01 -1.469343900680541992e+01
-1.601873856782913208e+01 -1.434715003967285085e+01
-1.563799709081649780e+01 -1.453767747879028249e+01
-1.521209410826365094e+01 -1.288856716156005788e+01
-1.602327066659927368e+01 -1.488844356536865199e+01
-1.597678122917811017e+01 -1.462485466003417933e+01
-1.618381754557291785e+01 -1.463737516403198313e+01
-1.505288879076639752e+01 -1.414572086334228551e+01
-1.560583961009979248e+01 -1.375420017242431570e+01
-1.593484590450922589e+01 -1.480400924682617259e+01
-1.617171959082285682e+01 -1.363602218627929652e+01
-1.587971915801366229e+01 -1.464206552505493164e+01
-1.613039582967758179e+01 -1.431687555313110316e+01
-1.625912290811538696e+01 -1.466698417663574183e+01
-1.643027259906132898e+01 -1.459283132553100515e+01
-1.586587007840474506e+01 -1.491052541732788050e+01
-1.644122761487960815e+01 -1.463261327743530238e+01
-1.612583454449971399e+01 -1.447920312881469762e+01
-1.520362315575281720e+01 -1.484293031692504883e+01
-1.622253823280334473e+01 -1.436175842285156179e+01
-1.558485279480616192e+01 -1.207210617065429759e+01
-1.596098353465398212e+01 -1.367400140762329031e+01
-1.562575878699620624e+01 -1.420718774795532191e+01
-1.634926710526148597e+01 -1.421781978607177699e+01
-1.619514296452204505e+01 -1.449902982711791921e+01
-1.552648472785949707e+01 -1.387579765319824254e+01
-1.626438939571380615e+01 -1.503369684219360281e+01
-1.598260482152303119e+01 -1.422667741775512695e+01
-1.615787011384963989e+01 -1.412148160934448171e+01
-1.637224900722503662e+01 -1.497473373413085973e+01
-1.607344569762547692e+01 -1.531543397903442383e+01
-1.654555821418762207e+01 -1.449428606033325195e+01
-1.629445364077885827e+01 -1.470908184051513601e+01
-1.645379799604415894e+01 -1.508310279846191371e+01
-1.632965958118438721e+01 -1.391290416717529332e+01
-1.638284212350845337e+01 -1.396919431686401403e+01
-1.636991898218790809e+01 -1.528984479904174876e+01
-1.652970190842946252e+01 -1.509500694274902344e+01
-1.664126972357432166e+01 -1.402308540344238352e+01
-1.633137629429499427e+01 -1.480168647766113210e+01
-1.655583572387695312e+01 -1.516860256195068324e+01
-1.578465662399927716e+01 -1.437535114288330007e+01
-1.648621573050816735e+01 -1.512363758087158239e+01
-1.636752458413441857e+01 -1.463934669494628871e+01
-1.692824576298395911e+01 -1.253335304260253835e+01
-1.597602047522862811e+01 -1.452787523269653391e+01
-1.595980385939280133e+01 -1.458390264511108469e+01
-1.692925792932510376e+01 -1.434066820144653320e+01
-1.642575373252232751e+01 -1.406410455703735352e+01
-1.658695934216181556e+01 -1.463972206115722585e+01
-1.669541466236114502e+01 -1.501245298385620153e+01
-1.655263656377792358e+01 -1.459606618881225515e+01
-1.641961737473805627e+01 -1.438588275909423864e+01
-1.654830294847488403e+01 -1.516161098480224645e+01
-1.672940333684285363e+01 -1.445276107788085973e+01
-1.594739965597788434e+01 -1.359336786270141673e+01
-1.635687949260075769e+01 -1.430171651840209890e+01
-1.660037191708882531e+01 -1.521789178848266566e+01
-1.646842265129089355e+01 -1.426218566894531214e+01
-1.628199412425358972e+01 -1.514473381042480504e+01
-1.687134611606597900e+01 -1.522774705886840785e+01
-1.646005574862162391e+01 -1.419501266479492152e+01
-1.639897654453913489e+01 -1.378655557632446360e+01
-1.673422888914744178e+01 -1.498727922439575266e+01
-1.676208142439524451e+01 -1.496204366683959996e+01
-1.651972607771555701e+01 -1.517007799148559499e+01
-1.730458976825078210e+01 -1.546767683029174734e+01
-1.707745808362960815e+01 -1.497865257263183558e+01
-1.682098825772603234e+01 -1.523644704818725515e+01
-1.704977397123972693e+01 -1.446727504730224645e+01
-1.718090210358301917e+01 -1.460746526718139648e+01
-1.713882533709208289e+01 -1.472769851684570241e+01
-1.693120070298512658e+01 -1.445930557250976634e+01
-1.706943190097808838e+01 -1.487762622833252024e+01
-1.659459257125854492e+01 -1.362409067153930664e+01
-1.704398188988367835e+01 -1.498770828247070241e+01
-1.700704139471054077e+01 -1.490581893920898438e+01
-1.700914343198140344e+01 -1.486130447387695241e+01
-1.693054141600926599e+01 -1.539339580535888707e+01
-1.669160465399424353e+01 -1.444255943298339773e+01
-1.664065686861674109e+01 -1.522009983062744176e+01
-1.687440772851308068e+01 -1.474362115859985423e+01
-1.673582388957341394e+01 -1.533193197250366246e+01
-1.747750121355056763e+01 -1.323024024963378942e+01
-1.694813229640324792e+01 -1.355334806442260742e+01
-1.728192969163258752e+01 -1.491510562896728587e+01
-1.712915241718292236e+01 -1.514788856506347692e+01
-1.702052575349807739e+01 -1.550466699600219656e+01
-1.706435990333557129e+01 -1.564696903228759695e+01
-1.740406854947407922e+01 -1.571879844665527415e+01
-1.720953802267710486e+01 -1.487509946823120188e+01
-1.724683054288228234e+01 -1.541158075332641531e+01
-1.688773741324742517e+01 -1.450577583312988317e+01
-1.727468389272689819e+01 -1.538543519973754847e+01
-1.667987197637557983e+01 -1.443750972747802663e+01
-1.686194856961568078e+01 -1.233135099411010671e+01
-1.688494346539179602e+01 -1.471985702514648509e+01
-1.688609576225280762e+01 -1.500985069274902273e+01
-1.715628894170125207e+01 -1.498051919937133825e+01
-1.743770335117975989e+01 -1.527013521194458079e+01
-1.725346072514851770e+01 -1.518995685577392507e+01
-1.748465387026469031e+01 -1.454668531417846644e+01
-1.730513807137807092e+01 -1.444397449493408203e+01
-1.715971972544987878e+01 -1.505642967224121165e+01
-1.747365339597066125e+01 -1.508759555816650355e+01
-1.750842861334482947e+01 -1.420970458984374929e+01
-1.625787905852000037e+01 -1.491021270751953054e+01
-1.748590433597564697e+01 -1.542407350540161204e+01
-1.770919106403986731e+01 -1.451580104827880824e+01
-1.710068096717198571e+01 -1.437390584945678640e+01
-1.736037244399388513e+01 -1.535734224319458008e+01
-1.708581447601318359e+01 -1.446311168670654368e+01
-1.739127926031748572e+01 -1.549405469894409215e+01
-1.772648592789967736e+01 -1.550004091262817418e+01
-1.776515710353851318e+01 -1.457304162979125906e+01
-1.763830429315567017e+01 -1.501649446487426687e+01
-1.647137699524561683e+01 -1.269714622497558665e+01
-1.658535955349604407e+01 -1.482500162124633825e+01
-1.740121066570281982e+01 -1.355381612777710032e+01
-1.751202593247095862e+01 -1.507464389801025462e+01
-1.742964269717534265e+01 -1.534354028701782191e+01
-1.763519342740376672e+01 -1.497266798019409251e+01
-1.746513746182123938e+01 -1.366262388229370117e+01
-1.697670396169026574e+01 -1.442067451477050710e+01
-1.681235684951146325e+01 -1.530069398880004883e+01
-1.731573067108790198e+01 -1.557246656417846609e+01
-1.754890823364257812e+01 -1.530414676666259766e+01
-1.709624769290288171e+01 -1.490067720413208008e+01
-1.697534588972727576e+01 -1.447511968612670863e+01
-1.778798949718475342e+01 -1.535840902328491175e+01
-1.740187382698059082e+01 -1.505732145309448278e+01
-1.770412321885426721e+01 -1.519507293701171946e+01
-1.687786169846852502e+01 -1.525695667266845668e+01
-1.740759491920471191e+01 -1.391245269775390625e+01
-1.766801844040552893e+01 -1.527860460281372035e+01
-1.793133300542831421e+01 -1.549391956329345632e+01
-1.772377838691075524e+01 -1.487321195602416957e+01
-1.746588162581126014e+01 -1.515317544937133754e+01
-1.711213862895965576e+01 -1.489156103134155273e+01
-1.755248389641444007e+01 -1.379353084564209020e+01
-1.743156913916270057e+01 -1.499828252792358363e+01
-1.769677788019180298e+01 -1.511120405197143590e+01
-1.709791080156962195e+01 -1.468262119293212820e+01
-1.777962684631347656e+01 -1.474465255737304759e+01
-1.779901484648386756e+01 -1.391883602142334020e+01
-1.701196406284968177e+01 -1.591880531311035085e+01
-1.818157374858856201e+01 -1.513286552429199183e+01
-1.744558544953664025e+01 -1.359010353088378942e+01
-1.766925740242004395e+01 -1.536434535980224680e+01
-1.770143248637517175e+01 -1.493855581283569300e+01
-1.759845540920893470e+01 -1.536205024719238210e+01
-1.764851345618565759e+01 -1.549276094436645579e+01
-1.728488252560297767e+01 -1.391012191772460938e+01
-1.696798545122146606e+01 -1.549933080673217844e+01
-1.723680573701858521e+01 -1.543006277084350586e+01
-1.810576462745666504e+01 -1.536390352249145508e+01
-1.759425127506256104e+01 -1.554979343414306570e+01
-1.704426578680674353e+01 -1.523960094451904368e+01
-1.794677340984344482e+01 -1.508487586975097727e+01
-1.761152503887812415e+01 -1.406217031478881907e+01
-1.829777896404266357e+01 -1.460597095489501918e+01
-1.800292080640792847e+01 -1.467546138763427699e+01
-1.814636655648549279e+01 -1.522928953170776367e+01
-1.803286000092824182e+01 -1.522207536697387731e+01
-1.743272052208582679e+01 -1.511754312515258825e+01
-1.795871758460998535e+01 -1.447530632019043040e+01
-1.800139458974202356e+01 -1.475680866241455114e+01
-1.794059373935063562e+01 -1.518692703247070241e+01
-1.616228556632995605e+01 -1.484561624526977575e+01
-1.741482939322789392e+01 -1.523980865478515589e+01
-1.774637514352798462e+01 -1.491595096588134695e+01
-1.763103445370991906e+01 -1.565379467010498082e+01
-1.785948344071706018e+01 -1.406441116333007812e+01
-1.793134148915608606e+01 -1.509429035186767543e+01
-1.787206588188807288e+01 -1.465112257003784180e+01
-1.788510616620381555e+01 -1.511585550308227610e+01
-1.815819803873698035e+01 -1.430699510574340749e+01
-1.791655719280242920e+01 -1.465439128875732422e+01
-1.786316851774851600e+01 -1.509990320205688441e+01
-1.825487323602040490e+01 -1.486466951370239187e+01
-1.736962598562240601e+01 -1.437837791442871094e+01
-1.759237704674402991e+01 -1.533038730621337820e+01
-1.812032429377238074e+01 -1.515625724792480433e+01
-1.792366814613342285e+01 -1.359702472686767649e+01
-1.731207968791325769e+01 -1.376172475814819407e+01
-1.839716474215189734e+01 -1.546632776260375941e+01
-1.628930650154749671e+01 -1.533848581314086879e+01
-1.834970688819885254e+01 -1.523700952529907227e+01
-1.847195633252461633e+01 -1.482548437118530238e+01
-1.804124192396799842e+01 -1.409757490158080984e+01
-1.815582478046417236e+01 -1.502269878387451207e+01
-1.744913965463638306e+01 -1.544693098068237269e+01
-1.799050339063008508e+01 -1.492927656173706019e+01
-1.814666004975636682e+01 -1.504330139160156321e+01
-1.809285614887873450e+01 -1.517263555526733398e+01
-1.742426300048828125e+01 -1.462422084808349609e+01
-1.770673308769861976e+01 -1.518859949111938512e+01
-1.719602237145106116e+01 -1.305394763946533132e+01
-1.692312039931615075e+01 -1.464573450088500906e+01
-1.810127906004587928e+01 -1.534292268753051758e+01
-1.805283772945404053e+01 -1.423648128509521449e+01
-1.819038313627243042e+01 -1.507440795898437536e+01
-1.822618647416432580e+01 -1.516941528320312571e+01
-1.823567469914754113e+01 -1.501457757949829031e+01
-1.846059042215347290e+01 -1.517858543395996129e+01
-1.783206361532211304e+01 -1.591858940124511790e+01
-1.802695047855377197e+01 -1.566056661605835032e+01
-1.714359414577484131e+01 -1.501552658081054759e+01
-1.744496901830037316e+01 -1.548922424316406321e+01
-1.810730161269505700e+01 -1.445431671142578089e+01
-1.833202495177586755e+01 -1.540676670074462962e+01
-1.759139517943064490e+01 -1.491019325256347727e+01
-1.834248389800389489e+01 -1.491019344329833984e+01
-1.792387076218922815e+01 -1.396324071884155238e+01
-1.736511675516764441e+01 -1.529845275878906286e+01
-1.840548765659332275e+01 -1.501434192657470668e+01
-1.820904954274495324e+01 -1.466319599151611364e+01
-1.806199534734090051e+01 -1.504219684600830043e+01
-1.814004317919413367e+01 -1.382922992706298793e+01
-1.810783052444458008e+01 -1.508905038833618129e+01
-1.800772243738174438e+01 -1.525704088211059606e+01
-1.818397506078084191e+01 -1.524439048767089844e+01
-1.807477943102518836e+01 -1.393325033187866246e+01
-1.817621799310048303e+01 -1.508973569869995046e+01
-1.814408252636591712e+01 -1.428661918640136719e+01
-1.798005477587382117e+01 -1.505563268661498988e+01
-1.823444533348083496e+01 -1.551820764541625941e+01
-1.802368531624476233e+01 -1.482720155715942312e+01
-1.864971097310383996e+01 -1.554736833572387766e+01
-1.798965018987655640e+01 -1.314243192672729421e+01
-1.800991811354954919e+01 -1.467534265518188441e+01
-1.822446550925572595e+01 -1.397659511566162038e+01
-1.784050478537877282e+01 -1.541943168640136719e+01
-1.852465705076853553e+01 -1.466743659973144531e+01
-1.825862002372741699e+01 -1.533660755157470668e+01
-1.830219368139902869e+01 -1.484249715805053782e+01
-1.834301680326461792e+01 -1.524703130722045863e+01
-1.846308751900990686e+01 -1.497497701644897461e+01
-1.880316986640294274e+01 -1.527440986633300746e+01
-1.887841824690501014e+01 -1.401463966369628977e+01
-1.689312404394149780e+01 -1.458140001296997035e+01
-1.857500783602396766e+01 -1.476441059112548793e+01
-1.810122493902842322e+01 -1.516001205444336009e+01
-1.806814541419347009e+01 -1.503361387252807546e+01
-1.838298161824544152e+01 -1.495855026245117259e+01
-1.853198629617691040e+01 -1.516626672744751048e+01
-1.735567094882329187e+01 -1.528219985961914062e+01
-1.808014130592346191e+01 -1.398585405349731481e+01
-1.782146046559016028e+01 -1.291937837600707972e+01
-1.814466118812561035e+01 -1.456781101226806641e+01
-1.853560680150985718e+01 -1.528474788665771555e+01
-1.880024687449137488e+01 -1.520254716873168910e+01
-1.846704828739166260e+01 -1.509606447219848668e+01
-1.836875905593236169e+01 -1.499332714080810547e+01
-1.818017596006393433e+01 -1.340324230194091726e+01
-1.886736937363942346e+01 -1.485442237854003977e+01
-1.856743490695953369e+01 -1.511891365051269531e+01
-1.898396464188893518e+01 -1.479709119796752859e+01
-1.874004161357879639e+01 -1.469301023483276403e+01
-1.819594117005665979e+01 -1.544693412780761754e+01
-1.771562804778416833e+01 -1.509440488815307546e+01
-1.877610588073730469e+01 -1.507974805831909215e+01
-1.797048356135686120e+01 -1.521321430206298864e+01
-1.737507826089859009e+01 -1.376909093856811594e+01
-1.739231961965560913e+01 -1.446313486099243129e+01
-1.778023012479146203e+01 -1.484001512527465749e+01
-1.854116769631703576e+01 -1.490466165542602539e+01
-1.871731142203013221e+01 -1.469150609970092702e+01
-1.866950076818466187e+01 -1.584964904785156214e+01
-1.876126698652903357e+01 -1.514766588211059606e+01
-1.878313752015431604e+01 -1.495352363586425781e+01
-1.803137894471486291e+01 -1.543779354095459055e+01
-1.790831182400385657e+01 -1.536270074844360423e+01
-1.874193958441416541e+01 -1.518858404159545827e+01
-1.816500473022460938e+01 -1.493397531509399379e+01
-1.818861746788024902e+01 -1.431812000274658203e+01
-1.878922128677368164e+01 -1.544515905380248988e+01
-1.894426453113555908e+01 -1.553364782333374094e+01
-1.866192432244618615e+01 -1.482894496917724680e+01
-1.803633749485015869e+01 -1.502056341171264719e+01
-1.840574043989181519e+01 -1.535193462371826101e+01
-1.902020792166392127e+01 -1.509614486694335866e+01
-1.809043991565704346e+01 -1.407092695236206126e+01
-1.865016341209411621e+01 -1.511699600219726491e+01
-1.848926887909571448e+01 -1.475156192779541087e+01
-1.875657735268275061e+01 -1.405159254074096609e+01
-1.828712912400563440e+01 -1.328226261138916087e+01
-1.891886548201243201e+01 -1.485086240768432653e+01
-1.856937897205352783e+01 -1.367241697311401438e+01
-1.829849171638488770e+01 -1.450614862442016673e+01
-1.855475238958994666e+01 -1.491573572158813477e+01
-1.832450956106185913e+01 -1.426365776062011648e+01
-1.847222574551900109e+01 -1.317643613815307546e+01
-1.888204157352447510e+01 -1.432837152481079102e+01
-1.896041258176167688e+01 -1.531734313964843786e+01
-1.928654960791270057e+01 -1.512498178482055700e+01
-1.865835579236348352e+01 -1.483462553024292063e+01
-1.891844030221303186e+01 -1.515484094619750977e+01
-1.899890889724095544e+01 -1.498098278045654297e+01
-1.834768543640772620e+01 -1.454508142471313548e+01
-1.855429987112681189e+01 -1.459362287521362234e+01
-1.876639089981715003e+01 -1.462174673080444265e+01
-1.820805553595225135e+01 -1.347258234024047852e+01
-1.792506734530131141e+01 -1.532515821456909144e+01
-1.899832220872243127e+01 -1.284470262527465856e+01
-1.858832911650339881e+01 -1.492664813995361328e+01
-1.832130370537440101e+01 -1.397170886993408168e+01
-1.861767037709553918e+01 -1.498851804733276438e+01
-1.869751469294230262e+01 -1.530313014984130859e+01
-1.914404336611429969e+01 -1.450841293334960902e+01
-1.871488817532857141e+01 -1.564519157409668004e+01
-1.814030228058497229e+01 -1.432092161178588796e+01
-1.852727727095286170e+01 -1.447027740478515589e+01
-1.874259203672409058e+01 -1.427459268569946360e+01
-1.893841143449147424e+01 -1.437144002914428675e+01
-1.882215265432993689e+01 -1.518431930541992259e+01
-1.857044581572214881e+01 -1.451242733001708984e+01
-1.790370945135752478e+01 -1.535580234527587962e+01
-1.888042604923248291e+01 -1.492049522399902273e+01
-1.803623968362808228e+01 -1.476691093444824254e+01
-1.900997332731882850e+01 -1.509529333114624094e+01
-1.890921064217885217e+01 -1.544521741867065501e+01
-1.944362243016560754e+01 -1.482156744003295934e+01
-1.843052713076273719e+01 -1.527194204330444371e+01
-1.891278636455535889e+01 -1.541657390594482457e+01
-1.891307594378789148e+01 -1.492632770538330078e+01
-1.685454807678858558e+01 -1.536730298995971644e+01
-1.876431242624918738e+01 -1.489748878479003835e+01
-1.777823777993519982e+01 -1.512881212234497141e+01
-1.859162445863087854e+01 -1.500709505081176687e+01
-1.873359123865763465e+01 -1.530717182159423828e+01
-1.902883527676264563e+01 -1.464684839248657156e+01
-1.897804454962412635e+01 -1.549496068954467809e+01
-1.905524341265360633e+01 -1.510726804733276296e+01
-1.965811359882354736e+01 -1.483250770568847621e+01
-1.891108985741933068e+01 -1.371514234542846644e+01
-1.894189771016438684e+01 -1.464320440292358327e+01
-1.909425592422485352e+01 -1.504597625732421839e+01
-1.866098276774088660e+01 -1.549129362106323171e+01
-1.903837571541468421e+01 -1.514127597808837855e+01
-1.899646882216135779e+01 -1.497390804290771449e+01
-1.917933245499928674e+01 -1.509307498931884695e+01
-1.924694442749023438e+01 -1.488942155838012660e+01
-1.905855850378672400e+01 -1.358484592437744176e+01
-1.788285481929779053e+01 -1.479921751022338938e+01
-1.957497151692708215e+01 -1.503252000808715749e+01
-1.952948129177093506e+01 -1.482382268905639577e+01
-1.900273372729619226e+01 -1.501571474075317347e+01
-1.915390616655349731e+01 -1.462849206924438406e+01
-1.909423704942067346e+01 -1.466718969345092738e+01
-1.887830360730488977e+01 -1.498491487503051722e+01
-1.889244520664215088e+01 -1.555569982528686523e+01
-1.879204257329304895e+01 -1.395247201919555735e+01
-1.872030099232991418e+01 -1.441875457763671875e+01
-1.933761962254842004e+01 -1.530755729675292898e+01
-1.947192859649658203e+01 -1.485064983367919922e+01
-1.862826152642567834e+01 -1.360302848815917898e+01
-1.829502465327580651e+01 -1.465047340393066477e+01
-1.890540532271067420e+01 -1.426318149566650462e+01
-1.950017285346984863e+01 -1.426952543258667028e+01
-1.900775221983591834e+01 -1.408935241699218821e+01
-1.890768388907114783e+01 -1.444894161224365270e+01
-1.873693494002024451e+01 -1.475385828018188406e+01
-1.919432421525319299e+01 -1.534703607559204031e+01
-1.843548538287480554e+01 -1.500918235778808629e+01
-1.909184622764587402e+01 -1.444039754867553782e+01
-1.918578418095906457e+01 -1.508293476104736364e+01
-1.942835080623626709e+01 -1.500411462783813477e+01
-1.881613254547119141e+01 -1.439774217605590856e+01
-1.924120092391967773e+01 -1.544922742843627894e+01
-1.951358731587727746e+01 -1.408239822387695384e+01
-1.910769057273864746e+01 -1.536057376861572266e+01
-1.943086032072703162e+01 -1.500114173889160085e+01
-1.971436552206675330e+01 -1.528081350326538157e+01
-1.869232374429702759e+01 -1.517057867050170827e+01
-1.895929191509882727e+01 -1.361844310760498011e+01
-1.943172711133956909e+01 -1.523587150573730398e+01
-1.958882717291514197e+01 -1.485302839279174769e+01
-1.895328124364217004e+01 -1.515279045104980504e+01
-1.940628675619761268e+01 -1.420630817413330149e+01
-1.916128981113433838e+01 -1.442848291397094762e+01
-1.943612011273701867e+01 -1.478487176895141531e+01
-1.891982841491699219e+01 -1.462098360061645508e+01
-1.963383535544077674e+01 -1.448272590637207102e+01
-1.972775109608967981e+01 -1.449435043334960938e+01
-1.944021717707316199e+01 -1.489307756423950124e+01
-1.947060281038284302e+01 -1.412723102569580114e+01
-1.947656937440236291e+01 -1.389886426925659180e+01
-1.825150726238886634e+01 -1.507959766387939382e+01
-1.942682341734568396e+01 -1.464721441268920898e+01
-1.962765153249104699e+01 -1.456447448730468786e+01
-1.974280830224354943e+01 -1.513319206237792969e+01
-1.945160742600758752e+01 -1.437551851272582937e+01
-1.953175628185272217e+01 -1.440057878494262766e+01
-1.872720702489217004e+01 -1.467659063339233327e+01
-1.943343480428059777e+01 -1.486084585189819407e+01
-1.991474274794260779e+01 -1.456813926696777273e+01
-1.857108835379282752e+01 -1.535114336013793945e+01
-1.950220449765523156e+01 -1.496292886734008754e+01
-1.900439806779225549e+01 -1.473142395019531214e+01
-1.836668006579081336e+01 -1.543697195053100657e+01
-1.854800544182459632e+01 -1.510169048309326101e+01
-1.897141911586125573e+01 -1.456334981918334925e+01
-1.991338090101877967e+01 -1.417460718154907262e+01
-1.962619634469350061e+01 -1.432265653610229528e+01
-1.944446567694346228e+01 -1.490847234725952219e+01
-1.909171390533447266e+01 -1.463526649475097585e+01
-1.877495419979095459e+01 -1.537172918319702219e+01
-1.980863300959269324e+01 -1.471470756530761648e+01
-1.954640674591064453e+01 -1.331564588546752859e+01
-2.007682840029398719e+01 -1.477582921981811559e+01
-1.922840380668640137e+01 -1.472869758605957102e+01
-1.940040878454844275e+01 -1.484176921844482422e+01
-1.999323173364003381e+01 -1.434487323760986399e+01
-1.951995400587717810e+01 -1.528264131546020543e+01
-1.971130649248759070e+01 -1.460890998840332067e+01
-1.973236397902170935e+01 -1.484740409851074183e+01
-1.966015346844990930e+01 -1.357594347000122070e+01
-1.993244481086730957e+01 -1.500123996734619070e+01
-1.986475507418314734e+01 -1.492862148284912038e+01
-1.949035326639811316e+01 -1.534015064239502024e+01
-2.000665068626403809e+01 -1.495501003265380824e+01
-1.916453218460083008e+01 -1.482390213012695312e+01
-1.924390065670013428e+01 -1.522447710037231516e+01
-1.948700302839279175e+01 -1.491347160339355504e+01
-1.864440993467966834e+01 -1.441915340423583913e+01
-1.925941697756449500e+01 -1.396164178848266602e+01
-1.964561402797698975e+01 -1.418292913436889613e+01
-1.972548536459605018e+01 -1.453282117843627930e+01
-1.998754445711771766e+01 -1.381859235763549876e+01
-1.965327664216359338e+01 -1.334457035064697195e+01
-1.870008826255798340e+01 -1.507181386947631907e+01
-1.942516589164733887e+01 -1.550246877670288015e+01
-2.023080257574717322e+01 -1.402411861419677663e+01
-1.954805032412211219e+01 -1.489429197311401332e+01
-1.826165878772735596e+01 -1.357466411590576172e+01
-1.939061597983042518e+01 -1.489531078338623082e+01
-1.996420923868815223e+01 -1.488744935989379847e+01
-1.972891966501871863e+01 -1.508046731948852504e+01
-1.960394541422526160e+01 -1.493663864135742259e+01
-2.016311466693878174e+01 -1.457385272979736257e+01
-1.922521436214447021e+01 -1.475689849853515589e+01
-1.946966993808746338e+01 -1.448908615112304688e+01
-1.989837002754211426e+01 -1.516978693008422852e+01
-1.959298245112101355e+01 -1.510692214965820312e+01
-1.907009728749592981e+01 -1.469839525222778320e+01
-1.939525079727172852e+01 -1.474766778945922852e+01
-1.983604538440704346e+01 -1.452332115173339844e+01
-1.963872657219569007e+01 -1.474594783782958984e+01
-1.898458395401636878e+01 -1.506466732025146449e+01
-1.941941680510838708e+01 -1.499044828414917063e+01
-1.959783911705017090e+01 -1.461043643951416016e+01
-1.969530045986175537e+01 -1.436242284774780309e+01
-1.961307521661122522e+01 -1.511816120147705078e+01
-1.993828850984573364e+01 -1.483366308212280238e+01
-2.029990744590759277e+01 -1.479712839126586843e+01
-1.982185971736907959e+01 -1.532126483917236293e+01
-1.985369044542312622e+01 -1.467725362777709996e+01
-1.912219889958699426e+01 -1.429130601882934570e+01
-2.022699789206187049e+01 -1.476515703201294016e+01
-1.993845991293589393e+01 -1.373150157928466797e+01
-1.946586410204569617e+01 -1.513026351928710866e+01
-2.048258586724599084e+01 -1.507222547531127965e+01
-2.018301069736480713e+01 -1.346414070129394602e+01
-1.951154983043670654e+01 -1.498194818496704173e+01
-1.926202305157979211e+01 -1.527080488204956055e+01
-1.965281939506530762e+01 -1.374109535217285227e+01
-1.904235112667083740e+01 -1.456265974044799805e+01
-2.014666426181793213e+01 -1.419805307388305593e+01
-2.024879833062489709e+01 -1.505959539413452219e+01
-2.001298975944519043e+01 -1.342029638290405202e+01
-1.925505685806274414e+01 -1.490738954544067418e+01
-1.982776339848836145e+01 -1.511562128067016531e+01
-1.993980590502421180e+01 -1.473909721374511683e+01
-1.985343941052754602e+01 -1.534657363891601634e+01
-2.004809776941935340e+01 -1.477568817138671875e+01
-1.925694942474365234e+01 -1.545774335861205984e+01
-1.947253986199696740e+01 -1.492238349914550710e+01
-1.979776211579640588e+01 -1.498721647262573242e+01
-2.043513957659403601e+01 -1.488469829559326207e+01
-2.012817148367564002e+01 -1.501455945968627859e+01
-2.013993970553080359e+01 -1.437468357086181570e+01
-1.951209950447082520e+01 -1.485325555801391673e+01
-2.003809793790181359e+01 -1.454759616851806570e+01
-1.942775034904479980e+01 -1.478986139297485281e+01
-2.018404523531595984e+01 -1.509283151626586950e+01
-1.901387916008631507e+01 -1.432118558883666992e+01
-1.979097439845402917e+01 -1.488898563385009766e+01
-1.993938465913136682e+01 -1.496016912460327219e+01
-1.949690910180409631e+01 -1.450070219039917063e+01
-1.971529340744018555e+01 -1.491555309295654297e+01
-2.028766437371571740e+01 -1.491880855560302699e+01
-2.011981729666392127e+01 -1.528126792907714915e+01
-2.000753247737884521e+01 -1.457018671035766566e+01
-2.007535898685455322e+01 -1.510787801742553782e+01
-1.981375441948572913e+01 -1.451912326812744070e+01
-2.004784794648488244e+01 -1.454548349380493200e+01
-1.975125730037689209e+01 -1.454706668853759766e+01
-1.969428765773773193e+01 -1.495403709411621129e+01
-1.981176356474558631e+01 -1.432718591690063548e+01
-2.028190998236338416e+01 -1.400324363708496023e+01
-1.996650556723276893e+01 -1.376016921997070241e+01
-1.984739037354787072e+01 -1.450987405776977468e+01
-1.960961411396662513e+01 -1.460923261642455984e+01
-1.914110231399536133e+01 -1.527737922668456960e+01
-1.994969000418980798e+01 -1.435212888717651403e+01
-1.981709849834442139e+01 -1.382255840301513672e+01
-1.944669894377390662e+01 -1.468043470382690430e+01
-2.018133727709452430e+01 -1.472661676406860387e+01
-2.056347306569417199e+01 -1.449447307586669886e+01
-2.018735166390736779e+01 -1.501780557632446289e+01
-2.003867248694102088e+01 -1.374790077209472727e+01
-1.948353483279545983e+01 -1.469341793060302770e+01
-2.059852524598439416e+01 -1.478507337570190394e+01
-2.046312840779622277e+01 -1.466519088745117116e+01
-2.002031898498535156e+01 -1.439370803833007884e+01
-2.021570976575215539e+01 -1.480717086791992188e+01
-2.055822324752807617e+01 -1.483131713867187429e+01
-1.972992352644602576e+01 -1.493444061279296875e+01
-2.050315904617309570e+01 -1.481364297866821289e+01
-1.972993254661560059e+01 -1.505391340255737376e+01
-2.050463608900706092e+01 -1.495214023590087926e+01
-2.070605921745300293e+01 -1.474456367492675746e+01
-2.060922241210937500e+01 -1.482442035675048864e+01
-1.985539392630259314e+01 -1.402059535980224680e+01
-1.991247526804606238e+01 -1.459861097335815394e+01
-2.013665902614593506e+01 -1.447035522460937429e+01
-2.013920938968658447e+01 -1.468558425903320241e+01
-1.968921546141306678e+01 -1.430528926849365234e+01
-2.005897255738576135e+01 -1.405532131195068324e+01
-1.928512815634409705e+01 -1.452125587463378942e+01
-2.075619808832804480e+01 -1.521187467575073171e+01
-2.054436826705932617e+01 -1.515373630523681570e+01
-2.026178789138793945e+01 -1.450303125381469727e+01
-2.023735944430033484e+01 -1.449943275451660085e+01
-2.015687461694081506e+01 -1.472264270782470774e+01
-1.994985413551330566e+01 -1.493455266952514648e+01
-2.097623101870219031e+01 -1.481976165771484411e+01
-2.023717733224232873e+01 -1.489829330444336009e+01
-2.009644516309102258e+01 -1.505236597061157156e+01
-2.054873136679331580e+01 -1.491773014068603587e+01
-2.008833165963490686e+01 -1.482257556915283203e+01
-2.005224772294362268e+01 -1.496737623214721680e+01
-2.067895742257435998e+01 -1.461513490676879812e+01
-2.095059498151143274e+01 -1.489454097747802663e+01
-2.033361907800038537e+01 -1.497996749877929723e+01
-2.097188925743103027e+01 -1.486900672912597621e+01
-1.950529815753300866e+01 -1.492472867965698313e+01
-2.040433017412821570e+01 -1.449536943435668945e+01
-1.984450038274129113e+01 -1.540302095413207972e+01
-2.045615931351979455e+01 -1.413629589080810511e+01
-1.974175228675206384e+01 -1.453609580993652273e+01
-1.989276492595672607e+01 -1.486789617538452113e+01
-2.002676896254221717e+01 -1.493408861160278356e+01
-1.860252539316813269e+01 -1.442797126770019567e+01
-1.973413642247517785e+01 -1.532637319564819300e+01
-2.074359834194183350e+01 -1.497560701370239222e+01
-2.058439266681671143e+01 -1.482702493667602539e+01
-1.989242049058278283e+01 -1.468485441207885778e+01
-2.024902268250783166e+01 -1.381254653930664134e+01
-2.004909455776214600e+01 -1.418388748168945312e+01
-1.984169367949168006e+01 -1.439052915573120117e+01
-2.053880504767100135e+01 -1.458664884567260778e+01
-2.068377161026000977e+01 -1.440530672073364293e+01
-2.107988611857096473e+01 -1.382194261550903391e+01
-2.078022750218709191e+01 -1.502724771499633860e+01
-2.091909905274708947e+01 -1.443486537933349645e+01
-2.037235271930694580e+01 -1.472700395584106481e+01
-2.045906670888264856e+01 -1.492248992919921946e+01
-1.999429384867350379e+01 -1.506611576080322301e+01
-2.060711177190144738e+01 -1.452897586822509801e+01
-2.004304536183675012e+01 -1.472584400177001918e+01
-2.042439997196197510e+01 -1.461310367584228587e+01
-2.094576056798299035e+01 -1.407956752777099574e+01
-2.053852128982543945e+01 -1.428286561965942347e+01
-2.086667497952779016e+01 -1.413887090682983327e+01
-2.061887383460998535e+01 -1.487092027664184535e+01
-1.986689201990763465e+01 -1.477831811904907156e+01
-2.050057379404703894e+01 -1.492098255157470632e+01
-2.080725196997324744e+01 -1.455386600494384730e+01
-2.023654452959696570e+01 -1.373212652206420969e+01
-2.072949425379435340e+01 -1.480428380966186452e+01
-2.105612154801686486e+01 -1.527478809356689382e+01
-1.967607178290684899e+01 -1.454343910217285085e+01
-2.061514731248219690e+01 -1.360136032104492188e+01
-2.001014073689778527e+01 -1.496094732284545969e+01
-2.076683290799458703e+01 -1.480351419448852468e+01
-2.064528461297352990e+01 -1.445132360458373988e+01
-2.019666822751363000e+01 -1.469360132217407156e+01
-1.975055142243703088e+01 -1.408436050415039098e+01
-2.024146656195322791e+01 -1.392450723648071254e+01
-2.014402206738789758e+01 -1.425574893951415945e+01
-2.037444867690404138e+01 -1.313880195617675817e+01
-2.024718081951141357e+01 -1.402862691879272461e+01
-2.014351439476013184e+01 -1.493620615005493235e+01
-2.130979947249094764e+01 -1.429520854949951136e+01
-2.098312266667683801e+01 -1.412604637145996023e+01
-2.026861321926116943e+01 -1.452115993499755930e+01
-2.032236905892689904e+01 -1.429559869766235281e+01
-1.909827045599619666e+01 -1.393469495773315359e+01
-1.946279438336690149e+01 -1.444652919769287180e+01
-2.099162912368774414e+01 -1.414952831268310618e+01
-2.062195456027984619e+01 -1.444088144302368093e+01
-2.082809106508890906e+01 -1.493945150375366282e+01
-2.051257566610972205e+01 -1.453122663497924805e+01
-2.055316766103108606e+01 -1.484015007019042898e+01
-1.994215182463328162e+01 -1.407217464447021449e+01
-1.980332601070404053e+01 -1.470516242980957067e+01
-2.087827269236246863e+01 -1.478647594451904368e+01
-2.058605635166168213e+01 -1.375975246429443288e+01
-2.056186302502949914e+01 -1.445407552719116140e+01
-2.076515555381774902e+01 -1.476465816497802663e+01
-2.069258356094360352e+01 -1.418027286529541087e+01
-2.042738755544026574e+01 -1.425235443115234446e+01
-1.979427321751912316e+01 -1.483807353973388743e+01
-2.079886360963185510e+01 -1.477540035247802663e+01
-2.111636614799499512e+01 -1.472454652786254847e+01
-2.126410651206970215e+01 -1.502388191223144531e+01
-2.127679701646168908e+01 -1.452108917236328089e+01
-2.109846357504526893e+01 -1.498315877914428640e+01
-2.109756044546763221e+01 -1.464548063278198242e+01
-2.058454187711079797e+01 -1.431382646560668981e+01
-2.074042141437530518e+01 -1.454547224044799769e+01
-2.060194619496663293e+01 -1.419946813583374023e+01
-2.142513434092203894e+01 -1.456464633941650355e+01
-2.116260759035746375e+01 -1.446079063415527344e+01
-2.050947932402293006e+01 -1.458685903549194407e+01
-2.090867634614308557e+01 -1.514466657638549840e+01
-2.117700727780659875e+01 -1.418046960830688441e+01
-2.065664160251617432e+01 -1.452177410125732493e+01
-2.078536967436472693e+01 -1.442859477996826101e+01
-2.060295037428538123e+01 -1.453699922561645508e+01
-2.078416287899017334e+01 -1.485007429122924805e+01
-2.087894328435261926e+01 -1.428350448608398438e+01
-2.084381969769795617e+01 -1.428850545883178746e+01
-1.976040196418762207e+01 -1.548604211807250941e+01
-2.031218568483988562e+01 -1.479221792221069265e+01
-2.101505553722381592e+01 -1.446281414031982493e+01
-2.123016035556793213e+01 -1.437389240264892543e+01
-2.006426358222961426e+01 -1.467791433334350515e+01
-2.042150278886159143e+01 -1.452527065277099538e+01
-2.116153585910797119e+01 -1.471489219665527415e+01
-2.109667706489562988e+01 -1.404636030197143626e+01
-2.126240726312001428e+01 -1.456353740692138743e+01
-2.134719645977020264e+01 -1.372733373641967702e+01
-2.084698569774627686e+01 -1.455482654571533274e+01
-2.034079730510711670e+01 -1.489347600936889648e+01
