# Train Val
3.466075976689656724e+00 2.882929881413777817e+00
1.912889341513315911e+00 7.535118261973062781e-01
-1.007005055745442634e+00 -3.267147461573282730e+00
-4.360977768898010254e+00 -5.713804880777995088e+00
-6.363091150919596650e+00 -6.937689781188964844e+00
-7.686498085657755830e+00 -8.294618288675943418e+00
-8.836718360582986875e+00 -9.160638173421224550e+00
-9.565626064936319395e+00 -9.893948872884115175e+00
-9.898628234863281250e+00 -1.018948459625244141e+01
-1.002025357882181744e+01 -1.035960674285888672e+01
-1.012628610928853412e+01 -1.040181350708007812e+01
-1.014579232533772846e+01 -1.040302149454752545e+01
-1.017915177345275879e+01 -1.038739681243896484e+01
-1.021527194976806641e+01 -1.037173589070638080e+01
-1.025082206726074219e+01 -1.017719809214274029e+01
-1.023666000366210938e+01 -1.010346539815266986e+01
-1.021005511283874512e+01 -1.027542209625244141e+01
-1.018935688336690326e+01 -1.027823003133138080e+01
-1.027090581258138080e+01 -1.040411504109700580e+01
-1.025802524884541889e+01 -1.038966306050618549e+01
-1.027940050760904889e+01 -1.024924532572428326e+01
-1.030095283190409283e+01 -1.060845851898193359e+01
-1.032983930905660053e+01 -1.017147286732991596e+01
-1.027937340736389160e+01 -1.035475921630859375e+01
-1.036356266339620014e+01 -1.035409418741861920e+01
-1.037372795740763287e+01 -1.029609203338623047e+01
-1.037289738655090332e+01 -1.039652633666992188e+01
-1.039444939295450787e+01 -1.039029375712076764e+01
-1.042582368850708008e+01 -1.015801366170247455e+01
-1.037664628028869629e+01 -1.033767573038736920e+01
-1.044940511385599713e+01 -1.050149122873941998e+01
-1.041705910364786725e+01 -1.022272936503092389e+01
-1.038842384020487408e+01 -1.046440505981445312e+01
-1.050323851903279682e+01 -1.041475327809651752e+01
-1.047550725936889648e+01 -1.048288281758626361e+01
-1.044152736663818359e+01 -1.055162175496419330e+01
-1.044173971811930279e+01 -1.054792690277099609e+01
-1.048988199234008789e+01 -1.026667912801106830e+01
-1.049103967348734479e+01 -1.077269331614176373e+01
-1.043339649836222272e+01 -1.044365914662679096e+01
-1.047468916575113873e+01 -1.036764971415201764e+01
-1.050572236378987689e+01 -1.052842394510904889e+01
-1.044617573420206647e+01 -1.089819844563802143e+01
-1.051108988126119037e+01 -1.046367677052815814e+01
-1.051742966969808002e+01 -1.033364454905191998e+01
-1.046725344657897949e+01 -1.032080332438150982e+01
-1.053258323669433594e+01 -1.051976744333902936e+01
-1.054727300008138080e+01 -1.038534069061279297e+01
-1.056650439898172955e+01 -1.067436377207438092e+01
-1.057584373156229596e+01 -1.040898958841959576e+01
-1.055459109942118268e+01 -1.042166264851888080e+01
-1.054468623797098736e+01 -1.019412390391031842e+01
-1.055671048164367676e+01 -1.017430210113525391e+01
-1.056096283594767193e+01 -1.037519582112630268e+01
-1.052777179082234760e+01 -1.043536758422851562e+01
-1.053065681457519531e+01 -1.044998264312744141e+01
-1.056388521194458008e+01 -1.038780085245768170e+01
-1.057953182856241803e+01 -1.031195767720540424e+01
-1.060418097178141217e+01 -1.044863700866699219e+01
-1.054532917340596576e+01 -1.031114419301350971e+01
-1.044888679186503033e+01 -1.037817064921061139e+01
-1.052971132596333881e+01 -1.050089359283447266e+01
-1.054277181625366211e+01 -1.073349571228027344e+01
-1.058231361707051654e+01 -1.042185560862223248e+01
-1.059861779212951660e+01 -1.048762893676757812e+01
-1.058955581982930561e+01 -1.061093076070149799e+01
-1.060762612024942975e+01 -1.040458234151204486e+01
-1.061097566286722760e+01 -1.050848325093587299e+01
-1.062075273195902447e+01 -1.026889578501383404e+01
-1.061131079991658588e+01 -1.051793162027994732e+01
-1.061120065053304096e+01 -1.053379948933919330e+01
-1.063658142089843750e+01 -1.045459238688150982e+01
-1.060235587755838971e+01 -1.060294500986734967e+01
-1.054470380147298236e+01 -1.039969666798909564e+01
-1.055894351005554199e+01 -1.037525335947672467e+01
-1.058593948682149311e+01 -1.026245911916097064e+01
-1.054263401031494141e+01 -1.090129248301188092e+01
-1.060977911949157715e+01 -1.029308541615804096e+01
-1.054707503318786621e+01 -1.037456353505452533e+01
-1.056237459182739258e+01 -1.059925079345703125e+01
-1.062513375282287598e+01 -1.030474917093912701e+01
-1.060149312019348145e+01 -1.053515084584554096e+01
-1.062443327903747559e+01 -1.042366218566894531e+01
-1.055659310022989850e+01 -1.046023877461751361e+01
-1.054704904556274414e+01 -1.037215201059977154e+01
-1.059785310427347760e+01 -1.053279209136962891e+01
-1.063530532519022564e+01 -1.075095812479654889e+01
-1.061810382207234760e+01 -1.057450993855794330e+01
-1.062950722376505475e+01 -1.060562101999918561e+01
-1.061716969807942768e+01 -1.017084407806396484e+01
-1.061411714553833008e+01 -1.045321083068847656e+01
-1.060154080390930176e+01 -1.046889781951904297e+01
-1.064219609896341900e+01 -1.037419446309407611e+01
-1.060810224215189557e+01 -1.078207015991210938e+01
-1.065376273790995221e+01 -1.064339605967203717e+01
-1.064399941762288471e+01 -1.067337067921956439e+01
-1.065921266873677631e+01 -1.045679696400960346e+01
-1.062812566757202148e+01 -1.031887499491373639e+01
-1.064331706364949603e+01 -1.031398614247640033e+01
-1.063446434338887592e+01 -1.070068105061849018e+01
-1.059773667653401752e+01 -1.040240287780761719e+01
-1.065692543983459473e+01 -1.029087162017822266e+01
-1.063181352615356445e+01 -1.058605766296386719e+01
-1.065780409177144428e+01 -1.060959307352701764e+01
-1.065182352066040039e+01 -1.053747526804606061e+01
-1.064106178283691406e+01 -1.047717126210530658e+01
-1.055956808725992779e+01 -1.061582819620768170e+01
-1.069006299972534180e+01 -1.042061169942220111e+01
-1.063357941309610943e+01 -1.095239321390787701e+01
-1.068947696685791016e+01 -1.040634250640869141e+01
-1.069073812166849713e+01 -1.068723360697428326e+01
-1.061203662554422955e+01 -1.053714752197265625e+01
-1.067546502749125104e+01 -1.064830652872721295e+01
-1.065911825497945209e+01 -1.063294124603271484e+01
-1.060878515243530273e+01 -1.052695083618164062e+01
-1.066510740915934186e+01 -1.052561950683593750e+01
-1.069763263066609760e+01 -1.026852321624755859e+01
-1.063456551233927350e+01 -1.066883182525634766e+01
-1.068611415227254291e+01 -1.053880850474039654e+01
-1.069868628184000592e+01 -1.099857362111409564e+01
-1.066388161977132221e+01 -1.082702700297037701e+01
-1.067967947324117084e+01 -1.036967023213704486e+01
-1.069495590527852436e+01 -1.076251824696858783e+01
-1.072521662712097168e+01 -1.050969346364339252e+01
-1.074152835210164447e+01 -1.055684216817220111e+01
-1.071980563799540143e+01 -1.070863469441731830e+01
-1.067219026883443256e+01 -1.048908297220865826e+01
-1.073186524709065814e+01 -1.054895782470703125e+01
-1.070332916577657123e+01 -1.050990295410156250e+01
-1.059634399414062500e+01 -1.055145645141601562e+01
-1.061625011761983295e+01 -1.049680582682291607e+01
-1.073554944992065430e+01 -1.077605342864990234e+01
-1.071322456995646100e+01 -1.091285514831542969e+01
-1.071030735969543457e+01 -1.063135687510172467e+01
-1.069901744524637799e+01 -1.032949701944986920e+01
-1.072335370381673236e+01 -1.119247913360595703e+01
-1.078885134061177631e+01 -1.085935751597086529e+01
-1.078990904490152936e+01 -1.070116806030273438e+01
-1.076730640729268451e+01 -1.019271024068196674e+01
-1.076454949378967285e+01 -1.066796112060546875e+01
-1.077394525210062604e+01 -1.046582730611165424e+01
-1.079140893618265729e+01 -1.054677740732828717e+01
-1.082374739646911621e+01 -1.058428764343261719e+01
-1.080153298377990723e+01 -1.059428596496582031e+01
-1.074984780947367291e+01 -1.063418706258138080e+01
-1.081310574213663678e+01 -1.028399594624837299e+01
-1.077291631698608398e+01 -1.036791578928629498e+01
-1.079082147280375104e+01 -1.057259718577066998e+01
-1.079055984814961811e+01 -1.044734732309977154e+01
-1.079543415705362897e+01 -1.027720959981282611e+01
-1.081409804026285748e+01 -1.034630012512207031e+01
-1.075074752171834369e+01 -1.082514381408691406e+01
-1.082208879788716693e+01 -1.045467535654703717e+01
-1.077785301208496094e+01 -1.058035182952880859e+01
-1.079834429423014264e+01 -1.054684480031331439e+01
-1.085802467664082904e+01 -1.058589967091878314e+01
-1.086241849263509174e+01 -1.039550367991129498e+01
-1.079633927345275879e+01 -1.040070819854736328e+01
-1.077287650108337402e+01 -1.048701826731363873e+01
-1.091069030761718750e+01 -1.069084485371907611e+01
-1.086019484202066998e+01 -1.022044785817464252e+01
-1.098072719573974609e+01 -1.051710255940755268e+01
-1.095355431238810162e+01 -1.044540309906005859e+01
-1.084284249941507916e+01 -1.041081047058105469e+01
-1.090187454223632812e+01 -1.054659716288248639e+01
-1.085592675209045410e+01 -1.035649871826171875e+01
-1.099846180280049701e+01 -1.073238150278727154e+01
-1.098216605186462402e+01 -1.067740186055501361e+01
-1.103282515207926373e+01 -1.065384292602539062e+01
-1.100547568003336529e+01 -1.110003439585367779e+01
-1.109874804814656635e+01 -1.076432482401529889e+01
-1.108507712682088275e+01 -1.077157592773437500e+01
-1.108878159523010254e+01 -1.070107046763102154e+01
-1.098596946398417096e+01 -1.059240309397379498e+01
-1.100379975636800189e+01 -1.064356803894042969e+01
-1.104228107134501080e+01 -1.038708813985188861e+01
-1.104485114415486713e+01 -1.052713489532470703e+01
-1.097491772969563861e+01 -1.035188102722167969e+01
-1.098213195800781250e+01 -1.070576318105061908e+01
-1.110474348068237305e+01 -1.072998682657877545e+01
-1.116325108210245709e+01 -1.040671380360921283e+01
-1.107220959663391113e+01 -1.054147879282633404e+01
-1.087181194623311420e+01 -1.061671447753906250e+01
-1.095355073610941510e+01 -1.073837947845458984e+01
-1.113053766886393170e+01 -1.036345545450846295e+01
-1.097488037745157818e+01 -1.047311051686604877e+01
-1.107261602083841900e+01 -1.099440352121988873e+01
-1.120224642753601074e+01 -1.069490400950113873e+01
-1.122132619222005268e+01 -1.084194978078206439e+01
-1.128158736228942871e+01 -1.063287576039632221e+01
-1.126998805999755859e+01 -1.056619294484456439e+01
-1.120525876681009869e+01 -1.050036493937174420e+01
-1.125455419222513775e+01 -1.036784331003824811e+01
-1.096160594622294049e+01 -1.045495955149332623e+01
-1.119189214706420898e+01 -1.066906483968099018e+01
-1.128818535804748535e+01 -1.051131502787272076e+01
-1.134462944666544537e+01 -1.066087404886881451e+01
-1.128982249895731549e+01 -1.079798348744710346e+01
-1.131702399253845215e+01 -1.062966156005859375e+01
-1.127390360832214355e+01 -1.014460118611653705e+01
-1.119253349304199219e+01 -1.087173461914062500e+01
-1.131814845403035541e+01 -1.045361073811849018e+01
-1.127426497141520123e+01 -1.114901002248128314e+01
-1.131174174944559674e+01 -1.101714706420898438e+01
-1.134560616811116596e+01 -1.028907744089762311e+01
-1.144452865918477436e+01 -1.054053688049316406e+01
-1.153322418530782123e+01 -1.058991432189941406e+01
-1.145521410306294818e+01 -1.045013618469238281e+01
-1.147218624750773053e+01 -1.052623621622721295e+01
-1.126034688949584961e+01 -1.035376644134521484e+01
-1.150162100791931152e+01 -1.067130597432454486e+01
-1.141460037231445312e+01 -1.079636891682942768e+01
-1.147037124633789062e+01 -1.038580481211344342e+01
-1.153255383173624615e+01 -1.040876642862955670e+01
-1.148680782318115234e+01 -1.090317567189534564e+01
-1.142149504025777240e+01 -1.077457269032796283e+01
-1.153189754486083984e+01 -1.040704313913981061e+01
-1.151984548568725586e+01 -1.056033452351888080e+01
-1.156769792238871197e+01 -1.052255312601725201e+01
-1.163048768043518066e+01 -1.036086400349934955e+01
-1.153937387466430664e+01 -1.056336053212483783e+01
-1.151204792658487897e+01 -1.076259835561116596e+01
-1.154043181737264057e+01 -1.059647337595621686e+01
-1.147554413477579693e+01 -1.009088865915934186e+01
-1.142376550038655658e+01 -1.037234783172607422e+01
-1.138341967264811139e+01 -1.008928267161051373e+01
-1.155869611104329486e+01 -1.074765745798746686e+01
-1.167948929468790631e+01 -1.059247334798177143e+01
-1.177273488044738770e+01 -1.099558353424072266e+01
-1.180394776662190814e+01 -1.064598687489827533e+01
-1.153028647104899029e+01 -9.849422772725423769e+00
-1.163099320729573627e+01 -1.086944707234700580e+01
-1.177960125605265240e+01 -1.055527496337890625e+01
-1.184889316558837891e+01 -1.122074858347574811e+01
-1.192644158999125104e+01 -1.007043170928955078e+01
-1.184835704167683978e+01 -1.080307674407958984e+01
-1.169262822469075580e+01 -1.074686876932779889e+01
-1.182013177871704102e+01 -1.023187255859375000e+01
-1.174140779177347760e+01 -1.043768310546875000e+01
-1.176229588190714459e+01 -1.040952841440836529e+01
-1.180664428075154682e+01 -1.047691758473714252e+01
-1.167083263397216797e+01 -1.059942277272542377e+01
-1.178488151232401471e+01 -1.064641793568929096e+01
-1.182835324605306049e+01 -1.042669010162353516e+01
-1.202163879076639752e+01 -1.088869730631510357e+01
-1.179481418927510639e+01 -1.100656890869140625e+01
-1.193091837565104107e+01 -1.080473359425862689e+01
-1.159620507558186908e+01 -9.958659172058105469e+00
-1.180055737495422363e+01 -1.032681147257486920e+01
-1.195459699630737305e+01 -1.051289335886637311e+01
-1.206581751505533795e+01 -1.054140027364095111e+01
-1.187631988525390625e+01 -1.071683406829833984e+01
-1.204566605885823627e+01 -1.031479962666829486e+01
-1.197056237856546979e+01 -1.094718933105468750e+01
-1.188967935244242291e+01 -1.073073991139729877e+01
-1.166889397303263287e+01 -1.102327982584635357e+01
-1.202425964673360248e+01 -1.025567817687988281e+01
-1.217453463872273822e+01 -1.040912469228108783e+01
-1.215880942344665527e+01 -1.047076161702474018e+01
-1.190487599372863770e+01 -1.042018604278564453e+01
-1.190353886286417584e+01 -1.023851331075032611e+01
-1.210309982299804688e+01 -1.070428307851155658e+01
-1.229133375485738178e+01 -1.021805445353190045e+01
-1.204774896303812604e+01 -1.048210779825846295e+01
-1.183564368883768658e+01 -1.033766555786132812e+01
-1.181237014134724994e+01 -1.034807936350504498e+01
-1.178537257512410541e+01 -1.029151185353597064e+01
-1.171504060427347760e+01 -1.028973992665608783e+01
-1.197610346476236920e+01 -1.052802658081054688e+01
-1.223828331629435162e+01 -1.058221467336018939e+01
-1.207793863614400287e+01 -1.037448565165201764e+01
-1.219270261128743549e+01 -1.069703547159830670e+01
-1.216462286313374896e+01 -1.049799124399820904e+01
-1.214220380783081055e+01 -1.090518983205159564e+01
-1.229197541872660260e+01 -1.066823673248291016e+01
-1.208199183146158795e+01 -1.040355873107910156e+01
-1.232278434435526471e+01 -1.015484937032063861e+01
-1.212726449966430664e+01 -1.008741950988769531e+01
-1.205170615514119525e+01 -1.013838577270507812e+01
-1.240586209297180176e+01 -1.033603032430013080e+01
-1.219425264994303326e+01 -1.000350411732991596e+01
-1.216028666496276855e+01 -1.079783026377359967e+01
-1.231633726755777936e+01 -1.015978908538818359e+01
-1.231451606750488281e+01 -9.946252981821695371e+00
-1.206297294298807721e+01 -1.078524525960286518e+01
-1.233794530232747455e+01 -1.030555693308512311e+01
-1.234304793675740619e+01 -9.604623158772787050e+00
-1.245287974675496478e+01 -1.017591985066731830e+01
-1.241943995157877545e+01 -1.042743237813313861e+01
-1.205800787607828717e+01 -9.626478830973306700e+00
-1.236943952242533307e+01 -1.000810527801513672e+01
-1.230889789263407330e+01 -1.053290494283040424e+01
-1.240235265096028705e+01 -1.063832441965738873e+01
-1.254434943199157715e+01 -1.019341691335042377e+01
-1.242739820480346680e+01 -1.038983408610025982e+01
-1.242876593271891217e+01 -1.010582733154296875e+01
-1.222263399759928326e+01 -9.434462547302246094e+00
-1.206334702173868756e+01 -9.639143625895181700e+00
-1.218978373209635357e+01 -1.041742801666259766e+01
-1.230213697751363178e+01 -1.031942272186279297e+01
-1.272918216387430768e+01 -9.995386123657226562e+00
-1.269443686803182025e+01 -9.989175478617349668e+00
-1.277075664202372174e+01 -1.019543011983235736e+01
-1.262214446067810059e+01 -9.446205139160156250e+00
-1.270553119977315326e+01 -1.019264888763427734e+01
-1.270762300491333008e+01 -1.048598448435465436e+01
-1.263614034652709961e+01 -1.032144673665364643e+01
-1.257147582372029682e+01 -1.037541357676188092e+01
-1.263456265131632428e+01 -9.797555923461914062e+00
-1.263254650433858295e+01 -9.985543568929037050e+00
-1.262091469764709473e+01 -9.773897806803384825e+00
-1.259003806114196777e+01 -9.751079877217611269e+00
-1.290726224581400494e+01 -1.010776869455973248e+01
-1.273523338635762592e+01 -1.015367062886556049e+01
-1.273581639925638775e+01 -9.727890968322753906e+00
-1.270839826265970807e+01 -1.013412793477376361e+01
-1.252550578117370605e+01 -9.665131886800130800e+00
-1.263098017374674420e+01 -9.250114123026529356e+00
-1.216515541076660156e+01 -9.975642840067544981e+00
-1.179007267951965332e+01 -9.483279228210449219e+00
-1.216885964075724225e+01 -9.834204673767089844e+00
-1.261788972218831439e+01 -9.759960810343423887e+00
-1.286860211690266986e+01 -9.966882705688476562e+00
-1.265977565447489361e+01 -9.571359634399414062e+00
-1.219982322057088275e+01 -1.020091088612874408e+01
-1.236065649986267090e+01 -9.559910456339517637e+00
-1.252388993899027447e+01 -1.023105398813883404e+01
-1.268583965301513672e+01 -9.543341318766275450e+00
-1.269243494669596295e+01 -1.062598292032877545e+01
-1.290254267056783100e+01 -9.828372001647949219e+00
-1.295042292277018170e+01 -1.012846438090006451e+01
-1.308652440706888775e+01 -9.955363591512044863e+00
-1.297882676124572754e+01 -1.043837706247965436e+01
-1.286653375625610352e+01 -9.701224327087402344e+00
-1.290260505676269531e+01 -1.045226573944091797e+01
-1.304777304331461529e+01 -9.494695345560709043e+00
-1.302480355898539166e+01 -1.006568272908528705e+01
-1.290649414062500000e+01 -1.002659734090169330e+01
-1.278730511665344238e+01 -1.074343681335449219e+01
-1.246011789639790912e+01 -9.500485102335611387e+00
-1.279060324033101459e+01 -1.003174241383870502e+01
-1.290208435058593750e+01 -1.011354414621988873e+01
-1.275239006678263287e+01 -9.904842376708984375e+00
-1.292266281445821186e+01 -1.012272612253824811e+01
-1.313963301976521869e+01 -9.521832466125488281e+00
-1.296303598086039166e+01 -1.018147818247477154e+01
-1.294947004318237305e+01 -9.568121592203775450e+00
-1.270264101028442383e+01 -1.000925032297770123e+01
-1.292138282457987408e+01 -1.045033423105875592e+01
-1.253020747502644916e+01 -1.019013182322184186e+01
-1.275731205940246582e+01 -9.280582745869955019e+00
-1.252022194862365723e+01 -1.053305816650390625e+01
-1.308711798985799213e+01 -1.018296750386556049e+01
-1.330861926078796387e+01 -9.899374643961587950e+00
-1.325077915191650391e+01 -9.703223546346029238e+00
-1.311064728101094623e+01 -9.618401845296224550e+00
-1.317881735165913959e+01 -9.843291600545247988e+00
-1.329969533284505268e+01 -9.702239354451497988e+00
-1.324942135810852051e+01 -9.205563863118490175e+00
-1.321947487195332904e+01 -9.706891059875488281e+00
-1.338802186648050885e+01 -9.765233357747396425e+00
-1.332073434193929096e+01 -9.822672526041666075e+00
-1.312901957829793353e+01 -8.966513951619466738e+00
-1.313506126403808594e+01 -9.279577255249023438e+00
-1.323675131797790527e+01 -9.825960159301757812e+00
-1.310350322723388672e+01 -9.481329600016275450e+00
-1.334878317515055279e+01 -9.150174140930175781e+00
-1.329621664683024029e+01 -9.965116182963052793e+00
-1.347294020652770996e+01 -9.420136769612630800e+00
-1.343763589859008789e+01 -9.306734402974447207e+00
-1.350233562787373920e+01 -9.049180030822753906e+00
-1.327031946182250977e+01 -9.296510696411132812e+00
-1.345668617884317975e+01 -9.202432314554849668e+00
-1.306101059913635254e+01 -9.541371027628580137e+00
-1.271546840667724609e+01 -9.053134282430013613e+00
-1.273193629582723041e+01 -9.682800610860189394e+00
-1.292699368794759174e+01 -9.065502484639486269e+00
-1.348897226651509662e+01 -9.560091018676757812e+00
-1.345782613754272461e+01 -9.258281071980794863e+00
-1.328963200251261334e+01 -9.443032582600912050e+00
-1.323168102900187115e+01 -9.403420130411783262e+00
-1.359863320986429791e+01 -9.234021822611490293e+00
-1.366266012191772461e+01 -9.340092341105142637e+00
-1.364899913469950299e+01 -1.033392270406087299e+01
-1.378575452168782611e+01 -9.434382438659667969e+00
-1.333769186337788959e+01 -9.296972274780273438e+00
-1.349760985374450684e+01 -9.642562866210937500e+00
-1.360466241836547852e+01 -9.373860359191894531e+00
-1.358631078402201275e+01 -9.604868888854980469e+00
-1.285321307182312012e+01 -8.897878011067708925e+00
-1.281933657328287701e+01 -9.539916356404622988e+00
-1.286721746126810650e+01 -9.308013280232747988e+00
-1.271913695335388184e+01 -9.243991533915201231e+00
-1.300948325792948346e+01 -9.755973180135091738e+00
-1.327724281946817975e+01 -9.215314547220865293e+00
-1.324788443247477154e+01 -9.620281537373861269e+00
-1.362333464622497559e+01 -9.019119262695312500e+00
-1.368151394526163678e+01 -1.016696898142496686e+01
-1.371756505966186523e+01 -9.351197560628255800e+00
-1.370068804423014264e+01 -9.534327189127603575e+00
-1.375265502929687500e+01 -8.967933654785156250e+00
-1.374009545644124408e+01 -9.217976252237955137e+00
-1.358810313542683978e+01 -9.167821566263834043e+00
-1.356417409578959088e+01 -8.690780321756998106e+00
-1.336684624354044537e+01 -9.384242057800292969e+00
-1.364573971430460553e+01 -9.518690745035806700e+00
-1.332921783129374127e+01 -9.325119018554687500e+00
-1.352940940856933594e+01 -8.206712245941162109e+00
-1.327987384796142578e+01 -9.428802172342935606e+00
-1.346194235483805279e+01 -8.869729995727539062e+00
-1.368430439631144147e+01 -9.350289662679037050e+00
-1.386101269721984863e+01 -9.009626706441244082e+00
-1.397403446833292584e+01 -9.063606897989908262e+00
-1.359858377774556537e+01 -9.240156173706054688e+00
-1.388000233968099018e+01 -9.031808853149414062e+00
-1.393363825480143170e+01 -9.550203641255697207e+00
-1.397367819150288959e+01 -8.978265603383382754e+00
-1.406997958819071393e+01 -9.040280024210611387e+00
-1.394261463483174701e+01 -9.488459269205728575e+00
-1.380002133051554303e+01 -9.288898785909017519e+00
-1.379055984814961811e+01 -8.955564498901367188e+00
-1.409686724344889264e+01 -8.978599548339843750e+00
-1.405402278900146484e+01 -8.964430173238119082e+00
-1.395873777071634869e+01 -9.244076410929361387e+00
-1.388786228497823139e+01 -8.844781875610351562e+00
-1.412819067637125592e+01 -9.359067281087240175e+00
-1.390010277430216412e+01 -8.754479408264160156e+00
-1.369930847485860248e+01 -9.089655717213949160e+00
-1.390009927749633789e+01 -8.874813397725423769e+00
-1.350076731046040912e+01 -9.115177790323892637e+00
-1.405203811327616314e+01 -8.592563788096109434e+00
-1.358992179234822650e+01 -9.055213610331216856e+00
-1.346643455823262592e+01 -9.199320157368978457e+00
-1.395009771982828717e+01 -9.354360580444335938e+00
-1.410426648457845111e+01 -9.125300407409667969e+00
-1.362856753667195697e+01 -9.426029841105142637e+00
-1.380678319931030273e+01 -8.401009718577066465e+00
-1.377810231844584088e+01 -9.022170702616373106e+00
-1.361365890502929688e+01 -9.263882478078206972e+00
-1.389940571784973145e+01 -8.714864095052083925e+00
-1.400576599438985248e+01 -8.701845804850259825e+00
-1.407793259620666504e+01 -9.116468747456869082e+00
-1.402101294199625592e+01 -8.504960060119628906e+00
-1.379049873352050781e+01 -9.086475054423013731e+00
-1.402888941764831543e+01 -8.654761950174966856e+00
-1.387997889518737793e+01 -8.018949985504150391e+00
-1.386046640078226666e+01 -8.358233769734701113e+00
-1.329898866017659564e+01 -8.428488095601400332e+00
-1.365249649683634381e+01 -8.491590023040771484e+00
-1.407532986005147357e+01 -9.250433603922525450e+00
-1.433446820576985736e+01 -8.931962966918945312e+00
-1.427701242764790912e+01 -9.110226472218831972e+00
-1.435762619972229004e+01 -8.779538472493490175e+00
-1.445857922236124615e+01 -8.458468755086263613e+00
-1.440251525243123432e+01 -8.558055559794107481e+00
-1.426032884915669818e+01 -9.095941543579101562e+00
-1.397266252835591693e+01 -8.770402590433755918e+00
-1.420216639836629291e+01 -8.477304458618164062e+00
-1.449213878313700299e+01 -8.582760492960611387e+00
-1.443528453509012799e+01 -8.312150637308755918e+00
-1.415735761324564557e+01 -9.899520556131998106e+00
-1.383663463592529297e+01 -8.596757253011068300e+00
-1.441491190592447857e+01 -8.695068677266439394e+00
-1.396139852205912213e+01 -8.251787503560384707e+00
-1.400405160586039166e+01 -8.271759033203125000e+00
-1.376577631632486920e+01 -9.369887669881185488e+00
-1.391429599126180072e+01 -8.788374423980712891e+00
-1.442500758171081543e+01 -8.749797185262044863e+00
-1.446617770195007324e+01 -8.627307256062826113e+00
-1.446626146634419818e+01 -8.369613329569498106e+00
-1.457121062278747559e+01 -9.164195378621419863e+00
-1.451592771212259869e+01 -9.013168334960937500e+00
-1.454444177945454975e+01 -8.410267829895019531e+00
-1.433843874931335449e+01 -8.512976964314779238e+00
-1.407788523038228412e+01 -8.540622075398763613e+00
-1.412883377075195312e+01 -8.470213890075683594e+00
-1.430093900362650494e+01 -8.406690915425619082e+00
-1.418696769078572650e+01 -8.265341440836587950e+00
-1.437064266204833984e+01 -8.536074638366699219e+00
-1.461642845471700092e+01 -8.601964950561523438e+00
-1.469095945358276367e+01 -8.911600430806478457e+00
-1.460495185852050781e+01 -8.750450452168783144e+00
-1.419738078117370605e+01 -9.318097114562988281e+00
-1.413701438903808594e+01 -8.627439498901367188e+00
-1.417189908027648926e+01 -8.524115244547525450e+00
-1.424074530601501465e+01 -8.271935145060220762e+00
-1.405562154452005963e+01 -8.751698335011800722e+00
-1.379931791623433490e+01 -9.675502936045328184e+00
-1.449542482693990131e+01 -9.407752037048339844e+00
-1.476093872388203998e+01 -9.163197676340738340e+00
-1.454453277587890625e+01 -9.262950579325357481e+00
-1.476093673706054688e+01 -8.861021995544433594e+00
-1.474006652832031250e+01 -8.505615552266439394e+00
-1.435587135950724225e+01 -8.930026372273763613e+00
-1.429724152882893939e+01 -9.311310450236002012e+00
-1.435822383562723736e+01 -8.272504806518554688e+00
-1.438216519355773926e+01 -8.475621859232584043e+00
-1.440870706240336041e+01 -9.270756403605142637e+00
-1.473723141352335553e+01 -8.599123001098632812e+00
-1.456255992253621478e+01 -8.735281626383462950e+00
-1.487865487734476666e+01 -9.521041552225748106e+00
-1.489922992388407330e+01 -8.977158228556314512e+00
-1.493774906794230084e+01 -9.126120408376058535e+00
-1.380116303761800189e+01 -9.152102788289388613e+00
-1.415467111269632916e+01 -1.005565182367960553e+01
-1.486544195810953717e+01 -8.580543518066406250e+00
-1.448161546389261822e+01 -8.184524218241373106e+00
-1.507293089230855365e+01 -8.449625333150228457e+00
-1.492934306462605853e+01 -8.418848037719726562e+00
-1.491564186414082904e+01 -8.561268806457519531e+00
-1.461141832669576068e+01 -7.736084620157877900e+00
-1.437500802675882916e+01 -7.748112678527832031e+00
-1.417249298095703125e+01 -8.997192382812500000e+00
-1.448701453208923340e+01 -8.558562914530435606e+00
-1.456005120277404785e+01 -8.515772024790445371e+00
-1.489899818102518658e+01 -8.309450467427572207e+00
-1.516968456904093365e+01 -8.724406242370605469e+00
-1.509688091278076172e+01 -8.581644535064697266e+00
-1.511539713541666607e+01 -8.270588397979736328e+00
-1.511464341481526752e+01 -8.128665288289388613e+00
-1.517977182070414166e+01 -8.376504580179849668e+00
-1.517011857032775879e+01 -7.961294174194335938e+00
-1.413793126742045025e+01 -7.955310980478922822e+00
-1.416108083724975586e+01 -8.355742772420247988e+00
-1.451440342267354389e+01 -8.652713775634765625e+00
-1.432414603233337402e+01 -9.310974121093750000e+00
-1.440125417709350586e+01 -9.468783378601074219e+00
-1.492270660400390625e+01 -8.873716990152994200e+00
-1.490508246421813965e+01 -7.807603995005290010e+00
-1.432090679804483990e+01 -9.490451812744140625e+00
-1.509447765350341797e+01 -9.339302380879720644e+00
-1.532155187924703021e+01 -8.680730819702148438e+00
-1.549872024854024311e+01 -8.559432188669839903e+00
-1.519067692756652832e+01 -9.022585233052572207e+00
-1.506490461031595807e+01 -8.138749440511068300e+00
-1.541513729095458984e+01 -8.074255943298339844e+00
-1.475715088844299316e+01 -8.383578936258951231e+00
-1.541589657465616803e+01 -8.196833928426107363e+00
-1.557413887977600098e+01 -8.573987325032552675e+00
-1.542286491394042969e+01 -8.187652905782064394e+00
-1.544763461748758893e+01 -8.265300909678140684e+00
-1.533548625310262103e+01 -8.292108535766601562e+00
-1.518923401832580566e+01 -8.266119639078775450e+00
-1.496312109629313092e+01 -7.899197260538737275e+00
-1.463901893297831158e+01 -8.639236768086751894e+00
-1.536338440577189068e+01 -8.404437383015951113e+00
-1.519154516855875592e+01 -8.165123303731283144e+00
-1.519580165545145611e+01 -8.370369593302408262e+00
-1.526960460344950299e+01 -8.775061925252279238e+00
-1.471991944313049316e+01 -7.601262410481770537e+00
-1.366747013727823834e+01 -9.474351247151693300e+00
-1.467138751347859760e+01 -8.597500165303548769e+00
-1.522007234891255756e+01 -8.861365000406900450e+00
-1.544452746709187885e+01 -8.990766843159994082e+00
-1.571925314267476459e+01 -7.681069374084472656e+00
-1.470845746994018555e+01 -9.169409434000650450e+00
-1.502088816960652728e+01 -8.117668151855468750e+00
-1.536135379473368268e+01 -8.405345122019449278e+00
-1.554665581385294537e+01 -8.629341125488281250e+00
-1.577412080764770508e+01 -8.582131703694662050e+00
-1.561766378084818463e+01 -8.433903694152832031e+00
-1.564298574129740338e+01 -7.899952888488769531e+00
-1.566591238975524902e+01 -8.385338306427001953e+00
-1.517140976587931256e+01 -8.951779047648111387e+00
-1.570553167661031146e+01 -9.109988848368326231e+00
-1.600095423062642297e+01 -8.432079792022705078e+00
-1.586296351750691791e+01 -8.246338208516439394e+00
-1.577835504213968854e+01 -8.419543902079263731e+00
-1.577413956324259381e+01 -8.085045337677001953e+00
-1.564799880981445312e+01 -8.101457595825195312e+00
-1.562934589385986328e+01 -7.815920352935791016e+00
-1.556568463643391986e+01 -8.469706058502197266e+00
-1.585903008778890033e+01 -8.321049849192300840e+00
-1.563521107037862201e+01 -7.463960647583007812e+00
-1.576035881042480469e+01 -8.118510405222574278e+00
-1.544517604509989361e+01 -8.607738494873046875e+00
-1.530262851715087891e+01 -8.785309473673502012e+00
-1.565363764762878418e+01 -8.258945782979330019e+00
-1.591273140907287598e+01 -8.122639656066894531e+00
-1.552906163533528705e+01 -7.526492277781168916e+00
-1.543524010976155658e+01 -7.895900090535481475e+00
-1.537347610791524311e+01 -8.825149854024251894e+00
-1.531875149408976178e+01 -7.977681159973144531e+00
-1.539953772226969342e+01 -7.724872430165608428e+00
-1.491989199320475201e+01 -7.586436271667480469e+00
-1.497866455713907818e+01 -9.028013865152994200e+00
-1.562498943010965924e+01 -8.160273551940917969e+00
-1.553390987714131732e+01 -7.801496187845866181e+00
-1.538708257675170898e+01 -8.189951896667480469e+00
-1.602808109919230262e+01 -7.801208496093750000e+00
-1.551314624150594135e+01 -8.087859153747558594e+00
-1.620314256350199500e+01 -7.798527399698893525e+00
-1.622967990239461145e+01 -8.181421756744384766e+00
-1.577440929412841797e+01 -8.058906555175781250e+00
-1.594468625386556049e+01 -7.719848473866780303e+00
-1.602022123336791992e+01 -7.874167442321777344e+00
-1.590402714411417584e+01 -7.752399444580078125e+00
-1.536501510938008686e+01 -9.049531936645507812e+00
-1.560902682940165143e+01 -8.355025927225748106e+00
-1.594390257199605365e+01 -8.116341908772787050e+00
-1.621071346600850305e+01 -8.529105186462402344e+00
-1.639220476150512695e+01 -8.168815294901529356e+00
-1.593604683876037598e+01 -8.809645175933837891e+00
-1.605950887997945031e+01 -8.170542240142822266e+00
-1.630554437637329102e+01 -7.703844388326008819e+00
-1.585881431897481342e+01 -8.115648587544759707e+00
-1.612132366498311242e+01 -8.353337128957113222e+00
-1.606747293472290039e+01 -7.543621381123860381e+00
-1.595649758974711041e+01 -8.290242195129394531e+00
-1.638066172599792480e+01 -8.336372216542562441e+00
-1.639800556500752649e+01 -8.154134114583333925e+00
-1.612821245193481445e+01 -8.131125768025716738e+00
-1.478897825876871686e+01 -7.960691452026367188e+00
-1.604251217842102051e+01 -7.641162077585856416e+00
-1.615789103507995605e+01 -8.652898788452148438e+00
-1.636036086082458496e+01 -7.413330554962158203e+00
-1.532824095090230365e+01 -7.978800296783447266e+00
-1.596130903561910053e+01 -8.594776471455892519e+00
-1.621594325701395789e+01 -8.611991882324218750e+00
-1.659190082550048828e+01 -7.516330718994140625e+00
-1.657302896181742469e+01 -7.574597040812174775e+00
-1.658355919520060340e+01 -7.739901701609293916e+00
-1.644524828592936316e+01 -7.766407648722331025e+00
-1.583946347236633301e+01 -7.755749384562174775e+00
-1.563547237714131732e+01 -7.735244909922282197e+00
-1.540273936589558978e+01 -6.965906778971354463e+00
-1.433652774492899518e+01 -8.580567995707193418e+00
-1.575966533025105853e+01 -8.005603631337484316e+00
-1.616828465461730957e+01 -7.811654726664225556e+00
-1.611466431617736816e+01 -7.764172236124674775e+00
-1.580643947919209857e+01 -8.182590643564859434e+00
-1.611746199925740441e+01 -8.452829202016195254e+00
-1.483139514923095703e+01 -8.356215159098306700e+00
-1.584037144978841205e+01 -7.714759667714436553e+00
-1.591603835423787494e+01 -8.167491436004638672e+00
-1.596310615539550781e+01 -8.161856810251871153e+00
-1.630282918612162391e+01 -7.916741530100504853e+00
-1.596933245658874512e+01 -8.516415278116861387e+00
-1.650646789868672570e+01 -8.427007357279459043e+00
-1.657817967732747277e+01 -7.852061748504638672e+00
-1.652344989776611328e+01 -8.858044306437173887e+00
-1.638059870402018348e+01 -7.439778327941894531e+00
-1.652056018511454383e+01 -8.603425184885660215e+00
-1.694102358818054199e+01 -7.642101764678955078e+00
-1.651913571357727051e+01 -8.147064526875814394e+00
-1.668032002449035645e+01 -7.766545295715332031e+00
-1.595065085093180279e+01 -7.439579645792643525e+00
-1.581959144274393658e+01 -8.022822697957357363e+00
-1.658751797676086426e+01 -7.765903155008952119e+00
-1.684393127759297570e+01 -7.994523843129475615e+00
-1.625168879826863488e+01 -7.610646724700927734e+00
-1.674266338348388672e+01 -7.949741999308268525e+00
-1.639108967781066895e+01 -9.031400521596273379e+00
-1.647115198771158973e+01 -7.618948300679524444e+00
-1.630696900685628137e+01 -8.145078976949056582e+00
-1.647365299860636512e+01 -8.030076503753662109e+00
-1.644108939170837402e+01 -8.166484832763671875e+00
-1.683833948771158973e+01 -7.913646539052327178e+00
-1.685754299163818359e+01 -7.873009522755940459e+00
-1.697464418411254883e+01 -7.840287049611409209e+00
-1.608332633972167969e+01 -7.596721172332763672e+00
-1.664894374211629113e+01 -8.587465604146322207e+00
-1.634702150026957312e+01 -7.831499894460042022e+00
-1.542967414855957031e+01 -8.110933780670166016e+00
-1.595508186022440533e+01 -7.464127063751220703e+00
-1.589081899325052838e+01 -8.551494280497232481e+00
-1.640507682164509973e+01 -8.444263140360513731e+00
-1.670083300272623816e+01 -7.722521464029948213e+00
-1.627793105443318566e+01 -7.681281725565592744e+00
-1.582213823000589947e+01 -7.943773587544758819e+00
-1.645225246747334680e+01 -8.150981903076171875e+00
-1.651440270741780481e+01 -8.498240788777669863e+00
-1.685189453760782996e+01 -7.376222610473632812e+00
-1.607074999809265137e+01 -7.641220728556315400e+00
-1.696519533793131629e+01 -7.663179556528727510e+00
-1.716367737452189246e+01 -7.790868918100993135e+00
-1.733263921737670898e+01 -7.576290766398112275e+00
-1.728928248087565223e+01 -7.667596022288004853e+00
-1.620276856422424316e+01 -8.223118940989175840e+00
-1.595669738451639752e+01 -8.325021425882974668e+00
-1.611235602696736535e+01 -8.210747877756753965e+00
-1.699598360061645508e+01 -7.344003995259602569e+00
-1.618879540761311731e+01 -8.256352742513021425e+00
-1.580450503031412701e+01 -8.522508144378662109e+00
-1.683638095855712891e+01 -7.217427094777424834e+00
-1.659525823593139648e+01 -8.056828816731771425e+00
-1.711295469601948938e+01 -7.629755973815917969e+00
-1.610552263259887695e+01 -8.732957998911539121e+00
-1.563637463251749615e+01 -8.354659080505371094e+00
-1.633652647336323938e+01 -7.795425415039062500e+00
-1.654555884997050086e+01 -7.934228579203288056e+00
-1.700461196899414062e+01 -8.571679751078287168e+00
-1.706939729054768762e+01 -8.126480102539062500e+00
-1.664948757489522180e+01 -7.591764132181803681e+00
-1.685161455472310266e+01 -8.168240547180175781e+00
-1.730089203516642371e+01 -7.960754712422688506e+00
-1.734139235814412316e+01 -7.421343167622883819e+00
-1.689999532699584961e+01 -8.453428904215494200e+00
-1.719228665033976355e+01 -7.570585568745930694e+00
-1.695968564351399621e+01 -8.083787918090820312e+00
-1.744705295562744141e+01 -8.447802702585855528e+00
-1.734394264221191406e+01 -8.108177185058593750e+00
-1.731034390131632605e+01 -7.512890497843424775e+00
-1.618648982048034668e+01 -8.177541573842367129e+00
-1.697947359085083008e+01 -7.610574881235758760e+00
-1.754425319035847863e+01 -7.868686199188232422e+00
-1.717164198557535926e+01 -8.210051695505777403e+00
-1.678100577990214148e+01 -7.665952046712239287e+00
-1.726919492085774621e+01 -7.784154891967773438e+00
-1.724826018015543738e+01 -8.138367652893066406e+00
-1.677221695582072059e+01 -7.538728237152099609e+00
-1.656718571980794152e+01 -7.772174199422200225e+00
-1.724261379241943359e+01 -7.468671798706054688e+00
-1.682689992586771766e+01 -7.939868609110514619e+00
-1.691606203715006629e+01 -7.369897047678629853e+00
-1.701889157295227051e+01 -7.710161526997883819e+00
-1.731754859288533410e+01 -7.481783072153727510e+00
-1.732855955759684363e+01 -7.586994647979736328e+00
-1.713041877746582031e+01 -7.320795377095540069e+00
-1.690750281016032019e+01 -8.002321084340414004e+00
-1.707112948099772254e+01 -7.807740529378254912e+00
-1.685111800829569617e+01 -7.986742019653320312e+00
-1.625769782066345215e+01 -7.453497250874836944e+00
-1.732837279637654504e+01 -8.251019477844238281e+00
-1.756568352381388465e+01 -8.309340159098306700e+00
-1.751114845275878906e+01 -7.481006463368733428e+00
-1.731772073109944543e+01 -7.463572978973388672e+00
-1.759004624684651574e+01 -7.877027352650959990e+00
-1.748366419474283973e+01 -7.945214430491129853e+00
-1.760606813430786133e+01 -7.199854373931884766e+00
-1.746401389439900598e+01 -7.748174985249836944e+00
-1.704111401240031043e+01 -7.408303260803222656e+00
-1.733028682072957238e+01 -7.733557224273681641e+00
-1.774819628397623816e+01 -7.653255621592204072e+00
-1.712776676813761512e+01 -8.811810175577798887e+00
