# Train Val
-5.349715051551659606e+00 -8.370876836776734109e+00
-8.264611914753913879e+00 -8.333547925949096324e+00
-8.272733087340990110e+00 -8.319827389717101340e+00
-8.329739098747571902e+00 -8.414612317085266469e+00
-8.370716949303945498e+00 -8.412538933753967996e+00
-8.392506599426269531e+00 -8.404693818092345836e+00
-8.398703013857206301e+00 -8.520921301841735129e+00
-8.423467243711153074e+00 -8.369917321205139871e+00
-8.387436086932817503e+00 -8.446239876747132058e+00
-8.422940045595169067e+00 -8.470928549766540527e+00
-8.455018778642019228e+00 -8.348647737503052113e+00
-8.412543853123983340e+00 -8.321373081207275035e+00
-8.460739523172378540e+00 -8.479766392707825062e+00
-8.497281168897947268e+00 -8.504920005798339844e+00
-8.545728072524070740e+00 -8.649633312225342152e+00
-8.657463366786638304e+00 -8.713996005058287864e+00
-8.702803621689477964e+00 -8.573913598060608265e+00
-8.777052988608678774e+00 -8.285958218574524636e+00
-8.992191955447196960e+00 -8.636171817779541016e+00
-9.098964944481849670e+00 -9.410156202316283469e+00
-9.297817056377729372e+00 -9.405461740493773704e+00
-9.359915723403295473e+00 -9.059002351760863547e+00
-9.406991501649221377e+00 -9.466398382186890004e+00
-9.579224939147630735e+00 -8.541390943527222390e+00
-9.733664115269979433e+00 -9.904924631118774414e+00
-9.573784038424491882e+00 -9.878844690322875266e+00
-9.774682824810346560e+00 -9.924842882156372781e+00
-9.831971759597459837e+00 -9.880269670486450551e+00
-9.804220383365949587e+00 -1.007967610359191823e+01
-9.930703322092691465e+00 -8.282410454750060325e+00
-1.002699939409891705e+01 -1.011512742042541468e+01
-9.951069389780363039e+00 -9.766349434852600098e+00
-1.013872350255648236e+01 -1.030268678665161097e+01
-1.009895526866118054e+01 -1.031277794837951589e+01
-1.033587889870007892e+01 -1.039247207641601634e+01
-1.031075477600097656e+01 -1.051624455451965368e+01
-1.028244161109129529e+01 -1.054208712577819895e+01
-1.045588712890942951e+01 -1.074731483459472692e+01
-1.036000738541285138e+01 -1.044174966812133754e+01
-1.037544349829355816e+01 -1.065343804359435964e+01
-1.048395950595537762e+01 -1.080096359252929616e+01
-1.070098465681076050e+01 -1.060288138389587331e+01
-1.049294212460517883e+01 -1.065187363624572825e+01
-1.062896618247032166e+01 -1.070423254966735804e+01
-1.076179168621698956e+01 -1.082697186470031703e+01
-1.064432845513025860e+01 -1.107643337249755788e+01
-1.073264983296394348e+01 -1.082782633304595876e+01
-1.075382335980733295e+01 -1.117894577980041504e+01
-1.058460826675097088e+01 -1.089195179939270020e+01
-1.088231681783994098e+01 -1.125686445236206090e+01
-1.099505958954493146e+01 -1.043857488632202113e+01
-1.103157133360703845e+01 -1.111094450950622559e+01
-1.132662869493166546e+01 -1.105962719917297399e+01
-1.116140528519948383e+01 -1.076825571060180664e+01
-1.116830708583196063e+01 -1.125493288040161133e+01
-1.108203439414501190e+01 -1.103157453536987376e+01
-1.130793648958206177e+01 -1.144831123352050817e+01
-1.138641896843910217e+01 -1.125616149902343821e+01
-1.130219968159993549e+01 -1.072477121353149343e+01
-1.124998071789741516e+01 -1.102223067283630442e+01
-1.147947688897450824e+01 -1.146311631202697789e+01
-1.126997891068458557e+01 -1.152547969818115270e+01
-1.159768099586168866e+01 -1.146008539199829102e+01
-1.144519815842310528e+01 -1.181937627792358469e+01
-1.139768530925115009e+01 -1.056694085597991872e+01
-1.163004450996716876e+01 -1.058373951911926270e+01
-1.178657924135526081e+01 -1.188253521919250488e+01
-1.182956805825233459e+01 -1.121287269592285085e+01
-1.160994352897008319e+01 -1.186046342849731516e+01
-1.180800837278366089e+01 -1.168719372749328578e+01
-1.190971183776855469e+01 -1.134362540245056117e+01
-1.184652503331502338e+01 -1.188715591430664098e+01
-1.199466403325398822e+01 -1.094922275543212820e+01
-1.164788746833801270e+01 -1.108465332984924245e+01
-1.177452133099238019e+01 -1.132863702774047887e+01
-1.200982664028803448e+01 -1.147398514747619558e+01
-1.200487328569094281e+01 -1.144336051940917898e+01
-1.210748251279195209e+01 -1.199757938385009837e+01
-1.216185856858889203e+01 -1.241700596809387136e+01
-1.197131607929865460e+01 -1.174712119102477992e+01
-1.222363974650700946e+01 -1.207993474006652868e+01
-1.235985319813092609e+01 -1.215337061882019043e+01
-1.214382180571556091e+01 -1.208548645973205637e+01
-1.212780350446701050e+01 -1.185435414314270020e+01
-1.217436833182970624e+01 -1.228030953407287562e+01
-1.222004993756612201e+01 -1.189810347557067871e+01
-1.230570337176322937e+01 -1.233477172851562464e+01
-1.245085964600245099e+01 -1.254500555992126465e+01
-1.243048025170961957e+01 -1.203607573509216344e+01
-1.235305517911911011e+01 -1.250874500274658274e+01
-1.260573126872380634e+01 -1.201265549659729004e+01
-1.253910276293754578e+01 -1.182690081596374476e+01
-1.244688281416893005e+01 -1.162429199218749964e+01
-1.226447628935178180e+01 -1.198371329307556188e+01
-1.281916851798693280e+01 -1.245917387008666921e+01
-1.277855905890464783e+01 -1.253352146148681712e+01
-1.261682729919751544e+01 -1.227332692146301341e+01
-1.261250546574592590e+01 -1.146854362487792933e+01
-1.254825036724408527e+01 -1.233859210014343333e+01
-1.293916257222493549e+01 -1.244392757415771555e+01
-1.277491622169812580e+01 -1.208634057044982946e+01
-1.284030468265215497e+01 -1.278900704383850062e+01
-1.258733578523000141e+01 -1.135701947212219309e+01
-1.288631302118301392e+01 -1.236327238082885671e+01
-1.286805070439974408e+01 -1.253461022377014089e+01
-1.303767419854799847e+01 -1.140541844367981028e+01
-1.281884073217709918e+01 -1.218808012008667063e+01
-1.300471805532773395e+01 -1.207871088981628382e+01
-1.295808708667755127e+01 -1.211852903366088796e+01
-1.296667329470316510e+01 -1.260721158981323242e+01
-1.329640120267868042e+01 -1.296981835365295410e+01
-1.281504568457603455e+01 -1.224286127090454102e+01
-1.292392424742380719e+01 -1.196017322540283168e+01
-1.297693720459938049e+01 -1.188546895980834961e+01
-1.286010665694872479e+01 -1.305016655921935964e+01
-1.292625859379768372e+01 -1.135101180076599192e+01
-1.299060252308845520e+01 -1.266311721801757884e+01
-1.327858902017275433e+01 -1.241467075347900462e+01
-1.329239197572072406e+01 -1.285927777290344309e+01
-1.290244608124097248e+01 -1.276707239151000906e+01
-1.288941179712613483e+01 -1.279077582359314036e+01
-1.324925851821899414e+01 -1.099207067489624023e+01
-1.303822501500447650e+01 -1.264617500305175746e+01
-1.304105516274770160e+01 -1.295153446197509695e+01
-1.310712260007858276e+01 -1.295188283920288086e+01
-1.329967404405275921e+01 -1.219394426345825266e+01
-1.319209195176760296e+01 -1.263580570220947230e+01
-1.313854259252548218e+01 -1.261707978248596262e+01
-1.339124245444933514e+01 -1.323452801704406667e+01
-1.343729147315025330e+01 -1.291382985115051341e+01
-1.335770108302434345e+01 -1.174567165374755895e+01
-1.343004942933718304e+01 -1.287725958824157679e+01
-1.327328158418337445e+01 -1.241718492507934535e+01
-1.320428778727849384e+01 -1.228164277076721156e+01
-1.342436900734901428e+01 -1.162902102470397914e+01
-1.315898580352465252e+01 -1.276873574256896937e+01
-1.354150582353273968e+01 -1.233125271797180211e+01
-1.324299462636311908e+01 -1.263204417228698695e+01
-1.343116692701975445e+01 -1.248172879219055176e+01
-1.353253079454104046e+01 -1.316021914482116628e+01
-1.351685777306556702e+01 -1.296029853820800781e+01
-1.360011563698450665e+01 -1.267382249832153285e+01
-1.345651891827583313e+01 -1.295278339385986399e+01
-1.379344957073529621e+01 -1.323162965774536204e+01
-1.353164711594581604e+01 -1.300883622169494558e+01
-1.353003581364949603e+01 -1.168489217758178711e+01
-1.330293154716491699e+01 -1.321454844474792445e+01
-1.329760287205378155e+01 -1.276672606468200755e+01
-1.353281889359156231e+01 -1.126570868492126465e+01
-1.337404292821884155e+01 -1.329739956855773997e+01
-1.351678177714347839e+01 -1.318112406730651820e+01
-1.370398732026418109e+01 -1.334837036132812571e+01
-1.389536671837170978e+01 -1.312507328987121547e+01
-1.392573491732279400e+01 -1.290423707962036204e+01
-1.354921082655588727e+01 -1.323304500579834020e+01
-1.394738687078158001e+01 -1.336314492225647044e+01
-1.373778564731279950e+01 -1.298401012420654332e+01
-1.338807185490926166e+01 -1.315765991210937536e+01
-1.376911363999048810e+01 -1.309954175949096644e+01
-1.401795378327369690e+01 -1.354665460586547887e+01
-1.383738123377164264e+01 -1.338235898017883230e+01
-1.384846924742062946e+01 -1.305982127189636266e+01
-1.351038777828216553e+01 -1.360803842544555664e+01
-1.384495635827382465e+01 -1.250569934844970632e+01
-1.370540048678716083e+01 -1.363596963882446289e+01
-1.381916028261184692e+01 -1.210158190727233851e+01
-1.379161489009857178e+01 -1.360000534057617116e+01
-1.360980862379074097e+01 -1.167747073173523020e+01
-1.382460047801335712e+01 -1.321693792343139684e+01
-1.377563096086184125e+01 -1.305077638626098668e+01
-1.398411520322163959e+01 -1.279246525764465403e+01
-1.405199307203292847e+01 -1.320176391601562571e+01
-1.376057512561480145e+01 -1.321401205062866246e+01
-1.330019958813985248e+01 -1.347050623893737864e+01
-1.401396593451499939e+01 -1.331562476158142161e+01
-1.386911341547966003e+01 -1.282387380599975657e+01
-1.407727776964505573e+01 -1.262537093162536550e+01
-1.374675418933232685e+01 -1.343283638954162562e+01
-1.356593591968218426e+01 -1.334082684516906703e+01
-1.381622387965520282e+01 -1.300364022254943919e+01
-1.402259359757105450e+01 -1.297464008331298757e+01
-1.409732839465141296e+01 -1.381935667991638184e+01
-1.414767646789550781e+01 -1.306961789131164586e+01
-1.368198831876119037e+01 -1.326934933662414551e+01
-1.375769267479578595e+01 -1.242171001434326172e+01
-1.387411233782768250e+01 -1.308702487945556570e+01
-1.389412641525268555e+01 -1.368593859672546387e+01
-1.369438066085179706e+01 -1.331587548255920339e+01
-1.413609946767489056e+01 -1.385380401611328161e+01
-1.399942800402641296e+01 -1.364504046440124441e+01
-1.402617882688840290e+01 -1.271186051368713343e+01
-1.410464816292127033e+01 -1.274516544342040980e+01
-1.416672706604003906e+01 -1.326235842704772949e+01
-1.370369360844294171e+01 -1.328689045906066823e+01
-1.433389561374982257e+01 -1.276236491203308177e+01
-1.432613759239514728e+01 -1.384822897911071848e+01
-1.388288401563962360e+01 -1.321688828468322718e+01
-1.416366535425186157e+01 -1.270085463523864711e+01
-1.392468881607055664e+01 -1.329421501159668040e+01
-1.405479454000790973e+01 -1.265829648971557653e+01
-1.384019367893536945e+01 -1.316885452270507884e+01
-1.427440547943115234e+01 -1.247794904708862340e+01
-1.435257795453071594e+01 -1.138825759887695277e+01
-1.426505230863889118e+01 -1.345783038139343191e+01
-1.432118531068166156e+01 -1.307692737579345632e+01
-1.445692510406176190e+01 -1.348557133674621511e+01
-1.420211344957351685e+01 -1.289131298065185582e+01
-1.391007858514785767e+01 -1.321875939369201625e+01
-1.436032701532045941e+01 -1.346938080787658620e+01
-1.433194942275683026e+01 -1.321637430191040075e+01
-1.425676831603050232e+01 -1.390477223396301198e+01
-1.416204400857289691e+01 -1.262901453971862864e+01
-1.377204382419586182e+01 -1.346043772697448659e+01
-1.450595610340436359e+01 -1.344245491027831996e+01
-1.423290191094080548e+01 -1.358939266204833984e+01
-1.408104559779167175e+01 -1.314356555938720739e+01
-1.451857348283131977e+01 -1.333116655349731516e+01
-1.446120819449424744e+01 -1.320357489585876465e+01
-1.429420492053031921e+01 -1.274035573005676270e+01
-1.424875231583913227e+01 -1.334009265899658203e+01
-1.422514944275220294e+01 -1.230916557312011683e+01
-1.457751489679018597e+01 -1.361992826461792028e+01
-1.451619843641916852e+01 -1.200360441207885742e+01
-1.431812724471092224e+01 -1.327191410064697230e+01
-1.453500504295031170e+01 -1.386014566421508754e+01
-1.438907760381698608e+01 -1.294832620620727504e+01
-1.441841098666191101e+01 -1.320364503860473704e+01
-1.446741479635238647e+01 -1.385753488540649414e+01
-1.424944319327672382e+01 -1.386461577415466273e+01
-1.433325857917467694e+01 -1.189359288215637278e+01
-1.441003838181495667e+01 -1.346463990211486816e+01
-1.451206104954083820e+01 -1.371971235275268519e+01
-1.453237560391426086e+01 -1.367366271018982005e+01
-1.423034281531969647e+01 -1.285067868232727051e+01
-1.463003780444463153e+01 -1.381074194908142161e+01
-1.474770993987719159e+01 -1.382059383392333984e+01
-1.423528328537940979e+01 -1.336820511817932200e+01
-1.484223986665407757e+01 -1.224767322540283132e+01
-1.452317012349764447e+01 -1.392330455780029297e+01
-1.427028330167134662e+01 -1.347835388183593786e+01
-1.464640438556671143e+01 -1.373587241172790563e+01
-1.428465014696121216e+01 -1.349618754386901820e+01
-1.484715998172760010e+01 -1.384229726791381765e+01
-1.464077656467755695e+01 -1.362989430427551341e+01
-1.433142070968945880e+01 -1.302951560020446742e+01
-1.421765317519505878e+01 -1.369772524833679128e+01
-1.467852794130643268e+01 -1.404611191749572718e+01
-1.477242142955462079e+01 -1.385849776268005407e+01
-1.449566940466562848e+01 -1.400416803359985352e+01
-1.453329891959826092e+01 -1.358893351554870677e+01
-1.448023166259129901e+01 -1.266836848258972203e+01
-1.451057082414627075e+01 -1.341620526313781703e+01
-1.456704805294672589e+01 -1.366242518424987828e+01
-1.445723681648572345e+01 -1.365041427612304759e+01
-1.459185939033826251e+01 -1.358913536071777273e+01
-1.452021044492721558e+01 -1.344897480010986257e+01
-1.395009521643320660e+01 -1.314598464965820312e+01
-1.451905182003974915e+01 -1.395223155021667516e+01
-1.445324453711509705e+01 -1.280682072639465297e+01
-1.453496474027633667e+01 -1.341322536468505788e+01
-1.460205405950546265e+01 -1.343639659881591797e+01
-1.482239563266436200e+01 -1.321854009628295934e+01
-1.482880573471387287e+01 -1.327131428718566930e+01
-1.458167789379755597e+01 -1.347641124725341832e+01
-1.452771580219268799e+01 -1.280205707550048899e+01
-1.429779121279716492e+01 -1.322736215591430664e+01
-1.464377809564272503e+01 -1.399522352218627930e+01
-1.464063655336697956e+01 -1.410536746978759837e+01
-1.491907008488973041e+01 -1.205474309921264719e+01
-1.457985324660936932e+01 -1.347299184799194371e+01
-1.490152166287104230e+01 -1.303372311592102051e+01
-1.498120639721552472e+01 -1.401234059333801341e+01
-1.489773347973823547e+01 -1.336891436576843262e+01
-1.514090981086095233e+01 -1.383347916603088379e+01
-1.495654340585072894e+01 -1.352364716529846156e+01
-1.417427187164624591e+01 -1.384244747161865163e+01
-1.457928440968195538e+01 -1.373754043579101491e+01
-1.488876968622207642e+01 -1.322019762992858816e+01
-1.486035098632176776e+01 -1.218955197334289586e+01
-1.463602073987325092e+01 -1.386012916564941477e+01
-1.479713285962740521e+01 -1.327115626335143972e+01
-1.477347904443740845e+01 -1.387810993194580078e+01
-1.469228755434354206e+01 -1.373333377838134695e+01
-1.503841869036356549e+01 -1.286250085830688406e+01
-1.488464603821436505e+01 -1.400444970130920375e+01
-1.497963710625966449e+01 -1.401855740547180140e+01
-1.497354552149772644e+01 -1.328508439064025914e+01
-1.472796437144279480e+01 -1.359571690559387136e+01
-1.505078701178232770e+01 -1.355019116401672363e+01
-1.497995641827583313e+01 -1.371687788963317800e+01
-1.515964958071708679e+01 -1.397266507148742676e+01
-1.470501302679379840e+01 -1.349678301811218262e+01
-1.469176029165585895e+01 -1.375470705032348562e+01
-1.487338649233182331e+01 -1.384698352813720668e+01
-1.453626432021459003e+01 -1.363040151596069371e+01
-1.500770229101181030e+01 -1.336716048717498850e+01
-1.499005797505378723e+01 -1.402045922279357981e+01
-1.499855751792589764e+01 -1.318513035774230957e+01
-1.490289307634035687e+01 -1.405078234672546422e+01
-1.526873590548833270e+01 -1.291860256195068324e+01
-1.534564763307571411e+01 -1.327625164985656703e+01
-1.473565303285916706e+01 -1.312739834785461390e+01
-1.511269550522168537e+01 -1.411558942794799876e+01
-1.525049876173337360e+01 -1.379730753898620677e+01
-1.498642348249753375e+01 -1.391631221771240234e+01
-1.534140156706174274e+01 -1.370901217460632360e+01
-1.513945265611012836e+01 -1.290103731155395472e+01
-1.502037103970845600e+01 -1.375146603584289551e+01
-1.485510853926340680e+01 -1.391039667129516566e+01
-1.512526137630144696e+01 -1.411963782310485804e+01
-1.496173218886057477e+01 -1.394888267517089808e+01
-1.516041311621665955e+01 -1.347489309310913086e+01
-1.524747745196024518e+01 -1.335462412834167445e+01
-1.509716553489367108e+01 -1.303026113510131800e+01
-1.481307464838027954e+01 -1.379415974617004359e+01
-1.543490543961524963e+01 -1.295041990280151367e+01
-1.520200717449188232e+01 -1.311913375854492259e+01
-1.522876037160555462e+01 -1.401811027526855469e+01
-1.513792454202969928e+01 -1.389765200614929164e+01
-1.526786314447720905e+01 -1.360404577255249059e+01
-1.503299491604169269e+01 -1.255969324111938512e+01
-1.492661460240682025e+01 -1.389794089794158971e+01
-1.496364205082257648e+01 -1.280080103874206543e+01
-1.502549810210863690e+01 -1.422655072212219274e+01
-1.523527860641479492e+01 -1.331153287887573278e+01
-1.507393495241800885e+01 -1.423380103111267125e+01
-1.545045238733291626e+01 -1.408621664047241140e+01
-1.522276534636815448e+01 -1.378780498504638707e+01
-1.535539754231770893e+01 -1.358963432312011754e+01
-1.551288822293281555e+01 -1.396455173492431712e+01
-1.545285495122273822e+01 -1.374960856437683177e+01
-1.530479597051938434e+01 -1.331129274368286097e+01
-1.512053141991297345e+01 -1.442612752914428675e+01
-1.549480118354161640e+01 -1.418984756469726527e+01
-1.561011370023091693e+01 -1.414906964302062953e+01
-1.463121519486109356e+01 -1.354505510330200124e+01
-1.523604778448740582e+01 -1.379235429763793874e+01
-1.536292879780133624e+01 -1.278586273193359446e+01
-1.514555015166600604e+01 -1.323135294914245641e+01
-1.536420322457949261e+01 -1.369717383384704590e+01
-1.462101502219835858e+01 -1.393870778083801198e+01
-1.556799043218294720e+01 -1.306866717338562012e+01
-1.510624017318089862e+01 -1.336374316215515101e+01
-1.533884497483571430e+01 -1.375141344070434535e+01
-1.551795017719268799e+01 -1.366828136444091868e+01
-1.519600314895311932e+01 -1.409477696418762172e+01
-1.534969659646352191e+01 -1.345867238044738734e+01
-1.546517546971639057e+01 -1.404974112510681117e+01
-1.526810807983080487e+01 -1.362113008499145472e+01
-1.511511730154355426e+01 -1.422541069984436035e+01
-1.527545274297396283e+01 -1.384000573158264125e+01
-1.530450365940729718e+01 -1.408723096847534251e+01
-1.562524377306302448e+01 -1.246768112182617116e+01
-1.565778451164563556e+01 -1.426794004440307617e+01
-1.519757487376531024e+01 -1.379550065994262731e+01
-1.486713671684265137e+01 -1.330171403884887660e+01
-1.514700069030125995e+01 -1.404935379028320241e+01
-1.548148218790690045e+01 -1.399136629104614293e+01
-1.540619107087453266e+01 -1.317859463691711497e+01
-1.533698671062787433e+01 -1.352556524276733363e+01
-1.529925254980723004e+01 -1.272105302810668981e+01
-1.530512640873591046e+01 -1.348293218612670863e+01
-1.553524621327718158e+01 -1.331865930557250977e+01
-1.505758416652679443e+01 -1.311389279365539551e+01
-1.523202471931775470e+01 -1.360203495025634801e+01
-1.533002948760986328e+01 -1.346326131820678640e+01
-1.533434764544169049e+01 -1.324424691200256277e+01
-1.526162422696749310e+01 -1.369871807098388672e+01
-1.559819158911705017e+01 -1.366317553520202566e+01
-1.517773550748825073e+01 -1.335858283042907679e+01
-1.544832023978233337e+01 -1.389738082885742188e+01
-1.533919854958852191e+01 -1.286239395141601527e+01
-1.561263635754585266e+01 -1.440836467742919957e+01
-1.517704507708549500e+01 -1.378727993965148890e+01
-1.572560580571492572e+01 -1.350864844322204661e+01
-1.572735510269800763e+01 -1.395683374404907262e+01
-1.531303692857424359e+01 -1.340842351913452113e+01
-1.490936682621637921e+01 -1.399794425964355504e+01
-1.522702816128730774e+01 -1.373164296150207520e+01
-1.583191080888112445e+01 -1.404099264144897496e+01
-1.551997175812721252e+01 -1.318643937110900843e+01
-1.589323800802230835e+01 -1.350862021446227956e+01
-1.548679147164026837e+01 -1.386848101615905726e+01
-1.526004913449287415e+01 -1.386682829856872523e+01
-1.569464689493179321e+01 -1.377129354476928746e+01
-1.561205094059308429e+01 -1.223548870086669993e+01
-1.585640262564023395e+01 -1.412034044265747035e+01
-1.536262057224909405e+01 -1.402881765365600586e+01
-1.548127479354540448e+01 -1.387424736022949290e+01
-1.547185325622558594e+01 -1.200669302940368688e+01
-1.542806193232536316e+01 -1.376298704147338903e+01
-1.551738746960957904e+01 -1.397251825332641673e+01
-1.550868451595306396e+01 -1.345617628097534180e+01
-1.535732339819272418e+01 -1.402265772819519007e+01
-1.533066533009211163e+01 -1.406626286506652868e+01
-1.581149073441823383e+01 -1.443254904747009348e+01
-1.555698564648628235e+01 -1.370396361351013148e+01
-1.547789317369461060e+01 -1.400141258239746023e+01
-1.549321592847506146e+01 -1.309051942825317383e+01
-1.585209330916404724e+01 -1.422681417465209996e+01
-1.584013361732164960e+01 -1.414841828346252406e+01
-1.546722044547398944e+01 -1.392793774604797363e+01
-1.574976568420728107e+01 -1.368083462715148890e+01
-1.587041413784027100e+01 -1.303496675491333079e+01
-1.560598312815030475e+01 -1.376368422508239675e+01
-1.593071434895197491e+01 -1.401900415420532298e+01
-1.603646137317021569e+01 -1.371748938560485875e+01
-1.574418314297994037e+01 -1.394388375282287562e+01
-1.567767052849133869e+01 -1.381875281333923411e+01
-1.582639882961908917e+01 -1.389430651664733851e+01
-1.563149781028429608e+01 -1.389599809646606410e+01
-1.589690777659416199e+01 -1.309549527168273997e+01
-1.600636083881060401e+01 -1.371226301193237340e+01
-1.606677881876627723e+01 -1.414187293052673411e+01
-1.526387264331181903e+01 -1.386538028717041016e+01
-1.580091698964436908e+01 -1.397329020500183105e+01
-1.574657231569290161e+01 -1.380906119346618688e+01
-1.554558274149894714e+01 -1.356300163269042969e+01
-1.584938385089238544e+01 -1.401678552627563512e+01
-1.559252789616584778e+01 -1.388592987060546946e+01
-1.576620889703432660e+01 -1.322976670265197718e+01
-1.564209896326065063e+01 -1.262895593643188441e+01
-1.569122014443079571e+01 -1.404100618362426722e+01
-1.562820020318031311e+01 -1.404189376831054759e+01
-1.545148316025733948e+01 -1.445358848571777344e+01
-1.585329272349675556e+01 -1.384284152984619176e+01
-1.581675919890403748e+01 -1.396078276634216309e+01
-1.549998891353607178e+01 -1.333915381431579661e+01
-1.574400153756141663e+01 -1.400289092063903773e+01
-1.592281364401181598e+01 -1.380660886764526296e+01
-1.581288368503252606e+01 -1.414588098526001048e+01
-1.599281034866968731e+01 -1.344319787025451696e+01
-1.567230392495791058e+01 -1.328557224273681570e+01
-1.614542955160140991e+01 -1.302683048248291087e+01
-1.599107051889101605e+01 -1.388982076644897390e+01
-1.621425479650497437e+01 -1.430414910316467214e+01
-1.598901721835136414e+01 -1.436060233116149831e+01
-1.587297398845354657e+01 -1.386723723411560094e+01
-1.578748769561449627e+01 -1.441126685142517161e+01
-1.496308404207229614e+01 -1.413661394119262660e+01
-1.601905977725982666e+01 -1.390842237472534215e+01
-1.608328579862912378e+01 -1.310897908210754359e+01
-1.592018639047940631e+01 -1.443001317977905273e+01
-1.532910415530204773e+01 -1.386720767021179235e+01
-1.559346935153007507e+01 -1.366685791015624929e+01
-1.565416069825490375e+01 -1.383569226264953578e+01
-1.599145555496215820e+01 -1.359652795791626012e+01
-1.613817855715751648e+01 -1.367026786804199290e+01
-1.584301555156707764e+01 -1.304000263214111399e+01
-1.606374166409174720e+01 -1.309052515029907227e+01
-1.566219323873519897e+01 -1.393891501426696777e+01
-1.621760756770769873e+01 -1.329008283615112340e+01
-1.603290321429570398e+01 -1.211805491447448802e+01
-1.604239041606585303e+01 -1.323997225761413610e+01
-1.614783676465352258e+01 -1.414578390121459961e+01
-1.615173231561978540e+01 -1.391662807464599538e+01
-1.629291757941246033e+01 -1.387669539451599121e+01
-1.614095663030942163e+01 -1.387531042098999023e+01
-1.622236064076423645e+01 -1.339088997840881312e+01
-1.620667618513107300e+01 -1.329548730850219762e+01
-1.519259051481882672e+01 -1.390760807991027903e+01
-1.560892443855603595e+01 -1.320989770889282156e+01
-1.600995982686678687e+01 -1.412787337303161550e+01
-1.574076745907465558e+01 -1.390969562530517578e+01
-1.596848309040069580e+01 -1.319408836364746129e+01
-1.598296016454696655e+01 -1.258641333580017019e+01
-1.624955780307452002e+01 -1.387770218849182058e+01
-1.637616205215454102e+01 -1.418897337913513113e+01
-1.609191045165061951e+01 -1.347715568542480469e+01
-1.609534892439842224e+01 -1.420341486930847097e+01
-1.645345555742581567e+01 -1.345395426750183177e+01
-1.625193521380424500e+01 -1.372443466186523509e+01
-1.638572404781977454e+01 -1.293244986534118723e+01
-1.558761187394460102e+01 -1.392912931442260671e+01
-1.588684547940889935e+01 -1.369451146125793528e+01
-1.607274542252222815e+01 -1.353329887390136754e+01
-1.611529347300529480e+01 -1.378905725479125977e+01
-1.601593343416849891e+01 -1.441971530914306676e+01
-1.536562318603197674e+01 -1.372919454574584996e+01
-1.623425970474879065e+01 -1.348128337860107351e+01
-1.602004461487134179e+01 -1.410931773185729909e+01
-1.593023461103439331e+01 -1.382461996078491140e+01
-1.611297436555226525e+01 -1.367343516349792409e+01
-1.602406580249468604e+01 -1.398538541793823242e+01
-1.621212859948476037e+01 -1.340053114891052211e+01
-1.637120276689529419e+01 -1.300841050148010325e+01
-1.602288518349329749e+01 -1.101412019729614222e+01
-1.598929606874783893e+01 -1.374462490081787180e+01
-1.599742306272188763e+01 -1.396893296241760218e+01
-1.626821213960647583e+01 -1.405242819786071706e+01
-1.630603692928950110e+01 -1.398511152267456126e+01
-1.599103743831316571e+01 -1.414712624549865794e+01
-1.601084275046984473e+01 -1.359445629119873011e+01
-1.598644679784774780e+01 -1.372751288414001536e+01
-1.617155349254608154e+01 -1.371477928161621129e+01
-1.604732732971509179e+01 -1.383478379249572754e+01
-1.640153680245081702e+01 -1.410563745498657262e+01
-1.636855153242747107e+01 -1.391642961502075160e+01
-1.633609929680824280e+01 -1.361303653717041051e+01
-1.640154278278350830e+01 -1.345119142532348633e+01
-1.621422656377156457e+01 -1.358088316917419469e+01
-1.611362757285435876e+01 -1.395420145988464355e+01
-1.627715334296226501e+01 -1.381279573440551722e+01
-1.639310845732688904e+01 -1.414607892036437953e+01
-1.611081400513648987e+01 -1.392676548957824778e+01
-1.623284196853637695e+01 -1.395895314216613770e+01
-1.657981119553248206e+01 -1.398817415237426687e+01
-1.626836075385411462e+01 -1.365597500801086461e+01
-1.624929026762644568e+01 -1.352059035301208567e+01
-1.660377211372057715e+01 -1.355287141799926687e+01
-1.608498665690422058e+01 -1.373521218299865687e+01
-1.649017778038978577e+01 -1.421865520477294886e+01
-1.635314736763636390e+01 -1.404851436614990234e+01
-1.656785761316617211e+01 -1.339547963142394948e+01
-1.643069737156232080e+01 -1.381663551330566442e+01
-1.633828444282213965e+01 -1.299650359153747559e+01
-1.610146275162696838e+01 -1.339354429244995082e+01
-1.605340036749839783e+01 -1.386108202934265066e+01
-1.646878783901532373e+01 -1.391142001152038610e+01
-1.628064778447151184e+01 -1.311437811851501500e+01
-1.639960385362307349e+01 -1.281438112258911133e+01
-1.611671672264735022e+01 -1.371264896392822230e+01
-1.637574686606724939e+01 -1.277214598655700684e+01
-1.649287792046864709e+01 -1.428585033416748118e+01
-1.665086900194485864e+01 -1.413270659446716238e+01
-1.640652296940485755e+01 -1.385505461692810059e+01
-1.636806175112724304e+01 -1.374663939476013219e+01
-1.636878983179728309e+01 -1.391852812767028880e+01
-1.618446538845698157e+01 -1.328290228843689036e+01
-1.654103731115658960e+01 -1.241225724220275950e+01
-1.654505768418312073e+01 -1.438613333702087438e+01
-1.650785945852597436e+01 -1.342176785469055211e+01
-1.644199351469675818e+01 -1.416905221939086879e+01
-1.627901274959246436e+01 -1.404618206024169957e+01
-1.672511158386866370e+01 -1.432383723258972097e+01
-1.632613889376322547e+01 -1.388664636611938441e+01
-1.645091042915980140e+01 -1.320644059181213414e+01
-1.627201615770657739e+01 -1.336230020523071360e+01
-1.638069154818852624e+01 -1.376271591186523402e+01
-1.637377467751502991e+01 -1.294157443046569789e+01
-1.629460806647936622e+01 -1.340874700546264719e+01
-1.660345810651779175e+01 -1.383265166282653880e+01
-1.625212687253952026e+01 -1.374182548522949254e+01
-1.634581909577051917e+01 -1.259492044448852610e+01
-1.633860606948534766e+01 -1.416481423377990723e+01
-1.619131512443224707e+01 -1.327239375114440989e+01
-1.681360809008280555e+01 -1.332732014656066966e+01
-1.624400418996810913e+01 -1.414413642883300781e+01
-1.661644726991653442e+01 -1.388221554756164622e+01
-1.632612012823422631e+01 -1.344742479324340856e+01
-1.619176167249679565e+01 -1.405952219963073802e+01
-1.654841024676958838e+01 -1.257551193237304688e+01
-1.678015434741973877e+01 -1.407217259407043386e+01
-1.660386174917221069e+01 -1.369823470115661657e+01
-1.594066664576530457e+01 -1.301644797325134206e+01
-1.599635193745295147e+01 -1.394757699966430664e+01
-1.651634465654690942e+01 -1.301910185813903809e+01
-1.641297696034113685e+01 -1.384313893318176270e+01
-1.657110798358917236e+01 -1.371670918464660716e+01
-1.619646504521369934e+01 -1.327180738449096609e+01
-1.647538171211878577e+01 -1.408279409408569371e+01
-1.667986555894215783e+01 -1.343675637245178223e+01
-1.658173265059788903e+01 -1.334006147384643626e+01
-1.691858823100725928e+01 -1.424695525169372523e+01
-1.679804887374242028e+01 -1.407798871994018519e+01
-1.652309575676918030e+01 -1.344425616264343226e+01
-1.649065587917963782e+01 -1.420528526306152273e+01
-1.689339876174926758e+01 -1.399129548072814977e+01
-1.669114477435747901e+01 -1.352052764892578196e+01
-1.636946342388788977e+01 -1.393418879508972097e+01
-1.672764750321706018e+01 -1.350774235725402761e+01
-1.664396941661834717e+01 -1.349375691413879430e+01
-1.630896947781245032e+01 -1.396685614585876500e+01
-1.662064160903294763e+01 -1.344795455932617223e+01
-1.626865674058596412e+01 -1.395595698356628489e+01
-1.659310915072758874e+01 -1.318554720878601039e+01
-1.680854791402816772e+01 -1.388027853965759206e+01
-1.692196052273114404e+01 -1.340531859397888148e+01
-1.672849593559901038e+01 -1.334645738601684606e+01
-1.671887884537379065e+01 -1.422101192474365305e+01
-1.647985059022903442e+01 -1.393939938545227086e+01
-1.684673959016799927e+01 -1.402732095718383754e+01
-1.663415199518203735e+01 -1.361061501502990723e+01
-1.655172463258107385e+01 -1.309084005355834890e+01
-1.671636248628298560e+01 -1.421480793952941823e+01
-1.691579461097717285e+01 -1.392738232612609828e+01
-1.649794979890187463e+01 -1.396939692497253382e+01
-1.687440532445907593e+01 -1.368070192337036062e+01
-1.647385435303052148e+01 -1.364333133697509837e+01
-1.660125085711479187e+01 -1.367288661003112793e+01
-1.653793230652809143e+01 -1.407542066574096751e+01
-1.706509200731913367e+01 -1.393695502281189036e+01
-1.631806962688763818e+01 -1.357243938446044851e+01
-1.662959141532580176e+01 -1.440423631668090820e+01
-1.639332987864812097e+01 -1.378076443672180140e+01
-1.672068886955579003e+01 -1.352210044860839844e+01
-1.661325785517692566e+01 -1.412778358459472727e+01
-1.690734891096751014e+01 -1.382305617332458425e+01
-1.669227806727091590e+01 -1.339293527603149414e+01
-1.676945417126019677e+01 -1.369328846931457555e+01
-1.668191180626551429e+01 -1.356626400947570765e+01
-1.645541510979334632e+01 -1.333944010734558105e+01
-1.629492731889088830e+01 -1.357437229156494141e+01
-1.641055731972058496e+01 -1.370976204872131277e+01
-1.674145777026812354e+01 -1.357235035896301234e+01
-1.651674007376034936e+01 -1.412179269790649450e+01
-1.619984884063402930e+01 -1.303377580642700195e+01
-1.678184603651364526e+01 -1.290879125595092702e+01
-1.684662088751792908e+01 -1.409446034431457484e+01
-1.678596338629722595e+01 -1.392289180755615163e+01
-1.641641615827878198e+01 -1.271666178703308070e+01
-1.631502283612887183e+01 -1.294049177169799769e+01
-1.634830097357432166e+01 -1.396775798797607493e+01
-1.705394140879313269e+01 -1.368542861938476562e+01
-1.677300330003102502e+01 -1.456080069541931188e+01
-1.660266709327697754e+01 -1.386236643791198730e+01
-1.622951217492421350e+01 -1.370652384757995534e+01
-1.659987538059552392e+01 -1.375600662231445348e+01
-1.677299468715985498e+01 -1.386283521652221751e+01
-1.683563286066055298e+01 -1.364843521118164027e+01
-1.696170932054519653e+01 -1.239671072959899867e+01
-1.671255644162495813e+01 -1.392456288337707448e+01
-1.654822421073913574e+01 -1.390403995513915980e+01
-1.730522327621777734e+01 -1.323149309158325160e+01
-1.701910788814226905e+01 -1.409339919090271032e+01
-1.683449164032936096e+01 -1.278214387893676829e+01
-1.673089260856310645e+01 -1.404937381744384695e+01
-1.704737234115600586e+01 -1.357729086875915492e+01
-1.677765766779581824e+01 -1.348633618354797292e+01
-1.563550326228141785e+01 -1.391249737739562953e+01
-1.709009545048077783e+01 -1.416046586036682164e+01
-1.668197978536288062e+01 -1.384376001358032227e+01
-1.660972180962562561e+01 -1.378424091339111257e+01
-1.660338438550631324e+01 -1.356297717094421351e+01
-1.639326364795367041e+01 -1.322582321166992259e+01
-1.683531698584556580e+01 -1.379343805313110316e+01
-1.674807512760162354e+01 -1.376804976463317942e+01
-1.691019884745280066e+01 -1.404588713645935094e+01
-1.701099115610122681e+01 -1.308632035255432058e+01
-1.646825047334035119e+01 -1.421265459060668945e+01
-1.683557547132174292e+01 -1.334911990165710449e+01
-1.584139277537663837e+01 -1.329861955642700266e+01
-1.611166137456893921e+01 -1.339272484779357875e+01
-1.641569973031679908e+01 -1.373593158721923757e+01
-1.607216174403826514e+01 -1.410175590515136790e+01
-1.693064020077387610e+01 -1.401267352104187047e+01
-1.712244155009587487e+01 -1.293650574684142995e+01
-1.654430470863978186e+01 -1.354319109916687047e+01
-1.708038906256357947e+01 -1.430578017234802246e+01
-1.656732763846715173e+01 -1.393171181678772008e+01
-1.636873316764831543e+01 -1.398796262741088903e+01
-1.672328178087870398e+01 -1.333530168533325266e+01
-1.683641433715820312e+01 -1.459893121719360387e+01
-1.679974509278933326e+01 -1.426551780700683558e+01
-1.652753433585166931e+01 -1.443627324104309118e+01
-1.635335802038510522e+01 -1.420863842964172363e+01
-1.684331415096918860e+01 -1.422430348396301270e+01
-1.671263505021731177e+01 -1.317307262420654368e+01
-1.674316606918970862e+01 -1.369528775215148997e+01
-1.675531645615895471e+01 -1.332314343452453542e+01
-1.661953994631767273e+01 -1.403593888282775914e+01
-1.708596319953600684e+01 -1.338541274070739817e+01
-1.711223918199539185e+01 -1.370475087165832484e+01
-1.688545072078704834e+01 -1.399166960716247488e+01
-1.694894520441691199e+01 -1.333634104728698766e+01
-1.722862310210863868e+01 -1.316581969261169505e+01
-1.694493080178896705e+01 -1.426516785621643102e+01
-1.713490304350852966e+01 -1.374548768997192383e+01
-1.674015310406684875e+01 -1.394971041679382395e+01
-1.684885072708129883e+01 -1.282693386077880859e+01
-1.701711392402648926e+01 -1.376345095634460414e+01
-1.723129339019457618e+01 -1.348901085853576731e+01
-1.677117188771565637e+01 -1.394816312789916957e+01
-1.709344890713691711e+01 -1.405797276496887172e+01
-1.709005516767501831e+01 -1.396501483917236364e+01
-1.694977861642837524e+01 -1.364342598915100169e+01
-1.697275202473004541e+01 -1.403605108261108469e+01
-1.719847667217254639e+01 -1.356963686943054270e+01
-1.713834614555041114e+01 -1.304555416107177734e+01
-1.705837822953860083e+01 -1.356329946517944407e+01
-1.685600354274113855e+01 -1.345011801719665456e+01
-1.616751879453659058e+01 -1.392186427116394043e+01
-1.673494296272595605e+01 -1.372822251319885289e+01
-1.689372132221857825e+01 -1.385100216865539480e+01
-1.695267446835835656e+01 -1.337573146820068359e+01
-1.719746009508768836e+01 -1.393649711608886754e+01
-1.698729107777277747e+01 -1.263404216766357457e+01
-1.676694007714589318e+01 -1.359627127647399902e+01
-1.697928683956464013e+01 -1.349434084892272878e+01
-1.690671564141909400e+01 -1.307846155166626012e+01
-1.670102001229922095e+01 -1.314939074516296458e+01
-1.691546230514844140e+01 -1.397882375717163050e+01
-1.748608868320782861e+01 -1.372543044090270925e+01
-1.721290446321169654e+01 -1.351746840476989675e+01
-1.752357200781504432e+01 -1.248086967468261754e+01
-1.719139614701271057e+01 -1.391639699935913121e+01
-1.748732382059097290e+01 -1.431324443817138636e+01
-1.732771536707878113e+01 -1.431294713020324672e+01
-1.727348171671231469e+01 -1.407711133956909144e+01
-1.669774653514226159e+01 -1.353249483108520579e+01
-1.724057332674662391e+01 -1.346710214614868129e+01
-1.619784872730572900e+01 -1.411855845451355052e+01
-1.714218031366666040e+01 -1.389060935974121058e+01
-1.686659700671831885e+01 -1.357888627052307129e+01
-1.705802196264266968e+01 -1.392744517326354980e+01
-1.713561452428499976e+01 -1.399603862762451101e+01
-1.714398527145385742e+01 -1.380773181915283132e+01
-1.712128550807635108e+01 -1.388938746452331507e+01
-1.702225873867670813e+01 -1.402031550407409632e+01
-1.733816604812939843e+01 -1.384801363945007324e+01
-1.740190121531486511e+01 -1.433703312873840297e+01
-1.710531873504320899e+01 -1.365088663101196254e+01
-1.685379219055175781e+01 -1.314144859313964808e+01
-1.684113453825314721e+01 -1.331709566116333043e+01
-1.689191340406735620e+01 -1.377287654876709055e+01
-1.725204085310300073e+01 -1.342306203842163015e+01
-1.704342889785766602e+01 -1.299680099487304652e+01
-1.684066937367121497e+01 -1.337730898857116735e+01
-1.687811953822771827e+01 -1.430340332984924245e+01
-1.711171553532282630e+01 -1.336724042892456055e+01
-1.734069471557934961e+01 -1.362400240898132253e+01
-1.738491462667782983e+01 -1.397912173271179270e+01
-1.699025935928026954e+01 -1.374341602325439382e+01
-1.713941002885500708e+01 -1.316152315139770579e+01
-1.674514544010162354e+01 -1.361917967796325613e+01
-1.717147472500801086e+01 -1.404114718437194753e+01
-1.726842571298281470e+01 -1.385562133789062500e+01
-1.695323492089907447e+01 -1.385580534934997488e+01
-1.736633070309956750e+01 -1.334653496742248535e+01
-1.700605447093645850e+01 -1.402950596809387207e+01
-1.727643331885337830e+01 -1.421189188957214355e+01
-1.717393227418263635e+01 -1.390203275680542028e+01
-1.720422707994778833e+01 -1.383478331565856934e+01
-1.710254732767741004e+01 -1.331969590187072683e+01
-1.690015036861101905e+01 -1.338673377037048340e+01
-1.705347403883934021e+01 -1.387344636917114293e+01
-1.729777576526005944e+01 -1.334230494499206543e+01
-1.705032370487849036e+01 -1.377894954681396555e+01
-1.699297240376472473e+01 -1.443819494247436452e+01
-1.775504821538925171e+01 -1.327094602584838867e+01
-1.723763366540272912e+01 -1.380612049102783168e+01
-1.699793618917465210e+01 -1.347708930969238317e+01
-1.680586263537406921e+01 -1.239521770477294993e+01
-1.714185799161593238e+01 -1.294326276779174734e+01
-1.735412658254305640e+01 -1.389073705673217773e+01
-1.714510532220204553e+01 -1.340870504379272532e+01
-1.713924303650856018e+01 -1.351797304153442347e+01
-1.751019195715586463e+01 -1.334989271163940394e+01
-1.708451882004737854e+01 -1.395428876876831126e+01
-1.729705995321273804e+01 -1.391374382972717250e+01
-1.668643833200136939e+01 -1.438493704795837402e+01
-1.740130423506100854e+01 -1.374852075576782262e+01
-1.743234732747077942e+01 -1.343004803657531809e+01
-1.730208084980646888e+01 -1.371285138130187953e+01
-1.710262862841288367e+01 -1.379816036224365305e+01
-1.738360068202018738e+01 -1.320871500968933177e+01
-1.679362991452217102e+01 -1.318696889877319300e+01
-1.697987273335456848e+01 -1.406430950164794957e+01
-1.742309737205505371e+01 -1.371174578666687083e+01
-1.753511694073677063e+01 -1.362036237716674769e+01
-1.757807490229606628e+01 -1.369968004226684499e+01
-1.780297779043515405e+01 -1.376181573867797781e+01
-1.728389119108517846e+01 -1.430288925170898473e+01
-1.692263498902320862e+01 -1.394472002983093262e+01
-1.744639363884925842e+01 -1.411277937889099121e+01
-1.678321408232053003e+01 -1.449706788063049245e+01
-1.665274965763092041e+01 -1.170326280593872070e+01
-1.739528767267863074e+01 -1.400611605644226110e+01
-1.687487791975339135e+01 -1.355095710754394567e+01
-1.672850048542022705e+01 -1.226954221725463867e+01
-1.739575891693433007e+01 -1.420185203552246023e+01
-1.721726420521736145e+01 -1.440755329132080043e+01
-1.704488144318262854e+01 -1.398187050819396937e+01
-1.756171913941701135e+01 -1.390288476943969798e+01
-1.757868098219235620e+01 -1.437371625900268590e+01
-1.712368948260943213e+01 -1.379608163833618129e+01
-1.679205206036567688e+01 -1.394009165763855052e+01
-1.721203603347142419e+01 -1.413958945274353063e+01
-1.738573166728019714e+01 -1.413396768569946360e+01
-1.758229535818099976e+01 -1.315154242515563965e+01
-1.726035064458847046e+01 -1.402652640342712331e+01
-1.753486699859301368e+01 -1.353663740158081019e+01
-1.734432770808537683e+01 -1.316809773445129395e+01
-1.730293690164883813e+01 -1.425817165374755824e+01
-1.710570412874221802e+01 -1.349215888977050781e+01
-1.740055936574935913e+01 -1.407761039733886754e+01
-1.714995001753171167e+01 -1.337572402954101491e+01
-1.722811711827914039e+01 -1.407290086746215785e+01
-1.721503722667694092e+01 -1.316485891342163050e+01
-1.727273012200991431e+01 -1.387139501571655309e+01
-1.762705268462498864e+01 -1.349613804817199636e+01
-1.733820330103238305e+01 -1.389325652122497523e+01
-1.744946154952049255e+01 -1.346867079734802175e+01
-1.761037760972976685e+01 -1.421620264053344762e+01
-1.725138715902964393e+01 -1.370660295486450231e+01
-1.727442796031634131e+01 -1.362489185333251918e+01
-1.758051219582557678e+01 -1.403564691543579102e+01
-1.762984562913576880e+01 -1.250599651336669993e+01
-1.732429897785186768e+01 -1.377086968421935964e+01
-1.762401544054349145e+01 -1.281484303474426234e+01
-1.753376583258311072e+01 -1.365167369842529332e+01
-1.762285644809405127e+01 -1.264458060264587402e+01
-1.726095786690711975e+01 -1.400806713104248047e+01
-1.746078520019849023e+01 -1.332229204177856374e+01
-1.752571584781010827e+01 -1.303306884765624929e+01
-1.715090155601501465e+01 -1.386088571548461879e+01
-1.748148245612780372e+01 -1.413004894256591726e+01
-1.744597260157267371e+01 -1.380744886398315430e+01
-1.758554995059967041e+01 -1.425998425483703613e+01
-1.732165439923604211e+01 -1.383478975296020508e+01
-1.652442234754562378e+01 -1.401818637847900462e+01
-1.694506809115409851e+01 -1.368803491592407262e+01
-1.739835421244303504e+01 -1.351461558341980052e+01
-1.778907540440559387e+01 -1.343719949722290075e+01
-1.742973464727401733e+01 -1.381025066375732457e+01
-1.754229785998662194e+01 -1.374346137046813965e+01
-1.763819629947344581e+01 -1.453350353240966797e+01
-1.721781297524769982e+01 -1.343363103866577113e+01
-1.698786221941312036e+01 -1.427687854766845632e+01
-1.801748429735501489e+01 -1.240509762763977086e+01
-1.768160032232602319e+01 -1.352973361015319753e+01
-1.762643121679623803e+01 -1.364033918380737376e+01
-1.727830574909846106e+01 -1.350820441246032644e+01
-1.763539046049118042e+01 -1.413621582984924352e+01
-1.765814911325772485e+01 -1.326784377098083567e+01
-1.757004330555598060e+01 -1.349329862594604457e+01
-1.716154738267262658e+01 -1.404240746498107839e+01
-1.742030812303225318e+01 -1.319769868850707972e+01
-1.739510390162467957e+01 -1.374869999885559047e+01
-1.774740223089854041e+01 -1.387996163368225133e+01
-1.770937675237655640e+01 -1.441886172294616664e+01
-1.721471676230430603e+01 -1.383630490303039551e+01
-1.747395801544189453e+01 -1.272567906379699743e+01
-1.759681473175684729e+01 -1.401940321922302246e+01
-1.767876295248667518e+01 -1.354893608093261648e+01
-1.720980319380760193e+01 -1.362903962135314906e+01
-1.768213440974553308e+01 -1.352545843124389613e+01
-1.770660423239072045e+01 -1.404457697868347132e+01
-1.745256009697914124e+01 -1.326715388298034703e+01
-1.784368455410003662e+01 -1.358915758132934570e+01
-1.754261973500251770e+01 -1.343071842193603516e+01
-1.725633762280146399e+01 -1.380071687698364258e+01
-1.752517714103062829e+01 -1.353080191612243688e+01
-1.740877241889635840e+01 -1.378325433731079031e+01
-1.736468219757080078e+01 -1.327924633026123047e+01
-1.802189070979754248e+01 -1.333154468536377024e+01
-1.766402289271354675e+01 -1.394141578674316406e+01
-1.762706746657689294e+01 -1.404865040779113805e+01
-1.777461269497871399e+01 -1.315770859718322683e+01
-1.759547721346219262e+01 -1.382581400871276855e+01
-1.750569485624631128e+01 -1.413588767051696848e+01
-1.782154163718223572e+01 -1.392352619171142614e+01
-1.767770158251126489e+01 -1.367074317932128835e+01
-1.733747373024622718e+01 -1.378283176422119105e+01
-1.758333929379780969e+01 -1.416445655822753835e+01
-1.777014213800430298e+01 -1.361906266212463379e+01
-1.789908961455027381e+01 -1.387864394187927175e+01
-1.715419585506121436e+01 -1.364371304512023997e+01
-1.787132052580515662e+01 -1.424550700187683105e+01
-1.691694020231564721e+01 -1.285983905792236293e+01
-1.666477950414021691e+01 -1.398783302307128906e+01
-1.812156383196512976e+01 -1.423845987319946360e+01
-1.745518246293067932e+01 -1.413873105049133372e+01
-1.758114865422248840e+01 -1.412550735473632812e+01
-1.760224719842274865e+01 -1.413003106117248464e+01
-1.773774287104606628e+01 -1.344069542884826696e+01
-1.787238053480784217e+01 -1.368189983367919993e+01
-1.731977145870526513e+01 -1.377192268371581996e+01
-1.761437037587165833e+01 -1.191354322433471680e+01
-1.724573231736819068e+01 -1.353775033950805629e+01
-1.761753893891970435e+01 -1.324105906486511230e+01
-1.755830132961273193e+01 -1.362236347198486364e+01
-1.762979053457577905e+01 -1.355214810371398926e+01
-1.752778534094492713e+01 -1.394211239814758230e+01
-1.726032927632331848e+01 -1.381740398406982351e+01
-1.792526279886563501e+01 -1.377194490432739293e+01
-1.788626480102539062e+01 -1.432053985595703161e+01
-1.744462121526400367e+01 -1.386976718902587891e+01
-1.740312702457110206e+01 -1.319209885597229004e+01
-1.743670087059338769e+01 -1.374718317985534632e+01
-1.788669031858444214e+01 -1.307711720466613770e+01
-1.719454200069109717e+01 -1.314393482208251918e+01
-1.756085443496704102e+01 -1.384584650993347132e+01
-1.758903755744298181e+01 -1.385077857971191406e+01
-1.801200276613235474e+01 -1.311373233795166016e+01
-1.807564389705657959e+01 -1.419533224105834890e+01
-1.800513035058975220e+01 -1.396771106719970668e+01
-1.796741466720898828e+01 -1.374708309173584020e+01
-1.794718758265177527e+01 -1.420675635337829590e+01
-1.779176077246665955e+01 -1.402379188537597621e+01
-1.744137106339136878e+01 -1.301838145256042445e+01
-1.751346759994824609e+01 -1.321547379493713414e+01
-1.785788381099700928e+01 -1.394397482872009242e+01
-1.811336866021156311e+01 -1.317887573242187571e+01
-1.809141865372657776e+01 -1.274796996116638148e+01
-1.773174967368443689e+01 -1.384511690139770579e+01
-1.784541508555412292e+01 -1.275422849655151403e+01
-1.798569814364115516e+01 -1.326800961494445730e+01
-1.772247387965520105e+01 -1.349709935188293386e+01
-1.793464181820551673e+01 -1.320925812721252512e+01
-1.807070162892341614e+01 -1.408210053443908727e+01
-1.732324434320132056e+01 -1.382805557250976491e+01
-1.816994998852412024e+01 -1.338627495765686071e+01
-1.811541926860809326e+01 -1.255181179046630824e+01
-1.761163585384686669e+01 -1.326657071113586461e+01
-1.776668590307235718e+01 -1.368132238388061594e+01
-1.733083784580230713e+01 -1.355469026565551793e+01
-1.790924014647801599e+01 -1.370345387458801234e+01
-1.787643704811732093e+01 -1.361234884262085032e+01
-1.778861707448959351e+01 -1.368942928314208984e+01
-1.765969299276669702e+01 -1.393796544075012278e+01
-1.790944099426269531e+01 -1.362750420570373500e+01
-1.759516054391860962e+01 -1.343108258247375453e+01
-1.783996546268463135e+01 -1.362712821960449183e+01
-1.745367340246836463e+01 -1.326201462745666504e+01
-1.777083584666252136e+01 -1.347628469467163015e+01
-1.792513892054557800e+01 -1.378261704444885183e+01
-1.816520318388938904e+01 -1.299615182876586950e+01
-1.768767493963241577e+01 -1.392860350608825648e+01
-1.790333858132362366e+01 -1.363050265312194753e+01
-1.775400971372922143e+01 -1.389563245773315359e+01
-1.773423182964324951e+01 -1.339496078491210973e+01
-1.807491540908813477e+01 -1.372810916900634837e+01
-1.781278354922930518e+01 -1.410232601165771449e+01
-1.778093514839808265e+01 -1.348685936927795481e+01
-1.820306738217671594e+01 -1.376730952262878382e+01
-1.802936695019404212e+01 -1.266373796463012624e+01
-1.768874286611874780e+01 -1.380829963684081996e+01
-1.781574901938438416e+01 -1.354949336051940989e+01
-1.822677103678385535e+01 -1.349658803939819407e+01
-1.798442816734313965e+01 -1.360339932441711497e+01
-1.768074622750282288e+01 -1.362938256263732839e+01
-1.808672613898913184e+01 -1.350752511024475133e+01
-1.744418688615163049e+01 -1.371127133369445872e+01
-1.811295738816261292e+01 -1.280641951560974157e+01
-1.793350099523862085e+01 -1.350631585121154821e+01
-1.796462271610895911e+01 -1.314126138687133860e+01
-1.790099683403968811e+01 -1.392056269645690847e+01
-1.838098572691281518e+01 -1.366297626495361328e+01
-1.787345316012700280e+01 -1.370355496406555140e+01
-1.795944548646609107e+01 -1.395857324600219762e+01
-1.861290646592776099e+01 -1.327605381011962926e+01
-1.758702906966209412e+01 -1.239378538131713903e+01
-1.792703974246978760e+01 -1.400725588798522914e+01
-1.835004691282908240e+01 -1.406841187477111887e+01
-1.820684633652369300e+01 -1.370176048278808523e+01
-1.795954688390095910e+01 -1.349731192588806117e+01
-1.849157047271728516e+01 -1.363832025527954173e+01
-1.824012321233749390e+01 -1.395950512886047434e+01
-1.807030897339184961e+01 -1.316483664512634277e+01
-1.789464544256528100e+01 -1.383678021430969274e+01
-1.796724079052607337e+01 -1.375878973007202077e+01
-1.794135447343190393e+01 -1.332958626747131348e+01
-1.744740182161331177e+01 -1.360807833671569789e+01
-1.791697266697883606e+01 -1.324188246726989782e+01
-1.789854513605435571e+01 -1.370043091773986887e+01
-1.753975611925125122e+01 -1.371132993698120117e+01
-1.792283998926480493e+01 -1.306777148246765208e+01
-1.824280204375584802e+01 -1.351457929611206055e+01
-1.838830645879109582e+01 -1.386939544677734304e+01
-1.818759119510650635e+01 -1.358270907402038574e+01
-1.841505797704060754e+01 -1.371724596023559606e+01
-1.810282693306605140e+01 -1.329006595611572195e+01
-1.729251297314961633e+01 -1.317038865089416433e+01
-1.765296312173207482e+01 -1.393655848503112793e+01
-1.830272338787714759e+01 -1.343014006614685130e+01
-1.809989607334136963e+01 -1.389989461898803746e+01
-1.724216426412264624e+01 -1.342276253700256383e+01
-1.792207188407580176e+01 -1.388897442817687988e+01
-1.845277667045593262e+01 -1.371146125793456960e+01
-1.805316382646560669e+01 -1.325741453170776296e+01
-1.809097218513488770e+01 -1.312293314933776855e+01
-1.794607325394948205e+01 -1.328268680572509730e+01
-1.804750233888626099e+01 -1.397239079475402868e+01
-1.824178318182627478e+01 -1.359768128395080566e+01
-1.820145785808563232e+01 -1.404774432182312083e+01
-1.787798224886258325e+01 -1.369156985282898020e+01
-1.813980875412623206e+01 -1.281734881401061976e+01
-1.773141785462697229e+01 -1.358647699356079031e+01
-1.797225005427996436e+01 -1.407013392448425293e+01
-1.781263589859008789e+01 -1.376801838874816930e+01
-1.795428733030955115e+01 -1.406166987419128489e+01
-1.797652425368626794e+01 -1.314451251029968226e+01
-1.823731877406438073e+01 -1.385353884696960414e+01
-1.807324359814326087e+01 -1.351126885414123535e+01
-1.731552064418792725e+01 -1.386080503463745117e+01
-1.820147983233134070e+01 -1.363053760528564418e+01
-1.809182558457056800e+01 -1.330572824478149485e+01
-1.770984474817911902e+01 -1.360753054618835378e+01
-1.818123108148574829e+01 -1.413176155090332031e+01
-1.811662097771962365e+01 -1.329083752632141113e+01
-1.879789320627848426e+01 -1.395059957504272496e+01
-1.776197871565818787e+01 -1.332281513214111257e+01
-1.792749618490536889e+01 -1.388126235008239817e+01
-1.796763530373573303e+01 -1.349903674125671316e+01
-1.754029425978660583e+01 -1.384886803627014196e+01
-1.782482600212097168e+01 -1.388574523925781179e+01
-1.767511112491289893e+01 -1.361877808570861781e+01
-1.820699676871299744e+01 -1.284886236190795827e+01
-1.793532232443491736e+01 -1.209447722434997630e+01
-1.785712390144665918e+01 -1.289597129821777344e+01
-1.780752226710319519e+01 -1.395734567642211843e+01
-1.836917742093404016e+01 -1.409993081092834544e+01
-1.766393400231997290e+01 -1.311726212501525879e+01
-1.752363226811091224e+01 -1.290317931175231969e+01
-1.757459951440493384e+01 -1.351773653030395472e+01
-1.804419575134913245e+01 -1.363937015533447195e+01
-1.850437452395756921e+01 -1.384160304069519043e+01
-1.856337416172027588e+01 -1.307455005645751989e+01
-1.778893566131591797e+01 -1.338678646087646484e+01
-1.798727910717328271e+01 -1.322427463531494141e+01
-1.796774997313817224e+01 -1.325488944053649831e+01
-1.840934700767199317e+01 -1.354035868644714391e+01
-1.819392679135004798e+01 -1.305796303749084508e+01
-1.798813567558924476e+01 -1.324972133636474680e+01
-1.802306263645489892e+01 -1.302573122978210485e+01
-1.821328336993853370e+01 -1.287510728836059570e+01
-1.817402278383572778e+01 -1.359825167655944789e+01
-1.817978059252103051e+01 -1.380239791870117116e+01
-1.824207570155461511e+01 -1.386078171730041575e+01
-1.834196045001347741e+01 -1.305215244293212962e+01
-1.787552149097124854e+01 -1.400583167076110769e+01
-1.820663825670878211e+01 -1.340442457199096715e+01
-1.863097357749938965e+01 -1.391576786041259695e+01
-1.808219708998997888e+01 -1.296976480484008754e+01
-1.766799027721087256e+01 -1.344068226814269984e+01
-1.838538597027460852e+01 -1.292851839065551722e+01
-1.804531012972195825e+01 -1.388433198928833079e+01
-1.806033761302630225e+01 -1.338642721176147532e+01
-1.798133115967114648e+01 -1.356772375106811523e+01
-1.811871523658434668e+01 -1.382151312828063894e+01
-1.822010741631190101e+01 -1.377465524673461950e+01
-1.867330175638198853e+01 -1.293944277763366735e+01
-1.875509096185366431e+01 -1.356576194763183629e+01
-1.831203236182530603e+01 -1.378014616966247630e+01
-1.800390252470970154e+01 -1.366831474304199290e+01
-1.872422285874684533e+01 -1.295736317634582591e+01
-1.767609633008639136e+01 -1.330971126556396555e+01
-1.799715509017308435e+01 -1.340256800651550328e+01
-1.778268035252888879e+01 -1.411280064582824778e+01
-1.845921303828557214e+01 -1.398138942718505895e+01
-1.799208172162373742e+01 -1.335911064147949290e+01
-1.768252448240916053e+01 -1.376030707359313965e+01
-1.830098132292429725e+01 -1.359626264572143484e+01
-1.769761035839716712e+01 -1.297394180297851562e+01
-1.825625696778297424e+01 -1.346945505142211985e+01
-1.856532738606135169e+01 -1.390274806022643972e+01
-1.862371381123860559e+01 -1.371476097106933523e+01
-1.856135198473930359e+01 -1.365397381782531738e+01
-1.892248636484146118e+01 -1.354844689369201660e+01
-1.857513540983200073e+01 -1.321463232040405344e+01
-1.840357908606529236e+01 -1.375406384468078613e+01
-1.766353784004847327e+01 -1.387144899368286133e+01
-1.797044399380683899e+01 -1.336406288146972621e+01
-1.813447380065917969e+01 -1.284827494621276855e+01
-1.819021428624789039e+01 -1.375890517234802246e+01
-1.803970086574554443e+01 -1.394382548332214355e+01
-1.766968677441279212e+01 -1.361530594825744700e+01
-1.801137520869572839e+01 -1.446852416992187429e+01
-1.852019254366556922e+01 -1.346723480224609304e+01
-1.839379711945851525e+01 -1.345299172401428223e+01
-1.857292793194453040e+01 -1.396154217720031809e+01
-1.814698957403500756e+01 -1.299137773513793981e+01
-1.802949312329292297e+01 -1.351116333007812464e+01
-1.838069871068000793e+01 -1.380225172042846715e+01
-1.814856990178425988e+01 -1.304958863258361745e+01
-1.880115566651026526e+01 -1.346464343070983816e+01
-1.863886481523513794e+01 -1.325036673545837473e+01
-1.844870113333066186e+01 -1.371709771156310964e+01
-1.821791929999987403e+01 -1.336274929046630788e+01
-1.873241129517555237e+01 -1.362609400749206578e+01
-1.862507640322049340e+01 -1.272275528907775843e+01
-1.813977078596751014e+01 -1.303233280181884801e+01
-1.736958227554957190e+01 -1.346716799736022985e+01
-1.834216685096422950e+01 -1.208786287307739293e+01
-1.795782852172851562e+01 -1.337783436775207591e+01
-1.863111162185668945e+01 -1.348531260490417516e+01
-1.865550302465756616e+01 -1.404222164154052699e+01
-1.866582428415616235e+01 -1.370581707954406703e+01
-1.840772387385368347e+01 -1.340191969871520961e+01
-1.812631342808405677e+01 -1.249615087509155309e+01
-1.792296384771664819e+01 -1.340595617294311559e+01
-1.823373457789421082e+01 -1.368248386383056570e+01
-1.827916803956031799e+01 -1.368247776031494212e+01
-1.830647697051366052e+01 -1.304085454940795863e+01
-1.854511307676633081e+01 -1.368856916427612269e+01
-1.829537741343180457e+01 -1.377132053375244070e+01
-1.876120724280675134e+01 -1.340932059288024902e+01
-1.865767479936281958e+01 -1.341138086318969691e+01
-1.833689915140469751e+01 -1.359455614089965891e+01
-1.854030249516169349e+01 -1.371143631935119700e+01
-1.842458569010098657e+01 -1.375022430419921804e+01
-1.850696301460266113e+01 -1.372288174629211355e+01
-1.875535747408866882e+01 -1.351762752532959055e+01
-1.848816721638043603e+01 -1.322901439666748047e+01
-1.813930759827296058e+01 -1.375341491699218821e+01
-1.856257810195286950e+01 -1.375434846878051687e+01
-1.850840890407562256e+01 -1.350921645164489782e+01
-1.820348006486892700e+01 -1.319461851119995188e+01
-1.847905557354291162e+01 -1.353418054580688512e+01
-1.849463186661402503e+01 -1.363798565864562917e+01
-1.828736364841461182e+01 -1.341199240684509242e+01
-1.810906021793683252e+01 -1.367638273239135671e+01
-1.842707371711730957e+01 -1.349557394981384206e+01
-1.833877355853716651e+01 -1.312490339279174734e+01
-1.870723858475685120e+01 -1.313922014236450231e+01
-1.861330546935399255e+01 -1.234223852157592738e+01
-1.833412013451258460e+01 -1.350726065635681117e+01
-1.848265027999877930e+01 -1.363737096786499059e+01
-1.795026182134946069e+01 -1.292308444976806570e+01
-1.782528036832809448e+01 -1.356462926864623952e+01
-1.882867372035980225e+01 -1.383261494636535716e+01
-1.865782771507899085e+01 -1.393214116096496547e+01
-1.807813787460327148e+01 -1.315182142257690501e+01
-1.887024519840876380e+01 -1.378548898696899450e+01
-1.842314596970875940e+01 -1.340318045616149867e+01
-1.857517759998639306e+01 -1.358855805397033656e+01
-1.850213968753814697e+01 -1.286953644752502512e+01
-1.833576246102650842e+01 -1.348073816299438477e+01
-1.842345454295476159e+01 -1.340458445549011302e+01
-1.822199175755183020e+01 -1.308786473274230922e+01
-1.853734451532363892e+01 -1.315112414360046422e+01
-1.838716551661491394e+01 -1.348722052574157715e+01
-1.864173787832260132e+01 -1.375856113433837891e+01
-1.831897393862406531e+01 -1.209244565963745188e+01
-1.844381868839263916e+01 -1.345919003486633336e+01
-1.890447897712389747e+01 -1.338754744529724050e+01
-1.852031590541203698e+01 -1.226462669372558523e+01
-1.818575908740361413e+01 -1.394960503578186106e+01
-1.855864430467287818e+01 -1.263269810676574778e+01
-1.830296323696772376e+01 -1.353713240623474157e+01
-1.836879983544349670e+01 -1.322974734306335520e+01
-1.791104050477345666e+01 -1.375751967430114675e+01
-1.825274292627970496e+01 -1.365660614967346120e+01
-1.850916291276613990e+01 -1.333999681472778320e+01
-1.836459662516911706e+01 -1.327735376358032227e+01
-1.856987044215202332e+01 -1.376156749725341832e+01
-1.830300680796305457e+01 -1.329097113609313929e+01
-1.826400558153788367e+01 -1.376433134078979492e+01
-1.823362287878990173e+01 -1.347030210494995117e+01
-1.846193475524584571e+01 -1.317216615676879954e+01
-1.866883711020151893e+01 -1.370262346267700160e+01
-1.854780389865239343e+01 -1.308175802230834961e+01
-1.856257113814353943e+01 -1.304960880279540980e+01
-1.851866519451141357e+01 -1.351804351806640625e+01
-1.842658758163452148e+01 -1.315199241638183558e+01
-1.866098748644192895e+01 -1.325645565986633301e+01
-1.817297931512196740e+01 -1.314763360023498606e+01
-1.818928408622741699e+01 -1.349429769515991140e+01
-1.889715987443923950e+01 -1.354975237846374547e+01
-1.912455415725708008e+01 -1.304836778640747141e+01
-1.906468745072682580e+01 -1.314028568267822195e+01
-1.873323164383570472e+01 -1.354471154212951589e+01
-1.867337192098299781e+01 -1.350460286140441823e+01
