# Train Val
-9.815841165681680636e+00 -1.136835731159557028e+01
-1.141571668038765530e+01 -1.137413629308923468e+01
-1.143240317702293396e+01 -1.149581812573717698e+01
-1.145548020054896732e+01 -1.152739828283136525e+01
-1.149375156809886356e+01 -1.152805309791069455e+01
-1.155340863019227982e+01 -1.163131505792791209e+01
-1.174961857497692108e+01 -1.193459136764724526e+01
-1.216299601395924945e+01 -1.218254309815245762e+01
-1.254487598190704922e+01 -1.260818875300419784e+01
-1.272738635788361172e+01 -1.309709041149585218e+01
-1.300116190562645535e+01 -1.332487121185699053e+01
-1.327688860644896884e+01 -1.316934770113461894e+01
-1.348585180938243866e+01 -1.369077858367523604e+01
-1.367342845847209354e+01 -1.291199884786234264e+01
-1.364702545603116413e+01 -1.385419565671450215e+01
-1.395298361281553845e+01 -1.407824147212040877e+01
-1.403730353713035583e+01 -1.433345159307702765e+01
-1.430771200607220273e+01 -1.432887881142752562e+01
-1.429954275488853455e+01 -1.462288171594793162e+01
-1.440438619504372220e+01 -1.457212732983873948e+01
-1.450946224232514759e+01 -1.423995148051868753e+01
-1.453624678403139114e+01 -1.448996943467623311e+01
-1.469563118865092655e+01 -1.486206800287420116e+01
-1.484228052943944931e+01 -1.535763194344260540e+01
-1.493579201400279999e+01 -1.501180215315385347e+01
-1.493284484744071960e+01 -1.539329321972735443e+01
-1.504367057730754276e+01 -1.535951179653019061e+01
-1.523944749931494336e+01 -1.482440896467729097e+01
-1.525217728565136532e+01 -1.500981478257612700e+01
-1.528411108007033725e+01 -1.561457278511741009e+01
-1.532581595331430435e+01 -1.558385239638291431e+01
-1.536938357353210449e+01 -1.568268825481464290e+01
-1.567247595886389355e+01 -1.609006895337785892e+01
-1.569070564707120319e+01 -1.603865980173086214e+01
-1.572170385718345642e+01 -1.484904764844225511e+01
-1.596210531145334244e+01 -1.603398977007184811e+01
-1.582971076418956180e+01 -1.309693460340623794e+01
-1.602263701210419455e+01 -1.576171100913704137e+01
-1.614753301938374719e+01 -1.607634884970528688e+01
-1.589139578491449356e+01 -1.521013560852447100e+01
-1.631274406860272208e+01 -1.664746883937290889e+01
-1.589452207336823086e+01 -1.623273085309313402e+01
-1.616738317906856537e+01 -1.561314709155590563e+01
-1.618062141289313516e+01 -1.651056137332668428e+01
-1.633698809395233909e+01 -1.500130375948819328e+01
-1.641417847573757172e+01 -1.600853565761021358e+01
-1.643295313666264335e+01 -1.639555980632831478e+01
-1.649554592122634133e+01 -1.643131666059617757e+01
-1.663125339647134027e+01 -1.705161943064107533e+01
-1.651989121735095978e+01 -1.497672452555074329e+01
-1.662597927202780923e+01 -1.608245157266592074e+01
-1.651405876874923706e+01 -1.593744417908903799e+01
-1.661968728403250495e+01 -1.680590259254752894e+01
-1.665925183147192001e+01 -1.654860040738985205e+01
-1.652766079207261285e+01 -1.722137492043631468e+01
-1.668853047738472739e+01 -1.728522278426529368e+01
-1.679833016544580460e+01 -1.704390171595982295e+01
-1.671535424639781198e+01 -1.568425163665375166e+01
-1.677149202922980109e+01 -1.724270219926710368e+01
-1.687799930075804511e+01 -1.695766010532131318e+01
-1.696377251048882684e+01 -1.727300555984695407e+01
-1.698147194832563400e+01 -1.717208392898757907e+01
-1.709064300606648246e+01 -1.691170966160761679e+01
-1.691577310860157013e+01 -1.617657414968911667e+01
-1.698522050182024756e+01 -1.485387823179170752e+01
-1.700071460256974021e+01 -1.665721633217551556e+01
-1.694062844912211219e+01 -1.631938681664404811e+01
-1.708118206510941306e+01 -1.732268459765942126e+01
-1.700822141269842902e+01 -1.692321416929170752e+01
-1.692875320712725440e+01 -1.468187778027026624e+01
-1.706497629483540734e+01 -1.722230836942598486e+01
-1.706987648705641547e+01 -1.735563807053999597e+01
-1.717500202109416207e+01 -1.701387477230716172e+01
-1.724858249972264090e+01 -1.665784377556342477e+01
-1.728008337070544442e+01 -1.500114466927268353e+01
-1.720787150164445123e+01 -1.657652352072975788e+01
-1.728949939211209497e+01 -1.719585289893212376e+01
-1.752877822766701499e+01 -1.658536581559614831e+01
-1.736885042736927787e+01 -1.613567481102881374e+01
-1.733051510651906213e+01 -1.708900262163831130e+01
-1.726148309061924735e+01 -1.672656197981400794e+01
-1.733661273618539056e+01 -1.681076295035225954e+01
-1.746128006776173791e+01 -1.725446729536180257e+01
-1.740995818128188333e+01 -1.759756084541221810e+01
-1.734096525857846061e+01 -1.585769242125672207e+01
-1.750425878167152405e+01 -1.738571315616756152e+01
-1.730348481734593591e+01 -1.748185696539940892e+01
-1.745543256898720941e+01 -1.607658342881636315e+01
-1.755384152630965033e+01 -1.747959860269125443e+01
-1.728593346973260125e+01 -1.740888256221622754e+01
-1.740625305225451669e+01 -1.774536108041738558e+01
-1.754406183709700784e+01 -1.711164532698593987e+01
-1.744627392540375510e+01 -1.712389874148678359e+01
-1.778882032384474954e+01 -1.760138465831806087e+01
-1.730831516782442847e+01 -1.652517396753484391e+01
-1.750388389825820923e+01 -1.499825849161519642e+01
-1.757104371239741525e+01 -1.727097584365250071e+01
-1.747934654106696328e+01 -1.777325180598667842e+01
-1.766815352191527566e+01 -1.697197672608610830e+01
-1.774005005508661270e+01 -1.756381573615136205e+01
-1.782795134683449945e+01 -1.744677024692683887e+01
-1.766450483351945877e+01 -1.627588465306666166e+01
-1.759512797246376792e+01 -1.780068260044246387e+01
-1.785216287026802817e+01 -1.751797248790790462e+01
-1.770728606979052344e+01 -1.763363713103455410e+01
-1.799808268497387687e+01 -1.762600930944665834e+01
-1.771152016023794928e+01 -1.744531828397280293e+01
-1.786323391149441520e+01 -1.561030480768773465e+01
-1.766273628423611441e+01 -1.318199511936732726e+01
-1.770827463269233704e+01 -1.743992305111575547e+01
-1.773804551611344138e+01 -1.622600390694358197e+01
-1.772202100853125373e+01 -1.718964851676643590e+01
-1.778536885976791382e+01 -1.787267112731933594e+01
-1.781132499873638153e+01 -1.659522060295203971e+01
-1.797491960724194726e+01 -1.461928710689792332e+01
-1.790885671228170395e+01 -1.541809753318885789e+01
-1.781273836642503738e+01 -1.652056037605582972e+01
-1.793324795365333557e+01 -1.771046405643611621e+01
-1.800830363233884057e+01 -1.531871407991879863e+01
-1.785741765548785409e+01 -1.739821678012996387e+01
-1.796151390175024787e+01 -1.749657518213445329e+01
-1.790986764182646951e+01 -1.802764201473880235e+01
-1.802978730946779251e+01 -1.803841895561713571e+01
-1.813459050407012185e+01 -1.750976089378455924e+01
-1.823133462667465210e+01 -1.796014347324123506e+01
-1.826054618755976477e+01 -1.760522934059044076e+01
-1.807077877968549728e+01 -1.791643983667546891e+01
-1.797943371782700339e+01 -1.818581110471254902e+01
-1.810052660604317865e+01 -1.790956370861499281e+01
-1.815662166724602500e+01 -1.700127434420895156e+01
-1.815832502146561822e+01 -1.799370703759131374e+01
-1.830402891089518747e+01 -1.806025216486546725e+01
-1.817392636090517044e+01 -1.721944224369990195e+01
-1.823251574486494064e+01 -1.761804217796820993e+01
-1.805920193592707435e+01 -1.821702444398557930e+01
-1.789833643784125528e+01 -1.810967239776215010e+01
-1.812636485695838928e+01 -1.739429648510821380e+01
-1.820727041612068930e+01 -1.754345579271192790e+01
-1.831502425173918525e+01 -1.769645429586435270e+01
-1.821490522722403327e+01 -1.762742406671697282e+01
-1.820218697438637534e+01 -1.784074936903916253e+01
-1.822459170967340469e+01 -1.705306118804139004e+01
-1.812828411658604821e+01 -1.703899960703664007e+01
-1.824505520612001419e+01 -1.747463772513649616e+01
-1.838691448916991433e+01 -1.846979386465890016e+01
-1.836387473593155661e+01 -1.678840929502016621e+01
-1.825964666654666146e+01 -1.801762672523399544e+01
-1.826040930797656259e+01 -1.648981825097814635e+01
-1.808752819399039069e+01 -1.679916396698394365e+01
-1.848576595882574836e+01 -1.781155171332421361e+01
-1.852065088599920273e+01 -1.770748158244343529e+01
-1.833847883095343789e+01 -1.755504069390234889e+01
-1.837846343467633048e+01 -1.639061671418028965e+01
-1.839638247837622842e+01 -1.823652294703892451e+01
-1.843826167285442352e+01 -1.756849332289262122e+01
-1.834737809747457504e+01 -1.726183046613420657e+01
-1.837615694353977958e+01 -1.686845828960468197e+01
-1.832631511986255646e+01 -1.829943817931336270e+01
-1.841142933815717697e+01 -1.809907940455845576e+01
-1.834555803984403610e+01 -1.733569996078292874e+01
-1.839303431163231650e+01 -1.605231337113814050e+01
-1.835889927297830582e+01 -1.695041553695480374e+01
-1.840556809306144714e+01 -1.781183641607111312e+01
-1.833328090608119965e+01 -1.789207508037616634e+01
-1.855597759286562720e+01 -1.774920144019188939e+01
-1.847096776962280273e+01 -1.822114436657397718e+01
-1.805446462829907617e+01 -1.631780860950420475e+01
-1.848943387220303336e+01 -1.801080054741401071e+01
-1.855681124826272210e+01 -1.821186405033260058e+01
-1.842709805816411972e+01 -1.818874869408545436e+01
-1.854850936681032181e+01 -1.822707243089552165e+01
-1.877302317072947702e+01 -1.739429192728810492e+01
-1.854155455281336984e+01 -1.811813909357244157e+01
-1.855247520407040795e+01 -1.785924112641966133e+01
-1.865149779121081153e+01 -1.733590869160441628e+01
-1.851948597282171249e+01 -1.792963855297534437e+01
-1.861337096492449561e+01 -1.859165606560645045e+01
-1.868043671548366547e+01 -1.768426857985459222e+01
-1.859083527823289117e+01 -1.833429999165720758e+01
-1.870098463445901871e+01 -1.788895123964780254e+01
-1.863800729811191559e+01 -1.847182189644157191e+01
-1.873506074150403222e+01 -1.852770433797464733e+01
-1.859562254200379172e+01 -1.853424905801748324e+01
-1.879373092701037606e+01 -1.838845248036570368e+01
-1.861574386805295944e+01 -1.848316967951787149e+01
-1.863706918557484826e+01 -1.803618167282699147e+01
-1.876120116810004035e+01 -1.845676475376277637e+01
-1.864569515983263770e+01 -1.851884643752853421e+01
-1.863528912266095361e+01 -1.838214749175232754e+01
-1.864642958343029022e+01 -1.879480619554395915e+01
-1.881808446844418725e+01 -1.742656943085905752e+01
-1.872561121483643731e+01 -1.736243044865595664e+01
-1.870493938028812408e+01 -1.825286113441764613e+01
-1.877328106264273444e+01 -1.787976598120355121e+01
-1.872593101362387458e+01 -1.793928517923726673e+01
-1.876510203878084937e+01 -1.608557336980646468e+01
-1.865749816844860831e+01 -1.835111601940997161e+01
-1.876303157210350037e+01 -1.771074635641915407e+01
-1.878913639734188834e+01 -1.856572157376772481e+01
-1.873010588437318802e+01 -1.568701716831752258e+01
-1.871652600914239883e+01 -1.799682094524433040e+01
-1.882619300484657288e+01 -1.856386828732181016e+01
-1.866528006891409674e+01 -1.850788646549373340e+01
-1.871701808273792267e+01 -1.763427444557090951e+01
-1.861347399403651437e+01 -1.873924105507986937e+01
-1.884324124455451965e+01 -1.813291009680017396e+01
-1.878731477508942405e+01 -1.856013807073816224e+01
-1.867628049105405807e+01 -1.817084051107431364e+01
-1.900694323579470435e+01 -1.861983985405463571e+01
-1.893606807291507721e+01 -1.831379243925020361e+01
-1.893472652633984765e+01 -1.793047057808219691e+01
-1.867799796660741052e+01 -1.766147585039015055e+01
-1.902248192826906958e+01 -1.792006215182217588e+01
-1.900758516540129861e+01 -1.841504967677128946e+01
-1.883624330163002014e+01 -1.745157537831888561e+01
-1.881018348534901818e+01 -1.878318185930128337e+01
-1.898821786791086197e+01 -1.792077769242323981e+01
-1.898375397423903266e+01 -1.803376262218921156e+01
-1.906008753677209100e+01 -1.815984286271132575e+01
-1.885620524485905847e+01 -1.753620539083109264e+01
-1.906243430823087692e+01 -1.880937675376991081e+01
-1.896579911311467370e+01 -1.870714259457278672e+01
-1.888842538495858392e+01 -1.822755864378693857e+01
-1.895200830449660501e+01 -1.878325776929979085e+01
-1.890561807900667191e+01 -1.812807938959691256e+01
-1.884330316384633264e+01 -1.643773877775514336e+01
-1.892057387034098426e+01 -1.798489554516680755e+01
-1.902247155954440316e+01 -1.689445250374930296e+01
-1.894286436835924903e+01 -1.866413891779912149e+01
-1.898536556214094162e+01 -1.862099212795109082e+01
-1.906043823311726371e+01 -1.622931900272121553e+01
-1.903647536287705222e+01 -1.715189740564915866e+01
-1.904803653061389923e+01 -1.775417098751315947e+01
-1.909956264247496804e+01 -1.876085504308923646e+01
-1.908932143201430520e+01 -1.894078096166833802e+01
-1.914584136505921563e+01 -1.759540966578892451e+01
-1.885962558289368829e+01 -1.815821533698540335e+01
-1.905304894596338272e+01 -1.907621060408554925e+01
-1.917066850016514579e+01 -1.860075273142232533e+01
-1.921241673330466071e+01 -1.836159366756290723e+01
-1.925316439568996429e+01 -1.867492829359970941e+01
-1.917879064877827844e+01 -1.823673378337513284e+01
-1.916762549926837167e+01 -1.804106713579846755e+01
-1.909774732341368875e+01 -1.875486798719926185e+01
-1.902896632254123688e+01 -1.879435123096812887e+01
-1.924246947467327118e+01 -1.841105760846819095e+01
-1.910415101548035821e+01 -1.809660889266373118e+01
-1.912522627164920053e+01 -1.845093924039370137e+01
-1.925150472670793533e+01 -1.816240726817737894e+01
-1.914145245651404181e+01 -1.856097144585151071e+01
-1.924250162641207496e+01 -1.846877425057547484e+01
-1.933132459968328476e+01 -1.864653778076171875e+01
-1.918768417586882791e+01 -1.836867722597989072e+01
-1.919270377357800683e+01 -1.710930626113693265e+01
-1.893159428238868713e+01 -1.848628982940277510e+01
-1.916619950036207953e+01 -1.835368437581248102e+01
-1.922567506879568100e+01 -1.868003409249442015e+01
-1.909701228141784668e+01 -1.675306427943242227e+01
-1.920232572406530380e+01 -1.862299428667341061e+01
-1.927262607465187827e+01 -1.868320229765656748e+01
-1.912252855052550515e+01 -1.793338568798907318e+01
-1.911944072196881095e+01 -1.859124801685283757e+01
-1.924003647764523706e+01 -1.827578542139622897e+01
-1.931596465408802032e+01 -1.783355652202259378e+01
-1.901446302731831750e+01 -1.878461728777204343e+01
-1.930063205460707465e+01 -1.867654411514083890e+01
-1.923205420126517495e+01 -1.890570432489568375e+01
-1.935005889336268226e+01 -1.896179128622079801e+01
-1.941011699289083481e+01 -1.799502539944339219e+01
-1.920268430312474450e+01 -1.864512252807617188e+01
-1.923350946605205536e+01 -1.760099055550315228e+01
-1.924993573625882348e+01 -1.827126707349504642e+01
-1.942455281068881234e+01 -1.846722919909985094e+01
-1.929737080385287484e+01 -1.856160663010238210e+01
-1.930539327114820480e+01 -1.824070230706945495e+01
-1.928513912111520767e+01 -1.841524625753427458e+01
-1.929451431334018707e+01 -1.824735860700731038e+01
-1.915928689887126168e+01 -1.871143103265142926e+01
-1.926620777944723883e+01 -1.876994144142448206e+01
-1.946873394648234168e+01 -1.840712830927464694e+01
-1.916147793332735816e+01 -1.827266688161082087e+01
-1.919008509318033973e+01 -1.578708833223813457e+01
-1.919755286226670066e+01 -1.755828162602015752e+01
-1.912516059726476669e+01 -1.806907734313568525e+01
-1.941887507587671280e+01 -1.852506726747983379e+01
-1.941053359210491180e+01 -1.880696893667245817e+01
-1.935497997204462806e+01 -1.888313750477580300e+01
-1.947845374792814255e+01 -1.839919001096254902e+01
-1.928749027103185654e+01 -1.823737945804348115e+01
-1.948200979083776474e+01 -1.770338934118097640e+01
-1.946366115907828132e+01 -1.713604161646458834e+01
-1.933545227597157279e+01 -1.842409867125672207e+01
-1.919353236258029938e+01 -1.823404400069992093e+01
-1.946723197897275170e+01 -1.685366844821285781e+01
-1.947516828527053079e+01 -1.842259435529832601e+01
-1.945500502238671103e+01 -1.840948568071637936e+01
-1.946718248973290244e+01 -1.797752915419541253e+01
-1.938658722490072250e+01 -1.911169410061526719e+01
-1.957887718578179559e+01 -1.827573583033177584e+01
-1.940063981960217276e+01 -1.909377669049547777e+01
-1.941063520809014520e+01 -1.885859765634908314e+01
-1.945044907430807868e+01 -1.795431597821124114e+01
-1.962945756812890252e+01 -1.855740450574205980e+01
-1.951710132757822791e+01 -1.760592326870212432e+01
-1.944717862705389777e+01 -1.827326947992498063e+01
-1.936753161499897757e+01 -1.912790766629305850e+01
-1.945420479029417038e+01 -1.847268929419579564e+01
-1.954522731155157089e+01 -1.766266054921335993e+01
-1.961617453147967538e+01 -1.612475462083692790e+01
-1.953342031687498093e+01 -1.886519962162166308e+01
-1.941567085683345795e+01 -1.891190855843680296e+01
-1.906659327447414398e+01 -1.909507903805026885e+01
-1.948295013109843055e+01 -1.777714876695112878e+01
-1.959642376005649567e+01 -1.861598407448112269e+01
-1.947378869106372079e+01 -1.881316587522432471e+01
-1.927809183796246728e+01 -1.817836436977634307e+01
-1.947791259239117423e+01 -1.906851878723540850e+01
-1.961094441016514978e+01 -1.877213890521557360e+01
-1.950712946305672446e+01 -1.777254929480614720e+01
-1.954893564681212226e+01 -1.905776373132482604e+01
-1.945954343676567078e+01 -1.832660770416259766e+01
-1.955423445254564285e+01 -1.915665788774366618e+01
-1.960922824343045434e+01 -1.780348731945087337e+01
-1.954039897024631500e+01 -1.870164734976632204e+01
-1.976503856480121613e+01 -1.895212146214076299e+01
-1.955103002736965934e+01 -1.905420090316177806e+01
-1.950293255349000177e+01 -1.706461284686992741e+01
-1.957135973870754242e+01 -1.786245079783650169e+01
-1.969352650890747825e+01 -1.873044151454777051e+01
-1.970634877433379373e+01 -1.752379365400834388e+01
-1.951572148998578271e+01 -1.905692943969330244e+01
-1.965723667790492257e+01 -1.883077772561605912e+01
-1.961538204799095908e+01 -1.876601626656272259e+01
-1.970374287913243094e+01 -1.815966373294978808e+01
-1.944329873969157418e+01 -1.865919601143180628e+01
-1.960436772803465644e+01 -1.863403236091911097e+01
-1.934868601461251458e+01 -1.887617216481790905e+01
-1.955337579051653663e+01 -1.833385777163815078e+01
-1.964957557370265206e+01 -1.756181906415270433e+01
-1.971827049553394318e+01 -1.827939100389356852e+01
-1.971397167692581931e+01 -1.822929045441862783e+01
-1.980426044762134552e+01 -1.899746603779978571e+01
-1.964555100351572037e+01 -1.697416443019718457e+01
-1.967788043369849404e+01 -1.897162104272223004e+01
-1.980914750695228577e+01 -1.917537582694709997e+01
-1.964295364916324615e+01 -1.847745221621030254e+01
-1.975228769580523291e+01 -1.880881951071999225e+01
-1.972037766377131263e+01 -1.843343738456825065e+01
-1.970331720759471139e+01 -1.818222842278418483e+01
-1.967440798133611679e+01 -1.790843325775939121e+01
-1.967576496303081512e+01 -1.867790914510751676e+01
-1.977364067733287811e+01 -1.869482872702858600e+01
-1.971060069402058801e+01 -1.918787514079700784e+01
-1.983958917856216431e+01 -1.863516668839888268e+01
-1.986254845311244210e+01 -1.885677494940819798e+01
-1.969797773659229279e+01 -1.789265152076622201e+01
-1.944045809656381607e+01 -1.844467904970243310e+01
-1.958399145305156708e+01 -1.906497518118325729e+01
-1.971364039679368219e+01 -1.728665257738782302e+01
-1.976820433139801025e+01 -1.882391611322179870e+01
-1.982790690412123880e+01 -1.896169663714124098e+01
-1.985533911983172217e+01 -1.890761948870374098e+01
-1.970610368500153342e+01 -1.866850024384337559e+01
-1.990960709750652313e+01 -1.757015857448825713e+01
-1.978470801562070847e+01 -1.801697664137010335e+01
-1.978195720662673196e+01 -1.840531580788748656e+01
-1.954672656456629554e+01 -1.798349703751601325e+01
-1.983441660553216934e+01 -1.859517106142910947e+01
-1.965836125363906106e+01 -1.866517153653231631e+01
-1.997569833695888519e+01 -1.904941473378763561e+01
-1.978657718499501428e+01 -1.759858890632530404e+01
-1.977996722608804703e+01 -1.799571958764806823e+01
-1.990480804940064630e+01 -1.851046801232672223e+01
-1.975442744294802466e+01 -1.895974388370266084e+01
-1.999277251958847046e+01 -1.869713102068219968e+01
-1.971473693102598190e+01 -1.877049991062709111e+01
-1.964172837138175964e+01 -1.890204116276332158e+01
-1.993468695382277289e+01 -1.904858849265358600e+01
-1.960392995923757553e+01 -1.759309834319275723e+01
-1.988278744121392450e+01 -1.901246961370691224e+01
-1.976087807118892670e+01 -1.863832513388101120e+01
-1.994813149422407150e+01 -1.836380141122000609e+01
-1.977222562581300735e+01 -1.817907070803951797e+01
-1.981676842768986901e+01 -1.858105914623706312e+01
-1.964417938639720163e+01 -1.875553299544693431e+01
-1.991685493787129602e+01 -1.896445814355627135e+01
-1.996732314676046371e+01 -1.914399770018342295e+01
-1.994623998055855552e+01 -1.896893549584723004e+01
-1.998260653267304221e+01 -1.921306486253614665e+01
-1.972871025651693344e+01 -1.820438797442944079e+01
-1.971331010262171546e+01 -1.849595760989498672e+01
-1.989914086212714395e+01 -1.863122720842237712e+01
-1.994317252685626229e+01 -1.639101917712719469e+01
-1.986138224353392800e+01 -1.805292681904582253e+01
-1.994950172801812371e+01 -1.741086990802319079e+01
-1.995691908647616586e+01 -1.905808888472519769e+01
-1.988303098082542419e+01 -1.791884718312845592e+01
-1.998060614864031592e+01 -1.880548215841318083e+01
-1.983808490385611734e+01 -1.817522970422521666e+01
-1.983168383936087409e+01 -1.910348066107019349e+01
-1.991663687676191330e+01 -1.857291563455160599e+01
-1.981968020896117011e+01 -1.784355177198137454e+01
-1.998314452171325684e+01 -1.880511951446533203e+01
-1.971166021873553476e+01 -1.811784666234796859e+01
-1.990976743400096893e+01 -1.776315238259055462e+01
-1.992149130503336707e+01 -1.892193194798060674e+01
-2.007344010472297668e+01 -1.757674125572303581e+01
-1.994337359567483148e+01 -1.926603129002955228e+01
-1.969174424558877945e+01 -1.737719301743941003e+01
-1.990180349349975586e+01 -1.897404457686783275e+01
-1.979677208513021469e+01 -1.871365485253271999e+01
-1.976338469237089157e+01 -1.925072580808168965e+01
-1.994638391832510749e+01 -1.785856167681805573e+01
-1.982744316260020057e+01 -1.894097232818603516e+01
-1.993861189484596252e+01 -1.803766977632200508e+01
-2.022838176290194312e+01 -1.863585439904943541e+01
-1.988006853063901147e+01 -1.901140670033244362e+01
-1.990681484093268594e+01 -1.870108398833832197e+01
-1.976286075760920724e+01 -1.717740354909525280e+01
-1.990989087522029877e+01 -1.916395536645666198e+01
-1.999074544509251794e+01 -1.891993807507799730e+01
-1.988051862021287164e+01 -1.676552911238236732e+01
-2.001408065855503082e+01 -1.851716512209409160e+01
-2.013481320937474450e+01 -1.818559869543298646e+01
-1.995387334624926368e+01 -1.884270217201926556e+01
-2.015917429079611978e+01 -1.649461001854438180e+01
-2.007938284426927567e+01 -1.848124387666776514e+01
-2.005463075141112128e+01 -1.877903312831730176e+01
-1.995117556055386743e+01 -1.897881587139971771e+01
-2.004173899193604669e+01 -1.764518550773719596e+01
-1.995564064880212030e+01 -1.899158222644360094e+01
-2.009660017738739768e+01 -1.920549748160622272e+01
-2.002937410771846771e+01 -1.825763618171989222e+01
-2.014665601154168328e+01 -1.910111246480570202e+01
-1.995581356436014175e+01 -1.907906929858319245e+01
-2.011510730286439141e+01 -1.939898874852564603e+01
-2.009321295469999313e+01 -1.784513880989768353e+01
-1.992182854314645013e+01 -1.880305649398209056e+01
-2.027456371486186981e+01 -1.814236642168713942e+01
-2.002697031199932098e+01 -1.839196021835525485e+01
-2.017506931225458899e+01 -1.749892260811545697e+01
-2.014525704085826874e+01 -1.831953068522663841e+01
-2.008750412364800653e+01 -1.927835465716077223e+01
-1.983251199374596396e+01 -1.915328038203251992e+01
-2.006674329936504364e+01 -1.775192709092970134e+01
-2.016764366378386697e+01 -1.875985679378757354e+01
-2.015258377045392990e+01 -1.852222843913288841e+01
-1.997601487984259805e+01 -1.874701596544934645e+01
-2.016920441885789117e+01 -1.765212664666113795e+01
-1.998667073249816895e+01 -1.863852550457050228e+01
-2.007147541890541831e+01 -1.791226460097671946e+01
-2.012794354061285773e+01 -1.734690482895095798e+01
-2.022525021433830261e+01 -1.921533320786117116e+01
-2.005587482949097833e+01 -1.909270084678352575e+01
-1.997130324194828788e+01 -1.850118336120209150e+01
-2.009062288204829017e+01 -1.825619010182170143e+01
-2.009236559768517694e+01 -1.871996583567037220e+01
-2.005980792641639709e+01 -1.915046461526449662e+01
-2.027585800985495368e+01 -1.850701598377970925e+01
-2.017617818713188171e+01 -1.799305156608680534e+01
-2.026116843521595001e+01 -1.911788821530032578e+01
-2.014675962924957275e+01 -1.714354526222526331e+01
-2.014824323604504386e+01 -1.884838233056006374e+01
-2.018637590607007226e+01 -1.890326870261848669e+01
-1.992244057357311249e+01 -1.927794419325791253e+01
-2.009800214817126474e+01 -1.789256255657641859e+01
-2.013636912405490875e+01 -1.894155912275438070e+01
-1.982966649283965310e+01 -1.873494042978658314e+01
-2.007412175834178925e+01 -1.759766698812509489e+01
-2.018576910098393640e+01 -1.898138395532384948e+01
-2.036815911531448364e+01 -1.822626059395926390e+01
-2.003735330700874329e+01 -1.870101105083118753e+01
-2.036534682412942132e+01 -1.893093690005215635e+01
-2.026559342195590219e+01 -1.856918785788796100e+01
-2.022682970265547553e+01 -1.911796837348442679e+01
-2.015086999535560608e+01 -1.873447023119245358e+01
-2.037749878068764886e+01 -1.899688231480585898e+01
-2.026697617272536078e+01 -1.897923929041082047e+01
-2.014111211895942688e+01 -1.912955488477434329e+01
-2.002064135173956672e+01 -1.922210427073689232e+01
-2.030233880877494812e+01 -1.827714824676513672e+01
-2.026752606034278870e+01 -1.896033924895447598e+01
-2.025037869314352790e+01 -1.915854795877035599e+01
-2.020815120140711585e+01 -1.854948331164075270e+01
-2.028528552254040918e+01 -1.909695721911145583e+01
-2.050276345014572144e+01 -1.747226282838103018e+01
-2.017337042589982232e+01 -1.907441895967954082e+01
-2.031478156646092614e+01 -1.862883652030647497e+01
-2.001073838025331497e+01 -1.897595306495567513e+01
-2.026034737626711646e+01 -1.901560624853357240e+01
-2.032825629909833154e+01 -1.914662295502501621e+01
-2.022567754983901978e+01 -1.884659962839894476e+01
-2.011508032182852546e+01 -1.887034019866547041e+01
-2.032611761987209320e+01 -1.873455971556824551e+01
-2.020388483504454413e+01 -1.898482647189846162e+01
-2.028424706558386603e+01 -1.910145068478274766e+01
-2.026978268722693244e+01 -1.919572728640073223e+01
-2.008636603752772132e+01 -1.875215420165619307e+01
-2.011395666748285294e+01 -1.502963935554801722e+01
-2.034491189569234848e+01 -1.917648589146601523e+01
-2.048142998665571213e+01 -1.842429502908285599e+01
-2.029410847524802008e+01 -1.869788281329266511e+01
-2.024197381734848022e+01 -1.893578441421707126e+01
-2.029724380125601968e+01 -1.781625384789008493e+01
-2.020393057415882865e+01 -1.781522763239873086e+01
-2.035902440547943115e+01 -1.830843981210287552e+01
-2.028375008950630942e+01 -1.835052455555308981e+01
-2.019844096899032593e+01 -1.883223731796462985e+01
-2.038891006509463111e+01 -1.605740353968236178e+01
-2.016908857723077020e+01 -1.893933157487349206e+01
-2.035855459918578347e+01 -1.857140241350446530e+01
-2.032840457558631897e+01 -1.882120075473537568e+01
-2.024876224497954169e+01 -1.829916313716343623e+01
-2.042498186975717545e+01 -1.882441815462979307e+01
-2.024813365936279297e+01 -1.807973809675736732e+01
-2.037501820425192633e+01 -1.782305245585255804e+01
-2.018852611134449759e+01 -1.908849220771294242e+01
-2.037784297764301300e+01 -1.868604215399011537e+01
-2.031604904433091363e+01 -1.868674114772251826e+01
-2.026351210971673211e+01 -1.905906524905910615e+01
-2.016235188643137732e+01 -1.891294288635253906e+01
-2.031390578051408013e+01 -1.662038445163082656e+01
-2.024689824879169464e+01 -1.900960367376154281e+01
-2.041184486697117606e+01 -1.872392385656183578e+01
-2.045669680833816528e+01 -1.859337084633963499e+01
-2.021395741154750070e+01 -1.906232592347380361e+01
-2.056465684870878974e+01 -1.888188446342170934e+01
-2.056524008512496948e+01 -1.811634151656906155e+01
-2.044586744656165322e+01 -1.873088938230043965e+01
-2.048584047456582269e+01 -1.785423363029182653e+01
-2.038423863053321838e+01 -1.741849236674122992e+01
-2.021038779864708701e+01 -1.740431473471901569e+01
-2.035128236065308371e+01 -1.690653506192294131e+01
-2.028679191569487372e+01 -1.751263611038009671e+01
-2.028443237642447272e+01 -1.906253293272736826e+01
-2.033127806087334832e+01 -1.909071802164053011e+01
-2.041298329830169678e+01 -1.882017865119042455e+01
-2.046726124982039252e+01 -1.707543519255402842e+01
-2.024912428359190741e+01 -1.886857585163859596e+01
-2.047068977355957031e+01 -1.842811217865386553e+01
-2.034794393678506097e+01 -1.844480058744356299e+01
-2.040506652990977088e+01 -1.849636755361185436e+01
-2.026926448941230774e+01 -1.859037907092602282e+01
-2.055205244322617730e+01 -1.897941070408015918e+01
-2.023935306072235107e+01 -1.923880634060153838e+01
-2.023864319672187051e+01 -1.888554113561457015e+01
-2.035392841945092002e+01 -1.845389628719973985e+01
-2.058582151432831964e+01 -1.903544800002853421e+01
-2.003168140600125113e+01 -1.899744489595487451e+01
-2.047782557209332666e+01 -1.895778860364641361e+01
-2.045429984231789788e+01 -1.921037020002092532e+01
-2.064429839452107629e+01 -1.888444746933974372e+01
-2.025686269501845160e+01 -1.906938882307572669e+01
-2.052762176344792167e+01 -1.894009673130976523e+01
-2.044966116050879279e+01 -1.867076695429814492e+01
-2.048151231557130814e+01 -1.898944268907819577e+01
-2.040037479996681213e+01 -1.886355169717367630e+01
-2.046258559326330939e+01 -1.857931155663031930e+01
-2.059589187304178992e+01 -1.838238566262381468e+01
-2.045779385169347009e+01 -1.896328289477856188e+01
-2.050535378605127335e+01 -1.853592555553882093e+01
-2.031213586032390594e+01 -1.919954197128097562e+01
-2.062965986629327020e+01 -1.872970023712554521e+01
-2.024219536036252975e+01 -1.905777604239327516e+01
-2.048368822038173676e+01 -1.631297382751068525e+01
-2.053190515687068185e+01 -1.569922172249137660e+01
-2.035861730078856269e+01 -1.906715078477735759e+01
-2.041616756220658502e+01 -1.858333020396046820e+01
-2.040418728440999985e+01 -1.888975282148881263e+01
-2.047646278142929077e+01 -1.799325011612533132e+01
-2.065017037590344628e+01 -1.893167099395355635e+01
-2.049854983389377594e+01 -1.811254778775301943e+01
-2.043171011408169946e+01 -1.875681039884493018e+01
-2.040559055656194687e+01 -1.909600885812338333e+01
-2.048427994549274445e+01 -1.779121376632095775e+01
-2.039795125027497491e+01 -1.880428418246182432e+01
-2.048971631874640664e+01 -1.879334465869061432e+01
-2.040757422645886621e+01 -1.828960559894512272e+01
-2.052145488063494483e+01 -1.874274653893012399e+01
-2.061125314732392511e+01 -1.889504210979907484e+01
-2.054595148563385010e+01 -1.932943545997916956e+01
-2.036903933932383737e+01 -1.866033722518326243e+01
-2.045717140038808068e+01 -1.732501950202050267e+01
-2.037184927364190301e+01 -1.905410854537765530e+01
-2.064496899147828302e+01 -1.889560999189104251e+01
-2.045551360398530960e+01 -1.938609959243179759e+01
-2.048515283564726630e+01 -1.827300141074440631e+01
-2.039608972271283349e+01 -1.920643431180483418e+01
-2.043631015469630441e+01 -1.850528122542740306e+01
-2.070931867758433143e+01 -1.808959479146189508e+01
-2.038557263712088385e+01 -1.903170049345338555e+01
-2.072790395220120629e+01 -1.866454362249993792e+01
-2.056736623744169989e+01 -1.879214987816748561e+01
-2.047190044323603431e+01 -1.738066785985773421e+01
-2.059513979156811914e+01 -1.927221579365916071e+01
-2.046266115705172339e+01 -1.890157363941143132e+01
-2.051342578232288361e+01 -1.913696341081099206e+01
-2.067258334656556329e+01 -1.905230254631537790e+01
-2.068371961265802383e+01 -1.896222588923070163e+01
-2.057344521582126617e+01 -1.893511235868776055e+01
-2.057147426406542579e+01 -1.923132630137654075e+01
-2.069542532662550727e+01 -1.904927751615450049e+01
-2.054135190447171411e+01 -1.872859848319709997e+01
-2.052722552915414056e+01 -1.888886684566349317e+01
-2.060034730533758918e+01 -1.850444839527080632e+01
-2.050650738179683685e+01 -1.911272850284328584e+01
-2.052337092161178589e+01 -1.900047510320490218e+01
-2.059854996204376221e+01 -1.892440902412711878e+01
-2.069809710482756415e+01 -1.900597777923980303e+01
-2.066190016269683838e+01 -1.856201313068340397e+01
-2.051051558057467261e+01 -1.897698072953657800e+01
-2.067313758780558786e+01 -1.881336241883116855e+01
-2.059629736344019690e+01 -1.927087661198207158e+01
-2.060153213143348694e+01 -1.917055930100478278e+01
-2.047351543108622351e+01 -1.907770051584615345e+01
-2.062960023681322852e+01 -1.883577211801107865e+01
-2.062756105264027795e+01 -1.894703747390152415e+01
-2.069364469746748725e+01 -1.924421909877232295e+01
-2.070012351870536804e+01 -1.718281181137283298e+01
-2.063548926015694818e+01 -1.826300786996816683e+01
-2.063864216208457947e+01 -1.918825736603179521e+01
-2.072514839470386505e+01 -1.896688741213315410e+01
-2.072252600391705712e+01 -1.861145723020875664e+01
-2.046852989743153373e+01 -1.894021390939687777e+01
-2.081043268243471900e+01 -1.860227404012308483e+01
-2.064761414130528649e+01 -1.890210881171288548e+01
-2.060404395560423652e+01 -1.894081363430271026e+01
-2.073017768065134803e+01 -1.896205798062411318e+01
-2.059855181972185889e+01 -1.873814834247935934e+01
-2.055679043134053430e+01 -1.903433886441317568e+01
-2.028578289846579352e+01 -1.902321894757159271e+01
-2.092530531187852105e+01 -1.878109219786408701e+01
-2.043092042704423150e+01 -1.910576613537676849e+01
-2.074042063951492310e+01 -1.921560018712824203e+01
-2.064267106105883798e+01 -1.858415445104822084e+01
-2.043043678502241889e+01 -1.909000983795562334e+01
-2.062110124280055246e+01 -1.864434688122241468e+01
-2.075050637622674188e+01 -1.909795024178244915e+01
-2.066021985809008399e+01 -1.810611494485434037e+01
-2.072396727403004846e+01 -1.837961801305993959e+01
-2.079240378240744391e+01 -1.921561013258896722e+01
-2.083026740948359290e+01 -1.954362730546431237e+01
-2.079308247069517890e+01 -1.874032913554798441e+01
-2.060518838465213776e+01 -1.916760340603915225e+01
-2.074909838040669641e+01 -1.911215746247923164e+01
-2.060759569704532623e+01 -1.909229090306666166e+01
-2.079388731221358100e+01 -1.875648442800942917e+01
-2.081841988861560822e+01 -1.834477206638880986e+01
-2.071513944864273071e+01 -1.918451306727025241e+01
-2.055238890647888184e+01 -1.907280513218470830e+01
-2.065837602317333221e+01 -1.899740044482342682e+01
-2.053955598672230920e+01 -1.887841816691609154e+01
-2.062048980593681335e+01 -1.908541429197633477e+01
-2.048096797863642493e+01 -1.905404094596961784e+01
-2.072016802430152893e+01 -1.828480584280831422e+01
-2.063211506853501120e+01 -1.867312153902920713e+01
-2.065914596617221832e+01 -1.831506830686098652e+01
-2.082827845712502679e+01 -1.886233022615506982e+01
-2.072628410408894339e+01 -1.739908772010307914e+01
-2.053970469037691871e+01 -1.897398958577738171e+01
-2.061129737148682395e+01 -1.853751926917534476e+01
-2.074711573123931885e+01 -1.725375787313882370e+01
-2.062533142914374551e+01 -1.863416941754229583e+01
-2.062958261122306070e+01 -1.842241056863363724e+01
-2.076281728347142419e+01 -1.904035409704431459e+01
-2.086784921586513519e+01 -1.917887541535612783e+01
-2.095730615655581275e+01 -1.908689238808371869e+01
-2.059287601709365845e+01 -1.931643853868757077e+01
-2.069534716258446494e+01 -1.807735002195680352e+01
-2.083176199346780777e+01 -1.908591071042147647e+01
-2.080383402605851373e+01 -1.908340569285603294e+01
-2.077344979345798492e+01 -1.775743745828603792e+01
-2.082609219849109650e+01 -1.909281574596058206e+01
-2.081117840111255646e+01 -1.853858386696159144e+01
-2.079578785101572791e+01 -1.818026926610377103e+01
-2.076620597640673438e+01 -1.904508359091622438e+01
-2.050242080787817756e+01 -1.903459124131636315e+01
-2.074460396170616150e+01 -1.904625911217231149e+01
-2.080452886223793030e+01 -1.883891530470414466e+01
-2.095229362448056420e+01 -1.870941287201720371e+01
-2.075633856157461921e+01 -1.831138895703600511e+01
-2.091873297592004022e+01 -1.782954846419297112e+01
-2.074357591072718421e+01 -1.911014404544582490e+01
-2.075597126285235206e+01 -1.891309959857494860e+01
-2.081524381041526794e+01 -1.905705547332763672e+01
-2.064080900947253028e+01 -1.881130256900539521e+01
-2.097411352396011353e+01 -1.902539348602294922e+01
-2.072985203067461768e+01 -1.817675206568333834e+01
-2.087119122842947760e+01 -1.849356568324101602e+01
-2.090312043329079827e+01 -1.816277835895488835e+01
-2.076862270136674127e+01 -1.894526506399179411e+01
-2.088363762199878693e+01 -1.846912864585975456e+01
-2.088424514234066010e+01 -1.895367899808016787e+01
-2.076339252293109894e+01 -1.752434221490636901e+01
-2.071840151151021203e+01 -1.902522807926326465e+01
-2.071416593591372290e+01 -1.791384412096692458e+01
-2.075256238877773285e+01 -1.855800288064139281e+01
-2.080951098104317865e+01 -1.889049865673114681e+01
-2.101556794842084130e+01 -1.856150181262524157e+01
-2.088351786136627197e+01 -1.895560575460458708e+01
-2.071823045114676276e+01 -1.856367848136208210e+01
-2.084889398018519202e+01 -1.867815546555952722e+01
-2.059814780950546265e+01 -1.898205526773031693e+01
-2.064535683641831199e+01 -1.918613161359514407e+01
-2.085634454588095466e+01 -1.899717828824922705e+01
-2.081414724886417389e+01 -1.875085369952313386e+01
-2.081318816542625427e+01 -1.767124317218731022e+01
-2.059075419356425485e+01 -1.891806347339184313e+01
-2.088077429930369178e+01 -1.880747769095680866e+01
-2.089384874701499939e+01 -1.864210179564240732e+01
-2.072113231817881385e+01 -1.874424076080322266e+01
-2.078703673680623254e+01 -1.940899551688850622e+01
-2.076401221255461493e+01 -1.852143212107868919e+01
-2.064660535504420480e+01 -1.856764450320949678e+01
-2.078234413266181946e+01 -1.898440292903355342e+01
-2.084776921570301056e+01 -1.886522267081520710e+01
-2.080478067696094513e+01 -1.906218584481771927e+01
-2.084948248664538184e+01 -1.904156346754594153e+01
-2.100793018440405646e+01 -1.857272727768142673e+01
-2.076333475112915039e+01 -1.918542428450150794e+01
-2.076679460207621375e+01 -1.787847151075090579e+01
-2.089111108581225196e+01 -1.906366039870621165e+01
-2.089854238430659095e+01 -1.911139270237513799e+01
-2.087647636731465539e+01 -1.842618891480681143e+01
-2.092603088915348053e+01 -1.916166132146662093e+01
-2.085239392022291938e+01 -1.860365031601546804e+01
-2.101269854605197906e+01 -1.886305297504771872e+01
-2.073220629990100861e+01 -1.880067841418377839e+01
-2.104961109161376953e+01 -1.897865352382907744e+01
-2.090492993593215942e+01 -1.919205820405638008e+01
-2.083226374288399896e+01 -1.900486007294097490e+01
-2.092928496003150940e+01 -1.852929516581745872e+01
-2.066879720985889435e+01 -1.871636645824878187e+01
-2.067542839050292969e+01 -1.885433418719799548e+01
-2.091030611097812653e+01 -1.828556759326489001e+01
-2.099258703490098199e+01 -1.710380034013228112e+01
-2.074195100615422049e+01 -1.918664391009838610e+01
-2.079397765298684320e+01 -1.870820734098360205e+01
-2.091948083539803704e+01 -1.893420152540330648e+01
-2.094287413358688354e+01 -1.931947640010288936e+01
-2.088030019899209222e+01 -1.836884427999521208e+01
-2.097540576259295264e+01 -1.870579204311618682e+01
-2.090187000234921655e+01 -1.864107034113499850e+01
-2.066238534450531006e+01 -1.821703913304713041e+01
-2.097029885152975837e+01 -1.841448736810064801e+01
-2.104896061619122705e+01 -1.885294261536040850e+01
-2.090870019793510437e+01 -1.912140292625922555e+01
-2.074348737796147546e+01 -1.884236416259369307e+01
-2.102816818654537201e+01 -1.899499451030384378e+01
-2.095421329637368402e+01 -1.890536672418767594e+01
-2.073913186291853705e+01 -1.856424237536145583e+01
-2.084042099614937982e+01 -1.908458813753994932e+01
-2.090280570586522302e+01 -1.902519372221711436e+01
-2.098489989340305328e+01 -1.695685368079643851e+01
-2.086867083360751352e+01 -1.883239085952957126e+01
-2.072861234347025672e+01 -1.906504448977383603e+01
-2.111502230664094171e+01 -1.912441720590963001e+01
-2.095647688706715783e+01 -1.890426811614593916e+01
-2.099247793853282928e+01 -1.841428702218192015e+01
-2.091875575979550561e+01 -1.861698964354279795e+01
-2.086707502851883689e+01 -1.922331837245396358e+01
-2.097635949154694757e+01 -1.791649351491556530e+01
-2.097683737675349036e+01 -1.929713654208492812e+01
-2.076364527146021643e+01 -1.847564741852995596e+01
-2.077332093815008918e+01 -1.901547893920502119e+01
-2.097769854962825775e+01 -1.896882792881556767e+01
-2.079228952527046204e+01 -1.874628462110246829e+01
-2.089728370060523233e+01 -1.906208939985795325e+01
-2.102968863646189490e+01 -1.777087637665983877e+01
-2.094321283201376716e+01 -1.817057472080379199e+01
-2.077744311094284058e+01 -1.869602702499984304e+01
-2.093654451767603675e+01 -1.895603997366768922e+01
-2.106321884691715240e+01 -1.895893229447402106e+01
-2.100206870337327203e+01 -1.899589767703762178e+01
-2.098200505971908569e+01 -1.861522616349257575e+01
-2.075229378044605255e+01 -1.884889755001315947e+01
-2.100126582384109497e+01 -1.877403999923111400e+01
-2.127197292447090149e+01 -1.911213550319919463e+01
-2.076720253626505652e+01 -1.728833306300175821e+01
-2.089229642848173896e+01 -1.878875926872352409e+01
-2.086580436428387841e+01 -1.909046983099603167e+01
-2.094916942715644836e+01 -1.821980207616632796e+01
-2.113245107730229577e+01 -1.778477007382875996e+01
-2.098351052900155267e+01 -1.880315023892885762e+01
-2.104533512393633643e+01 -1.864603995038317308e+01
-2.102682811021804810e+01 -1.885738000002774228e+01
-2.108153307934601983e+01 -1.880365142574558135e+01
-2.105246906975905219e+01 -1.928269310740681419e+01
-2.086038688818613807e+01 -1.868186237285663509e+01
-2.095726040502389154e+01 -1.926663425990513545e+01
-2.098450726270675659e+01 -1.893542004870129958e+01
-2.087171131372451782e+01 -1.851017436733493682e+01
-2.107571136454741278e+01 -1.901214091808764906e+01
-2.090211613724629203e+01 -1.802364525237640791e+01
-2.104566933214664459e+01 -1.814124597821916751e+01
-2.111325279871622840e+01 -1.849433252408907080e+01
-2.098698474466800690e+01 -1.754039242979768076e+01
-2.114509217441082001e+01 -1.845693987066095687e+01
-2.092285960415999213e+01 -1.881524619808444854e+01
-2.094520800312360009e+01 -1.812878887374679593e+01
-2.094078231851259986e+01 -1.875450925703172445e+01
-2.099538011848926544e+01 -1.824896819870193454e+01
-2.113287164767583093e+01 -1.828695709674389391e+01
-2.072323147207498550e+01 -1.932524917652080632e+01
-2.098225024342536926e+01 -1.893439162861217184e+01
-2.107193036377429962e+01 -1.904504977882682581e+01
-2.118372819821039954e+01 -1.861200991543856631e+01
-2.111384990811347961e+01 -1.870689637320382204e+01
-2.099458443621794501e+01 -1.913919710184072542e+01
-2.113331754505634308e+01 -1.835740514235062903e+01
-2.093761148055394372e+01 -1.798102861875063496e+01
-2.093170071144898614e+01 -1.880158982958112546e+01
-2.109024308621883392e+01 -1.916542404967469082e+01
-2.105208165943622589e+01 -1.894008906475909271e+01
-2.113044408460458001e+01 -1.904446048241156930e+01
-2.110223737855752191e+01 -1.922085752115621204e+01
-2.091324879229068756e+01 -1.895923940237466354e+01
-2.095440459251403809e+01 -1.859905730903922816e+01
-2.090934489667415619e+01 -1.897596358014391527e+01
-2.093531009554862976e+01 -1.851347758553244915e+01
-2.104034884274005890e+01 -1.867657375335693359e+01
-2.108580001691977301e+01 -1.882304721683650683e+01
-2.116431717077891150e+01 -1.890948869036389723e+01
-2.101096865534782410e+01 -1.895706148271436930e+01
-2.110510049760341644e+01 -1.921641024056967240e+01
-2.104129331310589990e+01 -1.811325294940502673e+01
-2.118070515990257263e+01 -1.910153309710614167e+01
-2.111233478287855903e+01 -1.877169060397457656e+01
-2.102899961670239648e+01 -1.911818108001312666e+01
-2.097322562833626947e+01 -1.862475541350129404e+01
-2.120193909605344018e+01 -1.885674938598236494e+01
-2.107154765725135803e+01 -1.892864152982637549e+01
-2.098808627327283105e+01 -1.809079159080208044e+01
-2.103247338533401489e+01 -1.886701035189938125e+01
-2.110111426810423652e+01 -1.891628667905733252e+01
-2.122913880149523536e+01 -1.902433163779122438e+01
-2.117111921310424805e+01 -1.893482520363547650e+01
-2.113474295536677161e+01 -1.924780389860078955e+01
-2.086551743000745773e+01 -1.892084447439614792e+01
-2.118206650018692017e+01 -1.854161298429811211e+01
-2.093553042908509454e+01 -1.878054413238129072e+01
-2.121185955901940545e+01 -1.850832636944659271e+01
-2.118916024764378747e+01 -1.897527326856340579e+01
-2.113035787642002106e+01 -1.913608352859298734e+01
-2.113650530576705933e+01 -1.886551800021877412e+01
-2.096564733982086182e+01 -1.940859664570201559e+01
-2.116971481839815894e+01 -1.861862710234406748e+01
-2.119601569076379022e+01 -1.843343169967849704e+01
-2.122734202941258630e+01 -1.814624873074618350e+01
-2.093305660287539283e+01 -1.789459254524924603e+01
-2.100670514504114905e+01 -1.846455526971197614e+01
-2.103600792586803436e+01 -1.824637966651421195e+01
-2.122490184009075165e+01 -1.904671608317982034e+01
-2.119787482917308807e+01 -1.767456807718648548e+01
-2.108633063485224923e+01 -1.812980918141154518e+01
-2.099364031851291656e+01 -1.858900530926592864e+01
-2.098804544409115991e+01 -1.827369519023152122e+01
-2.112990282475948334e+01 -1.900538907732282468e+01
-2.091216660539309302e+01 -1.864474510836910781e+01
-2.113001364966233453e+01 -1.890630943744213610e+01
-2.134451119601726532e+01 -1.849408233939827184e+01
-2.125056828558444977e+01 -1.871527421629274102e+01
-2.124817296862602234e+01 -1.885542369198489610e+01
-2.108942735195159912e+01 -1.903822621432217588e+01
-2.121753459672133246e+01 -1.839166616464590120e+01
-2.122618744273980340e+01 -1.802214558093578844e+01
-2.104507784048716346e+01 -1.910878741276728476e+01
-2.126624479889869690e+01 -1.917933840565867243e+01
-2.110384180148442468e+01 -1.880635895667138158e+01
-2.112895964582761010e+01 -1.919290293656386481e+01
-2.108640896280606469e+01 -1.893506988921722822e+01
-2.103198867042859277e+01 -1.879241762532816296e+01
-2.109523631632328033e+01 -1.783524238289176722e+01
-2.118672469755013665e+01 -1.916888023970962962e+01
-2.123225597043832025e+01 -1.889265626436704082e+01
-2.123511688411235809e+01 -1.916661209255070020e+01
-2.115094027916590491e+01 -1.853275071181260003e+01
-2.106632049878438195e+01 -1.886387889416186781e+01
-2.106120924651622772e+01 -1.888232146919547816e+01
-2.111297253767649451e+01 -1.855389596270276442e+01
-2.119917636116345605e+01 -1.874014604246461602e+01
-2.135452093680699548e+01 -1.696417786239029368e+01
-2.104052992661793908e+01 -1.916719118341222838e+01
-2.116108456750710687e+01 -1.800890425892619362e+01
-2.117041152715682983e+01 -1.827305712018694095e+01
-2.117222652832667151e+01 -1.894354671626896192e+01
-2.124927887320518494e+01 -1.891131367621483861e+01
-2.110081217189629754e+01 -1.802988309984083415e+01
-2.107731013496716699e+01 -1.917365531178263893e+01
-2.104717417558034143e+01 -1.873887880746420365e+01
-2.126271472871303558e+01 -1.870522785186767578e+01
-2.119254391888777533e+01 -1.893942083631242923e+01
-2.127918640275796136e+01 -1.832695612969336452e+01
-2.123618582387765130e+01 -1.904524181415508366e+01
-2.120621512333552161e+01 -1.894321746330756540e+01
-2.131712779402732849e+01 -1.854931971314665518e+01
-2.108262714246908942e+01 -1.904310708231740179e+01
-2.113778532544771949e+01 -1.912360004325965690e+01
-2.124024548133214196e+01 -1.848854194987903909e+01
-2.111274370551109314e+01 -1.783142333835750293e+01
-2.112485275665919104e+01 -1.880341880352466077e+01
-2.130756660550832748e+01 -1.903485719259683151e+01
-2.112081404030323029e+01 -1.907918554776674824e+01
-2.122653897603352746e+01 -1.884656945761147995e+01
-2.129897548258304596e+01 -1.893600436619349736e+01
-2.122810508807500085e+01 -1.885398875892936488e+01
-2.129922417302926263e+01 -1.949560317745456572e+01
-2.117384602129459381e+01 -1.891239874703543578e+01
-2.120944434404373169e+01 -1.909569928553197116e+01
-2.126389752328395844e+01 -1.870766496039056292e+01
-2.122513027489185333e+01 -1.922286642991103278e+01
-2.129480049510796746e+01 -1.864028466212285196e+01
-2.128900017340977868e+01 -1.743293876152533883e+01
-2.096827512979507446e+01 -1.900738146397974759e+01
-2.145181629061698914e+01 -1.893507006261256009e+01
-2.109458360075950623e+01 -1.889708603202522497e+01
-2.097894466420014581e+01 -1.892447892721597213e+01
-2.121713432669639587e+01 -1.884274475295822171e+01
-2.119471437235673150e+01 -1.867521188166234225e+01
-2.122351072976986686e+01 -1.872242211676263324e+01
-2.118512425323327264e+01 -1.866093833725173923e+01
-2.125990385313828668e+01 -1.843276015194979678e+01
-2.133268329997857293e+01 -1.895855647248107090e+01
-2.112391982972621918e+01 -1.840771419971020251e+01
-2.133343735833962640e+01 -1.925707711801900501e+01
-2.138648510972658912e+01 -1.827816849250298148e+01
-2.111838352183501044e+01 -1.905766295148180589e+01
-2.111402067542076111e+01 -1.870433396178406582e+01
-2.126035343110561371e+01 -1.796970784818971367e+01
-2.132217877109845361e+01 -1.900002645517324495e+01
-2.108757388840119162e+01 -1.872439904646439857e+01
-2.121540932854016503e+01 -1.906104908980332269e+01
-2.110711589455604553e+01 -1.853652857495592698e+01
-2.144111495713393012e+01 -1.901511544066590176e+01
-2.130571965376536170e+01 -1.906935813210227337e+01
-2.129210597276687622e+01 -1.913945335536808301e+01
-2.137601141631603241e+01 -1.846486683634968529e+01
-2.122673834860324860e+01 -1.902458691287350234e+01
-2.125367177029450616e+01 -1.816801977776861676e+01
-2.138314475119113922e+01 -1.903686601465398454e+01
-2.136527445912361145e+01 -1.848791280969396666e+01
-2.112931380917628488e+01 -1.879955873860941296e+01
-2.125893759727478027e+01 -1.899580652063542985e+01
-2.147078740596771240e+01 -1.891832822329038066e+01
-2.131794931987921515e+01 -1.830198711543888379e+01
-2.127273797988891602e+01 -1.907120948642879199e+01
-2.117728246748447418e+01 -1.893512868261956683e+01
-2.131515579919020453e+01 -1.876477930143282080e+01
-2.148742224772771081e+01 -1.849353853448644713e+01
-2.106354910135269165e+01 -1.785307698435597601e+01
-2.119011939316987991e+01 -1.854814391941219043e+01
-2.145023755232493201e+01 -1.853997242915166055e+01
-2.127670367062091827e+01 -1.910411028428511315e+01
-2.117688330511252204e+01 -1.841064880420635319e+01
-2.120070969561735907e+01 -1.859232112339564580e+01
-2.121500171720981598e+01 -1.894047147577459000e+01
-2.132139308253924170e+01 -1.911618901537610427e+01
-2.117600182195504388e+01 -1.863496568605497217e+01
-2.141456296543280402e+01 -1.923448971339634639e+01
-2.125527582069237909e+01 -1.845223267047436266e+01
-2.144281895955403527e+01 -1.870252454435670586e+01
-2.134645150105158606e+01 -1.883333739986667510e+01
-2.134315945704777917e+01 -1.865134780437915296e+01
-2.133131996293862542e+01 -1.799973995654614001e+01
-2.129075016081333160e+01 -1.823285385230919076e+01
-2.143450170258681098e+01 -1.910799176352364626e+01
-2.134113919238249579e+01 -1.908634948730468750e+01
-2.129990281661351403e+01 -1.852592538858388949e+01
-2.127614496648311615e+01 -1.882834815979003906e+01
-2.132932968437671661e+01 -1.898521131044858379e+01
-2.133061847587426385e+01 -1.889706768927636205e+01
-2.143422277768452844e+01 -1.923498221806117314e+01
-2.131273149450619897e+01 -1.914446434417328291e+01
-2.118362973630428314e+01 -1.907155650002615843e+01
-2.110194795827070990e+01 -1.934930469463397884e+01
-2.110504982372124871e+01 -1.895463050495494528e+01
-2.131527461608250817e+01 -1.898910564571232129e+01
-2.129264850417773047e+01 -1.866756097372476120e+01
-2.115203116337458411e+01 -1.863463810511997920e+01
-2.130651625494162360e+01 -1.806001801924271888e+01
-2.132032857338587561e+01 -1.905514229118049840e+01
-2.146021647254626075e+01 -1.907468414306640625e+01
-2.129986165960629663e+01 -1.845566644297017689e+01
-2.129063237706820289e+01 -1.917837046338366136e+01
-2.118127529819806298e+01 -1.829437642283253851e+01
-2.125530311465263367e+01 -1.878952350864162568e+01
-2.148729140559832373e+01 -1.902596498464609098e+01
-2.132935188213984290e+01 -1.872020105882124597e+01
-2.133649917940298835e+01 -1.926063182137229290e+01
-2.124746887882550439e+01 -1.906818044340455742e+01
-2.145732588072617730e+01 -1.848901946823318454e+01
-2.110317687441905221e+01 -1.885514570211435270e+01
-2.115226391951243201e+01 -1.803159727369035892e+01
-2.133091192195812980e+01 -1.870620041388970023e+01
-2.142410169541835785e+01 -1.885163919027749557e+01
-2.141709669927756110e+01 -1.865383478883024893e+01
-2.142046772936980048e+01 -1.909570929291960439e+01
-2.135580578943093499e+01 -1.659120517582088183e+01
-2.145336890220642090e+01 -1.889428632909601546e+01
-2.123318271338939667e+01 -1.900673569022834997e+01
-2.125086243947346887e+01 -1.849240735289338389e+01
-2.139208071430524072e+01 -1.866660080946885003e+01
-2.140154689053694526e+01 -1.848216658753234043e+01
-2.132972234487533569e+01 -1.813846973320106315e+01
-2.126659933229287347e+01 -1.901652661856118698e+01
-2.114898886283238610e+01 -1.837834534087738447e+01
-2.127191697557767114e+01 -1.860431814812994489e+01
-2.150823233524958411e+01 -1.885802079485608473e+01
-2.135758455594380578e+01 -1.903029304355769824e+01
-2.139121916393439093e+01 -1.885501171706558665e+01
-2.134223632017771521e+01 -1.855848816462925654e+01
-2.127243094891309738e+01 -1.857154143940318747e+01
-2.138384435574213782e+01 -1.901912360996394824e+01
-2.141781918704509735e+01 -1.838849973059319964e+01
-2.126399340728918830e+01 -1.856163931512213239e+01
-2.141863893469174585e+01 -1.907025108089694854e+01
-2.136661958694458008e+01 -1.800103146689278688e+01
-2.109856164952119073e+01 -1.887521678131896152e+01
-2.144632785518964013e+01 -1.857371657235281859e+01
-2.130202034115791321e+01 -1.863101321381407871e+01
-2.136116390426953515e+01 -1.820364215157248822e+01
-2.131026851634184638e+01 -1.821636623531193067e+01
-2.141191061834494391e+01 -1.870824754392945977e+01
-2.131486904124419013e+01 -1.885848148147781345e+01
-2.135840027530987939e+01 -1.906651058444728974e+01
-2.150101871291796485e+01 -1.774535795930144033e+01
-2.143118235468864441e+01 -1.843876856023615218e+01
-2.148886954784393311e+01 -1.758357384917023936e+01
-2.133891252179940423e+01 -1.789273056426605635e+01
-2.143620258569717407e+01 -1.848650430704092074e+01
-2.118421252071857452e+01 -1.876162972388329564e+01
-2.119364356497923652e+01 -1.894522308993649062e+01
-2.142304170628388604e+01 -1.880608332002317695e+01
-2.158102355400721351e+01 -1.778026684847744932e+01
-2.141683716575304786e+01 -1.711665935020942086e+01
-2.133651379247506341e+01 -1.880271258911529131e+01
-2.130910539130369941e+01 -1.881083700254366065e+01
-2.140564196805159369e+01 -1.906586965337976380e+01
-2.148560595512390137e+01 -1.866969880190762510e+01
-2.144993488490581512e+01 -1.847289580803412790e+01
-2.135091379284858704e+01 -1.815367244125960866e+01
-2.137519306937853614e+01 -1.880537180467085534e+01
-2.132512032488982001e+01 -1.795366752921760778e+01
-2.143506954610347748e+01 -1.816061381550578346e+01
-2.156967886288960656e+01 -1.788728673117501344e+01
-2.132665187617142877e+01 -1.900365799742859707e+01
-2.146657078464825830e+01 -1.793804734713071269e+01
-2.128774374226729194e+01 -1.901663693514737119e+01
-2.154221844673156738e+01 -1.921609374455043096e+01
-2.145880197981993476e+01 -1.824743316699932194e+01
-2.139491925636927405e+01 -1.834383830776462432e+01
-2.136495304107666016e+01 -1.860241756191501494e+01
-2.138015733659267426e+01 -1.867075892857142705e+01
-2.151142378151416779e+01 -1.870044511324399394e+01
-2.154710259536902228e+01 -1.875995188874083652e+01
-2.130845992267131805e+01 -1.918582226394058665e+01
-2.137863495449225226e+01 -1.757414732350931530e+01
-2.135937553644180298e+01 -1.828612814321146374e+01
-2.150164719422658166e+01 -1.816422884804861937e+01
-2.137974715232849121e+01 -1.874881474383465729e+01
-2.114475309848785400e+01 -1.896163603547331533e+01
-2.103615524930258474e+01 -1.916745777873249779e+01
-2.143108415603637695e+01 -1.901287939641382962e+01
-2.120189496129751205e+01 -1.900023402176894294e+01
-2.135471947987874231e+01 -1.841531251932119417e+01
-2.137455949187278748e+01 -1.863448317639239349e+01
-2.124856854478518287e+01 -1.879258663623364001e+01
-2.117178681989510736e+01 -1.855116244724818486e+01
-2.142999889949957648e+01 -1.826001255233566312e+01
-2.117079414923985681e+01 -1.875225158790489388e+01
-2.149808715780575952e+01 -1.788695030707817679e+01
-2.156639804939429084e+01 -1.923501720676174287e+01
-2.126384145518143853e+01 -1.924237890367384196e+01
-2.146781350672245026e+01 -1.827355454184792194e+01
-2.150926282008488855e+01 -1.847220807261281195e+01
-2.149058127899964532e+01 -1.869718024018522939e+01
-2.138542574147383490e+01 -1.835704566906024837e+01
-2.156008006135622779e+01 -1.730724654259619655e+01
-2.160661886135737220e+01 -1.743685016384372588e+01
-2.130503389736016473e+01 -1.861976787022181767e+01
-2.119989814360936364e+01 -1.805822274592015475e+01
-2.135863074660301208e+01 -1.871957178239698649e+01
-2.153880260388056556e+01 -1.886266749245779906e+01
-2.158411351342995843e+01 -1.887038135528564453e+01
-2.121314455568790436e+01 -1.905472911487926169e+01
-2.147565641005833825e+01 -1.887556474859064437e+01
-2.150092639029026031e+01 -1.885853942028887786e+01
-2.139839039742946625e+01 -1.742070438180650882e+01
-2.104152908859153470e+01 -1.890616965603518906e+01
-2.143057313064734259e+01 -1.889611962553742686e+01
-2.139903100331624231e+01 -1.822773563087760706e+01
-2.123260289927323541e+01 -1.910894848464371165e+01
-2.157432146867116174e+01 -1.888051025588790921e+01
-2.131788888573646545e+01 -1.852020009771570130e+01
-2.153423258165518561e+01 -1.889754939388919297e+01
-2.158346606294314185e+01 -1.887122818092247201e+01
-2.147668866316477576e+01 -1.888611939665559092e+01
-2.150782984991868219e+01 -1.827745973909055976e+01
-2.141658178468545159e+01 -1.910446813509061670e+01
-2.154867114623387536e+01 -1.809099051240202627e+01
-2.145743920405705651e+01 -1.860691762899423551e+01
-2.148463388284047326e+01 -1.892059383144626494e+01
-2.147469215095043182e+01 -1.912465874560467682e+01
-2.150721077124277869e+01 -1.865950284685407468e+01
-2.139093104253212729e+01 -1.720878975112716702e+01
-2.143266250689824304e+01 -1.818069152088908425e+01
-2.151750105122725287e+01 -1.880174568721226436e+01
-2.113353171447912970e+01 -1.847456115871280957e+01
-2.154354232052962104e+01 -1.855981766093860941e+01
-2.151875509818394860e+01 -1.870743600424233932e+01
-2.135185856123765191e+01 -1.885541143045796986e+01
-2.122128602862358093e+01 -1.902582210689396192e+01
-2.171907109022140503e+01 -1.912540328038203086e+01
-2.150623424351215363e+01 -1.873587942742681989e+01
-2.111811723808447638e+01 -1.811944586270815449e+01
-2.152464037140210351e+01 -1.806355629958115472e+01
-2.147151561578114709e+01 -1.901387332321761647e+01
-2.139845529695351800e+01 -1.907583109124914245e+01
-2.152478111286957940e+01 -1.894619417809820661e+01
-2.127230299015839776e+01 -1.863438139333353405e+01
-2.153442260126272956e+01 -1.854447813157911540e+01
-2.153264404336611548e+01 -1.896951655598429909e+01
-2.145426324009895325e+01 -1.860821618662252064e+01
-2.156816840171813965e+01 -1.788918465453308926e+01
-2.160422381261984626e+01 -1.894055116331422539e+01
-2.150598499675591668e+01 -1.865929934266325674e+01
-2.160737646122773370e+01 -1.895948507878687650e+01
-2.162891891598701477e+01 -1.880753972932889795e+01
-2.155590292314688483e+01 -1.880982100499140586e+01
-2.149453309675057611e+01 -1.754645036722158480e+01
-2.148470856746037683e+01 -1.907932437549937887e+01
-2.143488236765066901e+01 -1.876837644948587780e+01
-2.127965564032395562e+01 -1.895627379727054063e+01
-2.147196433444817742e+01 -1.889258864018824369e+01
-2.155761565764744958e+01 -1.910824087068631982e+01
-2.151147260765234748e+01 -1.875356170109339971e+01
-2.145860959092776099e+01 -1.894037629412366286e+01
-2.149548759808142862e+01 -1.842261064207399102e+01
-2.147489914298057556e+01 -1.906154611513212060e+01
-2.129752255976200104e+01 -1.886780939473734264e+01
-2.153195137778918067e+01 -1.852800340776319743e+01
-2.152105291187763214e+01 -1.893726295619816113e+01
-2.151854361097018042e+01 -1.899016132602443818e+01
