# Train Val
-9.907853553692499204e+00 -1.141503927305147315e+01
-1.142148292313019375e+01 -1.137626875840224194e+01
-1.142942495644092560e+01 -1.147541887109929881e+01
-1.146261699497699738e+01 -1.139598680471445036e+01
-1.149018884450197220e+01 -1.150090939658028688e+01
-1.148502304901679416e+01 -1.154133228202918993e+01
-1.152827123055855374e+01 -1.156308385923311377e+01
-1.154174967110157013e+01 -1.160741259834983197e+01
-1.166822427014509778e+01 -1.159114998656433926e+01
-1.184049631406863590e+01 -1.200855564761471506e+01
-1.213503021746873856e+01 -1.224767516495345454e+01
-1.239948926866054535e+01 -1.271165741264045934e+01
-1.258430293450752835e+01 -1.264332303133877922e+01
-1.278711373607317547e+01 -1.304329510478230247e+01
-1.301852405319611172e+01 -1.315128684353518729e+01
-1.311800449341535568e+01 -1.332530894836822100e+01
-1.327293408662080765e+01 -1.369842430213829054e+01
-1.348506395767132382e+01 -1.336424470876718473e+01
-1.367887629816929440e+01 -1.353346351524452196e+01
-1.374802688012520413e+01 -1.363078565721387925e+01
-1.406324768314758877e+01 -1.409742147272283397e+01
-1.399925463149944882e+01 -1.438991269198331047e+01
-1.423986921211083789e+01 -1.434419365672322044e+01
-1.435022346178690533e+01 -1.395868386850728626e+01
-1.435793333500623703e+01 -1.407723154340471616e+01
-1.452808767557144165e+01 -1.478449977527965231e+01
-1.441515512516101261e+01 -1.484807085062002230e+01
-1.456181158373753171e+01 -1.468782469514128408e+01
-1.474941659718751907e+01 -1.492949252933650861e+01
-1.470330266902844052e+01 -1.485656512867320700e+01
-1.470196623851855655e+01 -1.406420752290007314e+01
-1.486213522404432297e+01 -1.524448698217218556e+01
-1.475346115479866604e+01 -1.410845481575309535e+01
-1.471294932564099689e+01 -1.533926963806152344e+01
-1.481623227645953556e+01 -1.523184834517441821e+01
-1.489792883644501309e+01 -1.538121079779290490e+01
-1.478962821016708951e+01 -1.550942676098315687e+01
-1.490994852284590344e+01 -1.514474874967104512e+01
-1.503766524295012097e+01 -1.504758730801668953e+01
-1.528169241547584534e+01 -1.446393612452915711e+01
-1.510795561472574811e+01 -1.539160100515786667e+01
-1.519174745430549045e+01 -1.571968582698277039e+01
-1.528540673851966858e+01 -1.507124463613931198e+01
-1.534872419387102127e+01 -1.539514435111702184e+01
-1.531417232751846313e+01 -1.583043866343312445e+01
-1.532965060075124164e+01 -1.122314392436634378e+01
-1.543216962118943592e+01 -1.562353027640999059e+01
-1.530266279727220535e+01 -1.424459333543653550e+01
-1.553420982013146023e+01 -1.471379540183327350e+01
-1.549537093689044376e+01 -1.516561967676336131e+01
-1.534371814876794815e+01 -1.580248251828280281e+01
-1.568284646918376346e+01 -1.610086182185581904e+01
-1.555426372339328189e+01 -1.442379269042572432e+01
-1.569775464137395282e+01 -1.579445019016018215e+01
-1.571597482760747333e+01 -1.499517044463715010e+01
-1.582147752245267291e+01 -1.516258499839089069e+01
-1.555618050197760205e+01 -1.540775629761931143e+01
-1.571116924285888672e+01 -1.159218255575601120e+01
-1.588087012618780136e+01 -1.599591791474973945e+01
-1.572524672995010953e+01 -1.594341715280111771e+01
-1.590713386485973935e+01 -1.463405954682981758e+01
-1.550489929815133472e+01 -1.579053996445296626e+01
-1.595681631813446621e+01 -1.482922051169655475e+01
-1.594351307054360767e+01 -1.615503652993734818e+01
-1.593134100983540158e+01 -1.633068759720046970e+01
-1.576777305454015732e+01 -1.591337444255878353e+01
-1.581769562760988812e+01 -1.587090907158789754e+01
-1.587105233470598797e+01 -1.444549304169493809e+01
-1.615132155269384384e+01 -1.425018945916906610e+01
-1.571388078729311566e+01 -1.541262326921735415e+01
-1.609654993812243262e+01 -1.529983286424116606e+01
-1.595736311872800250e+01 -1.625023478966254586e+01
-1.615427014480034629e+01 -1.558074310847691102e+01
-1.611589354276657104e+01 -1.635491232438521081e+01
-1.622800265500942984e+01 -1.602796046764819593e+01
-1.610070172200600425e+01 -1.439244415233661556e+01
-1.627985956519842148e+01 -1.537643365736131607e+01
-1.617267842590808868e+01 -1.548226598021271982e+01
-1.636264495054880896e+01 -1.597030507124863696e+01
-1.651735497017701348e+01 -1.531262667767413177e+01
-1.622861347099145135e+01 -1.522084575504451642e+01
-1.628159668793280801e+01 -1.509101561756877175e+01
-1.632327555119991302e+01 -1.664830767643915976e+01
-1.613080035646756372e+01 -1.414756187835297041e+01
-1.640779798229535302e+01 -1.533793807339358573e+01
-1.642872173587481299e+01 -1.653216006539084759e+01
-1.652976780136426171e+01 -1.661429960077459000e+01
-1.640178878605365753e+01 -1.642992496490478516e+01
-1.627011444171269616e+01 -1.580451893496823068e+01
-1.650289328644673148e+01 -1.665479853246119291e+01
-1.643596498668193817e+01 -1.626398721917882995e+01
-1.620441871136426926e+01 -1.633077781231372327e+01
-1.665146544824044028e+01 -1.625285128803996315e+01
-1.633923944334189216e+01 -1.641768772571117907e+01
-1.636217712610960007e+01 -1.569229008315445562e+01
-1.643594758709271630e+01 -1.665571648733956422e+01
-1.664350444823503494e+01 -1.608164589126388577e+01
-1.642280186216036597e+01 -1.661393038018957213e+01
-1.645967728396256646e+01 -1.671339711275967588e+01
-1.677402149389187613e+01 -1.690679394115101175e+01
-1.679123717049757758e+01 -1.671190744870668965e+01
-1.663012408713499823e+01 -1.675300870622907468e+01
-1.651892664283514023e+01 -1.549684910960011663e+01
-1.653551300366719445e+01 -1.693565611405806237e+01
-1.669084494560956955e+01 -1.620492412517597103e+01
-1.675916700810194016e+01 -1.686536265038824567e+01
-1.662811939666668692e+01 -1.692394963797036667e+01
-1.690858066082000732e+01 -1.681897637751195163e+01
-1.659217268476883689e+01 -1.542310533895120983e+01
-1.660423887521028519e+01 -1.693425125270695020e+01
-1.667314237604538718e+01 -1.658484379656903229e+01
-1.684404425819714746e+01 -1.566921784041763921e+01
-1.681549527247746667e+01 -1.723838570830109873e+01
-1.688973021258910379e+01 -1.695825125954367962e+01
-1.679886085291703424e+01 -1.673607989719935674e+01
-1.679604765524466714e+01 -1.723912310909915391e+01
-1.690501155704259872e+01 -1.717022883427607383e+01
-1.674044977128505707e+01 -1.704647892790955410e+01
-1.689547089735667029e+01 -1.666367961834003353e+01
-1.674412048359711847e+01 -1.614844501792610387e+01
-1.667619621505339822e+01 -1.686837749976616507e+01
-1.687528896083434304e+01 -1.674722001459691256e+01
-1.688277645409107208e+01 -1.695307571857006579e+01
-1.669274394710858544e+01 -1.654951839942436820e+01
-1.660600643108288565e+01 -1.699747058323451299e+01
-1.687129530310630798e+01 -1.672720933889413786e+01
-1.714370157321294030e+01 -1.532371312921697459e+01
-1.701533727347850800e+01 -1.465703456432788343e+01
-1.708338863650957862e+01 -1.709503254333099775e+01
-1.695357655485470971e+01 -1.619732721749838333e+01
-1.697032195578018943e+01 -1.720544284969181348e+01
-1.696801136185725412e+01 -1.740452783757990218e+01
-1.691822504252195358e+01 -1.700191371471850843e+01
-1.713773974031209946e+01 -1.661567736291265973e+01
-1.714315511782963952e+01 -1.653946155696720410e+01
-1.685217506438493729e+01 -1.671582337168904075e+01
-1.714249194661776343e+01 -1.694001867864039212e+01
-1.709074621399243554e+01 -1.687047330435220260e+01
-1.708019013951222220e+01 -1.642125575573413343e+01
-1.726146814227104187e+01 -1.701362609863281250e+01
-1.738874112069606781e+01 -1.569424261365618101e+01
-1.731538128356138984e+01 -1.399001672670438623e+01
-1.726380844165881356e+01 -1.735308031602339440e+01
-1.715038638810316840e+01 -1.615068218924782428e+01
-1.730438455939292908e+01 -1.686968960700097142e+01
-1.707405004402001580e+01 -1.583947425693660627e+01
-1.724478602161009988e+01 -1.731273314240690908e+01
-1.736919353405634681e+01 -1.524307246022410212e+01
-1.712701377520958701e+01 -1.710159045380431309e+01
-1.717748481531937799e+01 -1.767088724111581755e+01
-1.723747420310974121e+01 -1.747709225989007464e+01
-1.728723107278347015e+01 -1.525958824157714844e+01
-1.738768917073806008e+01 -1.550815394017603488e+01
-1.720793782422940055e+01 -1.707033418680166292e+01
-1.737912422170241555e+01 -1.614022454348477353e+01
-1.746394230673710624e+01 -1.744574299106350068e+01
-1.742790316045284271e+01 -1.656589296266630029e+01
-1.723509516318639001e+01 -1.728915731008950729e+01
-1.746481752147277078e+01 -1.724625324893307265e+01
-1.742889863749345025e+01 -1.693036377894414102e+01
-1.718169153730074683e+01 -1.714347291921640348e+01
-1.748795542617638787e+01 -1.655597870071212796e+01
-1.736626139283180237e+01 -1.734052540419937571e+01
-1.747975234438975534e+01 -1.727785640567928027e+01
-1.750662334760029992e+01 -1.729660269501921377e+01
-1.749893176555633545e+01 -1.755029653573965120e+01
-1.738404121249914169e+01 -1.719758971325762786e+01
-1.746726177881161490e+01 -1.767449082956685658e+01
-1.755206007013718406e+01 -1.606497374447909365e+01
-1.764123958597580710e+01 -1.738517958158022481e+01
-1.747451334695021430e+01 -1.633579332178289079e+01
-1.765758832792441169e+01 -1.716873072339342698e+01
-1.722817277659972390e+01 -1.669467372398871774e+01
-1.774011620879173279e+01 -1.551832566942487368e+01
-1.733093603452046594e+01 -1.726090088138332490e+01
-1.744987809906403342e+01 -1.659469806373893519e+01
-1.757110900183518609e+01 -1.722929350122228698e+01
-1.754572714120149612e+01 -1.435776033029927845e+01
-1.757749100526173791e+01 -1.799152512983842200e+01
-1.776025743534167489e+01 -1.785082891389921045e+01
-1.757431588570277015e+01 -1.751778325167569150e+01
-1.762917258590459824e+01 -1.781846405623794993e+01
-1.748370123157898703e+01 -1.579078571517746177e+01
-1.778869748612244805e+01 -1.780923536226346826e+01
-1.767680972566207132e+01 -1.717660210349342975e+01
-1.770042305191357812e+01 -1.769249381028212653e+01
-1.758282386511564255e+01 -1.722973053176681546e+01
-1.789884686966736993e+01 -1.783517183576311282e+01
-1.771708488216002664e+01 -1.655276478110969762e+01
-1.763208720833063126e+01 -1.633199941957151680e+01
-1.789313400040070334e+01 -1.742919565176034880e+01
-1.770793643593788147e+01 -1.748790267845252799e+01
-1.762684633334477624e+01 -1.750524777251404629e+01
-1.784129019578297815e+01 -1.702988842555454951e+01
-1.782829936842123786e+01 -1.692125794794652194e+01
-1.796846630424261093e+01 -1.695167671550403909e+01
-1.781191056718428811e+01 -1.665035750649192181e+01
-1.807277779777844628e+01 -1.778224519011262217e+01
-1.773383561025063315e+01 -1.753481419055492907e+01
-1.768975814431905746e+01 -1.796830427491819648e+01
-1.780017793426911155e+01 -1.701019947250167874e+01
-1.790469129880269250e+01 -1.774202216755260153e+01
-1.773107450455427170e+01 -1.797482569805987396e+01
-1.789170382916927338e+01 -1.702464726683381357e+01
-1.767134960740804672e+01 -1.765062361878234043e+01
-1.773920545230309287e+01 -1.764677352409858102e+01
-1.798585024227698526e+01 -1.715072423761541032e+01
-1.785435767720143119e+01 -1.795952198722145710e+01
-1.802136826763550559e+01 -1.748509897504533939e+01
-1.783240661273400107e+01 -1.786032373254949235e+01
-1.791154543310403824e+01 -1.782450226375035029e+01
-1.787410793950160226e+01 -1.791521135553136901e+01
-1.799441903829574585e+01 -1.731164765048336562e+01
-1.799711498121420661e+01 -1.634975652570848226e+01
-1.776707163204749307e+01 -1.753181728140100404e+01
-1.791067911436160287e+01 -1.522544890564757480e+01
-1.790534795324007789e+01 -1.771816325497317735e+01
-1.812458669642607489e+01 -1.757754069489318027e+01
-1.801453226059675217e+01 -1.746656398030070534e+01
-1.796453765283028403e+01 -1.654199894991787900e+01
-1.793696160117785254e+01 -1.824267952163497952e+01
-1.807770636429389199e+01 -1.795520482744489499e+01
-1.809923672427733621e+01 -1.321779848073984098e+01
-1.787949688235918799e+01 -1.767816325596400517e+01
-1.804613222926855087e+01 -1.791843186415635003e+01
-1.822095964352289954e+01 -1.414064455651617713e+01
-1.817716680963834008e+01 -1.767851378700949994e+01
-1.803466823945442954e+01 -1.789310800874388008e+01
-1.806325859328110894e+01 -1.634140788734733363e+01
-1.805226566145817557e+01 -1.524990806331882176e+01
-1.799697586894035339e+01 -1.717640459382688789e+01
-1.822817729661862174e+01 -1.615760338770878946e+01
-1.797684489687283715e+01 -1.599284334306593003e+01
-1.805169024815161904e+01 -1.644182366210144863e+01
-1.798447593053181848e+01 -1.731949745525013284e+01
-1.820905591299136361e+01 -1.717176801508123063e+01
-1.810778077691793442e+01 -1.583534450035590702e+01
-1.815289029230673989e+01 -1.808344227927071657e+01
-1.810946897665659705e+01 -1.751106477712655973e+01
-1.821874196330706397e+01 -1.669342978588946380e+01
-1.799375373870134354e+01 -1.797949731504762383e+01
-1.809277047216892242e+01 -1.766944495114413272e+01
-1.825964866330226144e+01 -1.704619351919595260e+01
-1.808632275958855828e+01 -1.802638499767749281e+01
-1.846865891665220261e+01 -1.792473332293621979e+01
-1.832441685597101966e+01 -1.801637521966711120e+01
-1.811277196307976922e+01 -1.784169195843981370e+01
-1.829657339801390847e+01 -1.430081156941203346e+01
-1.835407025615374366e+01 -1.801542129764309053e+01
-1.838338447858889779e+01 -1.769682646416998395e+01
-1.826956318567196647e+01 -1.677253049379819316e+01
-1.821375735104084015e+01 -1.817333147123262549e+01
-1.813739422708749771e+01 -1.726925215783057155e+01
-1.840132962663968286e+01 -1.800870292217700452e+01
-1.829822549968957901e+01 -1.811670103940096865e+01
-1.819960657010475913e+01 -1.775529088602437611e+01
-1.826928167293469230e+01 -1.761224765282172555e+01
-1.846240591009457788e+01 -1.689602220213258477e+01
-1.848063458005587378e+01 -1.817756893108417415e+01
-1.815560659766197205e+01 -1.743715448503370524e+01
-1.838077606757481774e+01 -1.788620044658710384e+01
-1.822073092063267907e+01 -1.647675681423831406e+01
-1.825033754607041558e+01 -1.771302197196266803e+01
-1.841774676988522330e+01 -1.815931972899994307e+01
-1.827225212504466256e+01 -1.668162110563996592e+01
-1.837401767323414603e+01 -1.752020647618677884e+01
-1.823909571518500528e+01 -1.790996594862504310e+01
-1.845371073236067971e+01 -1.809536305960122604e+01
-1.847892224043607712e+01 -1.805214099140910378e+01
-1.834228232502937317e+01 -1.794955087636972380e+01
-1.813304140170415124e+01 -1.780367220841445075e+01
-1.837593434751033783e+01 -1.792263190777270765e+01
-1.841255419204632560e+01 -1.814393895632260723e+01
-1.860980745901663980e+01 -1.745720765497777194e+01
-1.811902521550655365e+01 -1.786476151354901276e+01
-1.814743734896183014e+01 -1.820534026158320273e+01
-1.822971467425425729e+01 -1.537490447155840911e+01
-1.860906959325075150e+01 -1.699413065476851159e+01
-1.829423736780881882e+01 -1.782592660730535172e+01
-1.834847176820039749e+01 -1.801153145827256097e+01
-1.845036503424246987e+01 -1.639119929771918649e+01
-1.834207327912251273e+01 -1.690230842689415169e+01
-1.833726547161738196e+01 -1.810972027964406195e+01
-1.847713382293780526e+01 -1.422877758818787441e+01
-1.847335648536682129e+01 -1.798787780860801888e+01
-1.855737437804539880e+01 -1.683478262517359525e+01
-1.848765007406473160e+01 -1.608916870959393464e+01
-1.863843385626872262e+01 -1.822755764057109928e+01
-1.843748664855957031e+01 -1.805004953409170199e+01
-1.859711182862520218e+01 -1.414462936698616247e+01
-1.842936590065558633e+01 -1.763683231155593845e+01
-1.839438525090615073e+01 -1.812001557783646888e+01
-1.862169012178977212e+01 -1.762821322602110996e+01
-1.860166677335898200e+01 -1.788534859248570186e+01
-1.834484632561604300e+01 -1.807598313418301572e+01
-1.866938139994939050e+01 -1.715953384746204691e+01
-1.872016706069310388e+01 -1.733967068907502451e+01
-1.846561145285765448e+01 -1.828544973398183870e+01
-1.860761009901762009e+01 -1.795274380275181514e+01
-1.871478984753290931e+01 -1.773950138339748506e+01
-1.869136375685532769e+01 -1.823942473027613431e+01
-1.850015460203091422e+01 -1.688489717012875957e+01
-1.880046755323807517e+01 -1.763783153930267744e+01
-1.853569802890221396e+01 -1.838438000617089330e+01
-1.844921404620011529e+01 -1.835369648871483861e+01
-1.845866776257753372e+01 -1.801974867535875902e+01
-1.872938942909240723e+01 -1.815973044061041364e+01
-1.855136396487553796e+01 -1.774556468369124929e+01
-1.853980272759993753e+01 -1.788699981144496221e+01
-1.848242535690466681e+01 -1.835579702451631690e+01
-1.900624072800080100e+01 -1.768254474540809440e+01
-1.845672700554132462e+01 -1.758699376242501344e+01
-1.857078214983145514e+01 -1.702894662881826449e+01
-1.851611553629239282e+01 -1.785653989965265609e+01
-1.859645692507426062e+01 -1.838049695398900241e+01
-1.858909273147583008e+01 -1.807190843061967200e+01
-1.852610951413710794e+01 -1.736439685078410378e+01
-1.861160793900489807e+01 -1.685478595634559440e+01
-1.891083965450525284e+01 -1.787272335646988353e+01
-1.857632533212502679e+01 -1.837998244050261221e+01
-1.860179807742436608e+01 -1.808104245074383698e+01
-1.869442660113175592e+01 -1.832967278864476413e+01
-1.881724650909503183e+01 -1.737848502320128574e+01
-1.878502043584982673e+01 -1.623944494321748877e+01
-1.850250616669654846e+01 -1.744124567353880195e+01
-1.877336199084917823e+01 -1.834324311590814105e+01
-1.857921547939379892e+01 -1.861980124882289189e+01
-1.851231201241413871e+01 -1.698567373102361344e+01
-1.887280420462290564e+01 -1.850349187231683246e+01
-1.884913816303014755e+01 -1.815849072592599001e+01
-1.878296093891064444e+01 -1.748240298729438180e+01
-1.880308112750450888e+01 -1.561066405804126234e+01
-1.858682605127493659e+01 -1.706503487871838942e+01
-1.879025891423225403e+01 -1.652348935758912774e+01
-1.879213061183691025e+01 -1.823186029706682376e+01
-1.874128141005833825e+01 -1.828697624454250459e+01
-1.855276773373286048e+01 -1.826134967803955078e+01
-1.870386612663666526e+01 -1.809278340773148841e+01
-1.877376487106084824e+01 -1.808165280230633698e+01
-1.878617816418409348e+01 -1.729008694438191185e+01
-1.888056784371535102e+01 -1.763628003504368991e+01
-1.875945744415124139e+01 -1.805385021110633659e+01
-1.875148785114288330e+01 -1.805564927435540667e+01
-1.889322787771622458e+01 -1.834074384515935563e+01
-1.886200205981731415e+01 -1.802863466584837226e+01
-1.881567862381537637e+01 -1.749391731658539229e+01
-1.874265573918819427e+01 -1.715808176065420199e+01
-1.895266914864381036e+01 -1.839483157071200381e+01
-1.890264156709114829e+01 -1.657551507825975179e+01
-1.890419516712427139e+01 -1.859308125136734446e+01
-1.854963672409455100e+01 -1.715813704899379033e+01
-1.872271249691645423e+01 -1.861176828904585534e+01
-1.897805665433406830e+01 -1.832517688305346937e+01
-1.907316554586092749e+01 -1.605894587875960866e+01
-1.883820401132106781e+01 -1.750070155750621481e+01
-1.877188132951657096e+01 -1.807904748792772054e+01
-1.879338097820679465e+01 -1.834860027610481481e+01
-1.880205633987982949e+01 -1.726846912928990108e+01
-1.885391457627217093e+01 -1.816379923634714899e+01
-1.885345190515120706e+01 -1.794639270336596937e+01
-1.886752565950155258e+01 -1.785648129203102741e+01
-1.893344341218471527e+01 -1.815180683135986328e+01
-1.898208215336005011e+01 -1.832953949717732200e+01
-1.887816109011570731e+01 -1.798620574505298109e+01
-1.908247570693492889e+01 -1.855869046743814010e+01
-1.898635124415159225e+01 -1.583617770207392716e+01
-1.881663375844557962e+01 -1.806202788167185602e+01
-1.898881626625855645e+01 -1.595799764410241828e+01
-1.900902800510327140e+01 -1.830522622690572376e+01
-1.894636085132757941e+01 -1.778571639122900905e+01
-1.923330509662628174e+01 -1.745949854169573001e+01
-1.898754351089398185e+01 -1.857159384194906693e+01
-1.891670019676287851e+01 -1.731496156964983157e+01
-1.898175200323263923e+01 -1.831124219027432432e+01
-1.915520179768403253e+01 -1.627575600611699258e+01
-1.897135693331559381e+01 -1.830981122054062737e+01
-1.890505268424749374e+01 -1.778364070050128021e+01
-1.915501179297764978e+01 -1.788271408576470023e+01
-1.909153760969638824e+01 -1.836687076865852575e+01
-1.903003186235825339e+01 -1.760810786408263340e+01
-1.904037788013617316e+01 -1.813670293386880417e+01
-1.912773454686005792e+01 -1.845264355548016511e+01
-1.895917082826296607e+01 -1.811508079627891732e+01
-1.903090488413969794e+01 -1.683834584966882630e+01
-1.915924946963787079e+01 -1.857834326756464804e+01
-1.927072383711735526e+01 -1.830487411053149671e+01
-1.914552757640679559e+01 -1.824416104849282760e+01
-1.905365145951509476e+01 -1.788269258474374723e+01
-1.903244521717230597e+01 -1.846312915504752894e+01
-1.906658698866764823e+01 -1.661634193767200784e+01
-1.914430750161409378e+01 -1.834853770516135540e+01
-1.923211980362733087e+01 -1.812206824414141693e+01
-1.903511171787977219e+01 -1.669423390673352614e+01
-1.893814557294050971e+01 -1.808590962050796946e+01
-1.894427812596162042e+01 -1.810893736257181530e+01
-1.938261844466130057e+01 -1.725473182232348890e+01
-1.898539214332898339e+01 -1.816129565548587266e+01
-1.916342812031507492e+01 -1.846950560730773105e+01
-1.919159476210673532e+01 -1.855020685319776774e+01
-1.913659174243609229e+01 -1.839379289552762842e+01
-1.906578417370716849e+01 -1.654211246193229456e+01
-1.926664648205041885e+01 -1.841025357432179632e+01
-1.924598946173985681e+01 -1.803264096495393076e+01
-1.933881789694229880e+01 -1.844635154674579525e+01
-1.907220774888992310e+01 -1.833333618609936266e+01
-1.930808691928784171e+01 -1.740750591476242093e+01
-1.907836748162905494e+01 -1.801840886202725400e+01
-1.909020769099394599e+01 -1.760413320962484818e+01
-1.908213869978984079e+01 -1.801662671720826836e+01
-1.900045769910017768e+01 -1.679532041178121204e+01
-1.922199800362189492e+01 -1.679772363390241452e+01
-1.936360020190477371e+01 -1.774385841171462985e+01
-1.904347596814234933e+01 -1.857052206064199495e+01
-1.892910645902156830e+01 -1.728672532911424398e+01
-1.900293241441249847e+01 -1.858193085410378131e+01
-1.919832860181729117e+01 -1.848653738839285765e+01
-1.902131389081478119e+01 -1.853537730427531471e+01
-1.924173676222562790e+01 -1.860734226177265072e+01
-1.909557491044203559e+01 -1.774896966017685784e+01
-1.939151334265867987e+01 -1.833359153549392673e+01
-1.927090297142664710e+01 -1.822746456443489294e+01
-1.919914232939481735e+01 -1.834002466325636149e+01
-1.938389720022678375e+01 -1.824426886323210439e+01
-1.940710521737734595e+01 -1.652214892498858489e+01
-1.929087066650390625e+01 -1.732251802667394713e+01
-1.913032702853282174e+01 -1.860381424891484414e+01
-1.943332602580388269e+01 -1.852718244280134030e+01
-1.940648960570494452e+01 -1.735875729152134639e+01
-1.928799031923214713e+01 -1.768352020560920934e+01
-1.914515917003154755e+01 -1.848693391874239111e+01
-1.911756622046232224e+01 -1.824946690844251052e+01
-1.922380799303452292e+01 -1.805803172619311781e+01
-1.929998771349589148e+01 -1.848958077368798314e+01
-1.909339578946431359e+01 -1.722018228258405514e+01
-1.934989323218663415e+01 -1.839287568377210036e+01
-1.917783348510662833e+01 -1.730809686091038913e+01
-1.943509993205467978e+01 -1.797624974436574163e+01
-1.943003974854946136e+01 -1.842911048988243294e+01
-1.939913745472828666e+01 -1.836377031152898454e+01
-1.909178883830706397e+01 -1.863608233959643812e+01
-1.909532438715298852e+01 -1.837997062484939548e+01
-1.939425846934318542e+01 -1.850553653766582585e+01
-1.943095903098583221e+01 -1.811593340588854417e+01
-1.934955942630767822e+01 -1.836217086346118421e+01
-1.937974527478218079e+01 -1.874118226534360332e+01
-1.943479310721158981e+01 -1.837572771543032246e+01
-1.937067882219950476e+01 -1.817096116945340967e+01
-1.945637875547011575e+01 -1.823719494064132718e+01
-1.913120158761739731e+01 -1.841397204956451006e+01
-1.934452118724584579e+01 -1.799329726726977796e+01
-1.932092504451672355e+01 -1.701364922213863906e+01
-1.933719474822282791e+01 -1.816693293583857383e+01
-1.905224384119113168e+01 -1.665978237251182748e+01
-1.913652443389097968e+01 -1.725102581915917455e+01
-1.923592151701450348e+01 -1.798069422585623656e+01
-1.928811949739853659e+01 -1.797969622426218805e+01
-1.933631596465905389e+01 -1.797527484150676003e+01
-1.936240425457556924e+01 -1.785236049008059922e+01
-1.947088602930307388e+01 -1.831422200141015111e+01
-1.942579730848471442e+01 -1.780837285673463555e+01
-1.915679561098416528e+01 -1.808457133057829580e+01
-1.942600104957818985e+01 -1.842913692028491468e+01
-1.921821771810452262e+01 -1.844556410900958099e+01
-1.936493134498596191e+01 -1.871792086068685990e+01
-1.929882781952619553e+01 -1.869565143832912568e+01
-1.923770383497079095e+01 -1.810018289244020195e+01
-1.935322800527016440e+01 -1.773517940570781803e+01
-1.947593306501706323e+01 -1.709076160579532910e+01
-1.949445933600266656e+01 -1.782655611905184756e+01
-1.959974938134352485e+01 -1.813498589899632663e+01
-1.923594392587741098e+01 -1.735028675624302608e+01
-1.935005036989847937e+01 -1.856612956059443320e+01
-1.947158749649922171e+01 -1.828810948210877285e+01
-1.932626584917306900e+01 -1.692515628368823499e+01
-1.939142581572135171e+01 -1.856866144205068636e+01
-1.938678891708453378e+01 -1.759715573199383698e+01
-1.946671297401189804e+01 -1.804282174791608639e+01
-1.960071829954783240e+01 -1.575167172914975566e+01
-1.919253943363825599e+01 -1.845939102420559053e+01
-1.940303271015485009e+01 -1.776269988270549050e+01
-1.932123421877622604e+01 -1.830550090987960843e+01
-1.940435797224442283e+01 -1.769036846656304007e+01
-1.946955185631911078e+01 -1.819967433384486455e+01
-1.933923119306564331e+01 -1.824722808986515332e+01
-1.947599920878807822e+01 -1.654323946965205039e+01
-1.959341015170017997e+01 -1.847706533407236051e+01
-1.946751359850168228e+01 -1.814452671695065078e+01
-1.948078252126773080e+01 -1.596654771829580355e+01
-1.949867926289637765e+01 -1.764630562918526735e+01
-1.956129078815380851e+01 -1.863743316353141566e+01
-1.954294380048910895e+01 -1.848607912930575381e+01
-1.941777572284142295e+01 -1.762467909478521833e+01
-1.945944298555453500e+01 -1.823965358734130859e+01
-1.952647409836451331e+01 -1.856322058145102005e+01
-1.938795030365387717e+01 -1.825568164478648825e+01
-1.957321018477280816e+01 -1.772689496077500237e+01
-1.963768364737431327e+01 -1.791270308061079675e+01
-1.954316587746143341e+01 -1.877108019048517562e+01
-1.932223878800868988e+01 -1.854773779039259196e+01
-1.946665149182081223e+01 -1.812432139260428343e+01
-1.938772025952736655e+01 -1.819626950598382464e+01
-1.909488511582215509e+01 -1.828093154709060641e+01
-1.961197861780722818e+01 -1.841733061802851523e+01
-1.955024582644303521e+01 -1.827795211990158109e+01
-1.952008049935102463e+01 -1.815962409973144531e+01
-1.934705569595098495e+01 -1.863866879104019603e+01
-1.969437858462333679e+01 -1.827382207845712614e+01
-1.942554982999960700e+01 -1.852332271229137106e+01
-1.942661873747904977e+01 -1.608873644742098818e+01
-1.924824168781439582e+01 -1.801925420141839496e+01
-1.961017744491497794e+01 -1.848881849066003724e+01
-1.954269707451264182e+01 -1.839835969503823776e+01
-1.941913538922866067e+01 -1.729005107631931182e+01
-1.937634861220915994e+01 -1.865343950940416917e+01
-1.938316503663857659e+01 -1.819918491313983822e+01
-1.932973468055327615e+01 -1.830698934777990416e+01
-1.970114423582951346e+01 -1.853910094422179355e+01
-1.967507366587718209e+01 -1.749901237735500459e+01
-1.962221201260884484e+01 -1.835134313013646334e+01
-1.959901032596826553e+01 -1.840511847161627301e+01
-1.987910439570744714e+01 -1.715438099650593529e+01
-1.939015532533327857e+01 -1.758694443145355635e+01
-1.935342265417178353e+01 -1.778995570888767119e+01
-1.937552444885174552e+01 -1.836869513524042929e+01
-1.970468563338120660e+01 -1.763690100087747936e+01
-1.952115730196237564e+01 -1.857182042010418854e+01
-1.978297272821267327e+01 -1.831359030983664837e+01
-1.933540566265583038e+01 -1.848073037878259584e+01
-1.952694129943847656e+01 -1.803554411058302165e+01
-1.950210835287968436e+01 -1.814192854893671836e+01
-1.948375190794467926e+01 -1.611338588169642705e+01
-1.956950371960799018e+01 -1.802932508889730912e+01
-1.973219215869903564e+01 -1.852625283327969541e+01
-1.972179396202166757e+01 -1.844736306079022370e+01
-1.959468061725298682e+01 -1.849440427259965247e+01
-1.966945040722687921e+01 -1.744637329547436266e+01
-1.957478929062684259e+01 -1.874209273945201559e+01
-1.965600857386986533e+01 -1.867337867191859502e+01
-1.952750994761784753e+01 -1.759527161833527842e+01
-1.968245064715544501e+01 -1.853941921135047721e+01
-1.959263290961583337e+01 -1.858328971615085479e+01
-1.984169716636339942e+01 -1.782241764316311006e+01
-1.978434984882672509e+01 -1.870870336309656068e+01
-1.934220231324434280e+01 -1.824079224970433444e+01
-1.980043794711430749e+01 -1.804190965132279700e+01
-1.961729283879200736e+01 -1.869993969062706185e+01
-1.958734396348397055e+01 -1.703978725532432748e+01
-1.957395080228646478e+01 -1.860219393148050671e+01
-1.957060247411330423e+01 -1.777428736005510501e+01
-1.969308876742919168e+01 -1.849408162104619180e+01
-1.955091566344102105e+01 -1.814456459144493294e+01
-1.963606804360945901e+01 -1.859065462087655973e+01
-1.943794857213894645e+01 -1.695282396093591615e+01
-1.974089266608158866e+01 -1.811519868033272829e+01
-1.947423803309599677e+01 -1.836744418701568193e+01
-1.973449852565924445e+01 -1.836320915469875459e+01
-1.965763311088085175e+01 -1.809006865612872161e+01
-1.962608247498671332e+01 -1.838853762985824147e+01
-1.972789905716975412e+01 -1.800029828950956201e+01
-1.960385261476039886e+01 -1.830342332418862838e+01
-1.976912289857864380e+01 -1.829600797380719968e+01
-1.984321642667055130e+01 -1.815720867801022109e+01
-1.968553037444750586e+01 -1.790745809480741357e+01
-1.973278391361236572e+01 -1.782132175990513545e+01
-1.968847798307736596e+01 -1.827548776354108639e+01
-1.969195179392893991e+01 -1.827881769700483972e+01
-1.962546613812446594e+01 -1.756036058648840026e+01
-1.960841388007004937e+01 -1.823813573416177292e+01
-1.978539311389128486e+01 -1.804811703075062113e+01
-1.983588195840517798e+01 -1.690674355742219248e+01
-1.979005941996971885e+01 -1.813913008454558096e+01
-1.967663064847389975e+01 -1.833576815468924437e+01
-1.954392819603284082e+01 -1.764470808846609984e+01
-1.955540945380926132e+01 -1.819578102656773311e+01
-1.968047471592823783e+01 -1.485723928971724028e+01
-1.966369977593421936e+01 -1.850521321730180091e+01
-1.976900439957777778e+01 -1.867570782946301833e+01
-1.984675361712773523e+01 -1.823276869352761764e+01
-1.970197947323322296e+01 -1.827313125907600622e+01
-1.992964383711417398e+01 -1.853970754301393242e+01
-1.964964863409598550e+01 -1.855115369078400889e+01
-1.965081195781628409e+01 -1.786488374487146302e+01
-1.979344350596268853e+01 -1.667957847768610335e+01
-1.965299584468205651e+01 -1.690426230740237656e+01
-1.967103634277979651e+01 -1.825439963402686061e+01
-1.975063216189543525e+01 -1.862140501938857184e+01
-1.976360179980595788e+01 -1.865076696717893867e+01
-1.969135171423355857e+01 -1.866434768577674674e+01
-1.954000925024350366e+01 -1.761768674850463867e+01
-1.987502717723448953e+01 -1.819729480495700713e+01
-1.991307483613491058e+01 -1.859193225959678841e+01
-1.991084966063499451e+01 -1.828862520936247549e+01
-1.968917164703210076e+01 -1.840007863725934811e+01
-1.996513045330842218e+01 -1.846466432298932858e+01
-1.978264701863129815e+01 -1.781853076389857549e+01
-1.983863869061072549e+01 -1.854866206181513633e+01
-1.995335010687510291e+01 -1.866245227665095996e+01
-1.976197415590286255e+01 -1.833907351555762233e+01
-1.968751417100429535e+01 -1.844905054414427070e+01
-1.985893321533997735e+01 -1.815928497562160615e+01
-1.979220652828614035e+01 -1.824979008018196325e+01
-1.981176853179931641e+01 -1.771322462156221533e+01
-1.963749657819668570e+01 -1.823675077611749984e+01
-1.986327735831340036e+01 -1.818993994477507314e+01
-1.936333440244197845e+01 -1.778576400372889310e+01
-1.988009230544169625e+01 -1.701749892668290443e+01
-1.976508784045775613e+01 -1.833682783547934037e+01
-1.975111685196558753e+01 -1.794794673424262399e+01
-1.970097766071557999e+01 -1.775865537470037125e+01
-1.990817504872878274e+01 -1.849241909423431807e+01
-1.981769151985645294e+01 -1.833389371401303691e+01
-1.986493164052565774e+01 -1.835295509982418594e+01
-1.984490508586168289e+01 -1.852120434154163675e+01
-1.996219660838444909e+01 -1.809476231909417621e+01
-1.992465479920307914e+01 -1.701815050298517562e+01
-1.945906887700160226e+01 -1.722546459792496165e+01
-1.993131282428900519e+01 -1.839658883330109873e+01
-1.966060812771320343e+01 -1.785647223831771413e+01
-1.993885856370131293e+01 -1.728943465592025319e+01
-2.001994406183560571e+01 -1.809169770525647536e+01
-1.968268152823050698e+01 -1.594219205286595731e+01
-1.987523335218429565e+01 -1.836605670685311509e+01
-2.000439270834128180e+01 -1.791010709552021751e+01
-1.956726767619450769e+01 -1.788658145805457877e+01
-1.976241671790679177e+01 -1.745673040910200768e+01
-1.983091686417659005e+01 -1.847182686297924548e+01
-2.004281047483285150e+01 -1.825601141019301110e+01
-1.990937967846791068e+01 -1.706061157622894697e+01
-1.981843811273574829e+01 -1.857218842692189398e+01
-2.001107550660769263e+01 -1.797993447254230404e+01
-2.000388937195141992e+01 -1.791514080840271816e+01
-1.988364955286185065e+01 -1.798822878397904290e+01
-1.984769051770369330e+01 -1.805688241240266123e+01
-1.988547139118115226e+01 -1.795876906599317380e+01
-1.995983184128999710e+01 -1.820061035589738196e+01
-1.988346291333436966e+01 -1.751150089115291308e+01
-1.970053313672542572e+01 -1.743049934932163936e+01
-1.959662435203790665e+01 -1.833824944186520156e+01
-2.001170693089564523e+01 -1.628164822714669313e+01
-1.989551075796286383e+01 -1.775490085799972562e+01
-1.991527857879797736e+01 -1.829993480830997754e+01
-1.987862798571586609e+01 -1.807025078364781123e+01
-2.005321054160594940e+01 -1.840715846767673369e+01
-1.979376106709241867e+01 -1.742606698073349847e+01
-1.977623560279607773e+01 -1.824621881757463626e+01
-2.004559485117594519e+01 -1.806579685211181641e+01
-1.968004163602988044e+01 -1.745722734773313789e+01
-1.981665080537398538e+01 -1.828494123979048425e+01
-1.994281748682260513e+01 -1.867033412239768353e+01
-1.977601106216510018e+01 -1.862519401698917676e+01
-1.994199792047341546e+01 -1.833952530947598447e+01
-2.001506943007310113e+01 -1.815057155064173955e+01
-2.007067885994911194e+01 -1.829741380121800631e+01
-1.990377317865689477e+01 -1.808632001009854307e+01
-1.993864579498767853e+01 -1.852003896391236992e+01
-2.001586802055438241e+01 -1.848701756960385723e+01
-1.989312796294689178e+01 -1.774103951144527969e+01
-1.978267889469861984e+01 -1.853943087837912884e+01
-1.979366401831309119e+01 -1.841063371881261901e+01
-1.990808148930470267e+01 -1.853268297616537552e+01
-2.004453685134649277e+01 -1.832898313348943375e+01
-1.982492945094903192e+01 -1.598288176895736079e+01
-1.985139434039592743e+01 -1.849993528638567142e+01
-1.998712275425593177e+01 -1.803692451080718584e+01
-1.990864535421133041e+01 -1.834131395661985664e+01
-1.986940251290798187e+01 -1.815152963415368959e+01
-1.965345275402069092e+01 -1.849215213973800687e+01
-2.006420169274012366e+01 -1.843512288626138229e+01
-2.001520681132872781e+01 -1.776319604105763617e+01
-1.991441542903582373e+01 -1.852407751454935436e+01
-1.988053100804487983e+01 -1.789029753053343086e+01
-2.005343871563673019e+01 -1.816686661212475329e+01
-1.990952966610590735e+01 -1.814260559577446585e+01
-1.998616718252499780e+01 -1.769238374140355319e+01
-2.004269323994715890e+01 -1.858523923700505875e+01
-1.992115749915440759e+01 -1.806964681055638522e+01
-2.011934205641349038e+01 -1.825080456671776830e+01
-1.980252610395352164e+01 -1.832424438773811559e+01
-1.991214331736167154e+01 -1.873063233610871592e+01
-1.997520643969376763e+01 -1.845094818263859082e+01
-2.002303960919380188e+01 -1.736633776379870042e+01
-1.971508357177178183e+01 -1.633452565329415407e+01
-1.999820507069428643e+01 -1.778028657838895654e+01
-1.991213150819142541e+01 -1.798843193054199219e+01
-2.014309485753377160e+01 -1.862142654518028451e+01
-2.002192815889914712e+01 -1.750594259237314176e+01
-2.000504225740830222e+01 -1.845422646906468600e+01
-2.003861148903767386e+01 -1.830736478582605287e+01
-2.007139521340529242e+01 -1.837133978558825120e+01
-1.979885747532049933e+01 -1.856491575612650280e+01
-2.008521245171626290e+01 -1.846438966478620358e+01
-1.989960019787152490e+01 -1.863931518406062793e+01
-2.011474478741486749e+01 -1.814733177036433887e+01
-2.019663987060387811e+01 -1.632307716468712044e+01
-2.007380224019289017e+01 -1.795591048451213112e+01
-2.003780321528514108e+01 -1.846702736693543301e+01
-2.012562447289625922e+01 -1.654664100300182028e+01
-2.008306733767191687e+01 -1.843402806814614792e+01
-2.022679121543963632e+01 -1.791070220996807194e+01
-2.022449502845605096e+01 -1.867591464055048789e+01
-2.015332261224587640e+01 -1.780996544330151110e+01
-1.998314689099788666e+01 -1.845794797872568083e+01
-1.999542970955371857e+01 -1.803340992370209150e+01
-2.004768945028384408e+01 -1.723728070940290280e+01
-2.012104509522517404e+01 -1.754226191632159271e+01
-1.972136699904998025e+01 -1.863968102343670807e+01
-2.011255868027607718e+01 -1.842454933810543594e+01
-2.029774543642997742e+01 -1.780916918717421638e+01
-2.002736082176367560e+01 -1.775626441410609502e+01
-2.016316450635592261e+01 -1.826364419367406100e+01
-1.988672249019145966e+01 -1.851714235776430684e+01
-2.002446530759334564e+01 -1.846390668447915573e+01
-2.023878180980682373e+01 -1.746077750565169850e+01
-2.014508162438869476e+01 -1.840415393532096644e+01
-2.014733008046944818e+01 -1.834281211704402637e+01
-1.993861248592535773e+01 -1.826851014967088460e+01
-2.015268097817897797e+01 -1.746977538567084665e+01
-1.987799163162708282e+01 -1.753305165179364167e+01
-2.002939859777688980e+01 -1.843944362541297721e+01
-2.012685865163803101e+01 -1.739371055751652051e+01
-2.006430561840534210e+01 -1.811928516239314746e+01
-2.018530646959940711e+01 -1.827974975883186559e+01
-2.006748740126689157e+01 -1.865539035549411651e+01
-2.021071608861287316e+01 -1.815777434311904059e+01
-2.007404472430546960e+01 -1.841234701330011703e+01
-1.999125831574201584e+01 -1.666025865232789727e+01
-2.023196945587794104e+01 -1.799546444880498086e+01
-1.996932603915532312e+01 -1.817003921409705924e+01
-2.025627051293849945e+01 -1.846496733132894974e+01
-1.987242313971121987e+01 -1.842373883879029961e+01
-2.006245337923367700e+01 -1.792524066528716631e+01
-2.024108581244945526e+01 -1.784396576571774062e+01
-2.017537747571865836e+01 -1.780937425192300338e+01
-2.014407810817162314e+01 -1.814484980199244291e+01
-1.997223247836033622e+01 -1.674572464088340951e+01
-2.013251745949188987e+01 -1.811395438305743255e+01
-2.024925059576829156e+01 -1.775177948196212796e+01
-2.024840648223956308e+01 -1.821410364918894587e+01
-2.006276630858580390e+01 -1.840323655017010651e+01
-2.022301839540402213e+01 -1.713925370303067197e+01
-2.004994306961695472e+01 -1.750110805808723669e+01
-1.993146432191133499e+01 -1.835253916158304577e+01
-1.996141982575257501e+01 -1.841194930633941240e+01
-2.004408396035432816e+01 -1.856121423647001123e+01
-2.017718638479709625e+01 -1.728722671409705924e+01
-1.998000716666380683e+01 -1.848344987398618144e+01
-2.009195848057667533e+01 -1.819421366902140846e+01
-2.034710439046223840e+01 -1.741539402751179466e+01
-1.992751925190289697e+01 -1.836831636552686930e+01
-2.022552387168009957e+01 -1.859625143819041071e+01
-1.996775765468676767e+01 -1.756966756845449495e+01
-2.007140332957108697e+01 -1.814887882827164134e+01
-2.030284449458122253e+01 -1.853583816429237174e+01
-2.029190240800380707e+01 -1.819497320249483252e+01
-2.029870010415713111e+01 -1.834318526379473724e+01
-2.007706742733716965e+01 -1.827209113480208913e+01
-1.979184976220130920e+01 -1.844755696631097308e+01
-2.020470715314149857e+01 -1.701531831320230026e+01
-2.014497013638417044e+01 -1.848498250292493239e+01
-2.016087305545806885e+01 -1.841478288328492852e+01
-2.020642582575480262e+01 -1.739694314188771429e+01
-2.036459547032912454e+01 -1.801827776277220039e+01
-2.024387143552303314e+01 -1.819226577065207806e+01
-2.018461280564467231e+01 -1.832383687155587282e+01
-2.010471000522375107e+01 -1.864681199309113779e+01
-2.024034306903680047e+01 -1.803843845020641012e+01
-2.029620668788750848e+01 -1.751295305227304411e+01
-2.040526642898718634e+01 -1.810108635642311725e+01
-2.024338796238104621e+01 -1.806043746254660931e+01
-2.006406720976034919e+01 -1.825631545426009694e+01
-2.011886828641096869e+01 -1.810391544986080703e+01
-2.021732676029205322e+01 -1.734622909496356868e+01
-2.029559946060180664e+01 -1.857544297057312832e+01
-2.019862321267525473e+01 -1.852588991685347253e+01
-2.032141233483950415e+01 -1.847384627453692474e+01
-2.004600394268830499e+01 -1.718528717833680020e+01
-2.008330967773993692e+01 -1.855012998952494030e+01
-1.999531238277753076e+01 -1.832129006571583929e+01
-2.014221784720818320e+01 -1.853264129935920934e+01
-2.022765792161226273e+01 -1.847333452299043799e+01
-2.028524682422478875e+01 -1.797745500292096921e+01
-2.031790252526601037e+01 -1.519597935366940256e+01
-2.025963541120290756e+01 -1.879670679414427070e+01
-2.024404783298571786e+01 -1.718888508189808206e+01
-2.029876850545406342e+01 -1.858728220555689603e+01
-2.021475982169310370e+01 -1.770311128938352851e+01
-2.009603697061538696e+01 -1.847221581347577057e+01
-2.018876469135284424e+01 -1.839418448411025153e+01
-2.026179922372102737e+01 -1.824668547394987783e+01
-2.025243229170640191e+01 -1.816613798017625570e+01
-2.039386909206708154e+01 -1.801219380366337930e+01
-2.037666402757167816e+01 -1.879357949789468307e+01
-2.028392357130845269e+01 -1.842538227973046361e+01
-2.017802296082178870e+01 -1.726430777760295143e+01
-2.021393931905428687e+01 -1.744025848438213444e+01
-2.007167954246203223e+01 -1.826679691711029463e+01
-2.029203232129414758e+01 -1.832735455500615274e+01
-1.999292600154876709e+01 -1.853473383420473652e+01
-2.017035876214504242e+01 -1.653946026888760557e+01
-2.034063978989918908e+01 -1.847845598939177236e+01
-2.049243651330471039e+01 -1.859825934372939216e+01
-2.008779885868231574e+01 -1.814247878186114349e+01
-2.024481659879286966e+01 -1.844330008618243255e+01
-2.034753076235453406e+01 -1.823084825045102519e+01
-2.047083930671215057e+01 -1.856019442422049437e+01
-2.029400366544723511e+01 -1.765718976553384323e+01
-2.040413782000541687e+01 -1.784123752643535710e+01
-2.037846698363621911e+01 -1.865350523861971865e+01
-2.013855149348576745e+01 -1.843471405722878131e+01
-2.026661140720049659e+01 -1.774548524385922832e+01
-2.019677005708217621e+01 -1.772644798476974515e+01
-2.036840344468752662e+01 -1.845522603121670713e+01
-2.018366037805875024e+01 -1.741256271709095316e+01
-2.038036741564671317e+01 -1.786125962145916901e+01
-2.027875336011250695e+01 -1.876877182799500332e+01
-2.028224502255519113e+01 -1.838088722972126732e+01
-2.020458051065604010e+01 -1.813099562657343711e+01
-2.007029764850934228e+01 -1.861553351910083265e+01
-2.024845559646685800e+01 -1.840693564229197321e+01
-2.037864730755488196e+01 -1.759076929711676129e+01
-2.043670389056205750e+01 -1.737839262826102171e+01
-2.051471673200527945e+01 -1.867552341114391012e+01
-2.038599536816279212e+01 -1.757283886996182432e+01
-2.039556571344534674e+01 -1.823770298895897923e+01
-2.034530327220757684e+01 -1.832262670838987617e+01
-2.052462952832381049e+01 -1.862001893427464694e+01
-2.046362795929114142e+01 -1.736487886503145361e+01
-2.028754989802837372e+01 -1.805727198216822416e+01
-2.001495288312435150e+01 -1.812697107141667985e+01
-2.023019060492515564e+01 -1.828737232901833210e+01
-2.036665283143520355e+01 -1.704255016128738376e+01
-2.046455694238344947e+01 -1.675951496966473542e+01
-2.024357414742310723e+01 -1.783512541535612783e+01
-2.027168234686056891e+01 -1.769159086648519974e+01
-2.060744160662094870e+01 -1.812785167198676461e+01
-2.021464692056179047e+01 -1.844840148826698112e+01
-2.048921527465184411e+01 -1.769785996226521263e+01
-2.022199563185374060e+01 -1.857672877125925837e+01
-2.040553414324919501e+01 -1.754293755122593623e+01
-2.046718414127826691e+01 -1.777330090163589915e+01
-2.039095562696456909e+01 -1.882682178546856022e+01
-2.041827232638994971e+01 -1.801120385256680478e+01
-2.033669860909382621e+01 -1.723743858585109834e+01
-2.030172908802827081e+01 -1.792305218089710550e+01
-2.035353788236777106e+01 -1.778051891574611787e+01
-2.035725649197896203e+01 -1.863681634680017396e+01
-2.039459954698880395e+01 -1.818686435749004460e+01
-2.038616382579008857e+01 -1.807863330841064453e+01
-2.031386667738358298e+01 -1.855159840026459150e+01
-2.050236829370260239e+01 -1.796645471647188330e+01
-2.023326285183429718e+01 -1.845251069750104733e+01
-2.039296765625476837e+01 -1.680540024150501566e+01
-2.027588718136151513e+01 -1.811705284614067679e+01
-2.039995686213175574e+01 -1.851497699688007259e+01
-2.033320702860752860e+01 -1.764463381333784753e+01
-2.035877902309099952e+01 -1.827095241051215524e+01
-2.041264976561069489e+01 -1.823412148364178620e+01
-2.038256327062845230e+01 -1.855483891127945384e+01
-2.010343962659438333e+01 -1.795561638126125459e+01
-2.044117393592993537e+01 -1.863400342866971826e+01
-2.043002931276957312e+01 -1.813517987882936211e+01
-2.041311839967966080e+01 -1.841759300231933594e+01
-2.045192994674046716e+01 -1.760977528311989460e+01
-2.035991819699605188e+01 -1.823860926442332087e+01
-2.049731641014416894e+01 -1.830100870751715192e+01
-2.033577204247315606e+01 -1.721744996851140641e+01
-2.051994170745213708e+01 -1.777596227224771042e+01
-2.026819700002670288e+01 -1.854595008453765459e+01
-2.029252295941114426e+01 -1.831428564988173591e+01
-2.018775032957394799e+01 -1.808798880391306696e+01
-2.070725769797961036e+01 -1.755511480802065449e+01
-2.033868947625160217e+01 -1.807904314065908480e+01
-2.039161936938762665e+01 -1.774305559133554411e+01
-2.020722987751166144e+01 -1.810799866218071585e+01
-2.045298648873965064e+01 -1.847408173301003131e+01
-2.034789579610029975e+01 -1.855343349258621188e+01
-2.053622794648011407e+01 -1.779470208403352061e+01
-2.037156064063310623e+01 -1.798182932122961120e+01
-2.039571470022201538e+01 -1.801848892112830924e+01
-2.026242584735155106e+01 -1.800080708095005733e+01
-2.049670197566350183e+01 -1.789625096011471328e+01
-2.040398170053958893e+01 -1.806217788101790944e+01
-2.039192342013120651e+01 -1.834094206079259948e+01
-2.048426436384518823e+01 -1.853644828053263893e+01
-2.014033644894758979e+01 -1.806526590322519255e+01
-2.022267978886763373e+01 -1.821661108190363265e+01
-2.034490351875622949e+01 -1.828042616162981204e+01
-2.030916875352462014e+01 -1.790043739219764518e+01
-2.059587472180525580e+01 -1.763355569715623616e+01
-2.046515652040640632e+01 -1.857434074600021390e+01
-2.053359581530094147e+01 -1.772100343332662220e+01
-2.033020642399787903e+01 -1.828588495626078014e+01
-2.021302571644385537e+01 -1.798875070547128630e+01
-2.035140763719876489e+01 -1.858911546484216615e+01
-2.061144681771596154e+01 -1.615384342144061947e+01
-2.044017755488554755e+01 -1.785630301686076393e+01
-2.052217364807923516e+01 -1.805618447142762051e+01
-2.052389784653981408e+01 -1.808069216740595664e+01
-2.023348225156466285e+01 -1.775604620846835147e+01
-2.043600207070509711e+01 -1.772327102314342184e+01
-2.055038634936014930e+01 -1.823758376728404684e+01
-2.039496078093846521e+01 -1.816429953141646081e+01
-2.053090254962444305e+01 -1.756539125566358805e+01
-2.028561773151159286e+01 -1.777886978991620026e+01
-2.039214909076690674e+01 -1.849647910873611423e+01
-2.039065137505531311e+01 -1.766718403704754792e+01
-2.031748307247956475e+01 -1.849792024686739111e+01
-2.015507265677054605e+01 -1.850815363054151774e+01
-2.035795751710732659e+01 -1.818384244844510889e+01
-2.051064751048882684e+01 -1.803776184924237214e+01
-2.047795115659634391e+01 -1.841287846998734778e+01
-2.029919210076332092e+01 -1.866964802184662275e+01
-2.026347020516793052e+01 -1.707573162425648050e+01
-2.064122759302457055e+01 -1.771589489726277122e+01
-2.033924606939156732e+01 -1.796379079447164173e+01
-2.026390095800161362e+01 -1.863279135815508880e+01
-2.040265454600254813e+01 -1.856696772885013047e+01
-2.065291582544644555e+01 -1.773288077812690133e+01
-2.057797303050756454e+01 -1.826486082200880290e+01
-2.056446303178866586e+01 -1.761943788652296305e+01
-2.043348211795091629e+01 -1.839186668395996094e+01
-2.056603424747784814e+01 -1.813526686135824662e+01
-2.035263653596242150e+01 -1.813821928841727171e+01
-2.044189371665318689e+01 -1.766159644684234209e+01
-2.059162347018718719e+01 -1.749037273208816501e+01
-2.048724672198295593e+01 -1.823865495409284421e+01
-2.058024324973424157e+01 -1.857130238916966647e+01
-2.043829054137070855e+01 -1.745703720736813125e+01
-2.057097331186135492e+01 -1.774921134849647331e+01
-2.074963411192099372e+01 -1.843397858855012217e+01
-2.067511137326558313e+01 -1.737021448705103666e+01
-2.027346777667601785e+01 -1.847109003190870524e+01
-2.057428178191184998e+01 -1.853729210890732659e+01
-2.053080968558788300e+01 -1.807651594087674951e+01
-2.048276987175146857e+01 -1.744067780383221589e+01
-2.058418597777684411e+01 -1.802689058130437516e+01
-2.060427684585253516e+01 -1.832920049692129183e+01
-2.066569806138674537e+01 -1.811391834159950065e+01
-2.045109253625075141e+01 -1.795200681067132464e+01
-2.056047379722197732e+01 -1.829621951611010999e+01
-2.062575365106264869e+01 -1.824416253473851413e+01
-2.053752314050992211e+01 -1.811271745508367204e+01
-2.060241887718439102e+01 -1.713906846727643796e+01
-2.051013951996962348e+01 -1.790535349660105524e+01
-2.046290402114391327e+01 -1.779447925864876012e+01
-2.038781220217545709e+01 -1.800195339747837764e+01
-2.046764969080686569e+01 -1.463461280178714041e+01
-2.052438252667586127e+01 -1.753642172627634821e+01
-2.052972419063250342e+01 -1.864615484956022939e+01
-2.057480489214261254e+01 -1.752593436798492021e+01
-2.052008191247780999e+01 -1.764473991889458304e+01
-2.026051970819632331e+01 -1.808457248241870374e+01
-2.043547615408897400e+01 -1.852579722466406764e+01
-2.054286659757296363e+01 -1.700820641703419867e+01
-2.070936887462933740e+01 -1.823237857570896026e+01
-2.073086105287075043e+01 -1.707845447589824772e+01
-2.038276603072881699e+01 -1.734054351162600938e+01
-2.067873422801494598e+01 -1.835263493773225107e+01
-2.052566453814506531e+01 -1.844466320880047761e+01
-2.056713640193144599e+01 -1.815546942376471051e+01
-2.068126949171225348e+01 -1.848612460842380401e+01
-2.064896587530772010e+01 -1.827102028239857034e+01
-2.042927953600883484e+01 -1.827919521579494599e+01
-2.059254852930704871e+01 -1.751446493569906693e+01
-2.081470694144566735e+01 -1.824734695236404391e+01
-2.035299037893613061e+01 -1.631944724491664189e+01
-2.033225311338901520e+01 -1.713335900492482367e+01
-2.058498676617940149e+01 -1.831229785820106315e+01
-2.054286403457323829e+01 -1.830046508838604069e+01
-2.043981683750947198e+01 -1.792492933397169352e+01
-2.039607909321784973e+01 -1.828199791598629531e+01
-2.043184495468934259e+01 -1.806283383555226507e+01
-2.065069210032622138e+01 -1.790498116728547373e+01
-2.059027731418609619e+01 -1.815495320109577904e+01
-2.063996754586696625e+01 -1.830026173281979140e+01
-2.056943887720505515e+01 -1.817859868879441976e+01
-2.056109809875488281e+01 -1.754248682245031432e+01
-2.044686956703662872e+01 -1.792934991167737380e+01
-2.054487372934818268e+01 -1.834873855888069372e+01
-2.034208482255538186e+01 -1.840986659310080853e+01
-2.050216406583786011e+01 -1.822622411901300765e+01
-2.069239155203104019e+01 -1.860870429447718877e+01
-2.078000631928443909e+01 -1.804601572705553636e+01
-2.042483518024285516e+01 -1.740676090934059772e+01
-2.039910959700743476e+01 -1.809766184819208945e+01
-2.033383860190709314e+01 -1.780252538408551999e+01
-2.063331627845764160e+01 -1.834265417866892633e+01
-2.060566074649493018e+01 -1.759109801750678415e+01
-2.031800816456476966e+01 -1.791640926955582103e+01
-2.066792782644430915e+01 -1.758761818378002673e+01
-2.062971528867880622e+01 -1.840281946008855485e+01
-2.030374340713024139e+01 -1.800986013784036999e+01
-2.055938883870840073e+01 -1.840021922371604290e+01
-2.071515208979447564e+01 -1.820606553709352227e+01
-2.038769149283568183e+01 -1.776366107494800062e+01
-2.061978737016518792e+01 -1.840497626267470466e+01
-2.056334666411082068e+01 -1.803952598571777344e+01
-2.074303599695364753e+01 -1.789578938174557265e+01
-2.046851445237795630e+01 -1.821349731048980303e+01
-2.083717776338259497e+01 -1.737629999433244876e+01
-2.049846330285072327e+01 -1.805601368941269769e+01
-2.060188748439152917e+01 -1.796883662335284271e+01
-2.059141105910142144e+01 -1.832764606971245414e+01
-2.065071288744608680e+01 -1.839247636671190023e+01
-2.062957488993803778e+01 -1.848625007233062334e+01
-2.061312997837861261e+01 -1.828602891154103460e+01
-2.055162853002548218e+01 -1.821820368085588626e+01
-2.059995674838622293e+01 -1.820871163653088942e+01
-2.067979810635248938e+01 -1.777750762097247161e+01
-2.064798603455225745e+01 -1.845095727350804538e+01
-2.057043483356634894e+01 -1.806345324082808190e+01
-2.059688170254230499e+01 -1.827680758686808815e+01
-2.080110793809096137e+01 -1.801388268656544867e+01
-2.055624410013357917e+01 -1.836385838397137604e+01
-2.068433597187201300e+01 -1.833755107978721810e+01
-2.082454471786816796e+01 -1.782073712039303359e+01
-2.050325391193230828e+01 -1.850817888433283187e+01
-2.043596704055865487e+01 -1.846878523640818415e+01
-2.072979860504468164e+01 -1.739712237073229417e+01
-2.051803588867187500e+01 -1.812163443379587946e+01
-2.073960567514101783e+01 -1.821941576375589733e+01
-2.025877163807551185e+01 -1.645795841960163841e+01
-2.067574649055798730e+01 -1.803502970856505527e+01
-2.065674732625484467e+01 -1.839171286991664189e+01
-2.054828227063019952e+01 -1.845113936337557803e+01
-2.049537920951843262e+01 -1.838609806902996979e+01
-2.057242637624343118e+01 -1.839419781077991800e+01
-2.039836435019969940e+01 -1.816074215282093363e+01
-2.082729807496070862e+01 -1.802940670855633698e+01
-2.067510165274143219e+01 -1.787556167701622201e+01
-2.057952442765235901e+01 -1.735029742005583486e+01
-2.066109398504098138e+01 -1.859520207442246331e+01
-2.070796728134155273e+01 -1.833831214904785156e+01
-2.028000438958406448e+01 -1.844737929802436227e+01
-2.063992726306120673e+01 -1.817243982290292692e+01
-2.064417627453804016e+01 -1.845746518419934645e+01
-2.038026993970076362e+01 -1.844636353579434385e+01
-2.062691625952720642e+01 -1.669637459593933926e+01
-2.055176874001820764e+01 -1.791066626759318581e+01
-2.080766755342483521e+01 -1.852799746278044424e+01
-2.039161140968402108e+01 -1.839199702770678968e+01
-2.075020044545332709e+01 -1.843738189300933428e+01
-2.080907253424326697e+01 -1.834961892412854567e+01
-2.032952941209077835e+01 -1.781322037089954691e+01
-2.073388639589150628e+01 -1.799938131307626676e+01
-2.079671127100785455e+01 -1.799544584596311836e+01
-2.065557373563448706e+01 -1.843192813922832585e+01
-2.066809951265652856e+01 -1.821181427348743753e+01
-2.066760845482349396e+01 -1.792486048364019879e+01
-2.056257536013920983e+01 -1.760749902353658314e+01
-2.061554276943206787e+01 -1.830566901665229196e+01
-2.075735334555308143e+01 -1.779854417776132536e+01
-2.063191267848014832e+01 -1.744627379132555589e+01
-2.049073557555675507e+01 -1.806919672582056791e+01
-2.074409330884615699e+01 -1.850594141576197416e+01
-2.067175346612930298e+01 -1.868439635982761260e+01
-2.055525064468383789e+01 -1.654317642806412181e+01
-2.045320152739683905e+01 -1.839955217188054704e+01
-2.071548371513684472e+01 -1.834102880799925117e+01
-2.090008210142453393e+01 -1.837338500827937793e+01
-2.079970556994279107e+01 -1.780047836551418428e+01
-2.059201195339361945e+01 -1.854662164465173646e+01
-2.067515586068232736e+01 -1.820899973287210827e+01
-2.050579044719536981e+01 -1.840464557300914450e+01
-2.085491616030533990e+01 -1.806907879222523050e+01
-2.069990547498067102e+01 -1.811547894911332435e+01
-2.057283282031615457e+01 -1.824810272068172168e+01
-2.058616424351930618e+01 -1.857530882451441556e+01
-2.069958648085594177e+01 -1.803546818819912900e+01
-2.084179523338874063e+01 -1.837035615103585329e+01
-2.075269451240698615e+01 -1.724336781439843236e+01
-2.080985565483570099e+01 -1.789442762151941224e+01
-2.067073394854863366e+01 -1.858615719188343363e+01
-2.064960906902949134e+01 -1.574095403993284492e+01
-2.068191043535868445e+01 -1.786186307436459941e+01
-2.078691505889097968e+01 -1.865554285668707379e+01
-2.075983397662639618e+01 -1.818992375708245746e+01
-2.073902171353499213e+01 -1.825862924154702682e+01
-2.070417366425196448e+01 -1.873322327106030016e+01
-2.074536152184009552e+01 -1.868364940990101175e+01
-2.049061662703752518e+01 -1.840987674911300687e+01
-2.058862963815530023e+01 -1.573345422125481896e+01
-2.094071384270985803e+01 -1.841808385972852946e+01
-2.086209669709205627e+01 -1.770871105441799287e+01
-2.048833390822013101e+01 -1.804158335846739902e+01
-2.066448711355527124e+01 -1.790873173304966670e+01
-2.067032186686992645e+01 -1.791595082468800726e+01
-2.071308950831492623e+01 -1.803731773426006413e+01
-2.080572685599327087e+01 -1.779054958789379626e+01
-2.063079024851322174e+01 -1.772667665605421305e+01
-2.070413823922475061e+01 -1.851796822733693304e+01
-2.063351231068372726e+01 -1.830835342407226562e+01
-2.073632852236429969e+01 -1.818085845105059661e+01
-2.072470564146836480e+01 -1.812889802610719414e+01
-2.072434845566749573e+01 -1.819517661998798275e+01
-2.058986189464728156e+01 -1.804248839539366855e+01
-2.069996258119742194e+01 -1.766685539096980762e+01
-2.060990735391775885e+01 -1.792148076094590081e+01
-2.062502098580201348e+01 -1.747181806935892467e+01
-2.073707044124603271e+01 -1.775184342768285006e+01
-2.069631008803844452e+01 -1.764699921050629072e+01
-2.057438446829716483e+01 -1.851281219333797168e+01
-2.069582568605740747e+01 -1.806943905817998086e+01
-2.092763502399126807e+01 -1.847895431518554688e+01
-2.046185619135697564e+01 -1.836280176237032080e+01
-2.074552973608176032e+01 -1.820878108136065521e+01
-2.061532234152157983e+01 -1.833178075567468568e+01
-2.072227078676223755e+01 -1.707279092615300797e+01
-2.085003229478995124e+01 -1.836152870624096423e+01
-2.059336259464422980e+01 -1.810226030473585368e+01
-2.068755956987540046e+01 -1.848800008947199203e+01
-2.063778272271156311e+01 -1.829125167797138118e+01
-2.082218859096368035e+01 -1.825750281594016400e+01
-2.078222921490669250e+01 -1.851036900359314785e+01
-2.069159224629402161e+01 -1.769396175037730856e+01
-2.068005024393399438e+01 -1.646955943417239610e+01
-2.068049395581086358e+01 -1.799835243472805146e+01
-2.067399432758490363e+01 -1.817299778430492907e+01
-2.093099234004815301e+01 -1.850427918619923773e+01
-2.057431994378566742e+01 -1.816195731968074512e+01
-2.081145258744557580e+01 -1.822079379837234470e+01
-2.079695412019888678e+01 -1.832759286211682692e+01
-2.066646781563758850e+01 -1.813191397778399505e+01
-2.078864568968613824e+01 -1.818192413875035029e+01
-2.067817520598570624e+01 -1.795466641017369014e+01
-2.061869502564271173e+01 -1.833244028958407412e+01
-2.069646295905113220e+01 -1.805341456772445241e+01
-2.075092733403046807e+01 -1.827819917109105319e+01
-2.060710625847180566e+01 -1.841745843515767689e+01
-2.065718004604180535e+01 -1.773830511662867337e+01
-2.099428509175777435e+01 -1.827419190592580023e+01
-2.086470535894234857e+01 -1.796708211031826963e+01
-2.067875033120314399e+01 -1.792521312020041790e+01
-2.085188875595728675e+01 -1.818493121010916624e+01
-2.065811899304389954e+01 -1.784744397695962448e+01
-2.064819381137688836e+01 -1.841709942012638379e+01
-2.049043072760105133e+01 -1.810701320697734928e+01
-2.082806999484698096e+01 -1.839802039753307028e+01
-2.068948256472746650e+01 -1.828800229902391195e+01
-2.078648958851893624e+01 -1.808264708828616563e+01
-2.055984237790107727e+01 -1.799507708363718805e+01
-2.089363031089305878e+01 -1.829590958434265957e+01
-2.057748806973298272e+01 -1.749865711509407262e+01
-2.098020503918329993e+01 -1.833657776225696878e+01
-2.078383307655652246e+01 -1.848810638080943747e+01
-2.069048112630844116e+01 -1.863502451661345205e+01
-2.064807420720656594e+01 -1.858557380329478903e+01
-2.088063140958547592e+01 -1.792047560060179023e+01
-2.093521655599276343e+01 -1.788555374393215303e+01
-2.087852518260478973e+01 -1.766770172119140625e+01
-2.081540618340174476e+01 -1.831967753868598336e+01
-2.077129731575648108e+01 -1.849494905595655680e+01
-2.083808908363183221e+01 -1.745659802176735553e+01
-2.082537339131037513e+01 -1.825193536436403008e+01
-2.059685347229242325e+01 -1.769718954160616065e+01
-2.097437234719594201e+01 -1.852505546421199512e+01
-2.084232017894585809e+01 -1.829822484548989792e+01
-2.090845673779646674e+01 -1.795602762544309883e+01
-2.076457737882931909e+01 -1.753612256979013395e+01
-2.073083532601594925e+01 -1.776139715120389795e+01
-2.095971535146236420e+01 -1.835918225870504017e+01
-2.068201529483000556e+01 -1.816679072689700547e+01
-2.079204519093036652e+01 -1.850635501316615361e+01
-2.085265072186787805e+01 -1.829663785711511537e+01
-2.065035457660754403e+01 -1.831012469452696934e+01
-2.074738268554210663e+01 -1.748023098784607754e+01
-2.070772788425286492e+01 -1.808251903583477116e+01
-2.082872602840264520e+01 -1.804001463852919684e+01
-2.080090178052584449e+01 -1.841491092335094137e+01
-2.090862796207268914e+01 -1.812669228888177386e+01
-2.091734978059927741e+01 -1.834416429098550338e+01
-2.086765905221303186e+01 -1.835121070564567347e+01
-2.100370152294635773e+01 -1.863078944714038343e+01
-2.084981945653756341e+01 -1.792170316522771500e+01
-2.061540430784225464e+01 -1.810457343559760446e+01
-2.073506504793961724e+01 -1.781596477310379001e+01
-2.111627105375130853e+01 -1.834937183578292874e+01
-2.089858527978261193e+01 -1.833703276398894033e+01
-2.086921698848406592e+01 -1.729270339321780625e+01
-2.083409862220287323e+01 -1.848118290343841963e+01
-2.101160007218519965e+01 -1.825737693093039837e+01
-2.080984408656756202e+01 -1.837374062971635169e+01
-2.087006416916847229e+01 -1.732849457976105967e+01
-2.057064719249804696e+01 -1.748601449000371133e+01
-2.094827202955881873e+01 -1.775421192119647884e+01
-2.070729980866114417e+01 -1.831240670092694245e+01
-2.076528520882129669e+01 -1.772147709982735719e+01
-2.100277637441952905e+01 -1.820306192125593014e+01
-2.064412292838096619e+01 -1.851388819805987396e+01
-2.087299197415510932e+01 -1.805144815321092366e+01
-2.100384056568145752e+01 -1.717499931137283298e+01
-2.079796910285949707e+01 -1.814613123063917399e+01
-2.087866934140523156e+01 -1.821013789981990527e+01
-2.081781689822673798e+01 -1.872036310914274893e+01
-2.078643044332663337e+01 -1.815093037989232272e+01
-2.082399336496989051e+01 -1.755466409163041419e+01
-2.094201537966728210e+01 -1.719732757667442513e+01
-2.067201279600461206e+01 -1.847537142270571309e+01
-2.090469731887181482e+01 -1.769076233405571585e+01
-2.088256615897019586e+01 -1.841814023798162125e+01
-2.086517794926961145e+01 -1.846167968155501882e+01
-2.095923270781834802e+01 -1.831249331189440355e+01
-2.098279864589373389e+01 -1.814165032374394571e+01
-2.090385512014229974e+01 -1.797938454615605508e+01
-2.073803028215964517e+01 -1.845125702449253779e+01
-2.082468122740586480e+01 -1.839674165651395654e+01
-2.057020099461078644e+01 -1.796702503848385390e+01
-2.077257448683182517e+01 -1.863224302019391843e+01
-2.090748368451992789e+01 -1.840131696478113099e+01
-2.105291050175825873e+01 -1.788332581210445937e+01
-2.099062902728716651e+01 -1.821453688980697194e+01
-2.101502241194248199e+01 -1.851811810282917747e+01
-2.085667527218659600e+01 -1.800070295705423717e+01
-2.062749239057302475e+01 -1.798054557651668262e+01
-2.096786014735698700e+01 -1.843187413896833249e+01
-2.094340248405933380e+01 -1.755735981928837930e+01
-2.100776165723800659e+01 -1.649688983273196641e+01
-2.102146882812182227e+01 -1.815055333174668206e+01
-2.086120926340420922e+01 -1.846051441539417581e+01
-2.095074395338694373e+01 -1.838234792436872311e+01
-2.090241882205009460e+01 -1.825821704369086618e+01
-2.081488459308942041e+01 -1.562523745251940355e+01
-2.071666763722896576e+01 -1.855494602005203220e+01
-2.083098985751469812e+01 -1.867352758135114499e+01
-2.105114225049813470e+01 -1.665580271436022386e+01
-2.055531815687815467e+01 -1.842952320792458210e+01
-2.069479446113109589e+01 -1.829068304037118864e+01
-2.095165546238422394e+01 -1.831045404657140807e+01
-2.102758114039897919e+01 -1.817012497047325326e+01
-2.086501528074343881e+01 -1.836664343499517926e+01
-2.063914422442515573e+01 -1.834802221322988558e+01
-2.065337719023227692e+01 -1.800127867909220925e+01
-2.106251409649848938e+01 -1.762283546893627673e+01
-2.106640348831812659e+01 -1.778893045945601159e+01
-2.091106434414784232e+01 -1.796022763190331517e+01
-2.103148428599039832e+01 -1.823324066013484668e+01
-2.063361346721649170e+01 -1.807263390429608307e+01
-2.081549490491549292e+01 -1.875799094856559535e+01
-2.085637652873992920e+01 -1.773817734904103460e+01
-2.101579417536656180e+01 -1.806927332940039577e+01
-2.088063722352186957e+01 -1.850236674717494267e+01
-2.100907366474469384e+01 -1.830584859228753558e+01
-2.071181202928225318e+01 -1.811990072820093900e+01
-2.097069382170836249e+01 -1.835053447624305534e+01
-2.111077603697776794e+01 -1.826539548650964662e+01
-2.076196944713592529e+01 -1.820314209182540921e+01
-2.116491690774758538e+01 -1.837546300268792621e+01
-2.095171556373437127e+01 -1.851798129391360703e+01
-2.100638433297475061e+01 -1.796350209124676667e+01
-2.072317152221997461e+01 -1.811141613551548701e+01
-2.079616468648115912e+01 -1.816836385603074788e+01
-2.082108292728662491e+01 -1.753326359042873506e+01
-2.087727125982443610e+01 -1.820443020857773675e+01
-2.079569296538829803e+01 -1.827089528913621663e+01
-2.087082059681415558e+01 -1.835540937448476839e+01
-2.102443043887615204e+01 -1.831832451015323926e+01
-2.087811904648939887e+01 -1.872602487539316130e+01
-2.099190416435400763e+01 -1.854256594026243476e+01
-2.094141289095083991e+01 -1.793825538437087985e+01
-2.100591454903284827e+01 -1.845312190365481797e+01
-2.079954499006271362e+01 -1.839926209387841283e+01
-2.101733999947706977e+01 -1.789138811284845687e+01
-2.092863488197326660e+01 -1.731595439415473336e+01
-2.098649107913176337e+01 -1.842437040650999336e+01
-2.085953070223331451e+01 -1.767413026636296891e+01
-2.081772464017073432e+01 -1.831066057279512549e+01
-2.087140958011150360e+01 -1.708368033867377633e+01
-2.097565818826357642e+01 -1.785394085227668981e+01
-2.100879963239033899e+01 -1.848844243334485427e+01
-2.095917025705178460e+01 -1.667382876903979749e+01
-2.089792047441005707e+01 -1.752783163491781693e+01
-2.086784168084462365e+01 -1.853701475069120264e+01
-2.100679870446522912e+01 -1.794228934003161058e+01
-2.084796617180109024e+01 -1.811838280070911722e+01
-2.090899728735287866e+01 -1.829106509221064414e+01
-2.112875879307587823e+01 -1.835799223416811543e+01
-2.096419343352317810e+01 -1.755947884646328916e+01
-2.091856808463732520e+01 -1.832869355090252839e+01
-2.075519633293151855e+01 -1.781674630301339235e+01
-2.087521167596181115e+01 -1.822863445034274932e+01
-2.098283027112483978e+01 -1.843694268263779534e+01
-2.082798830171426019e+01 -1.860229469893814525e+01
-2.103955547511577606e+01 -1.861958187895935879e+01
-2.083601993819077691e+01 -1.862981605529785156e+01
-2.098133337249358377e+01 -1.801792900283615140e+01
-2.101107452809810638e+01 -1.828867061416824313e+01
-2.112417346735795221e+01 -1.804740191125250348e+01
-2.093163149555524072e+01 -1.816702417893843347e+01
-2.096099036435286322e+01 -1.836888147329355192e+01
-2.109030347565810004e+01 -1.717226016057001914e+01
-2.101270880550146103e+01 -1.812953090667724609e+01
-2.099842684964339057e+01 -1.845727882137546416e+01
-2.094083231190840522e+01 -1.841750522712608529e+01
-2.113407963514328003e+01 -1.809314408240380345e+01
-2.085917105774084845e+01 -1.777425850211799840e+01
-2.078109710166851798e+01 -1.812430026314475384e+01
-2.089735826104879379e+01 -1.788992288515165185e+01
-2.101455502212047577e+01 -1.822419451428698167e+01
-2.093777034183343133e+01 -1.798762098535314635e+01
-2.099609644711017609e+01 -1.795871908014470719e+01
-2.117354047298431396e+01 -1.792516617960744085e+01
-2.101897935569286346e+01 -1.742179695971600495e+01
-2.094017778088648996e+01 -1.587121559737564702e+01
-2.092131778597831726e+01 -1.870864774035169020e+01
-2.116343053181966027e+01 -1.865431529206114902e+01
-2.085700838267803192e+01 -1.842362266391902637e+01
-2.095999350150426110e+01 -1.800765540383078900e+01
-2.058775531748930732e+01 -1.845825145151707858e+01
-2.026342331524938345e+01 -1.849953028443571768e+01
-2.087176389743884286e+01 -1.857770546999844541e+01
-2.089108193914095679e+01 -1.843517875671386719e+01
-2.083582522471745690e+01 -1.804165468587503796e+01
-2.120696782072385034e+01 -1.784953849346606702e+01
-2.071126434455315390e+01 -1.805818433885450602e+01
-2.111497068405151367e+01 -1.841623004071124114e+01
-2.087896632154782495e+01 -1.866599478040422611e+01
-2.116315724949042121e+01 -1.854308605194091797e+01
-2.086043684184551239e+01 -1.775574705198213721e+01
-2.091370587547620019e+01 -1.804287479450176335e+01
-2.075737693657477578e+01 -1.767734972223058776e+01
-2.083606405556201935e+01 -1.868314504004144183e+01
-2.099529812733332435e+01 -1.837167903200372621e+01
-2.086044594148794928e+01 -1.773307161207322835e+01
-2.094231352210044861e+01 -1.816891569595832223e+01
-2.089999485512574395e+01 -1.862122806945404463e+01
-2.095829164485136786e+01 -1.844689114062817126e+01
-2.116708003481229028e+01 -1.846086602396779242e+01
-2.119379965215921402e+01 -1.510505237827053371e+01
-2.110957673688729486e+01 -1.776671591672030459e+01
-2.087398379544417182e+01 -1.873053511086996537e+01
-2.097806317110856256e+01 -1.811106958017720814e+01
-2.102927746002872667e+01 -1.817053087655600052e+01
-2.074478677908579627e+01 -1.851045957788244323e+01
-2.089869401852289954e+01 -1.840464174592649726e+01
-2.094250308473904809e+01 -1.732093926219197044e+01
-2.080556381245454034e+01 -1.845039458089060602e+01
-2.104263085126876831e+01 -1.803390869536957197e+01
-2.097749435901641846e+01 -1.839605457751781969e+01
-2.095139872779448709e+01 -1.815485120748544645e+01
-2.090148697296778479e+01 -1.749559677421272497e+01
-2.113394734760125360e+01 -1.822158728017435436e+01
-2.094687707722187042e+01 -1.819731982342608489e+01
