# Train Val
-2.266828236480554093e+00 -7.018309783935547053e+00
-7.873112390438715913e+00 -8.102342081069945579e+00
-8.111467192570367857e+00 -8.158995676040650125e+00
-8.112069269021352724e+00 -8.109511852264404297e+00
-8.122899959484735533e+00 -8.145497846603394265e+00
-8.115278780460357666e+00 -8.202870655059815164e+00
-8.108833173910776182e+00 -8.230667686462401988e+00
-8.188863376776376768e+00 -8.243447256088256125e+00
-8.189647157986959414e+00 -8.292291021347045543e+00
-8.238185624281564756e+00 -8.239495277404785156e+00
-8.226564536492029234e+00 -8.183013820648193715e+00
-8.231242865324020386e+00 -8.322592258453369141e+00
-8.232258349657058716e+00 -8.275355434417724254e+00
-8.274028301239013672e+00 -8.312742137908935902e+00
-8.258866260449091001e+00 -8.240555334091187234e+00
-8.257397323846817017e+00 -8.242504119873046875e+00
-8.277413974205652281e+00 -8.158650588989257102e+00
-8.186439613501230284e+00 -8.239864921569823863e+00
-8.293076386054357485e+00 -8.300957202911376953e+00
-8.287301540374755859e+00 -8.295385360717773438e+00
-8.290498584508895874e+00 -8.269656324386597035e+00
-8.286348025004068418e+00 -8.096397352218627219e+00
-8.243302047252655029e+00 -8.324232673645019176e+00
-8.319890985886255308e+00 -8.323423528671265004e+00
-8.292237132787704468e+00 -8.169519519805907848e+00
-8.304404050111770630e+00 -8.338205146789551492e+00
-8.268552243709564209e+00 -8.346555757522583718e+00
-8.310351451237997011e+00 -8.358438491821289062e+00
-8.322406391302743955e+00 -8.350530672073364968e+00
-8.327685286601385073e+00 -8.089382600784301047e+00
-8.351875076691309019e+00 -8.285272026062012074e+00
-8.361180941263834043e+00 -8.357384872436522727e+00
-8.425901730855306582e+00 -8.372824525833129528e+00
-8.488342672586441040e+00 -8.411681652069091797e+00
-8.439446310202280088e+00 -8.275286293029784801e+00
-8.496581703424453735e+00 -8.567239189147949574e+00
-8.532063941160837217e+00 -8.474700880050658469e+00
-8.607418437798818545e+00 -8.519173955917358043e+00
-8.735016802946725889e+00 -8.885056591033935192e+00
-8.890691677729288145e+00 -9.128621768951415305e+00
-8.866451253493627505e+00 -9.124069213867187500e+00
-9.039011607567468687e+00 -9.272632980346680043e+00
-9.040034214655557676e+00 -9.324651336669921520e+00
-9.281875530878702207e+00 -9.396339607238768821e+00
-9.426246623198190733e+00 -9.718641519546508789e+00
-9.413781096537908510e+00 -9.707714748382567649e+00
-9.553738643725713686e+00 -9.736282825469970703e+00
-9.488305787245431944e+00 -8.989874267578125355e+00
-9.487822035948434873e+00 -9.477623176574706321e+00
-9.772500256697336241e+00 -9.218681716918945668e+00
-9.680862307548522949e+00 -8.555835151672363637e+00
-9.193436483542123838e+00 -9.343575477600097656e+00
-9.875865399837493896e+00 -9.504987144470215199e+00
-9.808296044667562441e+00 -8.887655210494994407e+00
-9.906055847803751035e+00 -9.647088718414305930e+00
-1.004269433021545410e+01 -9.462795639038086293e+00
-1.016030303637186627e+01 -9.833217525482178090e+00
-1.001974700887998004e+01 -9.815128326416015625e+00
-1.006173574924468994e+01 -9.447917461395263672e+00
-1.004015007615089417e+01 -9.836931800842284801e+00
-1.010596209764480591e+01 -1.023426609039306712e+01
-1.027060604095458984e+01 -9.363819503784180043e+00
-1.026099224885304828e+01 -9.636336612701416726e+00
-1.040326211849848370e+01 -1.013924160003662145e+01
-1.048933209975560565e+01 -1.014326648712158274e+01
-1.058239754041036029e+01 -9.649125003814697621e+00
-1.030765427152315716e+01 -1.043056850433349680e+01
-1.041309813658396344e+01 -1.036561803817749094e+01
-1.048188181718190570e+01 -1.011536827087402379e+01
-1.049989306926727295e+01 -1.015163145065307582e+01
-1.052782120307286640e+01 -1.003673801422119105e+01
-1.044417687257131000e+01 -1.045719175338745188e+01
-1.046271485090255737e+01 -9.967862033843994496e+00
-1.091399703423182110e+01 -1.026151523590087855e+01
-1.076901817321777344e+01 -1.034706649780273402e+01
-1.079465572039286236e+01 -1.042010693550109934e+01
-1.074683302640914917e+01 -1.071352720260620117e+01
-1.061167047421137433e+01 -8.819466638565064187e+00
-1.067434205611546894e+01 -1.051105852127075124e+01
-1.084993363420168500e+01 -1.031451616287231410e+01
-1.082070257266362567e+01 -9.370892333984375711e+00
-1.104336559772491455e+01 -1.034357252120971715e+01
-1.093469069401423077e+01 -9.803148174285889027e+00
-1.092499138911565204e+01 -9.874237203598022816e+00
-1.098862491051355939e+01 -9.868892383575438743e+00
-1.108699951569239239e+01 -1.052752285003662180e+01
-1.108488992849985699e+01 -1.079944896697998047e+01
-1.104108514388402362e+01 -1.063145189285278391e+01
-1.110781093438466449e+01 -1.059961328506469691e+01
-1.119062771399815936e+01 -1.070458288192748952e+01
-1.132708881298700909e+01 -1.064534893035888707e+01
-1.130308840672175030e+01 -1.093612241744995117e+01
-1.143463796377182007e+01 -1.065288600921630824e+01
-1.135598007837931256e+01 -1.075444860458373952e+01
-1.150118945042292218e+01 -1.088165950775146484e+01
-1.155909816424051861e+01 -1.066192531585693359e+01
-1.157249138752619366e+01 -1.058271150588989329e+01
-1.130351986487706561e+01 -9.774457740783692117e+00
-1.119455105066299438e+01 -1.068260068893432546e+01
-1.148834659655888935e+01 -1.040237884521484446e+01
-1.133031747738520245e+01 -1.083387861251831019e+01
-1.172051747639974018e+01 -1.085356502532959055e+01
-1.159092789888381958e+01 -1.066348543167114293e+01
-1.148685332139333148e+01 -1.044119262695312500e+01
-1.159702229499816895e+01 -1.041606311798095774e+01
-1.171948359409967999e+01 -1.067677097320556712e+01
-1.161829543113708496e+01 -9.924185371398925426e+00
-1.149294769763946533e+01 -1.039667863845825124e+01
-1.169371211528778076e+01 -1.083102102279663015e+01
-1.153270039955774884e+01 -1.084327650070190430e+01
-1.195639163255691528e+01 -1.111994314193725586e+01
-1.151650524139404297e+01 -1.078975877761840785e+01
-1.168249984582265277e+01 -1.110368175506591726e+01
-1.188277061780293842e+01 -1.104520988464355469e+01
-1.181868213415145874e+01 -9.915879726409912109e+00
-1.145508247613906860e+01 -1.068552494049072266e+01
-1.182076835632324219e+01 -1.084622163772582937e+01
-1.186314638455708881e+01 -1.090688571929931605e+01
-1.208253409465154071e+01 -1.115232868194580007e+01
-1.204531153043111225e+01 -1.112753458023071218e+01
-1.177526024977366070e+01 -1.066622886657714808e+01
-1.182679575681686401e+01 -1.078116216659545934e+01
-1.187252114216486554e+01 -1.089408740997314418e+01
-1.213270366191864014e+01 -1.069624319076538121e+01
-1.224679110447565655e+01 -1.141784315109253001e+01
-1.198622751235961914e+01 -1.112991657257080114e+01
-1.204338302214940448e+01 -1.134706745147705043e+01
-1.189962677160898785e+01 -1.145872421264648366e+01
-1.231731923421224018e+01 -1.111030206680297816e+01
-1.234677195549011230e+01 -1.090863447189331126e+01
-1.229031866788864136e+01 -1.078274431228637731e+01
-1.235876655578613281e+01 -1.083991966247558558e+01
-1.202724428971608539e+01 -9.045707464218139648e+00
-1.220637607574462891e+01 -1.060733737945556676e+01
-1.217620392640431781e+01 -1.092987165451049769e+01
-1.176990441481272320e+01 -1.114444684982299805e+01
-1.231008958816528320e+01 -1.133811826705932546e+01
-1.192555445432662964e+01 -1.030630798339843679e+01
-1.226599057515462299e+01 -1.135681238174438512e+01
-1.260739531119664569e+01 -1.078056583404540980e+01
-1.224590029319127460e+01 -1.146173419952392614e+01
-1.265532388289769550e+01 -1.124351778030395543e+01
-1.239362470308939557e+01 -1.154680271148681570e+01
-1.253184400002161603e+01 -1.112301216125488246e+01
-1.209561659892400165e+01 -1.138212661743164134e+01
-1.238986239830652814e+01 -1.135498867034912074e+01
-1.267716872692108154e+01 -1.117210512161254954e+01
-1.250606300433476825e+01 -1.031400480270385778e+01
-1.271602491537729840e+01 -1.163634757995605540e+01
-1.253004286686579327e+01 -1.142191925048828161e+01
-1.212760168313980103e+01 -1.121593675613403285e+01
-1.264493983983993530e+01 -1.126767311096191371e+01
-1.264645576477050781e+01 -1.113246431350708043e+01
-1.236497559150060077e+01 -1.009538593292236364e+01
-1.219913059473037720e+01 -1.129192094802856516e+01
-1.277873128652572632e+01 -1.089573898315429723e+01
-1.269862109422683716e+01 -1.105941972732543910e+01
-1.251404764254887958e+01 -1.141809167861938512e+01
-1.247751589616139789e+01 -1.126765594482421839e+01
-1.279757128159205060e+01 -1.163355960845947301e+01
-1.236542606353759766e+01 -1.075726432800292898e+01
-1.265068087975184064e+01 -1.114262094497680700e+01
-1.267181116342544556e+01 -1.112584400177001953e+01
-1.259322180350621601e+01 -1.146180830001831019e+01
-1.275269438823064228e+01 -1.122161884307861257e+01
-1.252087779839833637e+01 -1.051470165252685618e+01
-1.285704761743545532e+01 -9.934289455413818359e+00
-1.278163522481918335e+01 -1.138039970397949219e+01
-1.296647709608078003e+01 -1.097742252349853587e+01
-1.287549585103988647e+01 -1.133775577545165980e+01
-1.290926090876261334e+01 -1.088716611862182582e+01
-1.321383396784464459e+01 -1.130465593338012731e+01
-1.282989839712778668e+01 -1.169467172622680629e+01
-1.314167773723602295e+01 -1.130455179214477468e+01
-1.299481169382731061e+01 -1.173215970993041957e+01
-1.295439394315083881e+01 -1.125983681678772008e+01
-1.266119360923767090e+01 -1.154535913467407227e+01
-1.322522630294164081e+01 -1.057858381271362269e+01
-1.294548930724461933e+01 -1.147299833297729421e+01
-1.301156570514043231e+01 -1.134388389587402379e+01
-1.327895138661066632e+01 -1.177617721557617259e+01
-1.339953949054082294e+01 -1.114228906631469762e+01
-1.311123802264531513e+01 -1.124452915191650426e+01
-1.327090845505396466e+01 -1.165326166152954102e+01
-1.312656287352244000e+01 -1.110305213928222656e+01
-1.330284849802652936e+01 -1.191693048477172923e+01
-1.286509227752685547e+01 -1.165315303802490199e+01
-1.319945462544759174e+01 -1.159496545791625977e+01
-1.320635869105657001e+01 -1.119846696853637624e+01
-1.284139649073282818e+01 -1.121229209899902379e+01
-1.295844258864720722e+01 -1.138984413146972585e+01
-1.269191145896911621e+01 -1.114142065048217844e+01
-1.276056047280629535e+01 -1.153373994827270543e+01
-1.310500023762384991e+01 -1.130072784423828125e+01
-1.303080823024114032e+01 -1.190460453033447230e+01
-1.317189862330754657e+01 -1.179736309051513743e+01
-1.319677935043970685e+01 -1.188627090454101598e+01
-1.302029883861541748e+01 -1.187404127120971609e+01
-1.341541198889414410e+01 -1.183789443969726562e+01
-1.333868585030237774e+01 -1.040715990066528285e+01
-1.272480149070421795e+01 -1.191383209228515661e+01
-1.352619113524754901e+01 -1.141001596450805700e+01
-1.339346096913019757e+01 -1.194928131103515589e+01
-1.330153683821360211e+01 -1.149610204696655202e+01
-1.307886495192845722e+01 -1.176877689361572266e+01
-1.363318510850270648e+01 -1.176953983306884766e+01
-1.309728352228800397e+01 -1.087604084014892614e+01
-1.306933732827504535e+01 -1.171659078598022496e+01
-1.321424533923467060e+01 -1.172148933410644567e+01
-1.331268350283304791e+01 -1.134561614990234446e+01
-1.349319116274515729e+01 -1.185114173889160227e+01
-1.354497534036636353e+01 -1.179671564102172887e+01
-1.361046222845713238e+01 -1.214349107742309641e+01
-1.356261628866195679e+01 -1.187578744888305593e+01
-1.351104370752970318e+01 -1.105420503616332972e+01
-1.360640213886896710e+01 -1.152656173706054688e+01
-1.363190201918284039e+01 -1.139290609359741246e+01
-1.375797377030054669e+01 -1.175152587890625000e+01
-1.335933158795038800e+01 -1.087142581939697195e+01
-1.362791764736175537e+01 -1.170915307998657262e+01
-1.386788443724314313e+01 -1.181872119903564489e+01
-1.351087365547815899e+01 -1.197669496536254918e+01
-1.352419044574101825e+01 -1.104734649658203161e+01
-1.333543107906977276e+01 -1.157291564941406214e+01
-1.353704911470413208e+01 -1.210130815505981516e+01
-1.387971591949462891e+01 -1.175409107208252024e+01
-1.334998234113057514e+01 -1.216386842727661133e+01
-1.354078342517217060e+01 -1.219983472824096715e+01
-1.391344370444615741e+01 -1.159618425369262695e+01
-1.388776936133702655e+01 -1.177307224273681641e+01
-1.350819190343221088e+01 -1.197741909027099538e+01
-1.364777207374572754e+01 -1.239526214599609411e+01
-1.380439050992329975e+01 -1.139153490066528285e+01
-1.371708224217096905e+01 -1.109598379135131907e+01
-1.362630301713943481e+01 -1.047651243209838867e+01
-1.378510995705922504e+01 -1.169156551361083984e+01
-1.395206443468729596e+01 -1.186967229843139648e+01
-1.380687139431635480e+01 -1.161459732055664062e+01
-1.407938128709793091e+01 -1.185262012481689453e+01
-1.408265908559163471e+01 -1.152103910446166957e+01
-1.390485771497090717e+01 -1.168109798431396484e+01
-1.349144833286603351e+01 -1.229042520523071325e+01
-1.362388680378595929e+01 -1.190753746032714844e+01
-1.371417393287022968e+01 -1.217456932067871023e+01
-1.377116753657658954e+01 -1.248230199813842844e+01
-1.408149921894073486e+01 -1.214935998916626048e+01
-1.383290678262710571e+01 -1.210606794357299876e+01
-1.397410003344217877e+01 -1.186792678833007741e+01
-1.409037127097447772e+01 -1.112079257965087820e+01
-1.325331789255142212e+01 -1.232177782058715820e+01
-1.416354292631149292e+01 -1.241236410140991175e+01
-1.398613043626149555e+01 -1.125105781555175710e+01
-1.406172615289688110e+01 -1.218063220977783168e+01
-1.344737394650777240e+01 -1.160852708816528356e+01
-1.410889486471811871e+01 -1.228085050582885707e+01
-1.421135224898656269e+01 -1.212367353439331019e+01
-1.375314209858576397e+01 -1.238696460723877024e+01
-1.418816949923833270e+01 -1.056641464233398509e+01
-1.355742206176122089e+01 -1.221433172225952113e+01
-1.421636754274368286e+01 -1.146703615188598668e+01
-1.421938949823379517e+01 -1.229570274353027415e+01
-1.419787500301996808e+01 -1.195119762420654297e+01
-1.434709529081980328e+01 -1.235079193115234375e+01
-1.427537316083908081e+01 -1.236903953552246094e+01
-1.428219689925511737e+01 -1.232024450302123952e+01
-1.425776988267898560e+01 -1.161333341598510671e+01
-1.372705417871475220e+01 -1.210154914855957031e+01
-1.398909984032312970e+01 -1.204054489135742223e+01
-1.454837145407994647e+01 -1.176452732086181641e+01
-1.419743398825327496e+01 -1.235520257949829137e+01
-1.421886350711186786e+01 -1.213981995582580531e+01
-1.410370429356892963e+01 -1.127628965377807546e+01
-1.455517995357513428e+01 -1.204392480850219727e+01
-1.459830500682195087e+01 -1.194296703338623011e+01
-1.459533470869064331e+01 -1.248998165130615234e+01
-1.456380524237950702e+01 -1.025345935821533239e+01
-1.435472603638966937e+01 -1.260862627029418981e+01
-1.411845799287160297e+01 -1.173785581588745153e+01
-1.408230052391687970e+01 -1.188369188308715785e+01
-1.436989539861679077e+01 -1.205521116256713832e+01
-1.432783246040344238e+01 -1.134789772033691335e+01
-1.408525834480921368e+01 -1.205935573577880859e+01
-1.422821664810180664e+01 -1.247045249938964773e+01
-1.422910986344019513e+01 -1.245694637298583984e+01
-1.428159674008687396e+01 -1.224604511260986328e+01
-1.419541539748509784e+01 -1.221317291259765625e+01
-1.430140755573908429e+01 -1.172707529067993093e+01
-1.437104616562525372e+01 -1.236846866607666051e+01
-1.429280495643615723e+01 -1.246989812850952184e+01
-1.444179576635360718e+01 -1.185171222686767578e+01
-1.464847485224405865e+01 -1.229629201889038015e+01
-1.469362819194793701e+01 -1.256897726058959996e+01
-1.436931759119033813e+01 -1.238216943740844656e+01
-1.416443357865015606e+01 -1.258331050872802770e+01
-1.402021255095799823e+01 -1.070203046798706126e+01
-1.385607810815175434e+01 -1.219112615585327219e+01
-1.417908261219660382e+01 -1.248397207260131836e+01
-1.488812879721323590e+01 -1.254038515090942418e+01
-1.485989401737848858e+01 -1.262202730178833043e+01
-1.481221322218577008e+01 -1.231721258163452148e+01
-1.433312449852625470e+01 -1.221253118515014613e+01
-1.439035518964131732e+01 -1.241183576583862269e+01
-1.443593072891235352e+01 -1.219606351852416992e+01
-1.473014187812805176e+01 -1.277895469665527273e+01
-1.496724851926167865e+01 -1.237404994964599680e+01
-1.487875978151957135e+01 -1.231518859863281179e+01
-1.444664698839187622e+01 -1.262255373001098668e+01
-1.492896966139475445e+01 -1.209652633666992116e+01
-1.493560717503229718e+01 -1.248958759307861399e+01
-1.469517207145690918e+01 -1.083922958374023438e+01
-1.411487040917078595e+01 -1.245248508453369141e+01
-1.479957795143127441e+01 -1.187553997039794851e+01
-1.478109141190846820e+01 -1.190775022506713832e+01
-1.470053740342458148e+01 -1.224682140350341797e+01
-1.507403417428334613e+01 -1.191619510650634695e+01
-1.460368174314498901e+01 -1.227869195938110281e+01
-1.483414189020792584e+01 -1.204151515960693430e+01
-1.460581064224243164e+01 -1.241671543121337962e+01
-1.466787153482437134e+01 -1.068603448867797923e+01
-1.491307500998179059e+01 -1.213043279647827077e+01
-1.484825191895166974e+01 -1.222143898010253871e+01
-1.508988962570826153e+01 -1.263028249740600550e+01
-1.454015254974365234e+01 -1.190109300613403320e+01
-1.504031036297480206e+01 -1.228338193893432617e+01
-1.488711227973302265e+01 -1.209653844833374059e+01
-1.406941835085550885e+01 -1.181300125122070277e+01
-1.461600573857625385e+01 -1.230340623855590820e+01
-1.473090954621632953e+01 -1.145743513107299805e+01
-1.432417941093444824e+01 -1.260944824218750071e+01
-1.449625098705291748e+01 -1.254269714355468679e+01
-1.516300412019093891e+01 -1.268686523437500036e+01
-1.455133718252182007e+01 -1.126673555374145508e+01
-1.439664945999781231e+01 -1.122226161956787038e+01
-1.498977031310399433e+01 -1.214389286041259730e+01
-1.482889032363891602e+01 -1.268632373809814418e+01
-1.496548791726430316e+01 -1.264004068374633860e+01
-1.520035173495610614e+01 -1.221353502273559499e+01
-1.489583742618560791e+01 -1.293161020278930629e+01
-1.493930794795354267e+01 -1.255275392532348633e+01
-1.541273611783981323e+01 -1.211438102722167898e+01
-1.522721240917841534e+01 -1.245329980850219798e+01
-1.514263041814168353e+01 -1.189864325523376465e+01
-1.472175407409667969e+01 -1.258944349288940501e+01
-1.452499564488728900e+01 -1.125363082885742116e+01
-1.499369543790817261e+01 -1.293476123809814382e+01
-1.510008148352305035e+01 -1.163524971008300746e+01
-1.475907595952351947e+01 -1.246392946243286204e+01
-1.435426976283391376e+01 -1.185742092132568359e+01
-1.503933626413345337e+01 -1.241013612747192418e+01
-1.459455885489781757e+01 -1.206544389724731481e+01
-1.526490672429402728e+01 -1.279998502731323207e+01
-1.440194807449976544e+01 -1.245834522247314524e+01
-1.506312777598698993e+01 -1.274124059677123988e+01
-1.503640792767206769e+01 -1.200398635864257812e+01
-1.488361793756484985e+01 -1.263237562179565465e+01
-1.547055155038833618e+01 -1.224952449798584020e+01
-1.558221439520517926e+01 -1.247021074295043874e+01
-1.537924685080846210e+01 -1.287683010101318359e+01
-1.497976664702097516e+01 -1.223765983581543004e+01
-1.551472888390223126e+01 -1.296215600967407156e+01
-1.504832547903060913e+01 -1.292946195602416992e+01
-1.553866020838419537e+01 -1.227446002960205007e+01
-1.535629657904306988e+01 -1.264404230117797923e+01
-1.498514813184738159e+01 -1.229699697494506871e+01
-1.540032203992207904e+01 -1.306652698516845668e+01
-1.507077223062515259e+01 -1.229380569458007777e+01
-1.517822039127349854e+01 -1.264849796295166051e+01
-1.469358265399932861e+01 -1.317402515411376918e+01
-1.535707535346349140e+01 -1.180077667236328054e+01
-1.474491836627324481e+01 -1.246711864471435582e+01
-1.458986351887384991e+01 -1.300698871612548757e+01
-1.517217626174291034e+01 -1.235221900939941442e+01
-1.522387439012527466e+01 -1.218364620208740234e+01
-1.470068919658660889e+01 -1.199519629478454519e+01
-1.505380096038182636e+01 -1.228258266448974645e+01
-1.497301409641901593e+01 -1.298528790473937988e+01
-1.445689886808395386e+01 -1.168207330703735281e+01
-1.531552974383036236e+01 -1.269117774963378942e+01
-1.530553970734278302e+01 -1.251414327621460032e+01
-1.565938280026117901e+01 -1.243595743179321289e+01
-1.550133780638376813e+01 -1.273191576004028391e+01
-1.512214599053064923e+01 -1.249356098175048757e+01
-1.520202954610188861e+01 -1.272169084548950124e+01
-1.521547460556030273e+01 -1.252635116577148366e+01
-1.517298448085784912e+01 -1.191674270629882848e+01
-1.545751335223515888e+01 -1.194118709564208913e+01
-1.553703087568283081e+01 -1.282001991271972585e+01
-1.526990805069605450e+01 -1.244774150848388672e+01
-1.499598099788030048e+01 -1.191790685653686488e+01
-1.519060258070627789e+01 -1.228630304336547852e+01
-1.558712061246236225e+01 -1.244767818450927699e+01
-1.537027966976165771e+01 -1.261104812622070348e+01
-1.594703839222590069e+01 -1.214737844467163086e+01
-1.464877154429753681e+01 -1.213580904006957972e+01
-1.494887425502141376e+01 -1.254444274902343714e+01
-1.575622721513112445e+01 -1.336755514144897461e+01
-1.561160393555959125e+01 -1.261964721679687429e+01
-1.572196976343790631e+01 -1.275344295501708913e+01
-1.552691509326299091e+01 -1.279300909042358469e+01
-1.600446053345998010e+01 -1.255212345123291051e+01
-1.563665177424748798e+01 -1.269565696716308523e+01
-1.541866560777028461e+01 -1.193462114334106516e+01
-1.537392258644104004e+01 -1.279076871871948207e+01
-1.570438412825266461e+01 -1.281442270278930629e+01
-1.558782235781351666e+01 -1.225437955856323313e+01
-1.547714126110076904e+01 -1.302624244689941335e+01
-1.571593121687571148e+01 -1.199586486816406250e+01
-1.550212353467941284e+01 -1.238689174652099645e+01
-1.562952733039855957e+01 -1.257928991317749023e+01
-1.530090977748235126e+01 -1.198891677856445348e+01
-1.561447709798812866e+01 -1.161292982101440430e+01
-1.544452812274297138e+01 -1.219369173049926758e+01
-1.555556072791417499e+01 -1.274632444381713903e+01
-1.536533689498901367e+01 -1.217770566940307653e+01
-1.579607391357421875e+01 -1.240913686752319300e+01
-1.573569422960281372e+01 -1.252030267715454137e+01
-1.557837355136871338e+01 -1.217262458801269531e+01
-1.586926581462224384e+01 -1.301105222702026332e+01
-1.613783838351567468e+01 -1.243011121749878001e+01
-1.596737420558929443e+01 -1.206053667068481516e+01
-1.549878764152526855e+01 -1.264277095794677663e+01
-1.577423824866612811e+01 -1.277604894638061594e+01
-1.570413454373677631e+01 -1.226682157516479421e+01
-1.626032187541325769e+01 -1.272004089355468714e+01
-1.582202428579330444e+01 -1.210678510665893626e+01
-1.607142428557078162e+01 -1.181292285919189489e+01
-1.565337049961090088e+01 -1.341777439117431570e+01
-1.531854003667831421e+01 -1.236104927062988246e+01
-1.527185845375061035e+01 -1.244155817031860423e+01
-1.564114435513814350e+01 -1.301423358917236328e+01
-1.539874287446339984e+01 -1.258536529541015625e+01
-1.617215065161387244e+01 -1.296396093368530344e+01
-1.567349988222122192e+01 -1.167107019424438441e+01
-1.573741221427917480e+01 -1.191744213104248118e+01
-1.537468608220418353e+01 -1.214248027801513707e+01
-1.540205868085225482e+01 -1.250269975662231481e+01
-1.588474317391713519e+01 -1.235332865715026784e+01
-1.555501546462376972e+01 -1.174140462875366175e+01
-1.541299813985824585e+01 -1.223324298858642578e+01
-1.603766985734303674e+01 -1.333214054107665980e+01
-1.565620823701222797e+01 -1.270119924545288015e+01
-1.580855478843053241e+01 -1.277015514373779226e+01
-1.549311300118764301e+01 -1.236204061508178675e+01
-1.557258627812067608e+01 -1.235442714691162180e+01
-1.547312092781066895e+01 -1.234713840484619141e+01
-1.562053368488947491e+01 -1.125343532562255788e+01
-1.585256131490071674e+01 -1.235898618698120188e+01
-1.603200550874074182e+01 -1.259957046508788991e+01
-1.596066399415334125e+01 -1.271406793594360352e+01
-1.600352249542872229e+01 -1.255789251327514577e+01
-1.542397083838780780e+01 -1.234956417083740199e+01
-1.613812688986460486e+01 -1.217622976303100657e+01
-1.572689398129781146e+01 -1.261486530303955078e+01
-1.605718853076298913e+01 -1.257748517990112269e+01
-1.619942835966746131e+01 -1.156017313003540004e+01
-1.637254758675893029e+01 -1.204456615447998047e+01
-1.599358306328455548e+01 -1.250007047653198278e+01
-1.613769167661666870e+01 -1.248830575942993093e+01
-1.645039880275726318e+01 -1.265663099288940430e+01
-1.557253438234329224e+01 -1.232564172744750941e+01
-1.588473135232925415e+01 -1.186185832023620534e+01
-1.648539531230926514e+01 -1.274400825500488210e+01
-1.539496648311614990e+01 -1.303047838211059606e+01
-1.584581609567006488e+01 -1.231054983139038050e+01
-1.546763503551483154e+01 -1.274424095153808523e+01
-1.615120685100555420e+01 -1.241933135986328196e+01
-1.599204188585281372e+01 -1.294088611602783168e+01
-1.554345667362213135e+01 -1.263962450027465856e+01
-1.611568884054819861e+01 -1.223048524856567454e+01
-1.573835440476735492e+01 -1.321211509704589915e+01
-1.654487154881159583e+01 -1.313288393020629918e+01
-1.646564747889836511e+01 -1.312733783721923864e+01
-1.640881107250849524e+01 -1.257940874099731410e+01
-1.602228166659672937e+01 -1.274249100685119629e+01
-1.619348971048991004e+01 -1.260171155929565501e+01
-1.623927668730418006e+01 -1.285863552093505824e+01
-1.627397612730662146e+01 -1.214993214607238770e+01
-1.632857354482014856e+01 -1.310277404785156286e+01
-1.657891652981440345e+01 -1.266249456405639684e+01
-1.605087614059448242e+01 -1.263514213562011790e+01
-1.593097951014836688e+01 -1.223855543136596680e+01
-1.651822642485300818e+01 -1.163141956329345739e+01
-1.585481295982996564e+01 -1.231701469421386719e+01
-1.608180304368336877e+01 -1.210905714035034109e+01
-1.633794993162155151e+01 -1.256699085235595703e+01
-1.610674719015757361e+01 -1.292714309692382812e+01
-1.635065915187199792e+01 -1.223190021514892578e+01
-1.587721884250640869e+01 -1.343108930587768590e+01
-1.687819914023081580e+01 -1.283800678253173899e+01
-1.650303286314010620e+01 -1.301308269500732351e+01
-1.615909826755523682e+01 -1.262756862640380895e+01
-1.596632156769434552e+01 -1.272438106536865199e+01
-1.653762936592102051e+01 -1.250892486572265661e+01
-1.633301641543706140e+01 -1.240756320953369141e+01
-1.647457317511240760e+01 -1.251487264633178675e+01
-1.666383000214894494e+01 -1.292043190002441477e+01
-1.650303459167480469e+01 -1.299173164367675781e+01
-1.639649844169616699e+01 -1.156625194549560476e+01
-1.638841758171717444e+01 -1.250010328292846751e+01
-1.628043482700983802e+01 -1.203084297180175710e+01
-1.645111103852589807e+01 -1.127218427658081090e+01
-1.594806287686030011e+01 -1.261608791351318359e+01
-1.650443488359451294e+01 -1.117101697921753001e+01
-1.618903336922327796e+01 -1.187565040588378906e+01
-1.592382967472076416e+01 -1.225346674919128453e+01
-1.614235695203145227e+01 -1.195744476318359339e+01
-1.689844210942586145e+01 -1.204128446578979528e+01
-1.608885818719863892e+01 -1.290501165390014648e+01
-1.639142729838689050e+01 -1.272104883193969727e+01
-1.674932257334391394e+01 -1.246716241836547923e+01
-1.634433867534001550e+01 -1.253185100555419851e+01
-1.636309188604354858e+01 -1.120529637336730922e+01
-1.663489512602488318e+01 -1.199820814132690394e+01
-1.646878395477930823e+01 -1.267763948440551758e+01
-1.665454004208246985e+01 -1.210040702819824254e+01
-1.629460712273915490e+01 -1.201879138946533132e+01
-1.658194394906361779e+01 -1.223524150848388636e+01
-1.593394496043523212e+01 -1.222395782470703196e+01
-1.602483399709065637e+01 -1.272281665802001882e+01
-1.654359096288681030e+01 -1.276371507644653391e+01
-1.652249739567438880e+01 -1.174813642501831090e+01
-1.665507251024246216e+01 -1.261500368118286097e+01
-1.594244970877965351e+01 -1.250312576293945277e+01
-1.589737977584203144e+01 -1.248746576309204137e+01
-1.612799874941508094e+01 -1.212125816345214879e+01
-1.625108653306961060e+01 -1.305830440521240199e+01
-1.618824201822280884e+01 -1.202271461486816406e+01
-1.703789832194646081e+01 -1.266837043762206960e+01
-1.652221586306889733e+01 -1.218533897399902344e+01
-1.625678932666778564e+01 -1.315788927078247106e+01
-1.734042259057362756e+01 -1.285726737976074219e+01
-1.685816905895869056e+01 -1.180442008972167933e+01
-1.678390558560689172e+01 -1.290720691680908239e+01
-1.660519814491271973e+01 -1.295451421737670827e+01
-1.611479016145070275e+01 -1.295711231231689453e+01
-1.671800905466079712e+01 -1.230896215438842844e+01
-1.679481780529022217e+01 -1.317550954818725550e+01
-1.679252390066782752e+01 -1.266243238449096609e+01
-1.685133105516433716e+01 -1.332564516067504812e+01
-1.716760512193043908e+01 -1.282619352340698171e+01
-1.660832113027572632e+01 -1.137375192642211985e+01
-1.639556072155634681e+01 -1.212861957550048864e+01
-1.642634900410969934e+01 -1.268376245498657262e+01
-1.666004627943038940e+01 -1.229580078124999964e+01
-1.681720725695292273e+01 -1.218241405487060547e+01
-1.665934809048970422e+01 -1.250422096252441406e+01
-1.630307819445927819e+01 -1.315488433837890625e+01
-1.641396351655324182e+01 -1.283182468414306676e+01
-1.726550757884979248e+01 -1.288473205566406321e+01
-1.634163496891657630e+01 -1.240205106735229457e+01
-1.668217376867930213e+01 -1.294774541854858363e+01
-1.679812413454055786e+01 -1.273010988235473562e+01
-1.666140097379684448e+01 -1.341138019561767614e+01
-1.615137207508087158e+01 -1.231536083221435618e+01
-1.653199116388956824e+01 -1.273390750885009837e+01
-1.622227958838145057e+01 -1.222366342544555629e+01
-1.617814274628956994e+01 -1.223729667663574183e+01
-1.611201941967010498e+01 -1.274824657440185582e+01
-1.619662499427795410e+01 -1.214084615707397496e+01
-1.629639955361684045e+01 -1.238117113113403356e+01
-1.652828317880630493e+01 -1.243103141784667898e+01
-1.657284033298492432e+01 -1.257076072692871094e+01
-1.656140265862147132e+01 -1.275534811019897496e+01
-1.637510043382644653e+01 -1.222089004516601562e+01
-1.641876037915547570e+01 -1.155114316940307617e+01
-1.640876352787017822e+01 -1.248545532226562571e+01
-1.693757885694503784e+01 -1.299865550994872976e+01
-1.678017346064249793e+01 -1.257623949050903356e+01
-1.711142891645431519e+01 -1.321135807037353516e+01
-1.698241744438807288e+01 -1.303112564086914027e+01
-1.699780744314193726e+01 -1.190350046157836950e+01
-1.714194995164871216e+01 -1.275412578582763601e+01
-1.734319951136906823e+01 -1.276966085433959996e+01
-1.740302375952402869e+01 -1.285682668685913121e+01
-1.713217790921529016e+01 -1.294976482391357386e+01
-1.713368837038676062e+01 -1.346687707901000941e+01
-1.687460698684056482e+01 -1.265439739227294957e+01
-1.701110661029815674e+01 -1.275441675186157298e+01
-1.656606388092041016e+01 -1.258861198425293004e+01
-1.715981912612915039e+01 -1.201129407882690359e+01
-1.702964142958323279e+01 -1.264449100494384837e+01
-1.712274831533432007e+01 -1.267834930419921946e+01
-1.629954816897710046e+01 -1.263349561691284251e+01
-1.722771710157394409e+01 -1.237566213607788157e+01
-1.686938397089640418e+01 -1.264185018539428640e+01
-1.720948195457458496e+01 -1.365408039093017578e+01
-1.688941266139348230e+01 -1.269648399353027379e+01
-1.698112388451894006e+01 -1.315148115158081055e+01
-1.684042392174402991e+01 -1.242557830810546804e+01
-1.647948294878005981e+01 -1.314333133697509837e+01
-1.671999899546305457e+01 -1.227031526565551722e+01
-1.658864070971806726e+01 -1.159114799499511683e+01
-1.662290056546529016e+01 -1.171618175506591797e+01
-1.677934620777766028e+01 -1.286924724578857493e+01
-1.752127188444137573e+01 -1.329910278320312500e+01
-1.697489742437998572e+01 -1.240411396026611257e+01
-1.694959946473439416e+01 -1.275505113601684570e+01
-1.719154703617095947e+01 -1.230589380264282262e+01
-1.668362565835316857e+01 -1.273459348678588832e+01
-1.700324410200119019e+01 -1.253847141265869070e+01
-1.700955959161122522e+01 -1.213942451477050710e+01
-1.660434877872467041e+01 -1.326400604248046911e+01
-1.741125438610712806e+01 -1.286445379257202148e+01
-1.716072362661361694e+01 -1.270318679809570384e+01
-1.747127626339594642e+01 -1.257590093612670934e+01
-1.672870630025863647e+01 -1.319248313903808523e+01
-1.701052351792653283e+01 -1.216141800880432200e+01
-1.733356485764185706e+01 -1.314201431274414134e+01
-1.729440905650456628e+01 -1.298999719619751048e+01
-1.636408501863479614e+01 -1.321149539947509766e+01
-1.739659055074055871e+01 -1.221783285140991282e+01
-1.727399402856826782e+01 -1.301023426055908239e+01
-1.743438309431076050e+01 -1.268911619186401296e+01
-1.684391520420710364e+01 -1.238977069854736257e+01
-1.742934950192769250e+01 -1.314208059310913157e+01
-1.743006058533986291e+01 -1.236061506271362376e+01
-1.758579198519388953e+01 -1.286541538238525462e+01
-1.746896833181381226e+01 -1.262769737243652379e+01
-1.708792318900426110e+01 -1.313543605804443359e+01
-1.705577341715494910e+01 -1.213008804321288991e+01
-1.675586523612340173e+01 -1.372933025360107351e+01
-1.665933660666147986e+01 -1.166591787338256836e+01
-1.716778202851613244e+01 -1.276110601425170898e+01
-1.719385244448979577e+01 -1.261658763885498047e+01
-1.696014922857284546e+01 -1.273119335174560618e+01
-1.737752501169840613e+01 -1.312267322540283132e+01
-1.794018872578938684e+01 -1.308711471557617223e+01
-1.691831344366073608e+01 -1.303419227600097585e+01
-1.754898667335510254e+01 -1.259353837966918910e+01
-1.748328493038813392e+01 -1.220104503631591797e+01
-1.725719565153121948e+01 -1.263670654296874929e+01
-1.726443060239155969e+01 -1.249721059799194300e+01
-1.733289041121800622e+01 -1.261619510650634801e+01
-1.760999000072479248e+01 -1.276878070831298828e+01
-1.714038028319676599e+01 -1.211034669876098668e+01
-1.731556814908981323e+01 -1.276579990386962926e+01
-1.763333408037821570e+01 -1.259250602722167933e+01
-1.711400071779887000e+01 -1.135340023040771484e+01
-1.700235998630523682e+01 -1.200760402679443395e+01
-1.714088368415832520e+01 -1.261126527786254847e+01
-1.782022124528884888e+01 -1.296542501449584961e+01
-1.712081418434778968e+01 -1.215724315643310582e+01
-1.725549469391505042e+01 -1.306389636993408132e+01
-1.617207092046737671e+01 -1.312629375457763636e+01
-1.743049788475036621e+01 -1.329084329605102610e+01
-1.708003956079483032e+01 -1.240297431945800710e+01
-1.758819111188252649e+01 -1.231445512771606410e+01
-1.751085585355758667e+01 -1.268793277740478587e+01
-1.763667088747024536e+01 -1.184725656509399450e+01
-1.684051469961802283e+01 -1.248767509460449254e+01
-1.735024029016494751e+01 -1.289116420745849645e+01
-1.707124282916386804e+01 -1.220530033111572266e+01
-1.765706364313761512e+01 -1.268152847290039098e+01
-1.702568658192952356e+01 -1.301816015243530344e+01
-1.802814579010009766e+01 -1.175840482711791957e+01
-1.696679657697677612e+01 -1.184765157699584925e+01
-1.675027285019556800e+01 -1.226368436813354457e+01
-1.742555236816406250e+01 -1.237540926933288610e+01
-1.719111331303914270e+01 -1.247137279510497976e+01
-1.779271469513575354e+01 -1.107284116744995117e+01
-1.634523526827494422e+01 -1.191586732864379883e+01
-1.755800330638885498e+01 -1.246051864624023509e+01
-1.767921298742294312e+01 -1.271756401062011754e+01
-1.764699574311574182e+01 -1.291271448135375977e+01
-1.703184243043263635e+01 -1.210982389450073171e+01
-1.702644439538319787e+01 -1.290188436508178782e+01
-1.761569531758626184e+01 -1.312789154052734375e+01
-1.797220647335052490e+01 -1.239737653732299805e+01
-1.765909731388092041e+01 -1.350422372817993200e+01
-1.763063800334930420e+01 -1.169505758285522390e+01
-1.745087244113286218e+01 -1.234500837326049805e+01
-1.754462377230326453e+01 -1.260139541625976634e+01
-1.742201519012451172e+01 -1.291559181213378871e+01
-1.696861813465754310e+01 -1.252642998695373500e+01
-1.731628600756327430e+01 -1.265351247787475586e+01
-1.797863862911860267e+01 -1.318263692855834890e+01
-1.749502597252527991e+01 -1.313046989440917933e+01
-1.689267150561014930e+01 -1.163419923782348597e+01
-1.664638783534367761e+01 -1.246418485641479457e+01
-1.764433149496714393e+01 -1.258326568603515661e+01
-1.783355748653411865e+01 -1.200954599380493093e+01
-1.779087650775909424e+01 -1.197948093414306570e+01
-1.738185320297877112e+01 -1.313626174926757884e+01
-1.727532774209976196e+01 -1.198830995559692347e+01
-1.746451167265574256e+01 -1.263247165679931605e+01
-1.736857072512308875e+01 -1.269692897796630859e+01
-1.809544503688812256e+01 -1.289893379211425817e+01
-1.772948873043060303e+01 -1.244650487899780344e+01
-1.750798296928405762e+01 -1.299516849517822337e+01
-1.823642977078755578e+01 -1.277297048568725657e+01
-1.743685873349507531e+01 -1.242994890213012660e+01
-1.775766970713933190e+01 -1.254824151992797887e+01
-1.785348474979400635e+01 -1.286176910400390661e+01
-1.745220889647801599e+01 -1.286859874725341868e+01
-1.726186641057332238e+01 -1.238310832977294851e+01
-1.802634030580520630e+01 -1.226033248901367223e+01
-1.661961030960083008e+01 -1.215791492462158274e+01
-1.776140467325846473e+01 -1.267390699386596609e+01
-1.781454120079676429e+01 -1.218459663391113246e+01
-1.758515652020772180e+01 -1.253456401824951172e+01
-1.762785502274831018e+01 -1.263539180755615199e+01
-1.769600858290990075e+01 -1.261916999816894602e+01
-1.780386233329772949e+01 -1.301421575546264719e+01
-1.751981333891550818e+01 -1.191680612564086950e+01
-1.715928294261296472e+01 -1.254204473495483363e+01
-1.715062836805979529e+01 -1.170142641067504918e+01
-1.732806682586669922e+01 -1.267953290939331090e+01
-1.774171769618988037e+01 -1.266667566299438441e+01
-1.782239611943562707e+01 -1.289555568695068288e+01
-1.791418139139811316e+01 -1.163037042617797923e+01
-1.783732414245605469e+01 -1.226450910568237340e+01
-1.729136832555134973e+01 -1.224797859191894567e+01
-1.686010221640269080e+01 -1.243431806564331055e+01
-1.749068961540858069e+01 -1.343749284744262695e+01
-1.777015684048334876e+01 -1.232176275253295827e+01
-1.724353194236755371e+01 -1.280257911682128835e+01
-1.729566458861033240e+01 -1.252725172042846680e+01
-1.747849084933598718e+01 -1.242981491088867152e+01
-1.719165543715159217e+01 -1.238819856643676687e+01
-1.784413534402847290e+01 -1.272852010726928640e+01
-1.753718986113866052e+01 -1.245800790786743129e+01
-1.732028055191040039e+01 -1.200999517440795827e+01
-1.746825585762659827e+01 -1.281760168075561523e+01
-1.801132086912791053e+01 -1.255537948608398402e+01
-1.760129419962565223e+01 -1.314931945800781321e+01
-1.796887962023417273e+01 -1.322930307388305593e+01
-1.773428634802500525e+01 -1.315584926605224680e+01
-1.786571576197941980e+01 -1.300934200286865305e+01
-1.799141450723012170e+01 -1.182446584701538050e+01
-1.781516697009404382e+01 -1.309863252639770437e+01
-1.808125746250152588e+01 -1.233691844940185511e+01
-1.823472487926483154e+01 -1.273847227096557688e+01
-1.823482324679692468e+01 -1.249615201950073207e+01
-1.785159691174824914e+01 -1.234421958923339879e+01
-1.756478406985600671e+01 -1.331285400390624929e+01
-1.810035808881123742e+01 -1.243349008560180735e+01
-1.819827429453532019e+01 -1.247976894378662038e+01
-1.726842131217320642e+01 -1.314900226593017507e+01
-1.794638093312581262e+01 -1.237408885955810511e+01
-1.813952934741973877e+01 -1.253788576126098597e+01
-1.804430071512858191e+01 -1.308351573944091761e+01
-1.751982005437215051e+01 -1.282487773895263672e+01
-1.777421913544337073e+01 -1.223489580154418910e+01
-1.835685968399047852e+01 -1.260044088363647496e+01
-1.787294761339823523e+01 -1.205338773727416957e+01
-1.758823778231938562e+01 -1.138849639892578125e+01
-1.695901676019032678e+01 -1.272292022705078196e+01
-1.767161417007446289e+01 -1.237338676452636754e+01
-1.744031880299250403e+01 -1.251233615875244176e+01
-1.766458845138549805e+01 -1.248627595901489329e+01
-1.835778101285298547e+01 -1.243045425415039062e+01
-1.806503542264302453e+01 -1.224399080276489293e+01
-1.769785948594411096e+01 -1.201870718002319371e+01
-1.800442697604497155e+01 -1.204148769378662109e+01
-1.849420638879140100e+01 -1.289757633209228516e+01
-1.806890869140625000e+01 -1.276179075241088867e+01
-1.858605186144511023e+01 -1.219491434097290039e+01
-1.818058397372563562e+01 -1.283098917007446360e+01
-1.858799171447753906e+01 -1.307607688903808629e+01
-1.809272068738937378e+01 -1.296049957275390696e+01
-1.837020766735076904e+01 -1.229933853149413991e+01
-1.774659448862075806e+01 -1.309084243774413991e+01
-1.745563481251398841e+01 -1.275265312194824219e+01
-1.725525546073913574e+01 -1.284374046325683594e+01
-1.772081796328226844e+01 -1.266217327117919922e+01
-1.840985230604807654e+01 -1.247409868240356445e+01
-1.826590792338053504e+01 -1.189899730682373047e+01
-1.792828265825907508e+01 -1.279842586517333913e+01
-1.809086441993713379e+01 -1.221794261932373082e+01
-1.789814245700836182e+01 -1.311002874374389648e+01
-1.775157922506332397e+01 -1.175677108764648438e+01
-1.762072527408599854e+01 -1.227850389480590820e+01
-1.801445357004801551e+01 -1.275329256057739258e+01
-1.848838218053181848e+01 -1.269393501281738246e+01
-1.796259554227193078e+01 -1.225796108245849680e+01
-1.825119594732920447e+01 -1.213073062896728516e+01
-1.779440093040466309e+01 -1.250581417083740199e+01
-1.797261444727579871e+01 -1.273319730758666957e+01
-1.799132851759592810e+01 -1.241323509216308629e+01
-1.842636676629384240e+01 -1.260564231872558594e+01
-1.821279549598693848e+01 -1.187824125289916921e+01
-1.801128725210825721e+01 -1.255556917190551758e+01
-1.798366240660349646e+01 -1.266157903671264684e+01
-1.824236532052357873e+01 -1.257747230529785121e+01
-1.871627157926559448e+01 -1.255158405303955149e+01
-1.866932753721873084e+01 -1.179467096328735387e+01
-1.734205967187881470e+01 -1.144880647659301687e+01
-1.764900652567545691e+01 -1.172596206665039098e+01
-1.756817881266276160e+01 -1.242212028503417898e+01
-1.801824384927749634e+01 -1.236261110305786204e+01
-1.868020315965016565e+01 -1.194475154876709055e+01
-1.778147373596827308e+01 -1.289117774963378871e+01
-1.848742785056431970e+01 -1.310656480789184641e+01
-1.787015372514724731e+01 -1.222875661849975515e+01
-1.795638928810755530e+01 -1.312457399368286204e+01
-1.847743137677510461e+01 -1.219036436080932617e+01
-1.778808210293452063e+01 -1.171567497253417933e+01
-1.826411290963490686e+01 -1.282840023040771449e+01
-1.845567985375722131e+01 -1.174360132217407227e+01
-1.758033102750778198e+01 -1.264508991241455149e+01
-1.745514800151189050e+01 -1.268465776443481374e+01
-1.763897136847178260e+01 -1.252942180633544922e+01
-1.811134437719980994e+01 -1.210966053009033239e+01
-1.783109470208485803e+01 -1.242451000213623047e+01
-1.840667456388473511e+01 -1.254610548019409144e+01
-1.800464459260304650e+01 -1.232325172424316406e+01
-1.853169643878936768e+01 -1.215177373886108469e+01
-1.818177320559819421e+01 -1.250293083190917898e+01
-1.871687233448028564e+01 -1.223535671234130895e+01
-1.834656361738840857e+01 -1.210753030776977468e+01
-1.877343889077504357e+01 -1.232955017089843786e+01
-1.773575218518574914e+01 -1.262985992431640625e+01
-1.874474239349365234e+01 -1.253093976974487234e+01
-1.822787425915400306e+01 -1.306154751777648926e+01
-1.848835245768229285e+01 -1.202761096954345632e+01
-1.814300121863682946e+01 -1.238916454315185511e+01
-1.794476155440012732e+01 -1.181670594215393066e+01
-1.836857557296752930e+01 -1.267258729934692418e+01
-1.870300241311391076e+01 -1.291804189682006765e+01
-1.883690063158671180e+01 -1.275681028366088832e+01
-1.778657752275466919e+01 -1.276700258255004883e+01
-1.833955951531727990e+01 -1.309028720855712891e+01
-1.836218291521072388e+01 -1.291462182998657227e+01
-1.781200551986694336e+01 -1.267976417541503942e+01
-1.887537503242492676e+01 -1.241536006927490199e+01
-1.867674700419108191e+01 -1.255989713668823171e+01
-1.776362605889638147e+01 -1.213056678771972585e+01
-1.720116211970647058e+01 -1.236280221939086843e+01
-1.827723634243011475e+01 -1.250590515136718750e+01
-1.810478377342224121e+01 -1.210819454193115163e+01
-1.723702172438303748e+01 -1.210173940658569336e+01
-1.769238464037577430e+01 -1.259026823043823207e+01
-1.799717859427134314e+01 -1.214565048217773402e+01
-1.833346871534983435e+01 -1.266655864715576207e+01
-1.819003617763519287e+01 -1.290502595901489258e+01
-1.849999904632568359e+01 -1.238620872497558523e+01
-1.770262181758880615e+01 -1.172788505554199290e+01
-1.844721835851669312e+01 -1.228431310653686559e+01
-1.757141510645548621e+01 -1.258272867202758860e+01
-1.818900585174560547e+01 -1.210225305557250941e+01
-1.777479092280070105e+01 -1.200546245574951243e+01
-1.778242292006810388e+01 -1.261755075454711950e+01
-1.863770717382431030e+01 -1.314479837417602504e+01
-1.884967863559722900e+01 -1.271822843551635707e+01
-1.863424579302470008e+01 -1.305682601928710973e+01
-1.836559595664342126e+01 -1.285089311599731410e+01
-1.884481783707936486e+01 -1.292136669158935547e+01
-1.890961601336796960e+01 -1.216580038070678782e+01
-1.787623296181360999e+01 -1.259667577743530309e+01
-1.848630658785502234e+01 -1.259663095474243200e+01
-1.803279292583465576e+01 -1.239448328018188406e+01
-1.812379874785741052e+01 -1.259172210693359339e+01
-1.800804618994395057e+01 -1.314542560577392649e+01
-1.898811348279317102e+01 -1.270094938278198171e+01
-1.863874475161234656e+01 -1.251185369491577148e+01
-1.861652767658233643e+01 -1.279646625518798864e+01
-1.836679528156916419e+01 -1.226729946136474680e+01
-1.806825570265452185e+01 -1.253539648056030309e+01
-1.835930285851160804e+01 -1.246616058349609446e+01
-1.770600384473800659e+01 -1.182291889190673828e+01
-1.820780638853709021e+01 -1.236827249526977468e+01
-1.859861572583516320e+01 -1.298320064544677699e+01
-1.829246888558069983e+01 -1.101079263687133825e+01
-1.750524109601974487e+01 -1.260568065643310476e+01
-1.834186083078384399e+01 -1.243326416015625036e+01
-1.875058782100677490e+01 -1.305148086547851527e+01
-1.884726548194885254e+01 -1.267313804626464879e+01
-1.902883887290954590e+01 -1.226134500503540004e+01
-1.894057782491048059e+01 -1.272388877868652379e+01
-1.785186978181203088e+01 -1.299915266036987305e+01
-1.764847568670908728e+01 -1.262261075973510671e+01
-1.887719126542409143e+01 -1.218248548507690465e+01
-1.837856698036193848e+01 -1.253355178833007777e+01
-1.832876435915629187e+01 -1.193473110198974574e+01
-1.906162897745768348e+01 -1.243398590087890554e+01
-1.866921313603718957e+01 -1.248165683746337962e+01
-1.821384716033935547e+01 -1.181980037689208984e+01
-1.895834104220072547e+01 -1.253142795562744105e+01
-1.874108360211054602e+01 -1.239472303390502894e+01
-1.828070467710494995e+01 -1.226759362220764160e+01
-1.723806625604629517e+01 -1.219595575332641602e+01
-1.855271009604136268e+01 -1.233140726089477468e+01
-1.834750052293141565e+01 -1.227975854873657191e+01
-1.736602894465128699e+01 -1.283152704238891673e+01
-1.880505426724751672e+01 -1.177755784988403320e+01
-1.878364098072052002e+01 -1.250445384979247976e+01
-1.882633833090464393e+01 -1.292417087554931676e+01
-1.735314502318700036e+01 -1.280185947418212855e+01
-1.857201894124348840e+01 -1.227137107849121023e+01
-1.829196840524673462e+01 -1.218555817604064906e+01
-1.877123534679412842e+01 -1.298994159698486328e+01
-1.886528853575388709e+01 -1.266164960861206090e+01
-1.877062443892161170e+01 -1.224451093673706126e+01
-1.871898841857910156e+01 -1.256490011215209890e+01
-1.814069785674412927e+01 -1.259714164733886754e+01
-1.852751058340072632e+01 -1.268801383972168040e+01
-1.890543282032012939e+01 -1.224834241867065465e+01
-1.884926172097523889e+01 -1.263935432434081996e+01
-1.845825169483820716e+01 -1.220521125793456996e+01
-1.855251826842625817e+01 -1.285711240768432617e+01
-1.908342830340067664e+01 -1.247261419296264684e+01
-1.831684086720148841e+01 -1.222603979110717809e+01
-1.802785539627075195e+01 -1.239951000213623011e+01
-1.849156892299652100e+01 -1.215626821517944300e+01
-1.781663699944813928e+01 -1.176561441421508825e+01
-1.756946933269500732e+01 -1.212694988250732386e+01
-1.871081227064132690e+01 -1.237479419708251882e+01
-1.939973934491475305e+01 -1.287251653671264684e+01
-1.894102617104848107e+01 -1.275008802413940501e+01
-1.890580030282338342e+01 -1.154110488891601527e+01
-1.777093168099721154e+01 -1.300268344879150462e+01
-1.861715549230575562e+01 -1.242878837585449148e+01
-1.867429403463999549e+01 -1.313503751754760707e+01
-1.887037205696105957e+01 -1.235610990524292063e+01
-1.848037908474604407e+01 -1.222722043991088903e+01
-1.778843935330708703e+01 -1.195792045593261754e+01
-1.839575246969858924e+01 -1.246527051925659180e+01
-1.919793049494425574e+01 -1.248799295425414968e+01
-1.925268574555714807e+01 -1.266317138671874964e+01
-1.869682095448176185e+01 -1.306469926834106410e+01
-1.814649134874343872e+01 -1.286024208068847585e+01
-1.821562687555949012e+01 -1.288132028579711985e+01
-1.891486426194508752e+01 -1.234545001983642543e+01
-1.852816365162531653e+01 -1.217423896789550852e+01
-1.879760291179021081e+01 -1.264834880828857422e+01
-1.844072230656941613e+01 -1.271868104934692312e+01
-1.884675649801890174e+01 -1.250666685104370046e+01
-1.934642859299977502e+01 -1.243127861022949254e+01
-1.911437058448791504e+01 -1.278953485488891673e+01
-1.922102153301239014e+01 -1.262614612579345774e+01
-1.878140985965728760e+01 -1.246853876113891602e+01
-1.913337953885396203e+01 -1.239815292358398402e+01
-1.838546232382456580e+01 -1.280894184112548828e+01
-1.801266431808471680e+01 -1.248601875305175746e+01
-1.875161921977996826e+01 -1.261712894439697230e+01
-1.850064273675282678e+01 -1.211587791442871165e+01
-1.928592348098754883e+01 -1.260450515747070277e+01
-1.754791718721389771e+01 -1.132961330413818324e+01
-1.878309599558512488e+01 -1.188596572875976598e+01
-1.839490624268849572e+01 -1.231406860351562571e+01
-1.913053508599599084e+01 -1.309109592437744141e+01
-1.854149826367696008e+01 -1.244411354064941477e+01
-1.830911866823832312e+01 -1.297651853561401403e+01
-1.854637535413106164e+01 -1.194412345886230398e+01
-1.852878961960474768e+01 -1.225932950973510671e+01
-1.880055397748947144e+01 -1.255233325958251989e+01
-1.890541497866312781e+01 -1.272516765594482457e+01
-1.964692735671997070e+01 -1.237098464965820277e+01
-1.885417819023132324e+01 -1.293977670669555735e+01
-1.889800413449605188e+01 -1.222564544677734411e+01
-1.897341847419738770e+01 -1.230809879302978516e+01
-1.880851606527964393e+01 -1.267073011398315430e+01
-1.830336213111877441e+01 -1.291700954437255788e+01
-1.935360360145568848e+01 -1.242264451980590856e+01
-1.898206613461176673e+01 -1.235758218765258754e+01
-1.886988447109858313e+01 -1.208342933654785156e+01
-1.831590143839518348e+01 -1.255927667617797816e+01
-1.912346559762954712e+01 -1.308096857070922781e+01
-1.902618956565856934e+01 -1.255848541259765661e+01
-1.879242861270904541e+01 -1.286650371551513672e+01
-1.919256204366683960e+01 -1.250119285583496165e+01
-1.741515048344929895e+01 -1.215559272766113352e+01
-1.924613861242930213e+01 -1.249014863967895472e+01
-1.918951956431071082e+01 -1.226298456192016673e+01
-1.843392284711201867e+01 -1.224847860336303640e+01
-1.890852248668670654e+01 -1.298411989212036133e+01
-1.903793183962504187e+01 -1.309215450286865234e+01
-1.806049708525339881e+01 -1.213745183944702077e+01
-1.791045379638671875e+01 -1.192482452392578196e+01
-1.803744159142176429e+01 -1.282420005798339879e+01
-1.919200166066487512e+01 -1.265833816528320277e+01
-1.886652310689290246e+01 -1.270660066604614258e+01
-1.910889836152394494e+01 -1.248785257339477539e+01
-1.896722678343455115e+01 -1.139208335876464773e+01
-1.863211607933044434e+01 -1.252901802062988246e+01
-1.893722885847091675e+01 -1.141231603622436452e+01
-1.923546659946441650e+01 -1.259526100158691442e+01
-1.945882089932759484e+01 -1.231460647583007884e+01
-1.929872349898020545e+01 -1.248863658905029261e+01
-1.869081127643585205e+01 -1.262945356369018590e+01
-1.838763840993245324e+01 -1.210349559783935547e+01
-1.857210282484690467e+01 -1.266717901229858434e+01
-1.900394105911254883e+01 -1.281224613189697337e+01
-1.939684128761291504e+01 -1.248189277648925710e+01
-1.910601993401845178e+01 -1.257577877044677805e+01
-1.901143685976664344e+01 -1.271328639984130859e+01
-1.832326161861419678e+01 -1.270110321044921875e+01
-1.852181055148442468e+01 -1.259512052536010707e+01
-1.910398952166239539e+01 -1.225713853836059641e+01
-1.909489369392395020e+01 -1.267801265716552805e+01
-1.905588599046071252e+01 -1.199816226959228516e+01
-1.929539593060811242e+01 -1.232988939285278285e+01
-1.919410419464111328e+01 -1.208551578521728587e+01
-1.832679524024327478e+01 -1.216385869979858469e+01
-1.930999700228373328e+01 -1.266242399215698278e+01
-1.959432073434193811e+01 -1.254513530731201243e+01
-1.905440656344095984e+01 -1.242356500625610316e+01
-1.937138958772023400e+01 -1.252596960067748988e+01
-1.951573340098063269e+01 -1.210444221496581996e+01
-1.865743674834569177e+01 -1.179038801193237340e+01
-1.892536111672719201e+01 -1.190691547393798899e+01
-1.882075353463490686e+01 -1.260616378784179759e+01
-1.919662443796793738e+01 -1.276697235107421946e+01
-1.886420015494028846e+01 -1.256724081039428675e+01
-1.923599505424499512e+01 -1.168782825469970632e+01
-1.756555130084355554e+01 -1.294633502960205007e+01
-1.863690944512685022e+01 -1.233079910278320312e+01
-1.929537268479665002e+01 -1.260241279602050746e+01
-1.942338939507802209e+01 -1.223906335830688441e+01
-1.954869612058003625e+01 -1.238367891311645508e+01
-1.944193236033121863e+01 -1.213909358978271413e+01
-1.920696711540222168e+01 -1.238328342437744212e+01
-1.871476479371388635e+01 -1.252874050140380824e+01
-1.810787409543991089e+01 -1.217545442581176829e+01
-1.857534833749135217e+01 -1.251281604766845668e+01
-1.908871128161748132e+01 -1.247177333831787038e+01
-1.904029862085978309e+01 -1.267773933410644460e+01
-1.971341482798258582e+01 -1.192025432586669886e+01
-1.885802686214447021e+01 -1.250757036209106410e+01
-1.851306172211964807e+01 -1.233523216247558629e+01
-1.818233493963877478e+01 -1.249613132476806676e+01
-1.948136587937672815e+01 -1.230133275985717844e+01
-1.864684756596883020e+01 -1.240975255966186452e+01
-1.951427785555521766e+01 -1.218802099227905344e+01
-1.966821690400441369e+01 -1.222962751388549840e+01
-1.906656340758005896e+01 -1.233105554580688512e+01
-1.864159681399663171e+01 -1.212006683349609304e+01
-1.867765738566716394e+01 -1.192302141189575160e+01
-1.932854557037353516e+01 -1.247215623855590749e+01
-1.928017580509185791e+01 -1.255246057510376012e+01
-1.976995448271433631e+01 -1.192651367187500000e+01
-1.935113688309987268e+01 -1.141480655670165945e+01
-1.926550042629241943e+01 -1.193695516586303640e+01
-1.976870381832122803e+01 -1.157174243927001989e+01
-1.899122945467631141e+01 -1.200790414810180629e+01
-1.878305705388386926e+01 -1.190850563049316335e+01
-1.921821578343709191e+01 -1.193349790573120117e+01
-1.874270613988240441e+01 -1.195401182174682653e+01
-1.921528569857279578e+01 -1.249999160766601491e+01
-1.932979154586791992e+01 -1.204723310470581055e+01
-1.963150850931803504e+01 -1.231992406845092702e+01
-1.962067770957946777e+01 -1.239920864105224574e+01
-1.865076494216918945e+01 -1.238157005310058523e+01
-1.965865568319956580e+01 -1.292223291397094798e+01
-1.912610264619191369e+01 -1.204936456680297852e+01
-1.975039331118265906e+01 -1.229144306182861257e+01
-1.916768070062001428e+01 -1.171695299148559499e+01
-1.832302641868591309e+01 -1.215968885421752965e+01
-1.723747847477595130e+01 -1.206169652938842773e+01
-1.828933554887771606e+01 -1.234300050735473597e+01
-1.895818674564361572e+01 -1.195818948745727539e+01
-1.924545121192932129e+01 -1.232735004425048864e+01
-1.799078989028930664e+01 -1.199472270011901820e+01
-1.893185216188430786e+01 -1.234541234970092738e+01
-1.879757912953694543e+01 -1.220104608535766566e+01
-1.888975489139556885e+01 -1.175214414596557688e+01
-1.934360460440317908e+01 -1.148816719055175817e+01
-1.954699476559956750e+01 -1.193894472122192418e+01
-1.963934862613677979e+01 -1.219131450653076243e+01
-1.926995420455932617e+01 -1.177569112777709925e+01
-1.950548621018727502e+01 -1.243296785354614187e+01
-1.933921623229980469e+01 -1.242256793975830043e+01
-1.926801856358845910e+01 -1.197098217010498011e+01
-1.907640194892883301e+01 -1.212687444686889648e+01
-1.906580829620361328e+01 -1.254646654129028249e+01
-1.966550823052724084e+01 -1.224534497261047328e+01
-1.964244170983632287e+01 -1.158406305313110352e+01
-1.902347783247629920e+01 -1.245195713043212926e+01
-1.914001488685607910e+01 -1.232829055786132777e+01
-1.920291471481323242e+01 -1.211236505508422923e+01
-1.904208719730377197e+01 -1.209139165878295863e+01
-2.011962846914927283e+01 -1.210533828735351491e+01
-1.830854666233062744e+01 -1.150651578903198313e+01
-1.936641281843185425e+01 -1.209913010597228933e+01
-1.898647216955820838e+01 -1.219841442108154261e+01
-1.954839777946472168e+01 -1.192779331207275462e+01
-1.914803516864776611e+01 -1.247039880752563512e+01
-1.921058046817779541e+01 -1.185574789047241140e+01
-1.964480912685394287e+01 -1.221641950607299876e+01
-1.905404158433278283e+01 -1.187061576843261790e+01
-1.892603119214375695e+01 -1.244871587753295827e+01
-1.900072003404299537e+01 -1.261502809524536062e+01
-1.872046152750651160e+01 -1.159939041137695348e+01
-1.952068366607030114e+01 -1.191417760848998952e+01
-1.923511012395222863e+01 -1.260404987335205007e+01
-1.928618061542510986e+01 -1.274066820144653356e+01
-1.897161706288655481e+01 -1.159798183441162145e+01
-1.886447556813557824e+01 -1.244589300155639577e+01
-1.855552603801091394e+01 -1.270836277008056570e+01
-1.875138022502263269e+01 -1.224778289794921804e+01
-1.963872583707173547e+01 -1.245873088836669851e+01
-1.953235777219136438e+01 -1.208299169540405238e+01
-1.989928535620371619e+01 -1.151268548965454031e+01
-1.922850559155146399e+01 -1.282581777572631765e+01
-1.892644910017649451e+01 -1.255039005279541087e+01
-1.874318500359852990e+01 -1.205544900894165039e+01
-1.963327006498972693e+01 -1.248534708023071360e+01
-1.971078038215637207e+01 -1.239713649749755930e+01
-1.959488753477732459e+01 -1.174205942153930593e+01
-1.921914654970169067e+01 -1.279164161682128942e+01
-1.979323748747507850e+01 -1.247446432113647496e+01
-1.973697034517924109e+01 -1.227794580459594798e+01
-1.907425868511199951e+01 -1.178673810958862234e+01
-1.903134302298228064e+01 -1.215482282638549805e+01
-1.965766890843709191e+01 -1.250223684310913086e+01
-2.016367920239766320e+01 -1.198342161178588938e+01
-2.014529470602671424e+01 -1.271093025207519567e+01
-1.992601943016052246e+01 -1.174454603195190394e+01
-1.914441347122192383e+01 -1.147223463058471715e+01
-1.927765111128489295e+01 -1.179811277389526403e+01
-1.949828855196635047e+01 -1.202521543502807688e+01
-1.937734258174896240e+01 -1.221640005111694371e+01
-1.947644118467966834e+01 -1.216371536254882812e+01
-1.946895784139633179e+01 -1.223651466369628871e+01
-1.818412166833877563e+01 -1.167151632308959996e+01
-1.954144255320231238e+01 -1.200667562484741246e+01
-1.976177901029586792e+01 -1.257879533767700231e+01
-1.933482277393341064e+01 -1.246917362213134695e+01
-1.928739607334136963e+01 -1.247014160156249929e+01
-1.942921459674835205e+01 -1.240013742446899414e+01
-1.951946568489074707e+01 -1.252657356262207067e+01
-1.876410984992980957e+01 -1.229540677070617605e+01
