# Train Val
-1.388202170530955071e+00 -6.465142965316772461e+00
-8.620510866244634585e+00 -1.024565067291259801e+01
-1.042349288860956769e+01 -1.062077560424804723e+01
-1.060286490122477154e+01 -1.073587999343872035e+01
-1.070211793979009052e+01 -1.082300329208374023e+01
-1.079245177904764752e+01 -1.086889152526855540e+01
-1.083441088596979718e+01 -1.087731199264526438e+01
-1.085093526045481305e+01 -1.097275209426879883e+01
-1.086121000846227069e+01 -1.092008638381958008e+01
-1.086869295438130756e+01 -1.090444927215576243e+01
-1.087878241141637226e+01 -1.092191390991211009e+01
-1.087447361151377301e+01 -1.094843149185180664e+01
-1.088455285628636737e+01 -1.090429248809814489e+01
-1.091078980763753314e+01 -1.089816904067993164e+01
-1.091652520497640033e+01 -1.097157096862792969e+01
-1.091833436489105225e+01 -1.090691165924072337e+01
-1.090743670860926251e+01 -1.087785720825195312e+01
-1.089024811983108521e+01 -1.098803806304931641e+01
-1.093829625844955444e+01 -1.090405654907226562e+01
-1.089382245143254657e+01 -1.089887351989746023e+01
-1.090986526012420654e+01 -1.086190843582153320e+01
-1.090051700671513935e+01 -1.092205228805542028e+01
-1.092786880334218402e+01 -1.090931348800659251e+01
-1.095297815402348895e+01 -1.093596363067626953e+01
-1.093243545293807983e+01 -1.085218763351440430e+01
-1.092826632658640484e+01 -1.091654949188232493e+01
-1.099142521619796753e+01 -1.093768520355224538e+01
-1.094075165192286114e+01 -1.098368330001830984e+01
-1.096187667051951031e+01 -1.092104158401489222e+01
-1.093810248374938965e+01 -1.093516769409179723e+01
-1.099091889460881610e+01 -1.095928611755371129e+01
-1.094800478219985962e+01 -1.099555711746215891e+01
-1.099849319458007812e+01 -1.102243528366088832e+01
-1.102835160493850708e+01 -1.094067573547363281e+01
-1.097320377826690674e+01 -1.103304395675659144e+01
-1.098614446322123150e+01 -1.098972883224487340e+01
-1.106001551946004291e+01 -1.101083984375000036e+01
-1.104462625583012958e+01 -1.093778066635131907e+01
-1.094168806076049805e+01 -1.106953668594360352e+01
-1.100593672196070294e+01 -1.103970441818237269e+01
-1.108172603448232074e+01 -1.104813299179077113e+01
-1.111171591281890869e+01 -1.110888566970825231e+01
-1.108583341042200665e+01 -1.109775972366333008e+01
-1.118579790989557843e+01 -1.121803550720214915e+01
-1.104574050505956073e+01 -1.109726076126098704e+01
-1.107942712306976318e+01 -1.100998611450195241e+01
-1.114613674084345440e+01 -1.115669651031494070e+01
-1.125703644752502441e+01 -1.117969799041748047e+01
-1.126827800273895264e+01 -1.117769861221313477e+01
-1.139275165398915668e+01 -1.109985294342041051e+01
-1.132834122578302960e+01 -1.086280117034912074e+01
-1.141334418455759625e+01 -1.095529603958129883e+01
-1.141872280836105347e+01 -1.133630466461181641e+01
-1.150334519147872925e+01 -1.139415855407714773e+01
-1.161069124937057495e+01 -1.035540084838867259e+01
-1.126603798071543316e+01 -1.139055843353271413e+01
-1.159325599670410156e+01 -1.129742746353149485e+01
-1.115741489330927472e+01 -1.136445665359497070e+01
-1.157229544719060321e+01 -1.144054393768310618e+01
-1.145600483814875226e+01 -1.146467723846435582e+01
-1.162607133388519287e+01 -1.133734607696533203e+01
-1.152632097403208356e+01 -1.148314456939697337e+01
-1.166571110486984253e+01 -1.070129423141479563e+01
-1.166305730740229230e+01 -1.150911464691162145e+01
-1.182353570063908954e+01 -1.153761501312255788e+01
-1.183982620636622052e+01 -1.149278707504272390e+01
-1.181754277149836163e+01 -1.145241661071777273e+01
-1.173005187511444092e+01 -1.049656314849853445e+01
-1.167319919665654560e+01 -1.144059848785400391e+01
-1.187071009476979633e+01 -1.141852025985717844e+01
-1.184344402949015240e+01 -1.146193037033081019e+01
-1.182916233936945538e+01 -1.135674629211425746e+01
-1.193868259588877301e+01 -1.106949682235717702e+01
-1.190402674674987793e+01 -1.171465873718261719e+01
-1.183819363514582257e+01 -1.179174222946167028e+01
-1.204680426915486713e+01 -1.184560022354125941e+01
-1.195018080870310406e+01 -1.159798488616943324e+01
-1.195092473427454571e+01 -1.146183471679687571e+01
-1.204606842994689941e+01 -1.189545488357543945e+01
-1.215162853399912457e+01 -1.159667558670043874e+01
-1.182884494463602643e+01 -1.190398178100585902e+01
-1.216092522939046283e+01 -1.120726299285888672e+01
-1.192023138205210309e+01 -1.160794782638549805e+01
-1.186342704296112061e+01 -1.187047138214111364e+01
-1.217808852593103985e+01 -1.187320709228515625e+01
-1.214604387680689435e+01 -1.188829069137573313e+01
-1.203118822971979718e+01 -1.125883588790893519e+01
-1.226521921157836914e+01 -1.193694210052490234e+01
-1.230375256141026874e+01 -1.179355592727661062e+01
-1.220828906695047955e+01 -1.123304529190063406e+01
-1.185705274343490601e+01 -1.137326297760009730e+01
-1.214550731579462628e+01 -1.132391805648803640e+01
-1.212468091646830182e+01 -1.161608152389526438e+01
-1.220794920126597027e+01 -1.194464159011840820e+01
-1.231035536527633667e+01 -1.146816339492797887e+01
-1.209571639696756939e+01 -1.184125432968139613e+01
-1.233371478319168091e+01 -1.178424596786499023e+01
-1.219310965140660663e+01 -1.172164812088012731e+01
-1.217707083622614483e+01 -1.199153852462768555e+01
-1.229674752553304096e+01 -1.190254278182983327e+01
-1.228696535031000714e+01 -1.133307981491088867e+01
-1.230901439984639545e+01 -1.209745874404907262e+01
-1.253722717364629169e+01 -1.193594455718994141e+01
-1.238276127974192242e+01 -1.192595663070678746e+01
-1.237951683998107910e+01 -1.196278772354125941e+01
-1.251659892002741437e+01 -1.219120149612426829e+01
-1.220554957787195782e+01 -1.108003158569335866e+01
-1.216606543461481671e+01 -1.137385339736938406e+01
-1.245459343989690204e+01 -1.202694578170776296e+01
-1.254604039589563946e+01 -1.068789949417114293e+01
-1.241375416517257690e+01 -1.203030118942260707e+01
-1.252128142118453979e+01 -1.212361135482788121e+01
-1.266440703471501728e+01 -1.158820323944091868e+01
-1.232050174474716187e+01 -1.229104261398315501e+01
-1.266242130597432514e+01 -1.210976009368896555e+01
-1.274642952283223529e+01 -1.195837469100952077e+01
-1.241943518320719342e+01 -1.226381788253784144e+01
-1.273329273859659772e+01 -1.207611074447631871e+01
-1.249244306484858136e+01 -1.208576965332031250e+01
-1.281300518910090069e+01 -1.185042800903320348e+01
-1.262118244171142578e+01 -1.229296445846557617e+01
-1.253954088687896729e+01 -1.221250925064086879e+01
-1.253589926163355450e+01 -1.144608526229858469e+01
-1.261363643407821655e+01 -1.230233154296874964e+01
-1.274420026938120465e+01 -1.203363437652587820e+01
-1.264392987887064557e+01 -1.168043527603149379e+01
-1.246084521214167218e+01 -1.217917013168334961e+01
-1.289273530244827271e+01 -1.210466995239257848e+01
-1.276510179042816162e+01 -1.229968309402465820e+01
-1.281339057286580463e+01 -1.210910434722900320e+01
-1.283423399925231934e+01 -1.238304281234741211e+01
-1.310322088003158569e+01 -1.210442218780517543e+01
-1.296612685918807983e+01 -1.199621276855468821e+01
-1.297033331791559796e+01 -1.215944023132324148e+01
-1.293765610456466675e+01 -1.181338233947753835e+01
-1.293417259057362934e+01 -1.243142070770263707e+01
-1.289693842331568341e+01 -1.225020265579223633e+01
-1.295378659168879132e+01 -1.222937364578246999e+01
-1.307299679517745972e+01 -1.219081497192382812e+01
-1.285720443725585938e+01 -1.119692344665527273e+01
-1.272628372907638550e+01 -1.218401155471801722e+01
-1.255306005477905273e+01 -1.206782264709472585e+01
-1.295515352487564087e+01 -1.212103071212768590e+01
-1.300961446762084961e+01 -1.229451856613159144e+01
-1.271489022175470929e+01 -1.234171009063720703e+01
-1.312123638391494751e+01 -1.237066783905029332e+01
-1.305094432830810547e+01 -1.226297388076782191e+01
-1.309663563966751099e+01 -1.252373971939086950e+01
-1.307733476161956787e+01 -1.218714771270751918e+01
-1.318861969312032123e+01 -1.258514204025268590e+01
-1.321821143229802509e+01 -1.252489633560180593e+01
-1.322152843077977558e+01 -1.139384717941284109e+01
-1.309698923428853412e+01 -1.270378532409668004e+01
-1.323821949958801270e+01 -1.238940114974975515e+01
-1.326592957973480225e+01 -1.226207523345947337e+01
-1.329449621836344342e+01 -1.212216777801513601e+01
-1.305050945281982422e+01 -1.186672410964965785e+01
-1.307622234026590924e+01 -1.258909015655517649e+01
-1.326168541113535504e+01 -1.246984376907348668e+01
-1.321097109715143780e+01 -1.247985095977783132e+01
-1.315152599414189716e+01 -1.182038974761962891e+01
-1.328638281424840351e+01 -1.249220514297485352e+01
-1.325202182928721051e+01 -1.266519508361816371e+01
-1.343751984834671021e+01 -1.251350336074829173e+01
-1.328180919090906720e+01 -1.217434711456298757e+01
-1.348852902650833130e+01 -1.260497941970825231e+01
-1.326266308625539203e+01 -1.233680992126464915e+01
-1.339850638310114483e+01 -1.249793682098388636e+01
-1.354307703177134137e+01 -1.256890039443969798e+01
-1.345662993192672729e+01 -1.262698965072631907e+01
-1.329605329036712646e+01 -1.264610109329223597e+01
-1.344799427191416363e+01 -1.222329206466674734e+01
-1.319516617059707642e+01 -1.135355548858642649e+01
-1.329081314802169800e+01 -1.274473314285278391e+01
-1.353735991319020648e+01 -1.229176836013794016e+01
-1.335469979047775269e+01 -1.286782903671264577e+01
-1.343389759461084942e+01 -1.237686710357666087e+01
-1.363403203090032001e+01 -1.243910531997680735e+01
-1.362872576713562012e+01 -1.223846616744995153e+01
-1.352679284413655658e+01 -1.247494802474975550e+01
-1.351004501183827777e+01 -1.244540290832519602e+01
-1.353602077563603778e+01 -1.257976198196411133e+01
-1.330895938475926776e+01 -1.271029891967773473e+01
-1.363419473171234131e+01 -1.274427232742309535e+01
-1.342220701773961444e+01 -1.185263032913207937e+01
-1.364990540345509906e+01 -1.286849470138549734e+01
-1.343072984615961651e+01 -1.263875780105590785e+01
-1.375396428505579571e+01 -1.249656505584716726e+01
-1.285650918881098370e+01 -1.187569894790649450e+01
-1.354958242177963257e+01 -1.200385932922363352e+01
-1.332711523771286011e+01 -1.270396251678466726e+01
-1.348718096812566181e+01 -1.200203399658203196e+01
-1.350248765945434570e+01 -1.276435985565185582e+01
-1.363716924190521240e+01 -1.275742588043212855e+01
-1.371749703089396100e+01 -1.302112445831298793e+01
-1.380456807216008563e+01 -1.250474615097045827e+01
-1.330880473057428937e+01 -1.263171415328979563e+01
-1.375070846080780029e+01 -1.253113107681274485e+01
-1.387709325551986694e+01 -1.264056453704833949e+01
-1.385470227400461773e+01 -1.252492036819458043e+01
-1.382095172007878681e+01 -1.240599708557128977e+01
-1.367947842677434345e+01 -1.291031122207641602e+01
-1.371367424726486206e+01 -1.280780267715454102e+01
-1.382377119859059711e+01 -1.259508237838745082e+01
-1.411482822895050049e+01 -1.263097486495971644e+01
-1.371951552232106586e+01 -1.285631494522094798e+01
-1.390659010410308838e+01 -1.283645591735839808e+01
-1.399077540636062622e+01 -1.293802528381347727e+01
-1.388731608788172345e+01 -1.278687658309936559e+01
-1.393950815995534320e+01 -1.268180646896362340e+01
-1.418355687459309955e+01 -1.283775424957275391e+01
-1.413604454199473004e+01 -1.266743249893188406e+01
-1.393023834625879864e+01 -1.199974184036254954e+01
-1.383550592263539691e+01 -1.247220630645751882e+01
-1.390289910634358783e+01 -1.257962779998779368e+01
-1.371888802448908429e+01 -1.245580348968505824e+01
-1.382683322827021222e+01 -1.296231603622436523e+01
-1.383157128095626831e+01 -1.201082887649536168e+01
-1.409826133648554425e+01 -1.281049575805664098e+01
-1.376226423184076886e+01 -1.264598588943481516e+01
-1.398307691017786603e+01 -1.231435928344726527e+01
-1.420917193094889264e+01 -1.245481348037719727e+01
-1.402446534236272235e+01 -1.294260387420654368e+01
-1.418521114190419574e+01 -1.297246694564819336e+01
-1.427727450927098651e+01 -1.237455110549926829e+01
-1.425984197854995728e+01 -1.257256698608398438e+01
-1.417366284132003784e+01 -1.168818225860595739e+01
-1.393035268783569336e+01 -1.279942312240600621e+01
-1.418490628401438336e+01 -1.307710542678833043e+01
-1.431184395154317279e+01 -1.270819320678710973e+01
-1.389771415789922138e+01 -1.296580495834350621e+01
-1.430595723787943463e+01 -1.311729640960693288e+01
-1.409335118532180786e+01 -1.250890436172485387e+01
-1.425691066185633282e+01 -1.273128957748413015e+01
-1.418330772717793842e+01 -1.242817802429199148e+01
-1.408044642210006714e+01 -1.162230062484741211e+01
-1.401395348707834820e+01 -1.291317005157470632e+01
-1.432084310054779053e+01 -1.255813064575195348e+01
-1.413336859146753888e+01 -1.246677675247192418e+01
-1.429627952973047833e+01 -1.265681867599487376e+01
-1.406839627027511597e+01 -1.299254179000854492e+01
-1.436729393402735333e+01 -1.274299402236938406e+01
-1.424738329648971558e+01 -1.262181520462036133e+01
-1.414642516771952252e+01 -1.290247802734375071e+01
-1.389674709240595440e+01 -1.301975345611572266e+01
-1.411413198709487915e+01 -1.290014123916625977e+01
-1.437236996491750141e+01 -1.299328193664550746e+01
-1.406911834081014057e+01 -1.290977020263671804e+01
-1.394382739067077637e+01 -1.262290086746215856e+01
-1.438011370102564435e+01 -1.292910795211792063e+01
-1.444409249226252179e+01 -1.247397031784057653e+01
-1.431946194171905518e+01 -1.255721292495727504e+01
-1.445894408226013184e+01 -1.285146322250366246e+01
-1.414490618308385272e+01 -1.325089769363403391e+01
-1.430113927523295025e+01 -1.271810369491577219e+01
-1.422213105360666852e+01 -1.281851062774658168e+01
-1.467379740873972516e+01 -1.248202991485595703e+01
-1.421977462371190448e+01 -1.251147518157958949e+01
-1.434391367435455322e+01 -1.292292337417602610e+01
-1.451785359779993634e+01 -1.231548662185668874e+01
-1.430075399080912213e+01 -1.258788280487060618e+01
-1.464082852999369244e+01 -1.278401660919189453e+01
-1.465641220410664936e+01 -1.307688436508178675e+01
-1.453386759757995605e+01 -1.277695655822753906e+01
-1.472740819056828876e+01 -1.268683061599731410e+01
-1.439060421784718891e+01 -1.289744901657104492e+01
-1.438515315453211407e+01 -1.315073394775390625e+01
-1.425541698932647705e+01 -1.298066749572753942e+01
-1.447614665826161762e+01 -1.301699295043945348e+01
-1.485758072137832642e+01 -1.271597833633422781e+01
-1.464907318353652954e+01 -1.303191289901733363e+01
-1.430015997091929059e+01 -1.307220458984375000e+01
-1.468141053120295147e+01 -1.217603406906127894e+01
-1.452674525976181030e+01 -1.292513122558593786e+01
-1.439619918664296527e+01 -1.279810295104980433e+01
-1.478482343753178974e+01 -1.236112203598022496e+01
-1.434006857872009277e+01 -1.306039934158325266e+01
-1.477263398965199848e+01 -1.281699886322021520e+01
-1.471410624186197857e+01 -1.292616844177246094e+01
-1.462476376692453961e+01 -1.314697370529174769e+01
-1.465480462710062604e+01 -1.306375780105590856e+01
-1.475111413002014160e+01 -1.232384939193725515e+01
-1.470511176188786884e+01 -1.286490402221679652e+01
-1.496719310681025128e+01 -1.269572582244873082e+01
-1.468233374754587750e+01 -1.310673999786376953e+01
-1.457486432790756226e+01 -1.306554679870605540e+01
-1.495736986398696899e+01 -1.319205312728881907e+01
-1.504290441672007184e+01 -1.282161855697631836e+01
-1.485106301307678223e+01 -1.289037027359008825e+01
-1.446380561590194702e+01 -1.301202287673950231e+01
-1.385915595293045044e+01 -1.276109046936035085e+01
-1.471863595644632916e+01 -1.257819385528564382e+01
-1.485425736506780048e+01 -1.290932149887084890e+01
-1.488570394118626972e+01 -1.291035299301147532e+01
-1.473355718453725238e+01 -1.273104505538940501e+01
-1.480393302440643311e+01 -1.311914472579956126e+01
-1.463341440757115741e+01 -1.264328718185424805e+01
-1.490386188030242920e+01 -1.287713661193847692e+01
-1.420294562975565533e+01 -1.304202117919921911e+01
-1.502960036198298077e+01 -1.245118570327758789e+01
-1.489893728494644165e+01 -1.298510808944702077e+01
-1.484571403264999390e+01 -1.333887424468994176e+01
-1.494128217299779315e+01 -1.307651491165161062e+01
-1.488404200474421124e+01 -1.273283815383911133e+01
-1.516808515787124634e+01 -1.239666833877563512e+01
-1.482788747549057007e+01 -1.312114620208740234e+01
-1.496609520912170410e+01 -1.261564655303955007e+01
-1.450467918316523175e+01 -1.255697488784790039e+01
-1.521802200873692890e+01 -1.291161584854125977e+01
-1.517447561025619507e+01 -1.257486038208007884e+01
-1.490886771678924561e+01 -1.312438879013061488e+01
-1.507185353835423847e+01 -1.314106521606445277e+01
-1.520634384950002094e+01 -1.327896165847778320e+01
-1.497226244211196899e+01 -1.309278593063354457e+01
-1.477168319622675519e+01 -1.278456840515136683e+01
-1.485609507560729980e+01 -1.257583141326904297e+01
-1.514450212319692035e+01 -1.293213300704956126e+01
-1.495383210976918598e+01 -1.318557529449462962e+01
-1.478378063440322876e+01 -1.297396287918090785e+01
-1.439339806636174579e+01 -1.268557643890380859e+01
-1.460746220747629742e+01 -1.239014739990234304e+01
-1.492566833893457989e+01 -1.309605674743652415e+01
-1.492434551318486591e+01 -1.315482816696166957e+01
-1.493231781323750873e+01 -1.305286722183227610e+01
-1.496837224562962909e+01 -1.299248924255371129e+01
-1.518526597817738910e+01 -1.216616630554199219e+01
-1.515349696079889874e+01 -1.290708827972412109e+01
-1.511555379629135132e+01 -1.302989788055419851e+01
-1.518196946382522583e+01 -1.293633699417114258e+01
-1.529166714350382428e+01 -1.310779037475585973e+01
-1.529419328769048114e+01 -1.243928203582763636e+01
-1.478303446372350116e+01 -1.307800083160400462e+01
-1.492749885718027691e+01 -1.268219108581542898e+01
-1.503184245030085187e+01 -1.313127822875976491e+01
-1.548326601584752460e+01 -1.301923732757568430e+01
-1.515224335590998272e+01 -1.321978330612182617e+01
-1.462783137957254986e+01 -1.286202878952026296e+01
-1.485366803407669067e+01 -1.317569522857666087e+01
-1.476304908593495746e+01 -1.316467046737670898e+01
-1.480707736810048480e+01 -1.285323486328124964e+01
-1.511941661437352558e+01 -1.273413000106811488e+01
-1.493479261795679669e+01 -1.258803834915161168e+01
-1.547700208425521851e+01 -1.272721986770629954e+01
-1.523103048404057880e+01 -1.294024724960327077e+01
-1.523262868324915509e+01 -1.275754470825195241e+01
-1.537322161595026593e+01 -1.303426771163940501e+01
-1.517308453718821148e+01 -1.323477516174316371e+01
-1.553201627731323242e+01 -1.313842210769653285e+01
-1.545415947834650616e+01 -1.252209510803222692e+01
-1.551677354176839252e+01 -1.310583686828613281e+01
-1.536888460318247418e+01 -1.252836160659790110e+01
-1.490806291500727276e+01 -1.310680112838745082e+01
-1.513957317670186420e+01 -1.279968795776367152e+01
-1.544422566890716553e+01 -1.294571781158447266e+01
-1.500015215078989606e+01 -1.282781314849853516e+01
-1.529442902406056781e+01 -1.278589487075805664e+01
-1.540349948406219482e+01 -1.276980676651001012e+01
-1.518454833825429340e+01 -1.254222459793090749e+01
-1.556957467397054096e+01 -1.325871639251709055e+01
-1.546249862511952777e+01 -1.315174617767334020e+01
-1.525772394736607929e+01 -1.328107795715331996e+01
-1.516512258847554584e+01 -1.341327304840087820e+01
-1.539696699380874634e+01 -1.306427698135376048e+01
-1.558629661798477173e+01 -1.306603107452392543e+01
-1.544811882575353046e+01 -1.301892566680908203e+01
-1.504618505636850934e+01 -1.325090761184692312e+01
-1.531051327784856220e+01 -1.326405296325683558e+01
-1.546939675013224225e+01 -1.317956342697143590e+01
-1.567214777072270770e+01 -1.314684238433837926e+01
-1.548325614134470563e+01 -1.277093906402587820e+01
-1.510514511664708515e+01 -1.187461185455322266e+01
-1.521544122695922852e+01 -1.311099081039428782e+01
-1.537385014692942242e+01 -1.294619579315185476e+01
-1.579771528641382794e+01 -1.293431596755981516e+01
-1.540586121877034564e+01 -1.286916542053222656e+01
-1.558727916081746478e+01 -1.321130390167236257e+01
-1.540969709555307965e+01 -1.263692417144775426e+01
-1.541428643465042114e+01 -1.304658613204956019e+01
-1.558770106236139874e+01 -1.334088020324707102e+01
-1.534022865692774396e+01 -1.322746744155883825e+01
-1.537547216812769513e+01 -1.314358758926391602e+01
-1.496687479813893695e+01 -1.330768766403198278e+01
-1.588497610886891742e+01 -1.301284646987915039e+01
-1.551184767484664917e+01 -1.243046760559082031e+01
-1.534349423646926880e+01 -1.178127527236938477e+01
-1.553809030850728412e+01 -1.242528667449951207e+01
-1.540187342961629291e+01 -1.329701900482177734e+01
-1.561704140901565552e+01 -1.295516176223754812e+01
-1.555343459049860577e+01 -1.221026210784912180e+01
-1.505720518032709698e+01 -1.267134819030761683e+01
-1.526135563850402832e+01 -1.243506002426147461e+01
-1.545381514231363873e+01 -1.319539527893066477e+01
-1.550587139527002911e+01 -1.304189481735229528e+01
-1.519281323750813861e+01 -1.309662132263183665e+01
-1.531012515226999859e+01 -1.306168193817138601e+01
-1.582714045047760010e+01 -1.341473960876464844e+01
-1.575806164741516113e+01 -1.334745292663574290e+01
-1.549819632371266742e+01 -1.261470918655395579e+01
-1.546418793996175189e+01 -1.211242685317993129e+01
-1.587555207808812519e+01 -1.258624191284179616e+01
-1.479026383161544800e+01 -1.211274576187133789e+01
-1.553469194968541522e+01 -1.313426380157470774e+01
-1.566941907008489032e+01 -1.322558298110961950e+01
-1.575049906969070435e+01 -1.314905872344970739e+01
-1.583980417251586914e+01 -1.300379657745361328e+01
-1.561407132943471332e+01 -1.334591426849365270e+01
-1.583767904837926288e+01 -1.334217052459716868e+01
-1.588146444161733051e+01 -1.348945064544677663e+01
-1.586158708731333356e+01 -1.311236076354980540e+01
-1.555449491739273071e+01 -1.223491230010986364e+01
-1.551764162381490131e+01 -1.219971590042114329e+01
-1.564164904753367047e+01 -1.345111827850341868e+01
-1.560112728675206561e+01 -1.339278392791748118e+01
-1.585757033030191998e+01 -1.199601526260375906e+01
-1.582114593187967877e+01 -1.302412319183349609e+01
-1.552351409196853638e+01 -1.335188570022583043e+01
-1.538903508583704571e+01 -1.319658412933349645e+01
-1.610792730251948157e+01 -1.328063097000122106e+01
-1.545540112257003784e+01 -1.316356678009033132e+01
-1.549069869518280029e+01 -1.309228887557983434e+01
-1.587261341015497784e+01 -1.188661365509033274e+01
-1.525767962137858014e+01 -1.309540767669677663e+01
-1.531966042518615723e+01 -1.328017501831054759e+01
-1.567807956536610980e+01 -1.345940103530883825e+01
-1.600048081080118934e+01 -1.324436464309692418e+01
-1.476710720856984516e+01 -1.285386362075805700e+01
-1.542131672302881817e+01 -1.345616779327392543e+01
-1.596721204121907611e+01 -1.328016967773437429e+01
-1.585299070676167865e+01 -1.279257192611694371e+01
-1.573530850807825665e+01 -1.305441160202026296e+01
-1.555403643846511841e+01 -1.260054121017456019e+01
-1.582949674129486084e+01 -1.269225196838378977e+01
-1.592567867040634155e+01 -1.266527128219604492e+01
-1.547474575042724609e+01 -1.283389720916748011e+01
-1.586542747418085675e+01 -1.318874197006225657e+01
-1.594225678841272931e+01 -1.328451089859008860e+01
-1.613121070464451989e+01 -1.333130283355712820e+01
-1.601703031857808313e+01 -1.220743446350097727e+01
-1.590401156743367572e+01 -1.260552110671997106e+01
-1.578074314196904560e+01 -1.275984783172607351e+01
-1.586679440736770630e+01 -1.287035160064697337e+01
-1.585276559988657574e+01 -1.145800523757934641e+01
-1.558126042286554913e+01 -1.306140375137329102e+01
-1.578331820170084576e+01 -1.231504430770874059e+01
-1.546778992811838727e+01 -1.302580661773681570e+01
-1.602086021502812585e+01 -1.323395948410034251e+01
-1.597541532913843731e+01 -1.316057491302490234e+01
-1.554334386189778705e+01 -1.255291948318481410e+01
-1.559831245740254779e+01 -1.330971593856811452e+01
-1.580243180195490460e+01 -1.252683744430541957e+01
-1.615471057097117225e+01 -1.347961406707763743e+01
-1.615078540643056115e+01 -1.305951595306396484e+01
-1.603790303071339807e+01 -1.260489730834961009e+01
-1.612850099802017212e+01 -1.295131912231445348e+01
-1.601112141211827478e+01 -1.199686002731323242e+01
-1.563677777846654315e+01 -1.329563913345336879e+01
-1.613735047976176062e+01 -1.343365774154663050e+01
-1.606768796841303626e+01 -1.313713226318359339e+01
-1.606498422225316247e+01 -1.338953828811645508e+01
-1.596764206886291504e+01 -1.271262865066528391e+01
-1.597927639881769757e+01 -1.240493621826171911e+01
-1.558026313781738281e+01 -1.193308916091918981e+01
-1.603123754262924194e+01 -1.258310155868530344e+01
-1.604766863584518433e+01 -1.291204385757446360e+01
-1.596242763598760028e+01 -1.345076398849487376e+01
-1.589262843132019043e+01 -1.306083345413208008e+01
-1.617417943477630615e+01 -1.304521474838256800e+01
-1.619032337268193444e+01 -1.333314485549926687e+01
-1.591328903039296527e+01 -1.239132833480834961e+01
-1.618452878793080529e+01 -1.271142425537109411e+01
-1.602293707927067956e+01 -1.272408819198608398e+01
-1.559220204750696759e+01 -1.278577365875244176e+01
-1.582479711373647113e+01 -1.328270845413208079e+01
-1.608890058596928796e+01 -1.326687641143798757e+01
-1.595154507954915424e+01 -1.338776483535766637e+01
-1.584505516290664673e+01 -1.332751216888427770e+01
-1.595517605543136597e+01 -1.277269964218139719e+01
-1.586357704798380475e+01 -1.279603710174560582e+01
-1.584737318754196167e+01 -1.292711801528930593e+01
-1.585105230410893817e+01 -1.251807527542114329e+01
-1.556854901711145978e+01 -1.317832021713256907e+01
-1.594015395641326904e+01 -1.294910402297973562e+01
-1.587468002239863019e+01 -1.306117982864379812e+01
-1.623017273346583167e+01 -1.304616794586181605e+01
-1.625917957226435462e+01 -1.268685789108276296e+01
-1.598251680533091168e+01 -1.312941217422485352e+01
-1.626956381400426110e+01 -1.305669393539428746e+01
-1.643458535273869714e+01 -1.311743822097778356e+01
-1.640208115180333337e+01 -1.277593154907226491e+01
-1.591786968708038330e+01 -1.340854740142822266e+01
-1.641495386759440223e+01 -1.307514104843139613e+01
-1.594902398188908954e+01 -1.291177291870117116e+01
-1.626027021805445472e+01 -1.244065113067626882e+01
-1.611870114008585730e+01 -1.309532575607299876e+01
-1.619318511088689050e+01 -1.290431003570556712e+01
-1.576682343085606952e+01 -1.302591276168823242e+01
-1.575966868797937970e+01 -1.212057619094848704e+01
-1.618545895814895630e+01 -1.245331325531005895e+01
-1.604290803273518762e+01 -1.278203315734863210e+01
-1.641822725534439087e+01 -1.291233491897583008e+01
-1.636307609081268311e+01 -1.141772260665893590e+01
-1.533958456913630108e+01 -1.345632171630859375e+01
-1.583592941363652606e+01 -1.264546079635620046e+01
-1.562390808264414410e+01 -1.257720947265625000e+01
-1.541706045468648334e+01 -1.319548501968383825e+01
-1.622465370098749915e+01 -1.316240062713623082e+01
-1.602899996439616004e+01 -1.343307209014892578e+01
-1.640335466464360437e+01 -1.302629137039184570e+01
-1.630551306406657019e+01 -1.316589918136596715e+01
-1.612451817591984948e+01 -1.326168193817138707e+01
-1.581288880109786987e+01 -1.319925603866577113e+01
-1.613324411710103234e+01 -1.261305589675903249e+01
-1.619944240649541101e+01 -1.336273050308227539e+01
-1.612049082914988318e+01 -1.309438381195068324e+01
-1.645652876297632972e+01 -1.327287721633911133e+01
-1.631561470031738281e+01 -1.314396095275878906e+01
-1.624743199348449707e+01 -1.279468374252319407e+01
-1.555728405714035034e+01 -1.330108299255371129e+01
-1.657275615135828772e+01 -1.282774209976196289e+01
-1.633166788021723548e+01 -1.324262866973876918e+01
-1.641313169399897376e+01 -1.289144945144653320e+01
-1.659257183472315589e+01 -1.350240879058837962e+01
-1.606170300642649451e+01 -1.313980960845947266e+01
-1.601162048180897912e+01 -1.216492910385131765e+01
-1.660413175821304321e+01 -1.341429281234741211e+01
-1.645412456989288330e+01 -1.350500507354736257e+01
-1.644452816247940063e+01 -1.311439781188964915e+01
-1.638540766636530677e+01 -1.279061498641967809e+01
-1.619253079096476355e+01 -1.315409898757934570e+01
-1.620917940139770508e+01 -1.306275062561035227e+01
-1.643002792199452600e+01 -1.246491403579711843e+01
-1.597649681568145752e+01 -1.208810596466064524e+01
-1.611276908715565881e+01 -1.295119123458862376e+01
-1.631569933891296387e+01 -1.310188589096069300e+01
-1.631786779562632361e+01 -1.317784290313720774e+01
-1.657355566819508752e+01 -1.301758546829223562e+01
-1.641890635093053064e+01 -1.300649137496948171e+01
-1.609720784425735474e+01 -1.325657548904418981e+01
-1.622670865058898926e+01 -1.326757192611694336e+01
-1.672465860843658447e+01 -1.277464675903320312e+01
-1.639978458484013757e+01 -1.304681367874145437e+01
-1.671244076887766639e+01 -1.280120315551757848e+01
-1.647014586130778113e+01 -1.248908910751342738e+01
-1.579881687959035297e+01 -1.322733335494995188e+01
-1.657398245731989661e+01 -1.318635063171386790e+01
-1.653416631619135657e+01 -1.254510631561279332e+01
-1.606090136369069299e+01 -1.322080726623535085e+01
-1.623759057124455651e+01 -1.295430955886840785e+01
-1.644810086488723755e+01 -1.304371643066406250e+01
-1.659584397077560425e+01 -1.333873939514160156e+01
-1.641127528746922692e+01 -1.328011598587036168e+01
-1.609861644109090051e+01 -1.263672800064086843e+01
-1.622796412309010705e+01 -1.341485671997070384e+01
-1.626115794976552209e+01 -1.239245033264160156e+01
-1.606795312960942468e+01 -1.320206918716430700e+01
-1.644233924150466919e+01 -1.299769687652587891e+01
-1.636259627342224121e+01 -1.253270063400268519e+01
-1.626936852931976318e+01 -1.314107112884521555e+01
-1.624994415044784546e+01 -1.227532348632812464e+01
-1.599002798398335834e+01 -1.312236804962158132e+01
-1.663548348347346106e+01 -1.313317117691040004e+01
-1.637320969502131263e+01 -1.273865060806274485e+01
-1.665872146685918054e+01 -1.337626600265502930e+01
-1.600027805566787720e+01 -1.336357631683349645e+01
-1.652801605065663537e+01 -1.274002342224121165e+01
-1.670495875676472863e+01 -1.357631225585937429e+01
-1.657611525058746338e+01 -1.271038131713867259e+01
-1.641811219851176062e+01 -1.312541904449462926e+01
-1.619856486717860022e+01 -1.313190793991088867e+01
-1.667398858070373535e+01 -1.217421913146972656e+01
-1.621730806430180749e+01 -1.308497438430786097e+01
-1.662412780523300171e+01 -1.322474498748779226e+01
-1.618717495600382605e+01 -1.252597532272338832e+01
-1.652950066328048706e+01 -1.307245817184448278e+01
-1.639833269516627112e+01 -1.361967058181762624e+01
-1.681521135568618774e+01 -1.290643444061279332e+01
-1.655426776409149170e+01 -1.291247606277465820e+01
-1.617102277278900146e+01 -1.292175846099853587e+01
-1.618063882986704627e+01 -1.283635511398315465e+01
-1.656530247131983558e+01 -1.330247249603271520e+01
-1.658006062110264978e+01 -1.279563865661621058e+01
-1.670825223128001014e+01 -1.292799396514892507e+01
-1.633896809816360474e+01 -1.325943679809570241e+01
-1.674715876579284668e+01 -1.293383922576904332e+01
-1.656875475247700891e+01 -1.293067846298217738e+01
-1.607833057641983032e+01 -1.281995239257812536e+01
-1.679605025053024292e+01 -1.301536140441894496e+01
-1.693987190723419189e+01 -1.322569561004638672e+01
-1.647476462523142615e+01 -1.212678298950195277e+01
-1.618626763423283776e+01 -1.322955799102783203e+01
-1.645910378297169885e+01 -1.335686445236206055e+01
-1.686150131622950354e+01 -1.320074052810668874e+01
-1.653177652756373206e+01 -1.205326747894287109e+01
-1.599440811077753644e+01 -1.294154338836669993e+01
-1.685162150859832764e+01 -1.297449102401733434e+01
-1.668425629536310950e+01 -1.324270315170288015e+01
-1.645083967844645301e+01 -1.297631111145019567e+01
-1.678591759999592981e+01 -1.331869430541992116e+01
-1.635477735598881921e+01 -1.326335926055908132e+01
-1.628633598486582557e+01 -1.362425155639648366e+01
-1.654327239592869958e+01 -1.289677352905273366e+01
-1.606876885890960693e+01 -1.332709960937500071e+01
-1.685571630795796594e+01 -1.231994428634643590e+01
-1.660414391756057739e+01 -1.274481678009033203e+01
-1.663329851627349854e+01 -1.321602058410644531e+01
-1.682110204299290857e+01 -1.367429199218750036e+01
-1.677139858404795447e+01 -1.315872611999511754e+01
-1.652070776621500769e+01 -1.279711599349975515e+01
-1.670782643556594849e+01 -1.338904857635498047e+01
-1.665110629796981812e+01 -1.327260332107544016e+01
-1.623553570111592492e+01 -1.303390798568725550e+01
-1.694833942254384240e+01 -1.260811634063720632e+01
-1.666482142607371131e+01 -1.315488395690917933e+01
-1.671199538310368737e+01 -1.319999389648437571e+01
-1.716695570945739746e+01 -1.243344898223876882e+01
-1.679229170083999634e+01 -1.315679655075073207e+01
-1.680312750736872474e+01 -1.309479732513427663e+01
-1.656374134620030603e+01 -1.274001235961913991e+01
-1.660343267520268640e+01 -1.280471735000610423e+01
-1.652925155560175696e+01 -1.316301078796386648e+01
-1.680133219559987268e+01 -1.264256839752197337e+01
-1.629587886730829993e+01 -1.300924606323242116e+01
-1.670875396331151208e+01 -1.303334960937499964e+01
-1.659466205040613929e+01 -1.333856983184814382e+01
-1.697389179468154907e+01 -1.300687522888183523e+01
-1.667542016506195068e+01 -1.299641208648681712e+01
-1.671902628739674768e+01 -1.306150484085083008e+01
-1.688467500607172767e+01 -1.282552719116210938e+01
-1.618618029356002808e+01 -1.240179061889648438e+01
-1.642121978600819787e+01 -1.269099378585815430e+01
-1.652280861139297485e+01 -1.294918432235717809e+01
-1.704849002758662024e+01 -1.311614732742309641e+01
-1.692937550942103186e+01 -1.299111213684082067e+01
-1.559986756245295147e+01 -1.284459857940673899e+01
-1.653194461266199866e+01 -1.287176961898803640e+01
-1.695228739579518518e+01 -1.294821605682373011e+01
-1.667363236347834388e+01 -1.342428045272827219e+01
-1.635484135150909424e+01 -1.291571273803710973e+01
-1.633236960570017615e+01 -1.281671009063720668e+01
-1.650690617163975915e+01 -1.300471076965331996e+01
-1.627958728869755944e+01 -1.252820682525634766e+01
-1.648875484863917151e+01 -1.264314346313476634e+01
-1.684214973449707031e+01 -1.328274545669555629e+01
-1.623089172442753991e+01 -1.267383413314819407e+01
-1.719614660739898682e+01 -1.215530824661254883e+01
-1.601323970158894738e+01 -1.281391544342040945e+01
-1.687391300996144494e+01 -1.265344781875610281e+01
-1.668041777610778809e+01 -1.304090461730956996e+01
-1.699248609940211097e+01 -1.248146095275878942e+01
-1.656182791789372644e+01 -1.299562892913818324e+01
-1.704968808094660560e+01 -1.286653738021850657e+01
-1.697726579507191857e+01 -1.285232744216918910e+01
-1.678214917580286780e+01 -1.253844423294067312e+01
-1.531398471196492572e+01 -1.316024427413940501e+01
-1.645318694909413537e+01 -1.326656188964843786e+01
-1.719321628411610803e+01 -1.205592737197875941e+01
-1.665852665901184082e+01 -1.268065433502197337e+01
-1.658419436216354370e+01 -1.267387113571166957e+01
-1.653703804810841760e+01 -1.308732910156249929e+01
-1.614151297012965003e+01 -1.281160516738891531e+01
-1.657334238290786743e+01 -1.271801233291625977e+01
-1.699798897902170935e+01 -1.239612474441528356e+01
-1.646048947175343713e+01 -1.211966133117675781e+01
-1.714644781748453894e+01 -1.318740959167480398e+01
-1.687681903441746911e+01 -1.302080755233764719e+01
-1.699154162406921387e+01 -1.303315658569335866e+01
-1.715349507331848145e+01 -1.329693078994750977e+01
-1.703667620817820350e+01 -1.280052022933960032e+01
-1.713928749163945398e+01 -1.313297920227050852e+01
-1.734342573086420813e+01 -1.321428251266479492e+01
-1.721814501285552979e+01 -1.289814491271972585e+01
-1.669356793165206909e+01 -1.248797798156738281e+01
-1.616889478762944421e+01 -1.266374111175537109e+01
-1.678921248515446862e+01 -1.309598903656005930e+01
-1.704511769612630090e+01 -1.293527412414550781e+01
-1.725881721576054773e+01 -1.263273849487304723e+01
-1.715434616804122925e+01 -1.288122301101684641e+01
-1.655892225106557092e+01 -1.185240688323974645e+01
-1.711572728554407874e+01 -1.300344591140747141e+01
-1.707274627685546875e+01 -1.262002391815185476e+01
-1.703339231014251709e+01 -1.280734491348266602e+01
-1.720680900414784631e+01 -1.298057670593261648e+01
-1.680207333962122718e+01 -1.297827577590942383e+01
-1.742258075873057166e+01 -1.278720664978027344e+01
-1.638721658786137780e+01 -1.310900068283081055e+01
-1.646479759613673011e+01 -1.247886114120483469e+01
-1.710877899328867713e+01 -1.270783348083496023e+01
-1.676012426614761353e+01 -1.250528125762939524e+01
-1.701112568378448486e+01 -1.260521984100341797e+01
-1.730776307980219642e+01 -1.265629053115844727e+01
-1.700615328550338745e+01 -1.300676698684692312e+01
-1.729366137584050378e+01 -1.299983787536621094e+01
-1.674678387244542321e+01 -1.318167991638183523e+01
-1.748530801137288293e+01 -1.303167200088500977e+01
-1.633718015750249108e+01 -1.221347007751464808e+01
-1.647837831576665124e+01 -1.275742721557617188e+01
-1.705879396200180054e+01 -1.288189296722412180e+01
-1.706202352046966553e+01 -1.336022062301635671e+01
-1.690612216790517053e+01 -1.287645120620727468e+01
-1.694549691677093506e+01 -1.285950393676757741e+01
-1.716066537300745765e+01 -1.231331863403320348e+01
-1.719643547137578210e+01 -1.296783580780029332e+01
-1.710784469048182288e+01 -1.277548589706420934e+01
-1.709096690018971643e+01 -1.275453672409057582e+01
-1.762264863650004187e+01 -1.324701938629150355e+01
-1.733220382531483850e+01 -1.292680835723876953e+01
-1.699763526519139489e+01 -1.186917190551757884e+01
-1.702190860112508020e+01 -1.306553535461425852e+01
-1.760589623451232910e+01 -1.282292480468749929e+01
-1.676812694470087806e+01 -1.255765781402587855e+01
-1.729465230305989465e+01 -1.292617979049682653e+01
-1.657458033164342126e+01 -1.144926185607910085e+01
-1.696833515167236328e+01 -1.288350601196288991e+01
-1.732519874970118323e+01 -1.306853618621826207e+01
-1.720120302836100379e+01 -1.295551185607910227e+01
-1.715492884318033973e+01 -1.279504089355468821e+01
-1.728405668338139733e+01 -1.289333372116088938e+01
-1.696341945727666101e+01 -1.321151609420776296e+01
-1.723997602860132972e+01 -1.290626401901245046e+01
-1.744003595908482751e+01 -1.282637672424316477e+01
-1.715206944942474365e+01 -1.271104850769043004e+01
-1.633535724878311157e+01 -1.131364936828613210e+01
-1.618513613939285278e+01 -1.289267416000366140e+01
-1.703249047199885169e+01 -1.326905527114868200e+01
-1.730672454833984375e+01 -1.286581869125366140e+01
-1.707927097876866540e+01 -1.317956533432006871e+01
-1.777796022097269812e+01 -1.230366897583007812e+01
-1.734057617187500000e+01 -1.304232225418090785e+01
-1.643170847495396814e+01 -1.297765836715698207e+01
-1.737802873055140296e+01 -1.155314531326293981e+01
-1.670926449696223060e+01 -1.290941267013549876e+01
-1.749146689971287927e+01 -1.299406538009643519e+01
-1.740253231922785560e+01 -1.258511734008789062e+01
-1.727733804782231530e+01 -1.288228569030761683e+01
-1.708385902643203735e+01 -1.311906509399414134e+01
-1.715232934554417810e+01 -1.298991060256958008e+01
-1.716820255915324012e+01 -1.308531980514526438e+01
-1.772411741813023767e+01 -1.289419565200805629e+01
-1.759674628575642785e+01 -1.318223218917846751e+01
-1.730801252524058143e+01 -1.204288482666015625e+01
-1.752443077166875085e+01 -1.265149097442627024e+01
-1.669951637585957727e+01 -1.253977909088134801e+01
-1.719284149010976037e+01 -1.278527679443359411e+01
-1.751516091823577881e+01 -1.287969675064086950e+01
-1.712855782111485681e+01 -1.299812955856323171e+01
-1.709085953235626221e+01 -1.317581624984741140e+01
-1.743982424338658532e+01 -1.304665203094482351e+01
-1.743650273482004920e+01 -1.218062896728515554e+01
-1.753469524780909339e+01 -1.232074308395385742e+01
-1.701268353064854821e+01 -1.280571117401123082e+01
-1.725153144200642785e+01 -1.247761955261230504e+01
-1.724922913312911987e+01 -1.318073730468750071e+01
-1.690276151895523071e+01 -1.282587881088256765e+01
-1.743029602368672570e+01 -1.258513565063476491e+01
-1.754251815875371179e+01 -1.180059289932250977e+01
-1.661762787898381433e+01 -1.281892061233520508e+01
-1.792682772874832153e+01 -1.289561395645141673e+01
-1.705143459637959680e+01 -1.257791557312011754e+01
-1.761822156111399451e+01 -1.243970308303832972e+01
-1.744640048344929895e+01 -1.288589925765991140e+01
-1.746956475575764856e+01 -1.202845335006713867e+01
-1.717131727933883667e+01 -1.311386566162109446e+01
-1.761047242085139075e+01 -1.272869911193847692e+01
-1.750662702322006226e+01 -1.287325897216796911e+01
-1.737680119276046753e+01 -1.222027673721313512e+01
-1.729144233465194702e+01 -1.307878894805908132e+01
-1.710482436418533325e+01 -1.301525020599365234e+01
-1.769164677460988244e+01 -1.318563632965087962e+01
-1.774742547671000281e+01 -1.272416086196899343e+01
-1.652816619475682458e+01 -1.263807678222656250e+01
-1.712556519110997399e+01 -1.304430141448974645e+01
-1.745293682813644409e+01 -1.312379446029663121e+01
-1.766245061159133911e+01 -1.278521032333373952e+01
-1.749612152576446533e+01 -1.255661430358886754e+01
-1.724999306599299231e+01 -1.276692638397216761e+01
-1.761013583342234412e+01 -1.263172540664672816e+01
-1.750275623798370361e+01 -1.303809356689453125e+01
-1.755895709991455078e+01 -1.267260036468505824e+01
-1.691466166575749597e+01 -1.289893665313720739e+01
-1.740789894262949744e+01 -1.230459108352661168e+01
-1.683146802584330359e+01 -1.309679450988769567e+01
-1.786963456869125366e+01 -1.213837938308715891e+01
-1.664473654826482019e+01 -1.318859653472900462e+01
-1.753840466340382775e+01 -1.256272811889648366e+01
-1.723532301187515259e+01 -1.167522535324096644e+01
-1.760515666007995605e+01 -1.310310630798339915e+01
-1.747239323457081994e+01 -1.183888959884643555e+01
-1.691468991835911950e+01 -1.181115951538085973e+01
-1.708866880337397376e+01 -1.256921167373657156e+01
-1.737403422594070435e+01 -1.273477811813354421e+01
-1.708536752065022668e+01 -1.286484432220458984e+01
-1.728542806704838952e+01 -1.296700973510742116e+01
-1.766194359461466590e+01 -1.289875688552856481e+01
-1.732475763559341431e+01 -1.228700008392334020e+01
-1.751919275522232056e+01 -1.273767290115356410e+01
-1.681189566850662231e+01 -1.293249626159667898e+01
-1.774071576197941980e+01 -1.281204090118408168e+01
-1.768018003304799279e+01 -1.247741670608520437e+01
-1.789341938495635986e+01 -1.255490751266479421e+01
-1.730331514279047767e+01 -1.303085165023803782e+01
-1.776533190409342566e+01 -1.273378849029541016e+01
-1.817854539553324500e+01 -1.260207061767578196e+01
-1.779395188887913903e+01 -1.274540863037109339e+01
-1.769122441609700402e+01 -1.266290559768676793e+01
-1.712031845251719275e+01 -1.266746349334716726e+01
-1.788304454088211060e+01 -1.272519102096557653e+01
-1.786481436093648156e+01 -1.275831851959228480e+01
-1.818653062979380408e+01 -1.250138921737670827e+01
-1.793924772739410400e+01 -1.297007875442504954e+01
-1.776262329022089759e+01 -1.194883518218994212e+01
-1.792781881491343299e+01 -1.269322443008422852e+01
-1.770268046855926514e+01 -1.272502393722534109e+01
-1.695986137787501136e+01 -1.267638502120971644e+01
-1.706818497180938721e+01 -1.291389360427856481e+01
-1.766636963685353479e+01 -1.245411491394042969e+01
-1.754961681365966797e+01 -1.289854974746704031e+01
-1.728291575113932410e+01 -1.254187889099121023e+01
-1.750339223941167077e+01 -1.275671672821044922e+01
-1.761447079976399621e+01 -1.219295234680175710e+01
-1.790212569634119788e+01 -1.271946525573730469e+01
-1.771870152155558387e+01 -1.278400602340698278e+01
-1.782991927862167358e+01 -1.232412271499633860e+01
-1.797915796438853064e+01 -1.271028308868408274e+01
-1.818209973971049109e+01 -1.258145895004272496e+01
-1.801066472133000573e+01 -1.248382682800292898e+01
-1.794738849004109582e+01 -1.254195241928100657e+01
-1.802330064773559570e+01 -1.279285583496093714e+01
-1.767902014652888099e+01 -1.247983760833740163e+01
-1.767405652999877930e+01 -1.295682144165039062e+01
-1.708964784940083703e+01 -1.272081947326660156e+01
-1.742489363749821862e+01 -1.270362195968627894e+01
-1.786872007449467858e+01 -1.267583360671997106e+01
-1.776016600926717004e+01 -1.272069921493530309e+01
-1.803349554538726807e+01 -1.226785783767700266e+01
-1.799630600214004517e+01 -1.247900791168212820e+01
-1.791484922170639038e+01 -1.244482078552246129e+01
-1.757300498088200769e+01 -1.319594497680663991e+01
-1.773669306437174598e+01 -1.146015052795410227e+01
-1.741116195917129517e+01 -1.291967658996582102e+01
-1.779446347554524621e+01 -1.257485876083373988e+01
-1.763022335370381555e+01 -1.247346935272216761e+01
-1.714564377069473267e+01 -1.278004503250122070e+01
-1.676216870546340942e+01 -1.277251062393188441e+01
-1.782810509204864502e+01 -1.260122737884521449e+01
-1.747744182745615760e+01 -1.318585643768310511e+01
-1.756755467255910119e+01 -1.293788042068481481e+01
-1.806274288892745972e+01 -1.295428771972656179e+01
-1.782154905796051025e+01 -1.279188232421875071e+01
-1.785305190086364746e+01 -1.277418889999389684e+01
-1.807165078322092810e+01 -1.282264328002929688e+01
-1.762621472279230872e+01 -1.140321416854858327e+01
-1.796201006571451941e+01 -1.241028347015380895e+01
-1.794184513886769494e+01 -1.233216876983642507e+01
-1.740693575143814087e+01 -1.258568449020385671e+01
-1.787944604953129968e+01 -1.262125558853149343e+01
-1.779660999774932861e+01 -1.260567846298217809e+01
-1.800695753097534180e+01 -1.275745792388915945e+01
-1.831944056351979455e+01 -1.307305755615234411e+01
-1.825509699185689172e+01 -1.252534399032592738e+01
-1.782473772764205933e+01 -1.297952318191528320e+01
-1.813825205961863318e+01 -1.277457342147827113e+01
-1.822205489873886108e+01 -1.261243305206298793e+01
-1.811272577444712439e+01 -1.259146823883056676e+01
-1.790363673369089881e+01 -1.237068834304809606e+01
-1.749317546685536584e+01 -1.255406284332275391e+01
-1.799730404218037805e+01 -1.272725687026977504e+01
-1.772292077541351318e+01 -1.219145164489746058e+01
-1.655087558428446570e+01 -1.287041769027709925e+01
-1.829140377044677734e+01 -1.182300662994384766e+01
-1.809793414672215661e+01 -1.278895492553710866e+01
-1.772094076871871948e+01 -1.228061542510986293e+01
-1.820261732737223426e+01 -1.304295816421508825e+01
-1.725999230146408081e+01 -1.260956878662109304e+01
-1.803882435957590857e+01 -1.223487701416015661e+01
-1.798734176158905029e+01 -1.199209175109863246e+01
-1.784760431448618689e+01 -1.161941804885864293e+01
-1.786621836821238318e+01 -1.270041131973266602e+01
-1.805027365684509277e+01 -1.225460357666015554e+01
-1.725174321730931482e+01 -1.283809232711791992e+01
-1.757175397872924805e+01 -1.141020755767822337e+01
-1.756259546677271643e+01 -1.304439449310302734e+01
-1.820253133773803711e+01 -1.288681936264038086e+01
-1.804197772343953332e+01 -1.245304422378540110e+01
-1.781867261727650842e+01 -1.274218511581420898e+01
-1.786209243535995483e+01 -1.235723276138305593e+01
-1.788753998279571533e+01 -1.261458721160888707e+01
-1.799015525976816932e+01 -1.246570482254028356e+01
-1.830514935652415076e+01 -1.263130826950073171e+01
-1.771453676621119300e+01 -1.272540121078491282e+01
-1.795869155724843225e+01 -1.238534221649169886e+01
-1.768184981743494788e+01 -1.304708862304687500e+01
-1.727518691619237146e+01 -1.250520973205566477e+01
-1.770429513851801673e+01 -1.190102138519287145e+01
-1.718718957901000977e+01 -1.205455303192138672e+01
-1.749793587128321448e+01 -1.268945875167846715e+01
-1.789748617013295373e+01 -1.296151876449584961e+01
-1.822860443592071533e+01 -1.222824478149414062e+01
-1.826362991333007812e+01 -1.273060626983642507e+01
-1.819844961166381836e+01 -1.251160373687744176e+01
-1.775349553426106652e+01 -1.278333206176757741e+01
-1.783821258942286292e+01 -1.293606128692626989e+01
-1.847785453001658240e+01 -1.259787492752075266e+01
-1.796798000733057776e+01 -1.246295051574707102e+01
-1.721980077028274536e+01 -1.273255519866943430e+01
-1.779427824417750159e+01 -1.261559324264526438e+01
-1.851266149679819861e+01 -1.224221887588501012e+01
-1.814363332589467248e+01 -1.223108501434326101e+01
-1.735481552282969275e+01 -1.278439264297485423e+01
-1.802470946311950684e+01 -1.282206182479858469e+01
-1.817000422875086585e+01 -1.266222276687622106e+01
-1.781195751825968543e+01 -1.140888233184814382e+01
-1.786347361405690393e+01 -1.252309103012084890e+01
-1.858348437150319299e+01 -1.261719055175781179e+01
-1.808391112089157104e+01 -1.262869386672973704e+01
-1.829324146111806115e+01 -1.269069128036499094e+01
-1.759676257769266883e+01 -1.219611968994140661e+01
-1.809252087275187293e+01 -1.271634607315063548e+01
-1.840302757422129432e+01 -1.263072128295898366e+01
-1.817997622489929199e+01 -1.183560953140258754e+01
-1.781583201885223389e+01 -1.255492715835571360e+01
-1.814959259827931604e+01 -1.268934192657470739e+01
-1.811783204476038733e+01 -1.280418682098388672e+01
-1.812209165096282959e+01 -1.188215246200561559e+01
-1.847755986452102661e+01 -1.241221361160278391e+01
-1.729487228393554688e+01 -1.206515846252441371e+01
-1.680056069294611731e+01 -1.264245548248291051e+01
-1.790087447563807288e+01 -1.248360805511474680e+01
-1.744007869561513147e+01 -1.236541481018066335e+01
-1.768785574038823327e+01 -1.260059843063354457e+01
-1.808813675244649133e+01 -1.291397523880004883e+01
-1.787224761644999305e+01 -1.273938531875610281e+01
-1.821649402379989624e+01 -1.174393329620361293e+01
-1.739223351081212243e+01 -1.257749052047729421e+01
-1.806409396727879724e+01 -1.142065467834472692e+01
-1.733187190691630164e+01 -1.258094968795776403e+01
-1.836070712407429895e+01 -1.233886756896972692e+01
-1.805961658557255944e+01 -1.241105213165283239e+01
-1.832689513762791833e+01 -1.221237459182739293e+01
-1.821820052464802941e+01 -1.224276275634765554e+01
-1.834111968676249305e+01 -1.271046800613403249e+01
-1.838977364699045935e+01 -1.204525060653686452e+01
-1.778479496637980262e+01 -1.246135482788085902e+01
-1.757739086945851525e+01 -1.263733682632446254e+01
-1.855179182688395301e+01 -1.213604402542114258e+01
-1.810647108157475671e+01 -1.265157499313354528e+01
-1.794115463892618934e+01 -1.230589265823364187e+01
-1.758738478024800500e+01 -1.243486976623535156e+01
-1.814837145805358887e+01 -1.248163270950317383e+01
-1.786624066034952918e+01 -1.286334981918334996e+01
-1.834559015432993689e+01 -1.242382678985595668e+01
-1.873895597457885742e+01 -1.249965410232544016e+01
-1.854579921563466272e+01 -1.279895524978637766e+01
-1.868531036376953125e+01 -1.243418855667114187e+01
-1.838453678290049353e+01 -1.206700391769409109e+01
-1.853614638249079505e+01 -1.226965379714965820e+01
-1.862378672758738318e+01 -1.230854415893554688e+01
-1.803281120459238807e+01 -1.248501501083373988e+01
-1.771401989459991455e+01 -1.226440668106079102e+01
-1.766903374592463294e+01 -1.269323158264160156e+01
-1.862227233250935754e+01 -1.244227371215820277e+01
-1.849711966514587402e+01 -1.234348669052124059e+01
-1.798014676570892334e+01 -1.243339538574218750e+01
-1.820285554726918420e+01 -1.266696462631225550e+01
-1.742406427860260010e+01 -1.232490386962890661e+01
-1.816135738293329993e+01 -1.219174184799194371e+01
-1.844113485018412391e+01 -1.152546997070312429e+01
-1.772972251971562585e+01 -1.257801523208618200e+01
-1.832676498095194617e+01 -1.241742124557495153e+01
-1.857439188162485877e+01 -1.233488273620605469e+01
-1.850511735677719116e+01 -1.227195215225219727e+01
-1.820707074801127234e+01 -1.278111333847045827e+01
-1.795710424582163611e+01 -1.320110664367675746e+01
-1.838990930716196814e+01 -1.224641904830932582e+01
-1.819239467382431030e+01 -1.266722421646118235e+01
-1.803147294123967370e+01 -1.313119029998779297e+01
-1.812644316752751550e+01 -1.266617774963378906e+01
-1.850596570968627930e+01 -1.269194164276123082e+01
-1.764211702346801758e+01 -1.214592018127441442e+01
-1.782237152258555213e+01 -1.251950664520263601e+01
-1.810238508383433143e+01 -1.258663778305053782e+01
-1.805313396453857422e+01 -1.203553533554077148e+01
-1.829434899489084998e+01 -1.265401306152343786e+01
-1.861891909440358361e+01 -1.283694820404052805e+01
-1.881035526593526086e+01 -1.257450361251830984e+01
-1.867402728398640832e+01 -1.209681615829467738e+01
-1.833540860811869422e+01 -1.250869178771972656e+01
-1.886774929364522180e+01 -1.255781698226928711e+01
-1.845702000459035119e+01 -1.239162244796752965e+01
-1.803351032733917236e+01 -1.199357910156249929e+01
-1.838249379396438599e+01 -1.193425655364990234e+01
-1.773468478520711145e+01 -1.179729566574096644e+01
-1.804599257310231408e+01 -1.264577627182006836e+01
-1.828589153289794922e+01 -1.198412885665893590e+01
-1.791254556179046631e+01 -1.227916727066040004e+01
-1.859485809008280555e+01 -1.251944351196289062e+01
-1.845370785395304480e+01 -1.249609184265136719e+01
-1.878578003247578820e+01 -1.245730905532836985e+01
-1.851820079485575476e+01 -1.235671415328979528e+01
-1.862146349747975549e+01 -1.210020399093627930e+01
-1.836348589261372766e+01 -1.271276540756225515e+01
-1.843725375334421912e+01 -1.209260129928588867e+01
-1.783699232339859009e+01 -1.230654878616332937e+01
-1.799792269865671912e+01 -1.255521411895751882e+01
-1.885988791783650598e+01 -1.251361637115478587e+01
-1.830470252037048340e+01 -1.271289329528808665e+01
-1.825976419448852539e+01 -1.273132467269897461e+01
-1.882945525646209717e+01 -1.280347261428832972e+01
-1.823120776812235633e+01 -1.237752809524536168e+01
-1.890750892957051477e+01 -1.263854818344116282e+01
-1.775898633400599280e+01 -1.260632801055908203e+01
-1.779381847381591797e+01 -1.166658096313476634e+01
-1.763590162992477417e+01 -1.241326866149902308e+01
-1.848409483830134192e+01 -1.295584678649902344e+01
-1.882032255331675330e+01 -1.240788354873657262e+01
-1.870941960811614990e+01 -1.182521610260009837e+01
-1.860395991802215576e+01 -1.263456497192382777e+01
-1.904433067639668664e+01 -1.251949548721313477e+01
-1.888276946544647217e+01 -1.241503076553344798e+01
-1.852538561820983887e+01 -1.265767669677734375e+01
-1.877564605077107629e+01 -1.245855026245117259e+01
-1.845091180006663123e+01 -1.250211277008056676e+01
-1.890215047200520715e+01 -1.250867710113525355e+01
-1.853454776604970178e+01 -1.195764551162719691e+01
-1.826240694522857666e+01 -1.257181100845336985e+01
-1.823676288127899170e+01 -1.220819444656371999e+01
-1.775495592753092566e+01 -1.233795251846313512e+01
-1.835880080858866492e+01 -1.206129188537597585e+01
-1.851293043295542518e+01 -1.276073846817016566e+01
-1.871385769049326697e+01 -1.286548070907592844e+01
-1.880614682038624963e+01 -1.260003194808959925e+01
-1.823100580771764001e+01 -1.254059534072876048e+01
-1.793154648939768592e+01 -1.206311635971069407e+01
-1.873034000396728516e+01 -1.259023370742797887e+01
-1.848141264915466309e+01 -1.238592176437378001e+01
-1.826673758029937744e+01 -1.230252180099487269e+01
-1.838993990421295166e+01 -1.274172029495239222e+01
-1.889050459861755371e+01 -1.203063678741455078e+01
-1.887079950173695764e+01 -1.291414794921874964e+01
-1.888660349448521814e+01 -1.265117454528808594e+01
-1.874124912420908728e+01 -1.227510147094726634e+01
-1.913705706596374512e+01 -1.252293100357055700e+01
-1.906106400489807129e+01 -1.251342926025390589e+01
-1.865913301706314087e+01 -1.270394859313964808e+01
-1.858200271924336633e+01 -1.227832698822021484e+01
-1.853338873386383057e+01 -1.265528373718261790e+01
-1.874547648429870605e+01 -1.257185335159301687e+01
-1.848818631966908654e+01 -1.225934438705444407e+01
-1.860731003681818763e+01 -1.259310760498046911e+01
-1.863754165172576904e+01 -1.260480318069457972e+01
-1.902583507696787635e+01 -1.185015115737915004e+01
-1.823284647862116614e+01 -1.229039697647094798e+01
-1.894754576683044434e+01 -1.222421789169311523e+01
-1.901436225573221961e+01 -1.221728458404541051e+01
-1.844070661067962646e+01 -1.222327547073364329e+01
-1.758730379740397254e+01 -1.203239936828613210e+01
-1.795202092329661170e+01 -1.248644027709960902e+01
-1.836551725864410400e+01 -1.200831270217895508e+01
-1.884959483146667480e+01 -1.220069274902343714e+01
-1.813095291455586633e+01 -1.253000526428222727e+01
-1.891684854030609131e+01 -1.203050918579101491e+01
-1.881463396549224854e+01 -1.241648464202880930e+01
-1.866880428791046143e+01 -1.192238988876342809e+01
-1.830389823516209802e+01 -1.268220701217651403e+01
-1.898582565784454346e+01 -1.252440662384033132e+01
-1.893038554986317834e+01 -1.286231603622436559e+01
-1.903111179669697961e+01 -1.258985052108764613e+01
-1.889491915702819824e+01 -1.223086004257202219e+01
-1.786977030833562097e+01 -1.210513753890991140e+01
-1.859288587172826013e+01 -1.258577060699462891e+01
-1.877903238932291785e+01 -1.213075914382934606e+01
-1.814131162563959876e+01 -1.263943767547607422e+01
-1.874435544013977051e+01 -1.276724033355712962e+01
-1.907195659478505334e+01 -1.183232917785644567e+01
-1.853665113449096680e+01 -1.230810117721557617e+01
-1.857621624072392663e+01 -1.206063776016235423e+01
-1.921467749277750769e+01 -1.215031661987304723e+01
-1.933269111315409461e+01 -1.231066207885742259e+01
-1.845184439420700073e+01 -1.240601196289062536e+01
-1.893354165554046631e+01 -1.278220920562744212e+01
-1.866904014348983765e+01 -1.277917098999023438e+01
-1.873980812231699744e+01 -1.252875356674194407e+01
-1.857773927847544471e+01 -1.186807622909545934e+01
-1.845505962769190589e+01 -1.267791681289672923e+01
-1.881252487500508508e+01 -1.236718339920043874e+01
-1.923148155212402344e+01 -1.260023603439331019e+01
-1.865610261758168420e+01 -1.152306957244872976e+01
-1.888884242375691613e+01 -1.263520536422729457e+01
-1.859709803263346473e+01 -1.193691949844360423e+01
-1.837669940789540490e+01 -1.253604650497436523e+01
-1.869744416077931604e+01 -1.252052888870239222e+01
-1.914769387245178223e+01 -1.219800939559936559e+01
-1.894247019290924072e+01 -1.211946201324462891e+01
-1.927302630742390832e+01 -1.251271810531616246e+01
-1.876562627156575402e+01 -1.153033800125121999e+01
-1.648367702960968018e+01 -1.211030168533325124e+01
-1.799989954630533973e+01 -1.239189138412475621e+01
-1.856344823042551795e+01 -1.251737289428711009e+01
-1.859441630045573035e+01 -1.230862607955932653e+01
-1.864124063650767127e+01 -1.263929138183593714e+01
-1.848756527900695801e+01 -1.252744951248168981e+01
-1.810560973485310754e+01 -1.242739276885986399e+01
-1.834079356988270959e+01 -1.212481384277343821e+01
-1.884166888395945350e+01 -1.263911323547363352e+01
-1.911050566037495813e+01 -1.262892179489135813e+01
-1.877081799507141113e+01 -1.243140125274658203e+01
-1.879273998737335205e+01 -1.244917993545532298e+01
-1.910573259989420691e+01 -1.241448135375976491e+01
