# Train Val
-6.162731202982239864e+00 -9.933679540952047304e+00
-1.001878701226185875e+01 -1.015361583232879639e+01
-1.015113348071858113e+01 -1.027004822095235248e+01
-1.024947939080707116e+01 -1.020166738828023334e+01
-1.021898128218570001e+01 -1.020356623331705670e+01
-1.027423212891918070e+01 -1.031581318378448486e+01
-1.031953152155472075e+01 -1.034917517503102680e+01
-1.035557058302022604e+01 -1.047331269582112689e+01
-1.056867597062709052e+01 -1.057896757125854492e+01
-1.072360109070600132e+01 -1.089324128627777100e+01
-1.102999788219645794e+01 -1.097249603271484375e+01
-1.156868370508743560e+01 -1.189418518543243408e+01
-1.223909649606478389e+01 -1.214134860038757324e+01
-1.314569103919853532e+01 -1.060838886102040668e+01
-1.376084874039989359e+01 -1.430915506680806537e+01
-1.447762035111249546e+01 -1.406654282410939594e+01
-1.572437295267137358e+01 -1.577695051829020123e+01
-1.580181797480179107e+01 -1.597062973181406598e+01
-1.573869292210724424e+01 -1.452911750475565533e+01
-1.616968833794027915e+01 -1.583273049195607562e+01
-1.667339955346059099e+01 -1.551927415529886822e+01
-1.634738887366602000e+01 -1.669860589504241943e+01
-1.705777877872273152e+01 -1.770968445142110070e+01
-1.730783241078005119e+01 -1.763327634334564209e+01
-1.775998897875769700e+01 -1.638067539532979211e+01
-1.769227468361288658e+01 -1.717523586750030518e+01
-1.768118396047818308e+01 -1.619784943262736121e+01
-1.780421834881022747e+01 -1.390818556149800678e+01
-1.812612192509537934e+01 -1.561943813165028949e+01
-1.775802448240377274e+01 -1.473142238457997699e+01
-1.796397018432617188e+01 -1.714512948195139685e+01
-1.865102708137641585e+01 -1.487872616449991803e+01
-1.789583660384355923e+01 -1.739954149723052979e+01
-1.869286160549874865e+01 -1.594056344032287598e+01
-1.820086924504425596e+01 -1.711365290482838830e+01
-1.843313759464328427e+01 -1.868637728691101074e+01
-1.899835365101442619e+01 -1.221558725833892822e+01
-1.730094419091434688e+01 -1.869124643007914344e+01
-1.931505521677308224e+01 -1.795005043347676477e+01
-1.904119847184520609e+01 -1.710186235109965125e+01
-1.880207340596085785e+01 -1.744379234313964844e+01
-1.947756363173662564e+01 -1.817152376969655236e+01
-1.926169894913495639e+01 -1.859048962593078613e+01
-1.920606240579637358e+01 -1.831132721900939941e+01
-1.922264120134256515e+01 -1.780944124857584754e+01
-1.971738303717920360e+01 -1.782765622933705529e+01
-1.918197816105212183e+01 -1.841333587964375695e+01
-1.989459133148193359e+01 -1.521130220095316510e+01
-1.958122091778254159e+01 -1.840826050440470496e+01
-1.921276993670706190e+01 -1.755393854777018348e+01
-1.964110698538311439e+01 -1.662035393714904785e+01
-1.952988673064668390e+01 -1.666744860013325891e+01
-1.896668648315688444e+01 -1.657419149080912391e+01
-1.925146737341153269e+01 -1.689586818218231201e+01
-1.963846252732357911e+01 -1.892121831576029578e+01
-2.011453967983439739e+01 -1.336629378795623779e+01
-1.927258222385988518e+01 -1.803314431508382043e+01
-2.053499727734064706e+01 -1.734317437807719031e+01
-1.953054144422886651e+01 -1.908921146392822266e+01
-2.014013544987824034e+01 -1.803805188337961951e+01
-1.997558855606337858e+01 -1.910766251881917199e+01
-2.026808327335422177e+01 -1.498934058348337750e+01
-2.003871765783277681e+01 -1.587644692262013812e+01
-2.055409370842626515e+01 -1.765370480219523230e+01
-2.048239014512401468e+01 -1.766983099778493127e+01
-2.051250631526364998e+01 -1.849662268161773682e+01
-2.043368026765726242e+01 -1.660395626227061072e+01
-1.978627417451244241e+01 -1.768633798758189002e+01
-2.039043415198892006e+01 -1.896647322177886963e+01
-2.030023206290552196e+01 -1.849318790435791016e+01
-2.026469124777842268e+01 -1.667335776487986365e+01
-2.024320499775773285e+01 -1.988737376530965051e+01
-2.054101745961076020e+01 -1.896284476915995398e+01
-2.092022603245104762e+01 -1.790795822938283166e+01
-1.996775504290047465e+01 -1.864090406894683838e+01
-2.041809528965060849e+01 -1.917034729321797570e+01
-2.114580193212476900e+01 -1.926978826522827148e+01
-2.099888470213291924e+01 -1.783392572402954102e+01
-2.024810882342063678e+01 -1.938845769564310828e+01
-2.045775757805775896e+01 -1.960351268450419226e+01
-2.130647685164112204e+01 -1.819710735479990760e+01
-2.060339466191954472e+01 -1.894444096088409424e+01
-2.063941988702547903e+01 -1.883554053306579590e+01
-2.037840024495529079e+01 -1.950476654370625695e+01
-2.158212797520524262e+01 -1.986856738726298133e+01
-2.108574820373017999e+01 -1.830031073093414307e+01
-2.032009003526073343e+01 -1.441686785221099854e+01
-2.082499821711394716e+01 -1.945199151833852014e+01
-2.045825442621263335e+01 -1.677132499217987061e+01
-2.099057564492953176e+01 -1.894481547673543176e+01
-2.086705906916472841e+01 -1.744583320617675781e+01
-2.107053091566441339e+01 -2.030609122912089148e+01
-2.090742416705115403e+01 -1.932412894566853723e+01
-2.056619381500502897e+01 -1.911080984274546424e+01
-2.116702586513454776e+01 -1.963819114367167273e+01
-2.112430228217173322e+01 -1.651895507176717004e+01
-2.145926076274807315e+01 -2.004272286097208777e+01
-2.153798528444968952e+01 -1.888478974501292029e+01
-2.173209258257332621e+01 -1.686460133393605432e+01
-2.137375737852969237e+01 -1.937218153476715088e+01
-2.125694679001630405e+01 -1.992132031917572021e+01
-2.138632537550845214e+01 -1.917020138104756555e+01
-2.102647023281808458e+01 -1.864383252461751184e+01
-2.190480796361373805e+01 -1.913273537158966064e+01
-2.113170031369742574e+01 -1.956269752979278564e+01
-2.105212677131265053e+01 -1.788164639472961426e+01
-2.175639125856302414e+01 -1.926945058504740516e+01
-2.082797200801008941e+01 -1.804661893844604492e+01
-2.183389717037394817e+01 -1.937428430716196814e+01
-2.155980215234271569e+01 -1.793226857980092248e+01
-2.170288422956305041e+01 -1.986059709390004357e+01
-2.134467588844945851e+01 -1.818589218457539758e+01
-2.158645767276570027e+01 -2.052124961217244348e+01
-2.113262529696448411e+01 -1.922967489560445031e+01
-2.159588183386851057e+01 -1.978786555926005164e+01
-2.256241472696853734e+01 -1.999293104807535926e+01
-2.199296891487250960e+01 -1.887277742226918420e+01
-2.224332410198147159e+01 -1.866755207379658899e+01
-2.110197763119713699e+01 -1.473548726240793805e+01
-2.136138945110773690e+01 -1.924824384848276893e+01
-2.182369149741479930e+01 -1.813338112831115723e+01
-2.165723698826159449e+01 -1.950082206726074219e+01
-2.129496727151385826e+01 -1.997981146971384803e+01
-2.199359093682240740e+01 -1.861834617455800256e+01
-2.211499628778231497e+01 -1.637850360075632850e+01
-2.168108568353168053e+01 -2.023551225662231445e+01
-2.209339608984478431e+01 -1.913585408528645715e+01
-2.153406586081294805e+01 -1.915718555450439453e+01
-2.245037208169193477e+01 -1.959952751795450965e+01
-2.228306931964421622e+01 -1.760836585362752160e+01
-2.166827015957589708e+01 -1.942418328921000281e+01
-2.259727882126630405e+01 -1.996487347284952918e+01
-2.215486115924382560e+01 -1.750775734583536902e+01
-2.150643930596820397e+01 -2.006403112411499023e+01
-2.277042788166110654e+01 -1.968614931901295861e+01
-2.178179310944120672e+01 -1.972698787848154822e+01
-2.228308748794814420e+01 -1.606534008185068885e+01
-2.154133554232322467e+01 -1.926324009895324707e+01
-2.264378478163379782e+01 -2.081318569183349609e+01
-2.186710301092115571e+01 -2.038067102432250977e+01
-2.215366905018434807e+01 -1.964268779754638672e+01
-2.217848548242601225e+01 -1.900890088081359863e+01
-2.247313581886938039e+01 -2.020248063405354699e+01
-2.229511699029954741e+01 -1.893903394540150842e+01
-2.208498716354370117e+01 -1.989454404513041297e+01
-2.235891159510208226e+01 -2.064091344674428186e+01
-2.219579842131016534e+01 -2.009668461481730262e+01
-2.199856956934524632e+01 -2.018305552005767822e+01
-2.219455222760216628e+01 -1.838132858276367188e+01
-2.278610631975076828e+01 -1.971066137154896936e+01
-2.256594239251088396e+01 -2.041688179969787598e+01
-2.137039436728267461e+01 -2.075571374098459998e+01
-2.300341901940814537e+01 -1.987233606974283973e+01
-2.281606944132659365e+01 -2.092992269992828369e+01
-2.224652849617650929e+01 -1.968171636263529578e+01
-2.223186914799576996e+01 -2.067367394765217981e+01
-2.242735064231743181e+01 -2.111903142929077148e+01
-2.240273782762430343e+01 -2.049837565422058105e+01
-2.305398564419503771e+01 -2.037676386038462439e+01
-2.201354468070854509e+01 -2.054899597167968750e+01
-2.255317730014607136e+01 -1.931718389193217078e+01
-2.250083572581662850e+01 -1.947465550899505615e+01
-2.316749466071694741e+01 -1.823892056941986084e+01
-2.256584275779077586e+01 -2.053599031766255578e+01
-2.289334772400937013e+01 -1.924332857131958008e+01
-2.236354691295300512e+01 -1.982904314994812012e+01
-2.273598244230625909e+01 -1.763177426656087121e+01
-2.245898513470665847e+01 -1.806789362430572510e+01
-2.248774437985177599e+01 -2.084047198295593262e+01
-2.299041670459811826e+01 -1.951284841696421424e+01
-2.302646357326184301e+01 -2.034105630715687951e+01
-2.223865260108042463e+01 -1.750660145282745361e+01
-2.302490355604786032e+01 -2.112547127405802527e+01
-2.276094976522154667e+01 -2.076906132698059082e+01
-2.310378191026590500e+01 -1.952574702103932580e+01
-2.303574864339020323e+01 -2.032252200444539270e+01
-2.250118393008991902e+01 -2.038346036275227746e+01
-2.331693660606772056e+01 -1.692759295304616174e+01
-2.318964521763688325e+01 -1.967916337649027625e+01
-2.331541905160677786e+01 -1.944896817207336426e+01
-2.266333188848980384e+01 -2.097077337900797644e+01
-2.286016515958107220e+01 -1.894540222485860070e+01
-2.248796876810364864e+01 -1.878397285938262939e+01
-2.353870469432766299e+01 -1.990763358275095740e+01
-2.293695286572989644e+01 -2.072013811270396033e+01
-2.221849435062731715e+01 -2.009123019377390662e+01
-2.336098265243789029e+01 -1.976998519897460938e+01
-2.284197237532017510e+01 -1.889713652928670129e+01
-2.341144773515604172e+01 -1.838186057408650598e+01
-2.244497824523408624e+01 -1.992973585923512658e+01
-2.347117076485843867e+01 -1.876500566800435266e+01
-2.366536433009778051e+01 -2.082977044582366943e+01
-2.357394000231209574e+01 -1.708944626649220666e+01
-2.338283469313282126e+01 -2.061768937110900879e+01
-2.340231607728085450e+01 -2.051684995492299279e+01
-2.294222624827239443e+01 -2.084712203343709191e+01
-2.273320113198231951e+01 -1.724600938955942908e+01
-2.306378535901085769e+01 -2.089383717377980432e+01
-2.362105888431355183e+01 -2.011379071076710900e+01
-2.317759302106954422e+01 -1.860532347361246863e+01
-2.267825131497140490e+01 -2.038359506924946984e+01
-2.262638691724356832e+01 -1.667190456390380859e+01
-2.366292518680378620e+01 -1.872277371088663855e+01
-2.365684771133681608e+01 -2.005088456471760949e+01
-2.316523558406506567e+01 -1.933098808924357215e+01
-2.313947944317833816e+01 -1.953966935475667199e+01
-2.344653501348980384e+01 -2.010055915514628211e+01
-2.362108376066563409e+01 -2.093215322494506836e+01
-2.341626930236816406e+01 -2.021203438440958777e+01
-2.385456028631178071e+01 -1.998113910357157508e+01
-2.362098469168453008e+01 -1.641720902919769287e+01
-2.321358318652136887e+01 -2.074843732515970984e+01
-2.367834365974038491e+01 -2.090542856852213660e+01
-2.378264758546473701e+01 -1.833334239323933801e+01
-2.411900415258892494e+01 -2.045036188761393348e+01
-2.392321971311407580e+01 -1.809396334489186486e+01
-2.366171859482587436e+01 -1.877674420674641809e+01
-2.314957780353093497e+01 -1.616302224000294885e+01
-2.343948954242770810e+01 -2.073957920074462891e+01
-2.324645415807174587e+01 -2.041942818959553918e+01
-2.364369369765459439e+01 -2.006128235658009729e+01
-2.350422948093737574e+01 -1.982348434130350867e+01
-2.362014243562342841e+01 -2.069413876533508301e+01
-2.385385973978850771e+01 -2.102209877967834473e+01
-2.342519097409005724e+01 -2.116713571548461914e+01
-2.294307271504806423e+01 -2.005855166912078857e+01
-2.417297461881475940e+01 -2.026641424496968469e+01
-2.351082480155815446e+01 -1.901975512504577637e+01
-2.346741471048128957e+01 -2.107286842664082727e+01
-2.386175664804749630e+01 -1.938809899489084998e+01
-2.427708184517036116e+01 -2.073400545120239258e+01
-2.420150058552370353e+01 -1.999168066183726111e+01
-2.341697762376170999e+01 -2.009618127346038818e+01
-2.379393997838941743e+01 -1.938515051205952844e+01
-2.397777680219229879e+01 -2.038299791018168250e+01
-2.330737155978962605e+01 -2.047430912653605262e+01
-2.429054098614191659e+01 -1.512899657090505023e+01
-2.252530794628595956e+01 -2.109166987737019738e+01
-2.371869416964256061e+01 -1.889993302027384559e+01
-2.337905048111737827e+01 -2.089230879147847375e+01
-2.378448659282619815e+01 -2.143808309237162391e+01
-2.312229518567101394e+01 -1.975154483318328857e+01
-2.354743129924192147e+01 -2.003917324542999268e+01
-2.449238167778920428e+01 -2.041938893000284949e+01
-2.405598045607744595e+01 -1.867751459280649939e+01
-2.386297331017962975e+01 -1.993284102280934533e+01
-2.421520651801157697e+01 -1.756979131698608398e+01
-2.353788084903005995e+01 -2.040385695298512658e+01
-2.401073362059512206e+01 -1.770368337631225586e+01
-2.362501045808953748e+01 -1.913920239607493201e+01
-2.403278140698449050e+01 -1.679786415894826135e+01
-2.394163299819170376e+01 -2.035917433102925500e+01
-2.475777904057907008e+01 -2.089748064676920691e+01
-2.417957813456906990e+01 -1.990026132265726844e+01
-2.420518671456029836e+01 -1.814668114980061731e+01
-2.419070984145342251e+01 -1.970581738154093543e+01
-2.371295933804269396e+01 -2.132589610417683801e+01
-2.440986702805858499e+01 -2.107005012035369873e+01
-2.417380761292021063e+01 -2.096002133687337121e+01
-2.326382255554199219e+01 -1.781149113178253174e+01
-2.384903915049666168e+01 -2.043092366059621057e+01
-2.402662059008065043e+01 -2.048096156120300293e+01
-2.485936470355017747e+01 -2.060913129647572717e+01
-2.401765479071665510e+01 -2.022355035940806189e+01
-2.271734779163942619e+01 -1.933915650844573975e+01
-2.430378647173865403e+01 -1.972357249259948730e+01
-2.376387617143533859e+01 -2.052381976445515832e+01
-2.386846770270395979e+01 -2.031365331013997277e+01
-2.434888231956352556e+01 -2.111250130335490027e+01
-2.417348417185120724e+01 -1.726265744368235389e+01
-2.421472560753256431e+01 -1.541328163941701312e+01
-2.375878054408703832e+01 -2.024145205815633020e+01
-2.431722746057025475e+01 -2.007807191212971887e+01
-2.423156111119157075e+01 -2.048502477010091027e+01
-2.454503741506802683e+01 -2.098604941368103027e+01
-2.443007798922263873e+01 -1.913220922152201453e+01
-2.443084807315115370e+01 -2.141294137636820594e+01
-2.453974651078046421e+01 -2.093453955650329590e+01
-2.388990680241989040e+01 -1.989761002858479699e+01
-2.447284085871809722e+01 -2.055914151668548584e+01
-2.404678910465563746e+01 -2.150240651766459266e+01
-2.464223730766167009e+01 -2.156475361188252649e+01
-2.332694378545728853e+01 -2.096322695414225379e+01
-2.357741785857637140e+01 -1.760412482420603553e+01
-2.462814447435281906e+01 -2.101871728897094727e+01
-2.462542249388613769e+01 -1.904576881726582727e+01
-2.471657715813588396e+01 -2.123494195938110352e+01
-2.468591345770884260e+01 -2.102999003728230676e+01
-2.392608939995199790e+01 -2.097072076797485352e+01
-2.500044420209981766e+01 -2.044606999556223670e+01
-2.387137332205044871e+01 -1.890339994430541992e+01
-2.390336166802099171e+01 -2.063333932558695594e+01
-2.485592491343869881e+01 -2.010919590791066369e+01
-2.435281043941691692e+01 -1.952132324377695838e+01
-2.428367538775427903e+01 -2.144773348172505578e+01
-2.442336278042550646e+01 -2.114960010846455774e+01
-2.396416636644783793e+01 -2.109211746851603309e+01
-2.424335689867957200e+01 -2.035896476109822473e+01
-2.466215096489857928e+01 -1.973631763458251953e+01
-2.409839828943801976e+01 -1.989195605119069299e+01
-2.468776851589396770e+01 -2.047003428141276160e+01
-2.360979354987710366e+01 -1.703981602191925049e+01
-2.437083860171043170e+01 -2.077769645055134973e+01
-2.378424583047123164e+01 -2.086581834157307824e+01
-2.408487239126431589e+01 -2.013374574979146203e+01
-2.475370622085312533e+01 -2.169293133417765418e+01
-2.415444323976161201e+01 -2.132876396179199219e+01
-2.482455205109159735e+01 -1.956363709767659387e+01
-2.468951726363876986e+01 -1.937990005811055383e+01
-2.462291053190069690e+01 -2.088703846931457520e+01
-2.450576974577822753e+01 -2.063686907291412354e+01
-2.446775339417538575e+01 -2.095997762680053711e+01
-2.443073230678752239e+01 -2.106483745574951172e+01
-2.445303616281283254e+01 -1.794560674826304236e+01
-2.444137188539666639e+01 -2.075840473175048828e+01
-2.506500546406891416e+01 -1.878497322400410852e+01
-2.363426486516403102e+01 -2.033362833658854285e+01
-2.487687217583090415e+01 -2.159473816553751746e+01
-2.492247429540601900e+01 -1.860506280263264856e+01
-2.380630431740970820e+01 -1.990345637003580848e+01
-2.495482709852315750e+01 -2.057025678952534875e+01
-2.542424252073643487e+01 -2.013007863362630090e+01
-2.434256791260282782e+01 -2.027122112115224084e+01
-2.440864136259434503e+01 -2.143474658330281457e+01
-2.437508062588966595e+01 -1.999078019460042199e+01
-2.476485467361191439e+01 -1.881564891338348389e+01
-2.542003169302212839e+01 -2.009908246994018555e+01
-2.528171930474750084e+01 -1.973242882887522498e+01
-2.543459056595624546e+01 -2.093524456024169922e+01
-2.471037730524095366e+01 -2.047458044687907019e+01
-2.497521520065048861e+01 -2.111344460646311560e+01
-2.509925459199032716e+01 -2.053574681282043457e+01
-2.481801744234763873e+01 -2.120626338322957238e+01
-2.487781230473922633e+01 -1.988906319936116418e+01
-2.482136791035280510e+01 -1.944170224666595459e+01
-2.500971983246884278e+01 -2.090608278910319129e+01
-2.524492916818392629e+01 -2.079713527361552039e+01
-2.498941036806268201e+01 -1.944214940071105957e+01
-2.447916544898081526e+01 -2.015761860211690149e+01
-2.525300108376195851e+01 -1.931265946229298791e+01
-2.469664736925545512e+01 -1.992380340894063195e+01
-2.494125681408381112e+01 -2.075009115537007531e+01
-2.538199600930941457e+01 -1.952344250679016113e+01
-2.478520501670190868e+01 -2.079250184694926062e+01
-2.470241097272452535e+01 -1.912128504117329797e+01
-2.485235865641448427e+01 -2.096346497535705566e+01
-2.486048675795732876e+01 -2.077024253209431848e+01
-2.498569687342239476e+01 -2.050407989819844445e+01
-2.507571352942515119e+01 -2.085642774899800500e+01
-2.472692606004617843e+01 -2.082851211229960242e+01
-2.480154590283409988e+01 -2.094218953450520715e+01
-2.529076687764313291e+01 -2.165263843536376953e+01
-2.486801435179629394e+01 -2.053878100713093957e+01
-2.489238709918523185e+01 -2.078695599238077918e+01
-2.530476631552486211e+01 -1.980908099810282508e+01
-2.463661968101889244e+01 -1.863894033432006836e+01
-2.557071753679695902e+01 -2.067439095179240027e+01
-2.501495867260431893e+01 -2.080518194039662561e+01
-2.442640453273967083e+01 -2.177779940764109412e+01
-2.487886490256099492e+01 -2.060961214701334754e+01
-2.586844272936804856e+01 -2.114448698361714563e+01
-2.407533113835221528e+01 -1.932777822017669678e+01
-2.502100766715356883e+01 -2.067393573125203332e+01
-2.502725363585908624e+01 -2.030943274497985840e+01
-2.563417264970682297e+01 -2.119290788968404016e+01
-2.602397609969316861e+01 -2.005903967221577844e+01
-2.507297509403552027e+01 -2.033605297406514367e+01
-2.564833447084588514e+01 -2.096869293848673621e+01
-2.550991734003616429e+01 -2.149130090077717981e+01
-2.576285863326767611e+01 -1.868441637357075891e+01
-2.521162640846381819e+01 -1.990284276008605957e+01
-2.532366064039327469e+01 -2.018502004941304406e+01
-2.584361446509927163e+01 -1.847000586986541748e+01
-2.498184110350527831e+01 -2.108771578470866004e+01
-2.591523228661488787e+01 -2.190138435363769531e+01
-2.544499662366964188e+01 -2.075831500689188758e+01
-2.451984082238148943e+01 -2.105560278892517090e+01
-2.506212948944608954e+01 -1.992540343602498254e+01
-2.503794595750711593e+01 -1.889556014537811279e+01
-2.552420212050615689e+01 -1.926448639233906945e+01
-2.501736296637583479e+01 -1.967475303014119348e+01
-2.502553933353747340e+01 -2.033124391237894812e+01
-2.585703287286273522e+01 -1.873753945032755652e+01
-2.562067090050648943e+01 -2.100681527455647668e+01
-2.439424088041661065e+01 -2.021746261914571008e+01
-2.503155638807911032e+01 -2.099541608492533484e+01
-2.580683541702011752e+01 -2.098237677415211877e+01
-2.515673259153204455e+01 -2.061063845952351770e+01
-2.472646847417799165e+01 -2.046843051910400391e+01
-2.501824878434003452e+01 -2.043263395627339563e+01
-2.541347030057745471e+01 -1.938795828819274902e+01
-2.579999496977207940e+01 -2.054912622769673547e+01
-2.505187964035292936e+01 -2.108721550305684289e+01
-2.547267233315160695e+01 -1.996158878008524695e+01
-2.475492259203377543e+01 -2.001208114624023438e+01
-2.526060946513030459e+01 -2.015950906276702881e+01
-2.494172396902310496e+01 -2.087047958374023438e+01
-2.500684949907205734e+01 -2.076693598429362098e+01
-2.573777984360517124e+01 -2.094821421305338660e+01
-2.578417328656729879e+01 -2.091747204462687293e+01
-2.501777194718183139e+01 -2.083139542738596717e+01
-2.602192995103738937e+01 -1.951490441958109656e+01
-2.594968763448424198e+01 -2.105414493878682336e+01
-2.543917350445763503e+01 -2.112519868214925012e+01
-2.541751549607616312e+01 -2.145369092623392859e+01
-2.550491184299275105e+01 -2.075422497590382775e+01
-2.588590497485661857e+01 -2.035766410827636719e+01
-2.516419048632605637e+01 -1.918514426549275598e+01
-2.513330247846700516e+01 -2.124542689323425293e+01
-2.449106184102721073e+01 -2.077866768836975098e+01
-2.603774101451291756e+01 -2.125445469220479211e+01
-2.593168795310844743e+01 -2.051007159550984582e+01
-2.583426682423737120e+01 -2.157083153724670410e+01
-2.602191024715617473e+01 -2.129821213086446008e+01
-2.572097107515496717e+01 -2.027859576543172082e+01
-2.586566693904036285e+01 -2.123919709523518762e+01
-2.540420281685004866e+01 -1.895950766404469690e+01
-2.567085277428061119e+01 -2.077191575368245324e+01
-2.525297855118573764e+01 -2.138405895233154297e+01
-2.507075597472109862e+01 -2.058449371655781945e+01
-2.554770156084481059e+01 -2.098388918240864953e+01
-2.544768040867175074e+01 -2.052431118488311768e+01
-2.518833558034088682e+01 -1.943412458896636963e+01
-2.513013409760038641e+01 -2.092262903849283973e+01
-2.526273948863401131e+01 -2.092421134312947473e+01
-2.506048435275837605e+01 -2.152895641326904297e+01
-2.568505911099708783e+01 -2.118881726264953613e+01
-2.610525215278237710e+01 -2.090720121065775672e+01
-2.528242297091726698e+01 -2.127854108810424805e+01
-2.608586034936420006e+01 -2.029810420672098914e+01
-2.530898907225010674e+01 -2.175633454322814941e+01
-2.653339335878016669e+01 -2.032638625303904334e+01
-2.595313625012413894e+01 -2.051749877134959021e+01
-2.603616709628347792e+01 -2.050362722078959266e+01
-2.582739445314568982e+01 -2.094505667686462402e+01
-2.454381892640711982e+01 -2.123818198839823523e+01
-2.575333718122061910e+01 -2.056897795200347900e+01
-2.561546883340609426e+01 -2.078367042541503906e+01
-2.513124197620456357e+01 -2.169358253479003906e+01
-2.604583861464161032e+01 -2.098065710067749023e+01
-2.620665909072100064e+01 -1.974795079231262207e+01
-2.565418542441675243e+01 -2.156453251838684082e+01
-2.541687973475051976e+01 -2.092826553185780725e+01
-2.602800013655323141e+01 -2.022388676802317420e+01
-2.602981114791611361e+01 -2.092888053258259973e+01
-2.605252674878653707e+01 -2.121004045009613037e+01
-2.602647225331451963e+01 -1.953069023291270057e+01
-2.575282908294160578e+01 -2.009299397468566895e+01
-2.564549610978465921e+01 -2.127141948541005334e+01
-2.578459193342823141e+01 -2.135438132286071777e+01
-2.616139592962749916e+01 -2.077116115887959680e+01
-2.590741492125947687e+01 -2.111618057886759559e+01
-2.590597585904396283e+01 -2.016797153155009070e+01
-2.492324911537816945e+01 -1.928618812561035156e+01
-2.597529652159092706e+01 -1.951137614250183105e+01
-2.566295096833827216e+01 -1.896071338653564453e+01
-2.552188016600527831e+01 -2.090012653668721399e+01
-2.598648092302225265e+01 -2.091742300987243652e+01
-2.613087802822306926e+01 -2.037909150123596191e+01
-2.641861218921208732e+01 -2.096937680244445801e+01
-2.613432803396451121e+01 -2.138028264045715332e+01
-2.536647489515401688e+01 -2.112559525171915809e+01
-2.639847091092901721e+01 -1.917604172229766846e+01
-2.532712328636040056e+01 -2.053501192728678504e+01
-2.617948696977001077e+01 -2.077171413103739539e+01
-2.592637183302539938e+01 -2.092170619964599609e+01
-2.606835522085933476e+01 -2.153597227732340613e+01
-2.641444768743999916e+01 -1.995056422551472863e+01
-2.613449078899319034e+01 -2.074557856718699256e+01
-2.649565439709162362e+01 -1.814503129323323449e+01
-2.576402688430527377e+01 -1.976328984896342078e+01
-2.602551376213461509e+01 -2.016056474049885949e+01
-2.653926700656696980e+01 -2.061741216977437219e+01
-2.580985838679944067e+01 -2.110215346018473426e+01
-2.579284549971758267e+01 -2.061413073539733887e+01
-2.672681296073784196e+01 -2.107181692123413086e+01
-2.636514796240854963e+01 -1.917898670832316199e+01
-2.593561705896409819e+01 -1.949654968579610070e+01
-2.636344027115126920e+01 -2.136565939585367957e+01
-2.672801735441563409e+01 -2.029776843388875207e+01
-2.544756488476769363e+01 -2.040006852149963379e+01
-2.549985180870961443e+01 -2.064918168385823449e+01
-2.589411701590328008e+01 -2.078614266713460168e+01
-2.673930168151855469e+01 -2.121961839993794641e+01
-2.685325060052386803e+01 -1.891236062844594201e+01
-2.594978785110732389e+01 -2.150278735160827637e+01
-2.669905617277500909e+01 -1.907847332954406738e+01
-2.577714890948796622e+01 -2.015941611925761023e+01
-2.547578535241595787e+01 -2.045532973607381066e+01
-2.668754769987979003e+01 -2.139560389518737793e+01
-2.624296906034825128e+01 -2.022641062736511230e+01
-2.615897369384765625e+01 -2.053152585029602051e+01
-2.646641215631517241e+01 -2.039432326952616492e+01
-2.661784508268711846e+01 -2.095442215601603309e+01
-2.674647429838018908e+01 -2.076833271980285645e+01
-2.639266106233758435e+01 -2.178398116429646691e+01
-2.649090091252731227e+01 -1.920245170593261719e+01
-2.585466245877540814e+01 -2.127186429500579834e+01
-2.583572793410996127e+01 -2.150803407033284387e+01
-2.650539517806748080e+01 -2.081209468841552734e+01
-2.691361803927664198e+01 -1.940210719903310022e+01
-2.659541107436357876e+01 -1.753331069151560584e+01
-2.581885510784084659e+01 -2.115275530020396033e+01
-2.619938879497980722e+01 -2.090716775258382043e+01
-2.568947735479322603e+01 -2.094395414988199988e+01
-2.567625344809839305e+01 -2.128479770819346228e+01
-2.720102108131020913e+01 -2.076207375526428223e+01
-2.663972135317527545e+01 -2.056864376862843713e+01
-2.693778073585639632e+01 -2.123362739880879602e+01
-2.550883595418121885e+01 -2.065652807553609094e+01
-2.600579454131045409e+01 -2.055830939610799035e+01
-2.592068361831923795e+01 -2.030799190203348914e+01
-2.494128956228999883e+01 -2.083806832631428918e+01
-2.691285450175656990e+01 -2.000105436642964563e+01
-2.646385635763911992e+01 -1.775318058331807336e+01
-2.556388701422739729e+01 -2.064326111475626746e+01
-2.638613980503405543e+01 -2.103469411532084266e+01
-2.606585846917104021e+01 -2.110661474863688269e+01
-2.553323453159655543e+01 -2.129205187161763391e+01
-2.559153818680068326e+01 -2.045554065704345703e+01
-2.671348825551695683e+01 -2.127858249346415320e+01
-2.619420740159891281e+01 -2.006412760416666785e+01
-2.607964305554406081e+01 -2.004661496480305871e+01
-2.662803253885043020e+01 -2.142381644248962402e+01
-2.688980133250608162e+01 -2.104607268174489221e+01
-2.656302759202860031e+01 -2.129089164733886719e+01
-2.627323617773540931e+01 -2.020336914062500000e+01
-2.611957508022502239e+01 -2.069252983729044715e+01
-2.685551169767218127e+01 -1.713324844837188721e+01
-2.600512633889408320e+01 -2.075649523735046387e+01
-2.698157898854401182e+01 -2.123173554738362512e+01
-2.692110966827909735e+01 -2.177991580963134766e+01
-2.614367090645482961e+01 -2.133522144953409949e+01
-2.629790068480928156e+01 -2.071328067779541016e+01
-2.615209049289509480e+01 -2.101472608248392859e+01
-2.662879935765670680e+01 -1.999032914638519287e+01
-2.658570675930734240e+01 -2.141068132718404016e+01
-2.698465992232500454e+01 -1.940733750661214074e+01
-2.660461036229537868e+01 -2.025553997357686242e+01
-2.662381275629592992e+01 -2.113802242279052734e+01
-2.660601417088912868e+01 -2.137851262092590332e+01
-2.648053326041011601e+01 -2.026947569847106934e+01
-2.616848796909138386e+01 -2.103887987136840820e+01
-2.663277074846170578e+01 -2.083772532145182410e+01
-2.660872871592893318e+01 -2.012979666392008582e+01
-2.560492142176223851e+01 -2.061427593231201172e+01
-2.631866742796816894e+01 -2.071126484870910645e+01
-2.595456566244869023e+01 -1.937571295102437219e+01
-2.634296811637231883e+01 -2.080580031871795654e+01
-2.663838831044859745e+01 -1.948375884691874305e+01
-2.625206813165696929e+01 -2.091270359357197961e+01
-2.668660420886540763e+01 -1.739025282859802246e+01
-2.608936477111557650e+01 -2.038193408648173133e+01
-2.674585675385038641e+01 -2.119437177975972375e+01
-2.654032678119206778e+01 -2.087013979752858361e+01
-2.642985508805614359e+01 -2.057135029633839807e+01
-2.639779213727530660e+01 -2.061747153600056848e+01
-2.649172789363537817e+01 -2.135160454114278039e+01
-2.705823781934835282e+01 -2.163899405797322473e+01
-2.631899497468592841e+01 -2.090198711554209510e+01
-2.715937215190822940e+01 -2.108874710400899133e+01
-2.696854308500128283e+01 -2.113727688789367676e+01
-2.583780571565789685e+01 -1.942453010876973352e+01
-2.625312974897481766e+01 -2.126676098505656043e+01
-2.721049187547069437e+01 -2.109891406695048133e+01
-2.556746961302676269e+01 -2.088310023148854455e+01
-2.601934672210176203e+01 -2.126272273063659668e+01
-2.720060358209125084e+01 -2.129403519630432129e+01
-2.695469183840994276e+01 -2.070091509819030762e+01
-2.634587557841155459e+01 -2.079989306131998816e+01
-2.659461663133006937e+01 -1.901998460292816162e+01
-2.608960657604670175e+01 -2.081043521563212195e+01
-2.684183780217574977e+01 -2.088655567169189453e+01
-2.704380809654623619e+01 -1.903750431537628174e+01
-2.682822499032748098e+01 -2.142946632703145227e+01
-2.689432570893885810e+01 -2.030851395924885949e+01
-2.647984136161157664e+01 -2.124210985501607141e+01
-2.680007102125782126e+01 -2.143481906255086145e+01
-2.673215326212220333e+01 -1.888117396831512451e+01
-2.668478852611477237e+01 -2.156700905164082727e+01
-2.731298585665427936e+01 -1.832031905651092529e+01
-2.580023146483857843e+01 -2.164575179417927941e+01
-2.694607988454527714e+01 -2.083272679646809777e+01
-2.720447076377222118e+01 -2.144722167650858680e+01
-2.724882997092554149e+01 -2.064516909917195520e+01
-2.640671856120481209e+01 -2.113420240084330359e+01
-2.746548014172052987e+01 -2.014576951662699500e+01
-2.601723575592041016e+01 -2.121397622426350793e+01
-2.757188076083943074e+01 -2.142015727361043176e+01
-2.709682805659407379e+01 -1.998555080095927039e+01
-2.612447210085593952e+01 -2.037211267153422156e+01
-2.657663041454250674e+01 -2.154651649792988977e+01
-2.707326290971141702e+01 -2.163429554303487024e+01
-2.529196514517574101e+01 -2.058110706011454383e+01
-2.731874152361336527e+01 -2.116798424720764160e+01
-2.695978853258035812e+01 -2.012462290128071984e+01
-2.641969425395383553e+01 -2.093638292948405066e+01
-2.627732372283935547e+01 -2.095664763450622559e+01
-2.713982310537564402e+01 -2.146446633338928223e+01
-2.688004828307588312e+01 -1.878508146603902063e+01
-2.693498642161740975e+01 -1.983174375693003455e+01
-2.676968592304294248e+01 -2.106958369414011756e+01
-2.723173513250835853e+01 -2.055690785249074182e+01
-2.694912795697228347e+01 -1.991835300127665320e+01
-2.655648930194014312e+01 -2.159145784378051758e+01
-2.677142828601901670e+01 -1.637848790486653527e+01
-2.645106650207002374e+01 -2.102671281496683875e+01
-2.683899108434127712e+01 -1.957711545626322547e+01
-2.663180765054993770e+01 -2.121519041061401367e+01
-2.657032452599477068e+01 -2.078157496452331543e+01
-2.749591507345943242e+01 -2.075279720624287805e+01
-2.705769407951225602e+01 -2.090841221809387207e+01
-2.656362638635150475e+01 -2.096579456329345703e+01
-2.695638562865176269e+01 -2.106483944257100305e+01
-2.677866932497186170e+01 -2.130158146222432336e+01
-2.647289741645425210e+01 -2.133966112136840820e+01
-2.672726943129200095e+01 -2.096809323628743371e+01
-2.701340749708272782e+01 -2.092442472775777063e+01
-2.680410968651205650e+01 -2.043229778607686242e+01
-2.636648894164521906e+01 -2.083928712209065637e+01
-2.694436595399501044e+01 -2.117669534683227539e+01
-2.742078452999308880e+01 -2.036873610814412316e+01
-2.704387748847573647e+01 -2.042479459444681922e+01
-2.720358593181028084e+01 -2.061441548665364465e+01
-2.736850378068826828e+01 -2.095608822504679480e+01
-2.733665999719652007e+01 -1.896643996238708496e+01
-2.700630466008590602e+01 -1.909989476203918457e+01
-2.744682418693930259e+01 -2.037269063790639123e+01
-2.766273985070697350e+01 -2.030045596758524695e+01
-2.697561912213341628e+01 -2.064278316497802734e+01
-2.696340590008234628e+01 -2.090634282430012902e+01
-2.775067735122421908e+01 -1.986348859469095984e+01
-2.722128095465191322e+01 -2.125850494702656945e+01
-2.780988882355770997e+01 -2.066234970092773438e+01
-2.789452045246706291e+01 -1.992980003356933594e+01
-2.638706952434475284e+01 -1.879086192448933801e+01
-2.611755886724439790e+01 -1.966862026850382605e+01
-2.769648398383188947e+01 -2.060705169041951379e+01
-2.739288186218778876e+01 -2.124321301778157434e+01
-2.785058918645826509e+01 -2.065723387400309363e+01
-2.713917266716391197e+01 -2.127382818857828894e+01
-2.721890973236601141e+01 -1.974546054999033728e+01
-2.719774462813037985e+01 -2.103707249959309777e+01
-2.751884980929099811e+01 -2.069493524233500281e+01
-2.634440047053967504e+01 -2.103194705645243445e+01
-2.811748124785342284e+01 -2.133355998992919922e+01
-2.737916075173070851e+01 -2.048893857002258301e+01
-2.727056472584352775e+01 -2.034333173433939734e+01
-2.724322031312069825e+01 -2.041645820935567102e+01
-2.653788337060960600e+01 -2.040061978499094764e+01
-2.694494582030732843e+01 -2.130481990178425988e+01
-2.700661731978594204e+01 -2.033202020327250281e+01
-2.758450065224857539e+01 -2.085584044456481934e+01
-2.771124818769552078e+01 -2.111635255813598633e+01
-2.693942981655314739e+01 -2.073756313323974609e+01
-2.702008473671088851e+01 -2.136919617652893066e+01
-2.710819397942494646e+01 -2.164039794603983680e+01
-2.711870279150494056e+01 -2.139342530568440637e+01
-2.731729174468476984e+01 -2.140302006403605262e+01
-2.709669695062152428e+01 -2.036007658640543738e+01
-2.666213489791094204e+01 -2.025721391042073449e+01
-2.710252137911521686e+01 -2.117657828330993652e+01
-2.727289878715902915e+01 -2.117371598879496375e+01
-2.670054194886805732e+01 -2.049044891198476037e+01
-2.716985060804981345e+01 -1.929634296894073486e+01
-2.715693359051720535e+01 -2.096443692843119422e+01
-2.681767932439254665e+01 -2.080498687426249305e+01
-2.664623098858332284e+01 -2.146136252085367957e+01
-2.760336062867762763e+01 -2.181607961654663086e+01
-2.634161126411567366e+01 -2.035410380363464355e+01
-2.731241575338072636e+01 -1.814838278293609619e+01
-2.691375758284229391e+01 -2.072242593765258789e+01
-2.788147299168473481e+01 -2.092105635007222375e+01
-2.731854954412428071e+01 -2.140545932451884070e+01
-2.751646756317655829e+01 -2.102958305676778039e+01
-2.728643902277542210e+01 -2.125668327013651648e+01
-2.706327082747120016e+01 -2.086728175481160363e+01
-2.702433880304885960e+01 -2.017820986111958703e+01
-2.797575413978706038e+01 -2.104070687294006348e+01
-2.812012649794756314e+01 -2.093763526280720910e+01
-2.731847493123200010e+01 -2.065088224411010742e+01
-2.793290818747827586e+01 -2.003990181287129602e+01
-2.780764324382199959e+01 -2.079467630386352539e+01
-2.757634988881773808e+01 -1.925325095653533936e+01
-2.740162155991893655e+01 -2.130970811843872070e+01
-2.729948780900340921e+01 -2.152260375022888184e+01
-2.622606639538781081e+01 -2.088495596249898156e+01
-2.727705793865656503e+01 -2.089652593930562219e+01
-2.800509381698349642e+01 -2.120811335245768348e+01
-2.781127811690508267e+01 -2.009307861328125000e+01
-2.687132735171560682e+01 -2.182433867454528809e+01
-2.705698701890848312e+01 -2.131294417381286621e+01
-2.697807762986522562e+01 -2.113323561350504676e+01
-2.682349693169027915e+01 -2.120529739061991492e+01
-2.739298831810385337e+01 -2.099047772089640418e+01
-2.753509321051128822e+01 -2.070672353108723840e+01
-2.791235099404545039e+01 -2.160699041684468469e+01
-2.764202758013191996e+01 -2.040231800079345703e+01
-2.682246762615139346e+01 -1.940580105781555176e+01
-2.679908146292476445e+01 -2.139932600657145301e+01
-2.748269669484283995e+01 -2.156170813242594519e+01
-2.760082983566542936e+01 -1.892548680305480957e+01
-2.678860213392871970e+01 -2.059266861279805383e+01
-2.794485441304869511e+01 -2.144169624646504602e+01
-2.745638700258933795e+01 -2.034360893567403039e+01
-2.827162703821214507e+01 -1.916989143689473352e+01
-2.767549443649033236e+01 -2.171814012527465820e+01
-2.719464633424403388e+01 -2.008925803502400598e+01
-2.759969712920107909e+01 -2.107754707336425781e+01
-2.679610848830918002e+01 -2.070571092764536658e+01
-2.702813329535015541e+01 -2.145000259081522742e+01
-2.745267986038983921e+01 -2.087253216902415076e+01
-2.723992674229508637e+01 -2.150403269131978234e+01
-2.755311267658815666e+01 -2.184727644920349121e+01
-2.808881711151640204e+01 -2.021765494346618652e+01
-2.714475898419396316e+01 -2.129087495803833008e+01
-2.789701180538888536e+01 -2.090436538060506066e+01
-2.774388085381459490e+01 -2.130706405639648438e+01
-2.827166376275531334e+01 -2.165660015741984168e+01
-2.828790512731519868e+01 -2.101362721125284949e+01
-2.789112711760957453e+01 -2.037114393711090088e+01
-2.770102161472126667e+01 -2.117340111732482910e+01
-2.777259773319050495e+01 -2.134298769632975379e+01
-2.788760354963399735e+01 -2.103517142931620398e+01
-2.742973406840178896e+01 -1.951113041241963586e+01
-2.737731990167650054e+01 -2.035388930638631066e+01
-2.769774844282764548e+01 -2.105562392870585242e+01
-2.758311074467028590e+01 -2.108260639508565149e+01
-2.736424617444054519e+01 -2.107232602437337121e+01
-2.745509875022758806e+01 -2.127720912297566613e+01
-2.847483369859598312e+01 -2.134867628415425500e+01
-2.760503629910743939e+01 -2.073737406730651855e+01
-2.748085261199434015e+01 -2.023159265518188477e+01
-2.788987277725995639e+01 -1.971160308519999305e+01
-2.723633531796730267e+01 -2.148134946823120117e+01
-2.728634527174093094e+01 -2.054840723673502723e+01
-2.730369957422805882e+01 -2.134552760918935022e+01
-2.832178835141456830e+01 -1.987235140800476074e+01
-2.775130480426852841e+01 -1.988056031862894812e+01
-2.711356293953071273e+01 -2.136394906044006348e+01
-2.775018528760489644e+01 -1.954222460587819299e+01
-2.748860317165568645e+01 -2.107151238123575965e+01
-2.751474071761309048e+01 -2.124467619260152063e+01
-2.737398794141866532e+01 -2.112371905644734582e+01
-2.781816196441650391e+01 -2.091381188233693322e+01
-2.810125814858129445e+01 -1.909745510419209680e+01
-2.744504713608046842e+01 -2.084250442186991492e+01
-2.772140504546084472e+01 -2.081054945786793908e+01
-2.730094948461500337e+01 -2.097499799728393555e+01
-2.761570313017247003e+01 -1.949833273887634277e+01
-2.761460132922156419e+01 -2.013364386558532715e+01
-2.815586575007034398e+01 -2.090681298573811731e+01
-2.713117575241347623e+01 -2.138091174761454383e+01
-2.751398120492191524e+01 -2.047272817293803016e+01
-2.718059161557989611e+01 -2.135195938746134559e+01
-2.787899148262153304e+01 -2.130821506182352820e+01
-2.770692678225242389e+01 -2.055759366353352746e+01
-2.785639307054422531e+01 -2.134613680839538574e+01
-2.780891235804153538e+01 -2.104106465975443641e+01
-2.782939703989837099e+01 -2.111699887116749963e+01
-2.791597814075017325e+01 -1.858492692311604699e+01
-2.798802807371495049e+01 -2.112806598345438758e+01
-2.849618834156100888e+01 -2.017440827687581262e+01
-2.836964251631397360e+01 -2.127574626604716101e+01
-2.777092442270052786e+01 -2.006390325228373328e+01
-2.643582929190942821e+01 -1.930588968594868859e+01
-2.726306504718327872e+01 -2.067288470268249512e+01
-2.739711764707403674e+01 -2.169537146886189660e+01
-2.712210900904768707e+01 -2.070854107538859168e+01
-2.772187932871155880e+01 -1.926849067211151123e+01
-2.809634144023313240e+01 -2.156045349438985070e+01
-2.783389809172032159e+01 -2.069294373194376746e+01
-2.779540545253430395e+01 -1.986627372105916223e+01
-2.795768655356714305e+01 -1.931780695915222168e+01
-2.787254506450588565e+01 -2.080059599876403809e+01
-2.793204291392180849e+01 -2.120202056566874305e+01
-2.777583338850635641e+01 -2.118311365445454797e+01
-2.804338668564618686e+01 -2.112532409032185754e+01
-2.790788965710138925e+01 -2.024742658933003625e+01
-2.791718245360810968e+01 -2.060655371348063269e+01
-2.785720165705276585e+01 -2.047848653793334961e+01
-2.751116780103263082e+01 -2.140823308626810828e+01
-2.799541732012215434e+01 -2.090222334861755371e+01
-2.758899851976815043e+01 -2.052818632125854492e+01
-2.798936294297040561e+01 -2.093769598007202148e+01
-2.728809815746242862e+01 -2.071735405921936035e+01
-2.775969051102460483e+01 -2.140715066591898719e+01
-2.830889808525473228e+01 -1.970201873779296875e+01
-2.771235975168519161e+01 -2.012394615014394006e+01
-2.752217714665299653e+01 -2.158274181683858117e+01
-2.746866168005991682e+01 -2.046630072593688965e+01
-2.758941414396641534e+01 -2.122690534591674805e+01
-2.863603381787316238e+01 -2.127889466285705566e+01
-2.880613550089173458e+01 -2.127457125981648645e+01
-2.851524003885560177e+01 -1.995128266016642371e+01
-2.789444865210581526e+01 -2.162524247169494629e+01
-2.801168233257229190e+01 -2.065017906824747840e+01
-2.840476566250041301e+01 -2.072544825077056885e+01
-2.840899189447952367e+01 -2.048366753260294715e+01
-2.852916935742911519e+01 -2.080460286140441895e+01
-2.827318857483944825e+01 -2.077400914827982703e+01
-2.818456273159738146e+01 -2.042482256889343262e+01
-2.832175484350172212e+01 -2.081594888369242469e+01
-2.813120887239100654e+01 -2.042350053787231445e+01
-2.746050676248841427e+01 -2.021451624234517297e+01
-2.679483746674101141e+01 -2.055159044265747070e+01
-2.770985105482198563e+01 -2.154503941535949707e+01
-2.820747128179517915e+01 -2.133878763516743859e+01
-2.806954157554497087e+01 -2.123350175221760949e+01
-2.775350552898342471e+01 -2.169475825627644738e+01
-2.787277696900448731e+01 -2.118735496203104773e+01
-2.766759054539567231e+01 -2.078505682945251465e+01
-2.832976763127213715e+01 -1.987274360656738281e+01
-2.789926412550069657e+01 -2.097045962015787879e+01
-2.849726423166566036e+01 -2.093709929784138879e+01
-2.738501374196198057e+01 -2.158071033159891883e+01
-2.800200711266469256e+01 -2.099030129114786902e+01
-2.826996900267520019e+01 -2.106040732065836707e+01
-2.824667427903514749e+01 -2.091101185480753699e+01
-2.790468072083036688e+01 -2.051922448476155481e+01
-2.742447971085370639e+01 -2.046747108300526818e+01
-2.831821470745539315e+01 -2.023989526430765906e+01
-2.798430722446764918e+01 -2.076133938630421838e+01
-2.785326952853445448e+01 -2.030455005168914795e+01
-2.745171917090981850e+01 -2.159006865819295129e+01
-2.834383020562640709e+01 -1.984291672706604004e+01
-2.801543727163540964e+01 -2.137577331066131592e+01
-2.867998079526222455e+01 -2.103856539726257324e+01
-2.764444815102270070e+01 -2.033451604843139648e+01
-2.788995553679385253e+01 -1.990309135119120398e+01
-2.851472594374317282e+01 -2.034809724489847937e+01
-2.778231100308693158e+01 -2.020614926020304480e+01
-2.808284694865598397e+01 -2.067582225799560547e+01
-2.813255565449343010e+01 -2.053577200571696082e+01
-2.817384404651189200e+01 -2.139634497960408410e+01
-2.830259507389391871e+01 -1.983122702439625940e+01
-2.742074872679629394e+01 -2.009663383165995398e+01
-2.824771557824086443e+01 -1.945568299293518066e+01
-2.803624757669739864e+01 -2.117496498425801477e+01
-2.843431765346203832e+01 -2.136865123112996301e+01
-2.866511532411736951e+01 -2.088244048754374305e+01
-2.832195516360008014e+01 -1.995906241734822473e+01
-2.834732374094300411e+01 -2.058715097109476844e+01
-2.819515677629891215e+01 -2.079023448626200476e+01
-2.818885216470492239e+01 -2.141367713610331336e+01
-2.775759490061614443e+01 -2.118590172131856164e+01
-2.856078503495555765e+01 -2.061205554008483887e+01
-2.874051811735508721e+01 -2.125895555814107141e+01
-2.868162570565433711e+01 -2.101896246274312219e+01
-2.876683044433593750e+01 -2.090014704068501672e+01
-2.863194948939953832e+01 -2.068794496854146203e+01
-2.661257566839961797e+01 -2.077649235725402832e+01
-2.779682421280165983e+01 -2.046009580294291297e+01
-2.811037008641129731e+01 -2.096947618325551232e+01
-2.830625674684169013e+01 -2.021479852994282922e+01
-2.882941139350503335e+01 -2.076067288716633996e+01
-2.804727838807187013e+01 -2.091730562845866004e+01
-2.846065409708831240e+01 -2.063088377316792688e+01
-2.829994027089264463e+01 -2.079425215721130371e+01
-2.858600162247480014e+01 -2.050658313433329383e+01
-2.826204731504795831e+01 -2.062590845425923547e+01
-2.719500127889342167e+01 -2.062752827008565149e+01
-2.830438195244740740e+01 -2.149445573488871375e+01
-2.766825493311477757e+01 -2.098976405461629113e+01
-2.820165199344441120e+01 -2.113382943471272668e+01
-2.739952394517801437e+01 -2.109857749938964844e+01
-2.838880386999097993e+01 -2.041288161277770996e+01
-2.854863328448796622e+01 -2.120571223894755164e+01
-2.887020953226897646e+01 -2.041705290476481238e+01
-2.782077323784262290e+01 -2.028826876481373986e+01
-2.810660349312475148e+01 -2.153704412778218469e+01
-2.853729648913367356e+01 -2.014653444290161133e+01
-2.822575344473628789e+01 -2.044918568929036340e+01
-2.820809978549763386e+01 -2.114444200197855750e+01
-2.858806894593319825e+01 -2.043446167310078820e+01
-2.790605142561055985e+01 -1.953301644325256348e+01
